Site,Phase,Duration (s),Start,End,Gapped,date,start_time,day
1800,B,15,2021-02-07T00:00:43-05:00[America/New_York],2021-02-07T00:00:58-05:00[America/New_York],Yes,2021-02-07,43,Sunday
1800,<A>,238,2021-02-07T00:00:58-05:00[America/New_York],2021-02-07T00:04:56-05:00[America/New_York],Yes,2021-02-07,58,Sunday
1800,B,15,2021-02-07T00:04:56-05:00[America/New_York],2021-02-07T00:05:11-05:00[America/New_York],Yes,2021-02-07,296,Sunday
1800,<A>,177,2021-02-07T00:05:11-05:00[America/New_York],2021-02-07T00:08:08-05:00[America/New_York],NA,2021-02-07,311,Sunday
1800,B,15,2021-02-07T00:08:08-05:00[America/New_York],2021-02-07T00:08:23-05:00[America/New_York],Yes,2021-02-07,488,Sunday
1800,<A>,63,2021-02-07T00:08:23-05:00[America/New_York],2021-02-07T00:09:26-05:00[America/New_York],Yes,2021-02-07,503,Sunday
1800,B,15,2021-02-07T00:09:26-05:00[America/New_York],2021-02-07T00:09:41-05:00[America/New_York],Yes,2021-02-07,566,Sunday
1800,<A>,180,2021-02-07T00:09:41-05:00[America/New_York],2021-02-07T00:12:41-05:00[America/New_York],NA,2021-02-07,581,Sunday
1800,B,15,2021-02-07T00:12:41-05:00[America/New_York],2021-02-07T00:12:56-05:00[America/New_York],Yes,2021-02-07,761,Sunday
1800,<A>,47,2021-02-07T00:12:56-05:00[America/New_York],2021-02-07T00:13:43-05:00[America/New_York],Yes,2021-02-07,776,Sunday
1800,B,16,2021-02-07T00:13:43-05:00[America/New_York],2021-02-07T00:13:59-05:00[America/New_York],Yes,2021-02-07,823,Sunday
1800,<A>,72,2021-02-07T00:13:59-05:00[America/New_York],2021-02-07T00:15:11-05:00[America/New_York],NA,2021-02-07,839,Sunday
1800,B,18,2021-02-07T00:15:11-05:00[America/New_York],2021-02-07T00:15:29-05:00[America/New_York],Yes,2021-02-07,911,Sunday
1800,<A>,123,2021-02-07T00:15:29-05:00[America/New_York],2021-02-07T00:17:32-05:00[America/New_York],Yes,2021-02-07,929,Sunday
1800,B,16,2021-02-07T00:17:32-05:00[America/New_York],2021-02-07T00:17:48-05:00[America/New_York],Yes,2021-02-07,1052,Sunday
1800,<A>,82,2021-02-07T00:17:48-05:00[America/New_York],2021-02-07T00:19:10-05:00[America/New_York],NA,2021-02-07,1068,Sunday
1800,B,15,2021-02-07T00:19:10-05:00[America/New_York],2021-02-07T00:19:25-05:00[America/New_York],Yes,2021-02-07,1150,Sunday
1800,<A>,917,2021-02-07T00:19:25-05:00[America/New_York],2021-02-07T00:34:42-05:00[America/New_York],Yes,2021-02-07,1165,Sunday
1800,B,15,2021-02-07T00:34:42-05:00[America/New_York],2021-02-07T00:34:57-05:00[America/New_York],Yes,2021-02-07,2082,Sunday
1800,<A>,467,2021-02-07T00:34:57-05:00[America/New_York],2021-02-07T00:42:44-05:00[America/New_York],NA,2021-02-07,2097,Sunday
1800,B,16,2021-02-07T00:42:44-05:00[America/New_York],2021-02-07T00:43:00-05:00[America/New_York],Yes,2021-02-07,2564,Sunday
1800,<A>,65,2021-02-07T00:43:00-05:00[America/New_York],2021-02-07T00:44:05-05:00[America/New_York],Yes,2021-02-07,2580,Sunday
1800,B,15,2021-02-07T00:44:05-05:00[America/New_York],2021-02-07T00:44:20-05:00[America/New_York],Yes,2021-02-07,2645,Sunday
1800,<A>,316,2021-02-07T00:44:20-05:00[America/New_York],2021-02-07T00:49:36-05:00[America/New_York],Yes,2021-02-07,2660,Sunday
1800,B,15,2021-02-07T00:49:36-05:00[America/New_York],2021-02-07T00:49:51-05:00[America/New_York],Yes,2021-02-07,2976,Sunday
1800,<A>,274,2021-02-07T00:49:51-05:00[America/New_York],2021-02-07T00:54:25-05:00[America/New_York],NA,2021-02-07,2991,Sunday
1800,B,15,2021-02-07T00:54:25-05:00[America/New_York],2021-02-07T00:54:40-05:00[America/New_York],Yes,2021-02-07,3265,Sunday
1800,<A>,279,2021-02-07T00:54:40-05:00[America/New_York],2021-02-07T00:59:19-05:00[America/New_York],NA,2021-02-07,3280,Sunday
1800,B,15,2021-02-07T00:59:19-05:00[America/New_York],2021-02-07T00:59:34-05:00[America/New_York],Yes,2021-02-07,3559,Sunday
1800,<A>,859,2021-02-07T00:59:34-05:00[America/New_York],2021-02-07T01:13:53-05:00[America/New_York],NA,2021-02-07,3574,Sunday
1800,B,18,2021-02-07T01:13:53-05:00[America/New_York],2021-02-07T01:14:11-05:00[America/New_York],Yes,2021-02-07,4433,Sunday
1800,<A>,160,2021-02-07T01:14:11-05:00[America/New_York],2021-02-07T01:16:51-05:00[America/New_York],Yes,2021-02-07,4451,Sunday
1800,B,15,2021-02-07T01:16:51-05:00[America/New_York],2021-02-07T01:17:06-05:00[America/New_York],Yes,2021-02-07,4611,Sunday
1800,<A>,362,2021-02-07T01:17:06-05:00[America/New_York],2021-02-07T01:23:08-05:00[America/New_York],NA,2021-02-07,4626,Sunday
1800,B,17,2021-02-07T01:23:08-05:00[America/New_York],2021-02-07T01:23:25-05:00[America/New_York],Yes,2021-02-07,4988,Sunday
1800,<A>,2201,2021-02-07T01:23:25-05:00[America/New_York],2021-02-07T02:00:06-05:00[America/New_York],Yes,2021-02-07,5005,Sunday
1800,B,15,2021-02-07T02:00:06-05:00[America/New_York],2021-02-07T02:00:21-05:00[America/New_York],Yes,2021-02-07,7206,Sunday
1800,<A>,98,2021-02-07T02:00:21-05:00[America/New_York],2021-02-07T02:01:59-05:00[America/New_York],NA,2021-02-07,7221,Sunday
1800,B,15,2021-02-07T02:01:59-05:00[America/New_York],2021-02-07T02:02:14-05:00[America/New_York],Yes,2021-02-07,7319,Sunday
1800,<A>,1246,2021-02-07T02:02:14-05:00[America/New_York],2021-02-07T02:23:00-05:00[America/New_York],Yes,2021-02-07,7334,Sunday
1800,B,15,2021-02-07T02:23:00-05:00[America/New_York],2021-02-07T02:23:15-05:00[America/New_York],Yes,2021-02-07,8580,Sunday
1800,<A>,183,2021-02-07T02:23:15-05:00[America/New_York],2021-02-07T02:26:18-05:00[America/New_York],NA,2021-02-07,8595,Sunday
1800,B,15,2021-02-07T02:26:18-05:00[America/New_York],2021-02-07T02:26:33-05:00[America/New_York],Yes,2021-02-07,8778,Sunday
1800,<A>,823,2021-02-07T02:26:33-05:00[America/New_York],2021-02-07T02:40:16-05:00[America/New_York],Yes,2021-02-07,8793,Sunday
1800,B,15,2021-02-07T02:40:16-05:00[America/New_York],2021-02-07T02:40:31-05:00[America/New_York],Yes,2021-02-07,9616,Sunday
1800,<A>,2457,2021-02-07T02:40:31-05:00[America/New_York],2021-02-07T03:21:28-05:00[America/New_York],NA,2021-02-07,9631,Sunday
1800,B,15,2021-02-07T03:21:28-05:00[America/New_York],2021-02-07T03:21:43-05:00[America/New_York],Yes,2021-02-07,12088,Sunday
1800,<A>,1737,2021-02-07T03:21:43-05:00[America/New_York],2021-02-07T03:50:40-05:00[America/New_York],Yes,2021-02-07,12103,Sunday
1800,B,23,2021-02-07T03:50:40-05:00[America/New_York],2021-02-07T03:51:03-05:00[America/New_York],NA,2021-02-07,13840,Sunday
1800,<A>,1681,2021-02-07T03:51:03-05:00[America/New_York],2021-02-07T04:19:04-05:00[America/New_York],Yes,2021-02-07,13863,Sunday
1800,B,16,2021-02-07T04:19:04-05:00[America/New_York],2021-02-07T04:19:20-05:00[America/New_York],Yes,2021-02-07,15544,Sunday
1800,<A>,934,2021-02-07T04:19:20-05:00[America/New_York],2021-02-07T04:34:54-05:00[America/New_York],NA,2021-02-07,15560,Sunday
1800,B,15,2021-02-07T04:34:54-05:00[America/New_York],2021-02-07T04:35:09-05:00[America/New_York],Yes,2021-02-07,16494,Sunday
1800,<A>,350,2021-02-07T04:35:09-05:00[America/New_York],2021-02-07T04:40:59-05:00[America/New_York],Yes,2021-02-07,16509,Sunday
1800,B,15,2021-02-07T04:40:59-05:00[America/New_York],2021-02-07T04:41:14-05:00[America/New_York],Yes,2021-02-07,16859,Sunday
1800,<A>,527,2021-02-07T04:41:14-05:00[America/New_York],2021-02-07T04:50:01-05:00[America/New_York],Yes,2021-02-07,16874,Sunday
1800,B,15,2021-02-07T04:50:01-05:00[America/New_York],2021-02-07T04:50:16-05:00[America/New_York],Yes,2021-02-07,17401,Sunday
1800,<A>,96,2021-02-07T04:50:16-05:00[America/New_York],2021-02-07T04:51:52-05:00[America/New_York],NA,2021-02-07,17416,Sunday
1800,B,15,2021-02-07T04:51:52-05:00[America/New_York],2021-02-07T04:52:07-05:00[America/New_York],Yes,2021-02-07,17512,Sunday
1800,<A>,787,2021-02-07T04:52:07-05:00[America/New_York],2021-02-07T05:05:14-05:00[America/New_York],Yes,2021-02-07,17527,Sunday
1800,B,15,2021-02-07T05:05:14-05:00[America/New_York],2021-02-07T05:05:29-05:00[America/New_York],Yes,2021-02-07,18314,Sunday
1800,<A>,1346,2021-02-07T05:05:29-05:00[America/New_York],2021-02-07T05:27:55-05:00[America/New_York],Yes,2021-02-07,18329,Sunday
1800,B,15,2021-02-07T05:27:55-05:00[America/New_York],2021-02-07T05:28:10-05:00[America/New_York],Yes,2021-02-07,19675,Sunday
1800,<A>,366,2021-02-07T05:28:10-05:00[America/New_York],2021-02-07T05:34:16-05:00[America/New_York],NA,2021-02-07,19690,Sunday
1800,B,16,2021-02-07T05:34:16-05:00[America/New_York],2021-02-07T05:34:32-05:00[America/New_York],Yes,2021-02-07,20056,Sunday
1800,<A>,1320,2021-02-07T05:34:32-05:00[America/New_York],2021-02-07T05:56:32-05:00[America/New_York],NA,2021-02-07,20072,Sunday
1800,B,15,2021-02-07T05:56:32-05:00[America/New_York],2021-02-07T05:56:47-05:00[America/New_York],Yes,2021-02-07,21392,Sunday
1800,<A>,722,2021-02-07T05:56:47-05:00[America/New_York],2021-02-07T06:08:49-05:00[America/New_York],Yes,2021-02-07,21407,Sunday
1800,B,15,2021-02-07T06:08:49-05:00[America/New_York],2021-02-07T06:09:04-05:00[America/New_York],Yes,2021-02-07,22129,Sunday
1800,<A>,72,2021-02-07T06:09:04-05:00[America/New_York],2021-02-07T06:10:16-05:00[America/New_York],NA,2021-02-07,22144,Sunday
1800,B,17,2021-02-07T06:10:16-05:00[America/New_York],2021-02-07T06:10:33-05:00[America/New_York],Yes,2021-02-07,22216,Sunday
1800,<A>,1016,2021-02-07T06:10:33-05:00[America/New_York],2021-02-07T06:27:29-05:00[America/New_York],Yes,2021-02-07,22233,Sunday
1800,B,15,2021-02-07T06:27:29-05:00[America/New_York],2021-02-07T06:27:44-05:00[America/New_York],Yes,2021-02-07,23249,Sunday
1800,<A>,900,2021-02-07T06:27:44-05:00[America/New_York],2021-02-07T06:42:44-05:00[America/New_York],Yes,2021-02-07,23264,Sunday
1800,B,15,2021-02-07T06:42:44-05:00[America/New_York],2021-02-07T06:42:59-05:00[America/New_York],Yes,2021-02-07,24164,Sunday
1800,<A>,350,2021-02-07T06:42:59-05:00[America/New_York],2021-02-07T06:48:49-05:00[America/New_York],Yes,2021-02-07,24179,Sunday
1800,B,15,2021-02-07T06:48:49-05:00[America/New_York],2021-02-07T06:49:04-05:00[America/New_York],Yes,2021-02-07,24529,Sunday
1800,<A>,493,2021-02-07T06:49:04-05:00[America/New_York],2021-02-07T06:57:17-05:00[America/New_York],Yes,2021-02-07,24544,Sunday
1800,B,15,2021-02-07T06:57:17-05:00[America/New_York],2021-02-07T06:57:32-05:00[America/New_York],Yes,2021-02-07,25037,Sunday
1800,<A>,87,2021-02-07T06:57:32-05:00[America/New_York],2021-02-07T06:58:59-05:00[America/New_York],NA,2021-02-07,25052,Sunday
1800,B,15,2021-02-07T06:58:59-05:00[America/New_York],2021-02-07T06:59:14-05:00[America/New_York],Yes,2021-02-07,25139,Sunday
1800,<A>,576,2021-02-07T06:59:14-05:00[America/New_York],2021-02-07T07:08:50-05:00[America/New_York],NA,2021-02-07,25154,Sunday
1800,B,15,2021-02-07T07:08:50-05:00[America/New_York],2021-02-07T07:09:05-05:00[America/New_York],Yes,2021-02-07,25730,Sunday
1800,<A>,26,2021-02-07T07:09:05-05:00[America/New_York],2021-02-07T07:09:31-05:00[America/New_York],Yes,2021-02-07,25745,Sunday
1800,B,16,2021-02-07T07:09:31-05:00[America/New_York],2021-02-07T07:09:47-05:00[America/New_York],Yes,2021-02-07,25771,Sunday
1800,<A>,67,2021-02-07T07:09:47-05:00[America/New_York],2021-02-07T07:10:54-05:00[America/New_York],Yes,2021-02-07,25787,Sunday
1800,B,15,2021-02-07T07:10:54-05:00[America/New_York],2021-02-07T07:11:09-05:00[America/New_York],Yes,2021-02-07,25854,Sunday
1800,<A>,212,2021-02-07T07:11:09-05:00[America/New_York],2021-02-07T07:14:41-05:00[America/New_York],Yes,2021-02-07,25869,Sunday
1800,B,15,2021-02-07T07:14:41-05:00[America/New_York],2021-02-07T07:14:56-05:00[America/New_York],Yes,2021-02-07,26081,Sunday
1800,<A>,214,2021-02-07T07:14:56-05:00[America/New_York],2021-02-07T07:18:30-05:00[America/New_York],Yes,2021-02-07,26096,Sunday
1800,B,15,2021-02-07T07:18:30-05:00[America/New_York],2021-02-07T07:18:45-05:00[America/New_York],Yes,2021-02-07,26310,Sunday
1800,<A>,166,2021-02-07T07:18:45-05:00[America/New_York],2021-02-07T07:21:31-05:00[America/New_York],Yes,2021-02-07,26325,Sunday
1800,B,15,2021-02-07T07:21:31-05:00[America/New_York],2021-02-07T07:21:46-05:00[America/New_York],Yes,2021-02-07,26491,Sunday
1800,<A>,54,2021-02-07T07:21:46-05:00[America/New_York],2021-02-07T07:22:40-05:00[America/New_York],Yes,2021-02-07,26506,Sunday
1800,B,15,2021-02-07T07:22:40-05:00[America/New_York],2021-02-07T07:22:55-05:00[America/New_York],Yes,2021-02-07,26560,Sunday
1800,<A>,268,2021-02-07T07:22:55-05:00[America/New_York],2021-02-07T07:27:23-05:00[America/New_York],NA,2021-02-07,26575,Sunday
1800,B,15,2021-02-07T07:27:23-05:00[America/New_York],2021-02-07T07:27:38-05:00[America/New_York],Yes,2021-02-07,26843,Sunday
1800,<A>,218,2021-02-07T07:27:38-05:00[America/New_York],2021-02-07T07:31:16-05:00[America/New_York],Yes,2021-02-07,26858,Sunday
1800,B,16,2021-02-07T07:31:16-05:00[America/New_York],2021-02-07T07:31:32-05:00[America/New_York],Yes,2021-02-07,27076,Sunday
1800,<A>,27,2021-02-07T07:31:32-05:00[America/New_York],2021-02-07T07:31:59-05:00[America/New_York],Yes,2021-02-07,27092,Sunday
1800,B,15,2021-02-07T07:31:59-05:00[America/New_York],2021-02-07T07:32:14-05:00[America/New_York],Yes,2021-02-07,27119,Sunday
1800,<A>,30,2021-02-07T07:32:14-05:00[America/New_York],2021-02-07T07:32:44-05:00[America/New_York],Yes,2021-02-07,27134,Sunday
1800,B,17,2021-02-07T07:32:44-05:00[America/New_York],2021-02-07T07:33:01-05:00[America/New_York],NA,2021-02-07,27164,Sunday
1800,<A>,113,2021-02-07T07:33:01-05:00[America/New_York],2021-02-07T07:34:54-05:00[America/New_York],Yes,2021-02-07,27181,Sunday
1800,B,15,2021-02-07T07:34:54-05:00[America/New_York],2021-02-07T07:35:09-05:00[America/New_York],Yes,2021-02-07,27294,Sunday
1800,<A>,87,2021-02-07T07:35:09-05:00[America/New_York],2021-02-07T07:36:36-05:00[America/New_York],NA,2021-02-07,27309,Sunday
1800,B,15,2021-02-07T07:36:36-05:00[America/New_York],2021-02-07T07:36:51-05:00[America/New_York],Yes,2021-02-07,27396,Sunday
1800,<A>,43,2021-02-07T07:36:51-05:00[America/New_York],2021-02-07T07:37:34-05:00[America/New_York],Yes,2021-02-07,27411,Sunday
1800,B,15,2021-02-07T07:37:34-05:00[America/New_York],2021-02-07T07:37:49-05:00[America/New_York],Yes,2021-02-07,27454,Sunday
1800,<A>,280,2021-02-07T07:37:49-05:00[America/New_York],2021-02-07T07:42:29-05:00[America/New_York],NA,2021-02-07,27469,Sunday
1800,B,15,2021-02-07T07:42:29-05:00[America/New_York],2021-02-07T07:42:44-05:00[America/New_York],Yes,2021-02-07,27749,Sunday
1800,<A>,145,2021-02-07T07:42:44-05:00[America/New_York],2021-02-07T07:45:09-05:00[America/New_York],Yes,2021-02-07,27764,Sunday
1800,B,15,2021-02-07T07:45:09-05:00[America/New_York],2021-02-07T07:45:24-05:00[America/New_York],Yes,2021-02-07,27909,Sunday
1800,<A>,162,2021-02-07T07:45:24-05:00[America/New_York],2021-02-07T07:48:06-05:00[America/New_York],Yes,2021-02-07,27924,Sunday
1800,B,15,2021-02-07T07:48:06-05:00[America/New_York],2021-02-07T07:48:21-05:00[America/New_York],Yes,2021-02-07,28086,Sunday
1800,<A>,84,2021-02-07T07:48:21-05:00[America/New_York],2021-02-07T07:49:45-05:00[America/New_York],NA,2021-02-07,28101,Sunday
1800,B,15,2021-02-07T07:49:45-05:00[America/New_York],2021-02-07T07:50:00-05:00[America/New_York],Yes,2021-02-07,28185,Sunday
1800,<A>,29,2021-02-07T07:50:00-05:00[America/New_York],2021-02-07T07:50:29-05:00[America/New_York],Yes,2021-02-07,28200,Sunday
1800,B,15,2021-02-07T07:50:29-05:00[America/New_York],2021-02-07T07:50:44-05:00[America/New_York],Yes,2021-02-07,28229,Sunday
1800,<A>,35,2021-02-07T07:50:44-05:00[America/New_York],2021-02-07T07:51:19-05:00[America/New_York],Yes,2021-02-07,28244,Sunday
1800,B,15,2021-02-07T07:51:19-05:00[America/New_York],2021-02-07T07:51:34-05:00[America/New_York],Yes,2021-02-07,28279,Sunday
1800,<A>,104,2021-02-07T07:51:34-05:00[America/New_York],2021-02-07T07:53:18-05:00[America/New_York],NA,2021-02-07,28294,Sunday
1800,B,15,2021-02-07T07:53:18-05:00[America/New_York],2021-02-07T07:53:33-05:00[America/New_York],Yes,2021-02-07,28398,Sunday
1800,<A>,64,2021-02-07T07:53:33-05:00[America/New_York],2021-02-07T07:54:37-05:00[America/New_York],Yes,2021-02-07,28413,Sunday
1800,B,16,2021-02-07T07:54:37-05:00[America/New_York],2021-02-07T07:54:53-05:00[America/New_York],Yes,2021-02-07,28477,Sunday
1800,<A>,257,2021-02-07T07:54:53-05:00[America/New_York],2021-02-07T07:59:10-05:00[America/New_York],Yes,2021-02-07,28493,Sunday
1800,B,17,2021-02-07T07:59:10-05:00[America/New_York],2021-02-07T07:59:27-05:00[America/New_York],Yes,2021-02-07,28750,Sunday
1800,<A>,126,2021-02-07T07:59:27-05:00[America/New_York],2021-02-07T08:01:33-05:00[America/New_York],Yes,2021-02-07,28767,Sunday
1800,B,15,2021-02-07T08:01:33-05:00[America/New_York],2021-02-07T08:01:48-05:00[America/New_York],Yes,2021-02-07,28893,Sunday
1800,<A>,29,2021-02-07T08:01:48-05:00[America/New_York],2021-02-07T08:02:17-05:00[America/New_York],Yes,2021-02-07,28908,Sunday
1800,B,16,2021-02-07T08:02:17-05:00[America/New_York],2021-02-07T08:02:33-05:00[America/New_York],Yes,2021-02-07,28937,Sunday
1800,<A>,26,2021-02-07T08:02:33-05:00[America/New_York],2021-02-07T08:02:59-05:00[America/New_York],Yes,2021-02-07,28953,Sunday
1800,B,17,2021-02-07T08:02:59-05:00[America/New_York],2021-02-07T08:03:16-05:00[America/New_York],Yes,2021-02-07,28979,Sunday
1800,<A>,33,2021-02-07T08:03:16-05:00[America/New_York],2021-02-07T08:03:49-05:00[America/New_York],Yes,2021-02-07,28996,Sunday
1800,B,15,2021-02-07T08:03:49-05:00[America/New_York],2021-02-07T08:04:04-05:00[America/New_York],Yes,2021-02-07,29029,Sunday
1800,<A>,100,2021-02-07T08:04:04-05:00[America/New_York],2021-02-07T08:05:44-05:00[America/New_York],NA,2021-02-07,29044,Sunday
1800,B,15,2021-02-07T08:05:44-05:00[America/New_York],2021-02-07T08:05:59-05:00[America/New_York],Yes,2021-02-07,29144,Sunday
1800,<A>,46,2021-02-07T08:05:59-05:00[America/New_York],2021-02-07T08:06:45-05:00[America/New_York],Yes,2021-02-07,29159,Sunday
1800,B,16,2021-02-07T08:06:45-05:00[America/New_York],2021-02-07T08:07:01-05:00[America/New_York],Yes,2021-02-07,29205,Sunday
1800,<A>,77,2021-02-07T08:07:01-05:00[America/New_York],2021-02-07T08:08:18-05:00[America/New_York],NA,2021-02-07,29221,Sunday
1800,B,15,2021-02-07T08:08:18-05:00[America/New_York],2021-02-07T08:08:33-05:00[America/New_York],Yes,2021-02-07,29298,Sunday
1800,<A>,80,2021-02-07T08:08:33-05:00[America/New_York],2021-02-07T08:09:53-05:00[America/New_York],NA,2021-02-07,29313,Sunday
1800,B,16,2021-02-07T08:09:53-05:00[America/New_York],2021-02-07T08:10:09-05:00[America/New_York],Yes,2021-02-07,29393,Sunday
1800,<A>,41,2021-02-07T08:10:09-05:00[America/New_York],2021-02-07T08:10:50-05:00[America/New_York],Yes,2021-02-07,29409,Sunday
1800,B,19,2021-02-07T08:10:50-05:00[America/New_York],2021-02-07T08:11:09-05:00[America/New_York],Yes,2021-02-07,29450,Sunday
1800,<A>,154,2021-02-07T08:11:09-05:00[America/New_York],2021-02-07T08:13:43-05:00[America/New_York],Yes,2021-02-07,29469,Sunday
1800,B,15,2021-02-07T08:13:43-05:00[America/New_York],2021-02-07T08:13:58-05:00[America/New_York],Yes,2021-02-07,29623,Sunday
1800,<A>,73,2021-02-07T08:13:58-05:00[America/New_York],2021-02-07T08:15:11-05:00[America/New_York],Yes,2021-02-07,29638,Sunday
1800,B,16,2021-02-07T08:15:11-05:00[America/New_York],2021-02-07T08:15:27-05:00[America/New_York],Yes,2021-02-07,29711,Sunday
1800,<A>,41,2021-02-07T08:15:27-05:00[America/New_York],2021-02-07T08:16:08-05:00[America/New_York],Yes,2021-02-07,29727,Sunday
1800,B,17,2021-02-07T08:16:08-05:00[America/New_York],2021-02-07T08:16:25-05:00[America/New_York],Yes,2021-02-07,29768,Sunday
1800,<A>,30,2021-02-07T08:16:25-05:00[America/New_York],2021-02-07T08:16:55-05:00[America/New_York],Yes,2021-02-07,29785,Sunday
1800,B,16,2021-02-07T08:16:55-05:00[America/New_York],2021-02-07T08:17:11-05:00[America/New_York],Yes,2021-02-07,29815,Sunday
1800,<A>,93,2021-02-07T08:17:11-05:00[America/New_York],2021-02-07T08:18:44-05:00[America/New_York],NA,2021-02-07,29831,Sunday
1800,B,18,2021-02-07T08:18:44-05:00[America/New_York],2021-02-07T08:19:02-05:00[America/New_York],Yes,2021-02-07,29924,Sunday
1800,<A>,63,2021-02-07T08:19:02-05:00[America/New_York],2021-02-07T08:20:05-05:00[America/New_York],Yes,2021-02-07,29942,Sunday
1800,B,17,2021-02-07T08:20:05-05:00[America/New_York],2021-02-07T08:20:22-05:00[America/New_York],Yes,2021-02-07,30005,Sunday
1800,<A>,28,2021-02-07T08:20:22-05:00[America/New_York],2021-02-07T08:20:50-05:00[America/New_York],Yes,2021-02-07,30022,Sunday
1800,B,19,2021-02-07T08:20:50-05:00[America/New_York],2021-02-07T08:21:09-05:00[America/New_York],Yes,2021-02-07,30050,Sunday
1800,<A>,138,2021-02-07T08:21:09-05:00[America/New_York],2021-02-07T08:23:27-05:00[America/New_York],Yes,2021-02-07,30069,Sunday
1800,B,16,2021-02-07T08:23:27-05:00[America/New_York],2021-02-07T08:23:43-05:00[America/New_York],Yes,2021-02-07,30207,Sunday
1800,<A>,75,2021-02-07T08:23:43-05:00[America/New_York],2021-02-07T08:24:58-05:00[America/New_York],NA,2021-02-07,30223,Sunday
1800,B,15,2021-02-07T08:24:58-05:00[America/New_York],2021-02-07T08:25:13-05:00[America/New_York],Yes,2021-02-07,30298,Sunday
1800,<A>,33,2021-02-07T08:25:13-05:00[America/New_York],2021-02-07T08:25:46-05:00[America/New_York],Yes,2021-02-07,30313,Sunday
1800,B,15,2021-02-07T08:25:46-05:00[America/New_York],2021-02-07T08:26:01-05:00[America/New_York],Yes,2021-02-07,30346,Sunday
1800,<A>,74,2021-02-07T08:26:01-05:00[America/New_York],2021-02-07T08:27:15-05:00[America/New_York],NA,2021-02-07,30361,Sunday
1800,B,22,2021-02-07T08:27:15-05:00[America/New_York],2021-02-07T08:27:37-05:00[America/New_York],NA,2021-02-07,30435,Sunday
1800,<A>,27,2021-02-07T08:27:37-05:00[America/New_York],2021-02-07T08:28:04-05:00[America/New_York],Yes,2021-02-07,30457,Sunday
1800,B,19,2021-02-07T08:28:04-05:00[America/New_York],2021-02-07T08:28:23-05:00[America/New_York],Yes,2021-02-07,30484,Sunday
1800,<A>,194,2021-02-07T08:28:23-05:00[America/New_York],2021-02-07T08:31:37-05:00[America/New_York],NA,2021-02-07,30503,Sunday
1800,B,15,2021-02-07T08:31:37-05:00[America/New_York],2021-02-07T08:31:52-05:00[America/New_York],Yes,2021-02-07,30697,Sunday
1800,<A>,41,2021-02-07T08:31:52-05:00[America/New_York],2021-02-07T08:32:33-05:00[America/New_York],Yes,2021-02-07,30712,Sunday
1800,B,15,2021-02-07T08:32:33-05:00[America/New_York],2021-02-07T08:32:48-05:00[America/New_York],Yes,2021-02-07,30753,Sunday
1800,<A>,27,2021-02-07T08:32:48-05:00[America/New_York],2021-02-07T08:33:15-05:00[America/New_York],Yes,2021-02-07,30768,Sunday
1800,B,15,2021-02-07T08:33:15-05:00[America/New_York],2021-02-07T08:33:30-05:00[America/New_York],Yes,2021-02-07,30795,Sunday
1800,<A>,31,2021-02-07T08:33:30-05:00[America/New_York],2021-02-07T08:34:01-05:00[America/New_York],Yes,2021-02-07,30810,Sunday
1800,B,15,2021-02-07T08:34:01-05:00[America/New_York],2021-02-07T08:34:16-05:00[America/New_York],Yes,2021-02-07,30841,Sunday
1800,<A>,64,2021-02-07T08:34:16-05:00[America/New_York],2021-02-07T08:35:20-05:00[America/New_York],Yes,2021-02-07,30856,Sunday
1800,B,16,2021-02-07T08:35:20-05:00[America/New_York],2021-02-07T08:35:36-05:00[America/New_York],Yes,2021-02-07,30920,Sunday
1800,<A>,40,2021-02-07T08:35:36-05:00[America/New_York],2021-02-07T08:36:16-05:00[America/New_York],Yes,2021-02-07,30936,Sunday
1800,B,15,2021-02-07T08:36:16-05:00[America/New_York],2021-02-07T08:36:31-05:00[America/New_York],Yes,2021-02-07,30976,Sunday
1800,<A>,32,2021-02-07T08:36:31-05:00[America/New_York],2021-02-07T08:37:03-05:00[America/New_York],Yes,2021-02-07,30991,Sunday
1800,B,16,2021-02-07T08:37:03-05:00[America/New_York],2021-02-07T08:37:19-05:00[America/New_York],Yes,2021-02-07,31023,Sunday
1800,<A>,28,2021-02-07T08:37:19-05:00[America/New_York],2021-02-07T08:37:47-05:00[America/New_York],Yes,2021-02-07,31039,Sunday
1800,B,16,2021-02-07T08:37:47-05:00[America/New_York],2021-02-07T08:38:03-05:00[America/New_York],Yes,2021-02-07,31067,Sunday
1800,<A>,42,2021-02-07T08:38:03-05:00[America/New_York],2021-02-07T08:38:45-05:00[America/New_York],Yes,2021-02-07,31083,Sunday
1800,B,15,2021-02-07T08:38:45-05:00[America/New_York],2021-02-07T08:39:00-05:00[America/New_York],Yes,2021-02-07,31125,Sunday
1800,<A>,92,2021-02-07T08:39:00-05:00[America/New_York],2021-02-07T08:40:32-05:00[America/New_York],NA,2021-02-07,31140,Sunday
1800,B,15,2021-02-07T08:40:32-05:00[America/New_York],2021-02-07T08:40:47-05:00[America/New_York],Yes,2021-02-07,31232,Sunday
1800,<A>,66,2021-02-07T08:40:47-05:00[America/New_York],2021-02-07T08:41:53-05:00[America/New_York],Yes,2021-02-07,31247,Sunday
1800,B,15,2021-02-07T08:41:53-05:00[America/New_York],2021-02-07T08:42:08-05:00[America/New_York],Yes,2021-02-07,31313,Sunday
1800,<A>,32,2021-02-07T08:42:08-05:00[America/New_York],2021-02-07T08:42:40-05:00[America/New_York],Yes,2021-02-07,31328,Sunday
1800,B,19,2021-02-07T08:42:40-05:00[America/New_York],2021-02-07T08:42:59-05:00[America/New_York],Yes,2021-02-07,31360,Sunday
1800,<A>,26,2021-02-07T08:42:59-05:00[America/New_York],2021-02-07T08:43:25-05:00[America/New_York],Yes,2021-02-07,31379,Sunday
1800,B,16,2021-02-07T08:43:25-05:00[America/New_York],2021-02-07T08:43:41-05:00[America/New_York],Yes,2021-02-07,31405,Sunday
1800,<A>,56,2021-02-07T08:43:41-05:00[America/New_York],2021-02-07T08:44:37-05:00[America/New_York],Yes,2021-02-07,31421,Sunday
1800,B,16,2021-02-07T08:44:37-05:00[America/New_York],2021-02-07T08:44:53-05:00[America/New_York],Yes,2021-02-07,31477,Sunday
1800,<A>,69,2021-02-07T08:44:53-05:00[America/New_York],2021-02-07T08:46:02-05:00[America/New_York],Yes,2021-02-07,31493,Sunday
1800,B,16,2021-02-07T08:46:02-05:00[America/New_York],2021-02-07T08:46:18-05:00[America/New_York],Yes,2021-02-07,31562,Sunday
1800,<A>,42,2021-02-07T08:46:18-05:00[America/New_York],2021-02-07T08:47:00-05:00[America/New_York],Yes,2021-02-07,31578,Sunday
1800,B,15,2021-02-07T08:47:00-05:00[America/New_York],2021-02-07T08:47:15-05:00[America/New_York],Yes,2021-02-07,31620,Sunday
1800,<A>,82,2021-02-07T08:47:15-05:00[America/New_York],2021-02-07T08:48:37-05:00[America/New_York],NA,2021-02-07,31635,Sunday
1800,B,17,2021-02-07T08:48:37-05:00[America/New_York],2021-02-07T08:48:54-05:00[America/New_York],Yes,2021-02-07,31717,Sunday
1800,<A>,91,2021-02-07T08:48:54-05:00[America/New_York],2021-02-07T08:50:25-05:00[America/New_York],NA,2021-02-07,31734,Sunday
1800,B,23,2021-02-07T08:50:25-05:00[America/New_York],2021-02-07T08:50:48-05:00[America/New_York],NA,2021-02-07,31825,Sunday
1800,<A>,35,2021-02-07T08:50:48-05:00[America/New_York],2021-02-07T08:51:23-05:00[America/New_York],Yes,2021-02-07,31848,Sunday
1800,B,15,2021-02-07T08:51:23-05:00[America/New_York],2021-02-07T08:51:38-05:00[America/New_York],Yes,2021-02-07,31883,Sunday
1800,<A>,26,2021-02-07T08:51:38-05:00[America/New_York],2021-02-07T08:52:04-05:00[America/New_York],Yes,2021-02-07,31898,Sunday
1800,B,16,2021-02-07T08:52:04-05:00[America/New_York],2021-02-07T08:52:20-05:00[America/New_York],Yes,2021-02-07,31924,Sunday
1800,<A>,37,2021-02-07T08:52:20-05:00[America/New_York],2021-02-07T08:52:57-05:00[America/New_York],Yes,2021-02-07,31940,Sunday
1800,B,16,2021-02-07T08:52:57-05:00[America/New_York],2021-02-07T08:53:13-05:00[America/New_York],Yes,2021-02-07,31977,Sunday
1800,<A>,41,2021-02-07T08:53:13-05:00[America/New_York],2021-02-07T08:53:54-05:00[America/New_York],Yes,2021-02-07,31993,Sunday
1800,B,17,2021-02-07T08:53:54-05:00[America/New_York],2021-02-07T08:54:11-05:00[America/New_York],Yes,2021-02-07,32034,Sunday
1800,<A>,176,2021-02-07T08:54:11-05:00[America/New_York],2021-02-07T08:57:07-05:00[America/New_York],NA,2021-02-07,32051,Sunday
1800,B,15,2021-02-07T08:57:07-05:00[America/New_York],2021-02-07T08:57:22-05:00[America/New_York],Yes,2021-02-07,32227,Sunday
1800,<A>,27,2021-02-07T08:57:22-05:00[America/New_York],2021-02-07T08:57:49-05:00[America/New_York],Yes,2021-02-07,32242,Sunday
1800,B,16,2021-02-07T08:57:49-05:00[America/New_York],2021-02-07T08:58:05-05:00[America/New_York],Yes,2021-02-07,32269,Sunday
1800,<A>,139,2021-02-07T08:58:05-05:00[America/New_York],2021-02-07T09:00:24-05:00[America/New_York],Yes,2021-02-07,32285,Sunday
1800,B,17,2021-02-07T09:00:24-05:00[America/New_York],2021-02-07T09:00:41-05:00[America/New_York],Yes,2021-02-07,32424,Sunday
1800,<A>,72,2021-02-07T09:00:41-05:00[America/New_York],2021-02-07T09:01:53-05:00[America/New_York],NA,2021-02-07,32441,Sunday
1800,B,18,2021-02-07T09:01:53-05:00[America/New_York],2021-02-07T09:02:11-05:00[America/New_York],Yes,2021-02-07,32513,Sunday
1800,<A>,44,2021-02-07T09:02:11-05:00[America/New_York],2021-02-07T09:02:55-05:00[America/New_York],Yes,2021-02-07,32531,Sunday
1800,B,17,2021-02-07T09:02:55-05:00[America/New_York],2021-02-07T09:03:12-05:00[America/New_York],Yes,2021-02-07,32575,Sunday
1800,<A>,26,2021-02-07T09:03:12-05:00[America/New_York],2021-02-07T09:03:38-05:00[America/New_York],Yes,2021-02-07,32592,Sunday
1800,B,17,2021-02-07T09:03:38-05:00[America/New_York],2021-02-07T09:03:55-05:00[America/New_York],Yes,2021-02-07,32618,Sunday
1800,<A>,27,2021-02-07T09:03:55-05:00[America/New_York],2021-02-07T09:04:22-05:00[America/New_York],Yes,2021-02-07,32635,Sunday
1800,B,16,2021-02-07T09:04:22-05:00[America/New_York],2021-02-07T09:04:38-05:00[America/New_York],Yes,2021-02-07,32662,Sunday
1800,<A>,32,2021-02-07T09:04:38-05:00[America/New_York],2021-02-07T09:05:10-05:00[America/New_York],Yes,2021-02-07,32678,Sunday
1800,B,19,2021-02-07T09:05:10-05:00[America/New_York],2021-02-07T09:05:29-05:00[America/New_York],Yes,2021-02-07,32710,Sunday
1800,<A>,28,2021-02-07T09:05:29-05:00[America/New_York],2021-02-07T09:05:57-05:00[America/New_York],Yes,2021-02-07,32729,Sunday
1800,B,15,2021-02-07T09:05:57-05:00[America/New_York],2021-02-07T09:06:12-05:00[America/New_York],Yes,2021-02-07,32757,Sunday
1800,<A>,94,2021-02-07T09:06:12-05:00[America/New_York],2021-02-07T09:07:46-05:00[America/New_York],NA,2021-02-07,32772,Sunday
1800,B,16,2021-02-07T09:07:46-05:00[America/New_York],2021-02-07T09:08:02-05:00[America/New_York],Yes,2021-02-07,32866,Sunday
1800,<A>,45,2021-02-07T09:08:02-05:00[America/New_York],2021-02-07T09:08:47-05:00[America/New_York],Yes,2021-02-07,32882,Sunday
1800,B,16,2021-02-07T09:08:47-05:00[America/New_York],2021-02-07T09:09:03-05:00[America/New_York],Yes,2021-02-07,32927,Sunday
1800,<A>,29,2021-02-07T09:09:03-05:00[America/New_York],2021-02-07T09:09:32-05:00[America/New_York],Yes,2021-02-07,32943,Sunday
1800,B,17,2021-02-07T09:09:32-05:00[America/New_York],2021-02-07T09:09:49-05:00[America/New_York],Yes,2021-02-07,32972,Sunday
1800,<A>,36,2021-02-07T09:09:49-05:00[America/New_York],2021-02-07T09:10:25-05:00[America/New_York],Yes,2021-02-07,32989,Sunday
1800,B,16,2021-02-07T09:10:25-05:00[America/New_York],2021-02-07T09:10:41-05:00[America/New_York],Yes,2021-02-07,33025,Sunday
1800,<A>,32,2021-02-07T09:10:41-05:00[America/New_York],2021-02-07T09:11:13-05:00[America/New_York],Yes,2021-02-07,33041,Sunday
1800,B,24,2021-02-07T09:11:13-05:00[America/New_York],2021-02-07T09:11:37-05:00[America/New_York],NA,2021-02-07,33073,Sunday
1800,<A>,49,2021-02-07T09:11:37-05:00[America/New_York],2021-02-07T09:12:26-05:00[America/New_York],Yes,2021-02-07,33097,Sunday
1800,B,15,2021-02-07T09:12:26-05:00[America/New_York],2021-02-07T09:12:41-05:00[America/New_York],Yes,2021-02-07,33146,Sunday
1800,<A>,52,2021-02-07T09:12:41-05:00[America/New_York],2021-02-07T09:13:33-05:00[America/New_York],Yes,2021-02-07,33161,Sunday
1800,B,15,2021-02-07T09:13:33-05:00[America/New_York],2021-02-07T09:13:48-05:00[America/New_York],Yes,2021-02-07,33213,Sunday
1800,<A>,88,2021-02-07T09:13:48-05:00[America/New_York],2021-02-07T09:15:16-05:00[America/New_York],NA,2021-02-07,33228,Sunday
1800,B,16,2021-02-07T09:15:16-05:00[America/New_York],2021-02-07T09:15:32-05:00[America/New_York],Yes,2021-02-07,33316,Sunday
1800,<A>,29,2021-02-07T09:15:32-05:00[America/New_York],2021-02-07T09:16:01-05:00[America/New_York],Yes,2021-02-07,33332,Sunday
1800,B,23,2021-02-07T09:16:01-05:00[America/New_York],2021-02-07T09:16:24-05:00[America/New_York],NA,2021-02-07,33361,Sunday
1800,<A>,81,2021-02-07T09:16:24-05:00[America/New_York],2021-02-07T09:17:45-05:00[America/New_York],NA,2021-02-07,33384,Sunday
1800,B,18,2021-02-07T09:17:45-05:00[America/New_York],2021-02-07T09:18:03-05:00[America/New_York],Yes,2021-02-07,33465,Sunday
1800,<A>,48,2021-02-07T09:18:03-05:00[America/New_York],2021-02-07T09:18:51-05:00[America/New_York],Yes,2021-02-07,33483,Sunday
1800,B,15,2021-02-07T09:18:51-05:00[America/New_York],2021-02-07T09:19:06-05:00[America/New_York],Yes,2021-02-07,33531,Sunday
1800,<A>,52,2021-02-07T09:19:06-05:00[America/New_York],2021-02-07T09:19:58-05:00[America/New_York],Yes,2021-02-07,33546,Sunday
1800,B,18,2021-02-07T09:19:58-05:00[America/New_York],2021-02-07T09:20:16-05:00[America/New_York],Yes,2021-02-07,33598,Sunday
1800,<A>,28,2021-02-07T09:20:16-05:00[America/New_York],2021-02-07T09:20:44-05:00[America/New_York],Yes,2021-02-07,33616,Sunday
1800,B,19,2021-02-07T09:20:44-05:00[America/New_York],2021-02-07T09:21:03-05:00[America/New_York],Yes,2021-02-07,33644,Sunday
1800,<A>,46,2021-02-07T09:21:03-05:00[America/New_York],2021-02-07T09:21:49-05:00[America/New_York],Yes,2021-02-07,33663,Sunday
1800,B,17,2021-02-07T09:21:49-05:00[America/New_York],2021-02-07T09:22:06-05:00[America/New_York],Yes,2021-02-07,33709,Sunday
1800,<A>,28,2021-02-07T09:22:06-05:00[America/New_York],2021-02-07T09:22:34-05:00[America/New_York],Yes,2021-02-07,33726,Sunday
1800,B,23,2021-02-07T09:22:34-05:00[America/New_York],2021-02-07T09:22:57-05:00[America/New_York],NA,2021-02-07,33754,Sunday
1800,<A>,94,2021-02-07T09:22:57-05:00[America/New_York],2021-02-07T09:24:31-05:00[America/New_York],NA,2021-02-07,33777,Sunday
1800,B,20,2021-02-07T09:24:31-05:00[America/New_York],2021-02-07T09:24:51-05:00[America/New_York],Yes,2021-02-07,33871,Sunday
1800,<A>,71,2021-02-07T09:24:51-05:00[America/New_York],2021-02-07T09:26:02-05:00[America/New_York],Yes,2021-02-07,33891,Sunday
1800,B,15,2021-02-07T09:26:02-05:00[America/New_York],2021-02-07T09:26:17-05:00[America/New_York],Yes,2021-02-07,33962,Sunday
1800,<A>,83,2021-02-07T09:26:17-05:00[America/New_York],2021-02-07T09:27:40-05:00[America/New_York],NA,2021-02-07,33977,Sunday
1800,B,16,2021-02-07T09:27:40-05:00[America/New_York],2021-02-07T09:27:56-05:00[America/New_York],Yes,2021-02-07,34060,Sunday
1800,<A>,49,2021-02-07T09:27:56-05:00[America/New_York],2021-02-07T09:28:45-05:00[America/New_York],Yes,2021-02-07,34076,Sunday
1800,B,16,2021-02-07T09:28:45-05:00[America/New_York],2021-02-07T09:29:01-05:00[America/New_York],Yes,2021-02-07,34125,Sunday
1800,<A>,98,2021-02-07T09:29:01-05:00[America/New_York],2021-02-07T09:30:39-05:00[America/New_York],NA,2021-02-07,34141,Sunday
1800,B,16,2021-02-07T09:30:39-05:00[America/New_York],2021-02-07T09:30:55-05:00[America/New_York],Yes,2021-02-07,34239,Sunday
1800,<A>,228,2021-02-07T09:30:55-05:00[America/New_York],2021-02-07T09:34:43-05:00[America/New_York],Yes,2021-02-07,34255,Sunday
1800,B,16,2021-02-07T09:34:43-05:00[America/New_York],2021-02-07T09:34:59-05:00[America/New_York],Yes,2021-02-07,34483,Sunday
1800,<A>,53,2021-02-07T09:34:59-05:00[America/New_York],2021-02-07T09:35:52-05:00[America/New_York],Yes,2021-02-07,34499,Sunday
1800,B,21,2021-02-07T09:35:52-05:00[America/New_York],2021-02-07T09:36:13-05:00[America/New_York],Yes,2021-02-07,34552,Sunday
1800,<A>,27,2021-02-07T09:36:13-05:00[America/New_York],2021-02-07T09:36:40-05:00[America/New_York],Yes,2021-02-07,34573,Sunday
1800,B,18,2021-02-07T09:36:40-05:00[America/New_York],2021-02-07T09:36:58-05:00[America/New_York],Yes,2021-02-07,34600,Sunday
1800,<A>,51,2021-02-07T09:36:58-05:00[America/New_York],2021-02-07T09:37:49-05:00[America/New_York],Yes,2021-02-07,34618,Sunday
1800,B,23,2021-02-07T09:37:49-05:00[America/New_York],2021-02-07T09:38:12-05:00[America/New_York],Yes,2021-02-07,34669,Sunday
1800,<A>,58,2021-02-07T09:38:12-05:00[America/New_York],2021-02-07T09:39:10-05:00[America/New_York],Yes,2021-02-07,34692,Sunday
1800,B,16,2021-02-07T09:39:10-05:00[America/New_York],2021-02-07T09:39:26-05:00[America/New_York],Yes,2021-02-07,34750,Sunday
1800,<A>,26,2021-02-07T09:39:26-05:00[America/New_York],2021-02-07T09:39:52-05:00[America/New_York],Yes,2021-02-07,34766,Sunday
1800,B,16,2021-02-07T09:39:52-05:00[America/New_York],2021-02-07T09:40:08-05:00[America/New_York],Yes,2021-02-07,34792,Sunday
1800,<A>,121,2021-02-07T09:40:08-05:00[America/New_York],2021-02-07T09:42:09-05:00[America/New_York],Yes,2021-02-07,34808,Sunday
1800,B,18,2021-02-07T09:42:09-05:00[America/New_York],2021-02-07T09:42:27-05:00[America/New_York],Yes,2021-02-07,34929,Sunday
1800,<A>,62,2021-02-07T09:42:27-05:00[America/New_York],2021-02-07T09:43:29-05:00[America/New_York],Yes,2021-02-07,34947,Sunday
1800,B,20,2021-02-07T09:43:29-05:00[America/New_York],2021-02-07T09:43:49-05:00[America/New_York],Yes,2021-02-07,35009,Sunday
1800,<A>,32,2021-02-07T09:43:49-05:00[America/New_York],2021-02-07T09:44:21-05:00[America/New_York],Yes,2021-02-07,35029,Sunday
1800,B,19,2021-02-07T09:44:21-05:00[America/New_York],2021-02-07T09:44:40-05:00[America/New_York],Yes,2021-02-07,35061,Sunday
1800,<A>,49,2021-02-07T09:44:40-05:00[America/New_York],2021-02-07T09:45:29-05:00[America/New_York],Yes,2021-02-07,35080,Sunday
1800,B,20,2021-02-07T09:45:29-05:00[America/New_York],2021-02-07T09:45:49-05:00[America/New_York],Yes,2021-02-07,35129,Sunday
1800,<A>,29,2021-02-07T09:45:49-05:00[America/New_York],2021-02-07T09:46:18-05:00[America/New_York],Yes,2021-02-07,35149,Sunday
1800,B,16,2021-02-07T09:46:18-05:00[America/New_York],2021-02-07T09:46:34-05:00[America/New_York],Yes,2021-02-07,35178,Sunday
1800,<A>,40,2021-02-07T09:46:34-05:00[America/New_York],2021-02-07T09:47:14-05:00[America/New_York],Yes,2021-02-07,35194,Sunday
1800,B,23,2021-02-07T09:47:14-05:00[America/New_York],2021-02-07T09:47:37-05:00[America/New_York],NA,2021-02-07,35234,Sunday
1800,<A>,27,2021-02-07T09:47:37-05:00[America/New_York],2021-02-07T09:48:04-05:00[America/New_York],Yes,2021-02-07,35257,Sunday
1800,B,24,2021-02-07T09:48:04-05:00[America/New_York],2021-02-07T09:48:28-05:00[America/New_York],NA,2021-02-07,35284,Sunday
1800,<A>,34,2021-02-07T09:48:28-05:00[America/New_York],2021-02-07T09:49:02-05:00[America/New_York],Yes,2021-02-07,35308,Sunday
1800,B,24,2021-02-07T09:49:02-05:00[America/New_York],2021-02-07T09:49:26-05:00[America/New_York],NA,2021-02-07,35342,Sunday
1800,<A>,30,2021-02-07T09:49:26-05:00[America/New_York],2021-02-07T09:49:56-05:00[America/New_York],Yes,2021-02-07,35366,Sunday
1800,B,20,2021-02-07T09:49:56-05:00[America/New_York],2021-02-07T09:50:16-05:00[America/New_York],Yes,2021-02-07,35396,Sunday
1800,<A>,26,2021-02-07T09:50:16-05:00[America/New_York],2021-02-07T09:50:42-05:00[America/New_York],Yes,2021-02-07,35416,Sunday
1800,B,16,2021-02-07T09:50:42-05:00[America/New_York],2021-02-07T09:50:58-05:00[America/New_York],Yes,2021-02-07,35442,Sunday
1800,<A>,28,2021-02-07T09:50:58-05:00[America/New_York],2021-02-07T09:51:26-05:00[America/New_York],Yes,2021-02-07,35458,Sunday
1800,B,16,2021-02-07T09:51:26-05:00[America/New_York],2021-02-07T09:51:42-05:00[America/New_York],Yes,2021-02-07,35486,Sunday
1800,<A>,29,2021-02-07T09:51:42-05:00[America/New_York],2021-02-07T09:52:11-05:00[America/New_York],Yes,2021-02-07,35502,Sunday
1800,B,15,2021-02-07T09:52:11-05:00[America/New_York],2021-02-07T09:52:26-05:00[America/New_York],Yes,2021-02-07,35531,Sunday
1800,<A>,29,2021-02-07T09:52:26-05:00[America/New_York],2021-02-07T09:52:55-05:00[America/New_York],Yes,2021-02-07,35546,Sunday
1800,B,15,2021-02-07T09:52:55-05:00[America/New_York],2021-02-07T09:53:10-05:00[America/New_York],Yes,2021-02-07,35575,Sunday
1800,<A>,87,2021-02-07T09:53:10-05:00[America/New_York],2021-02-07T09:54:37-05:00[America/New_York],NA,2021-02-07,35590,Sunday
1800,B,18,2021-02-07T09:54:37-05:00[America/New_York],2021-02-07T09:54:55-05:00[America/New_York],Yes,2021-02-07,35677,Sunday
1800,<A>,60,2021-02-07T09:54:55-05:00[America/New_York],2021-02-07T09:55:55-05:00[America/New_York],Yes,2021-02-07,35695,Sunday
1800,B,24,2021-02-07T09:55:55-05:00[America/New_York],2021-02-07T09:56:19-05:00[America/New_York],NA,2021-02-07,35755,Sunday
1800,<A>,36,2021-02-07T09:56:19-05:00[America/New_York],2021-02-07T09:56:55-05:00[America/New_York],Yes,2021-02-07,35779,Sunday
1800,B,24,2021-02-07T09:56:55-05:00[America/New_York],2021-02-07T09:57:19-05:00[America/New_York],NA,2021-02-07,35815,Sunday
1800,<A>,27,2021-02-07T09:57:19-05:00[America/New_York],2021-02-07T09:57:46-05:00[America/New_York],Yes,2021-02-07,35839,Sunday
1800,B,16,2021-02-07T09:57:46-05:00[America/New_York],2021-02-07T09:58:02-05:00[America/New_York],Yes,2021-02-07,35866,Sunday
1800,<A>,40,2021-02-07T09:58:02-05:00[America/New_York],2021-02-07T09:58:42-05:00[America/New_York],Yes,2021-02-07,35882,Sunday
1800,B,25,2021-02-07T09:58:42-05:00[America/New_York],2021-02-07T09:59:07-05:00[America/New_York],Yes,2021-02-07,35922,Sunday
1800,<A>,42,2021-02-07T09:59:07-05:00[America/New_York],2021-02-07T09:59:49-05:00[America/New_York],Yes,2021-02-07,35947,Sunday
1800,B,19,2021-02-07T09:59:49-05:00[America/New_York],2021-02-07T10:00:08-05:00[America/New_York],Yes,2021-02-07,35989,Sunday
1800,<A>,34,2021-02-07T10:00:08-05:00[America/New_York],2021-02-07T10:00:42-05:00[America/New_York],Yes,2021-02-07,36008,Sunday
1800,B,18,2021-02-07T10:00:42-05:00[America/New_York],2021-02-07T10:01:00-05:00[America/New_York],Yes,2021-02-07,36042,Sunday
1800,<A>,36,2021-02-07T10:01:00-05:00[America/New_York],2021-02-07T10:01:36-05:00[America/New_York],Yes,2021-02-07,36060,Sunday
1800,B,17,2021-02-07T10:01:36-05:00[America/New_York],2021-02-07T10:01:53-05:00[America/New_York],Yes,2021-02-07,36096,Sunday
1800,<A>,56,2021-02-07T10:01:53-05:00[America/New_York],2021-02-07T10:02:49-05:00[America/New_York],Yes,2021-02-07,36113,Sunday
1800,B,20,2021-02-07T10:02:49-05:00[America/New_York],2021-02-07T10:03:09-05:00[America/New_York],Yes,2021-02-07,36169,Sunday
1800,<A>,67,2021-02-07T10:03:09-05:00[America/New_York],2021-02-07T10:04:16-05:00[America/New_York],Yes,2021-02-07,36189,Sunday
1800,B,15,2021-02-07T10:04:16-05:00[America/New_York],2021-02-07T10:04:31-05:00[America/New_York],Yes,2021-02-07,36256,Sunday
1800,<A>,34,2021-02-07T10:04:31-05:00[America/New_York],2021-02-07T10:05:05-05:00[America/New_York],Yes,2021-02-07,36271,Sunday
1800,B,15,2021-02-07T10:05:05-05:00[America/New_York],2021-02-07T10:05:20-05:00[America/New_York],Yes,2021-02-07,36305,Sunday
1800,<A>,28,2021-02-07T10:05:20-05:00[America/New_York],2021-02-07T10:05:48-05:00[America/New_York],Yes,2021-02-07,36320,Sunday
1800,B,18,2021-02-07T10:05:48-05:00[America/New_York],2021-02-07T10:06:06-05:00[America/New_York],Yes,2021-02-07,36348,Sunday
1800,<A>,35,2021-02-07T10:06:06-05:00[America/New_York],2021-02-07T10:06:41-05:00[America/New_York],Yes,2021-02-07,36366,Sunday
1800,B,17,2021-02-07T10:06:41-05:00[America/New_York],2021-02-07T10:06:58-05:00[America/New_York],Yes,2021-02-07,36401,Sunday
1800,<A>,28,2021-02-07T10:06:58-05:00[America/New_York],2021-02-07T10:07:26-05:00[America/New_York],Yes,2021-02-07,36418,Sunday
1800,B,16,2021-02-07T10:07:26-05:00[America/New_York],2021-02-07T10:07:42-05:00[America/New_York],Yes,2021-02-07,36446,Sunday
1800,<A>,28,2021-02-07T10:07:42-05:00[America/New_York],2021-02-07T10:08:10-05:00[America/New_York],Yes,2021-02-07,36462,Sunday
1800,B,15,2021-02-07T10:08:10-05:00[America/New_York],2021-02-07T10:08:25-05:00[America/New_York],Yes,2021-02-07,36490,Sunday
1800,<A>,47,2021-02-07T10:08:25-05:00[America/New_York],2021-02-07T10:09:12-05:00[America/New_York],Yes,2021-02-07,36505,Sunday
1800,B,16,2021-02-07T10:09:12-05:00[America/New_York],2021-02-07T10:09:28-05:00[America/New_York],Yes,2021-02-07,36552,Sunday
1800,<A>,235,2021-02-07T10:09:28-05:00[America/New_York],2021-02-07T10:13:23-05:00[America/New_York],NA,2021-02-07,36568,Sunday
1800,B,19,2021-02-07T10:13:23-05:00[America/New_York],2021-02-07T10:13:42-05:00[America/New_York],Yes,2021-02-07,36803,Sunday
1800,<A>,83,2021-02-07T10:13:42-05:00[America/New_York],2021-02-07T10:15:05-05:00[America/New_York],NA,2021-02-07,36822,Sunday
1800,B,18,2021-02-07T10:15:05-05:00[America/New_York],2021-02-07T10:15:23-05:00[America/New_York],Yes,2021-02-07,36905,Sunday
1800,<A>,93,2021-02-07T10:15:23-05:00[America/New_York],2021-02-07T10:16:56-05:00[America/New_York],NA,2021-02-07,36923,Sunday
1800,B,22,2021-02-07T10:16:56-05:00[America/New_York],2021-02-07T10:17:18-05:00[America/New_York],Yes,2021-02-07,37016,Sunday
1800,<A>,154,2021-02-07T10:17:18-05:00[America/New_York],2021-02-07T10:19:52-05:00[America/New_York],Yes,2021-02-07,37038,Sunday
1800,B,17,2021-02-07T10:19:52-05:00[America/New_York],2021-02-07T10:20:09-05:00[America/New_York],Yes,2021-02-07,37192,Sunday
1800,<A>,35,2021-02-07T10:20:09-05:00[America/New_York],2021-02-07T10:20:44-05:00[America/New_York],Yes,2021-02-07,37209,Sunday
1800,B,18,2021-02-07T10:20:44-05:00[America/New_York],2021-02-07T10:21:02-05:00[America/New_York],Yes,2021-02-07,37244,Sunday
1800,<A>,102,2021-02-07T10:21:02-05:00[America/New_York],2021-02-07T10:22:44-05:00[America/New_York],NA,2021-02-07,37262,Sunday
1800,B,15,2021-02-07T10:22:44-05:00[America/New_York],2021-02-07T10:22:59-05:00[America/New_York],Yes,2021-02-07,37364,Sunday
1800,<A>,73,2021-02-07T10:22:59-05:00[America/New_York],2021-02-07T10:24:12-05:00[America/New_York],Yes,2021-02-07,37379,Sunday
1800,B,16,2021-02-07T10:24:12-05:00[America/New_York],2021-02-07T10:24:28-05:00[America/New_York],Yes,2021-02-07,37452,Sunday
1800,<A>,71,2021-02-07T10:24:28-05:00[America/New_York],2021-02-07T10:25:39-05:00[America/New_York],Yes,2021-02-07,37468,Sunday
1800,B,17,2021-02-07T10:25:39-05:00[America/New_York],2021-02-07T10:25:56-05:00[America/New_York],Yes,2021-02-07,37539,Sunday
1800,<A>,41,2021-02-07T10:25:56-05:00[America/New_York],2021-02-07T10:26:37-05:00[America/New_York],Yes,2021-02-07,37556,Sunday
1800,B,15,2021-02-07T10:26:37-05:00[America/New_York],2021-02-07T10:26:52-05:00[America/New_York],Yes,2021-02-07,37597,Sunday
1800,<A>,101,2021-02-07T10:26:52-05:00[America/New_York],2021-02-07T10:28:33-05:00[America/New_York],NA,2021-02-07,37612,Sunday
1800,B,18,2021-02-07T10:28:33-05:00[America/New_York],2021-02-07T10:28:51-05:00[America/New_York],Yes,2021-02-07,37713,Sunday
1800,<A>,63,2021-02-07T10:28:51-05:00[America/New_York],2021-02-07T10:29:54-05:00[America/New_York],Yes,2021-02-07,37731,Sunday
1800,B,21,2021-02-07T10:29:54-05:00[America/New_York],2021-02-07T10:30:15-05:00[America/New_York],Yes,2021-02-07,37794,Sunday
1800,<A>,91,2021-02-07T10:30:15-05:00[America/New_York],2021-02-07T10:31:46-05:00[America/New_York],NA,2021-02-07,37815,Sunday
1800,B,18,2021-02-07T10:31:46-05:00[America/New_York],2021-02-07T10:32:04-05:00[America/New_York],Yes,2021-02-07,37906,Sunday
1800,<A>,35,2021-02-07T10:32:04-05:00[America/New_York],2021-02-07T10:32:39-05:00[America/New_York],Yes,2021-02-07,37924,Sunday
1800,B,18,2021-02-07T10:32:39-05:00[America/New_York],2021-02-07T10:32:57-05:00[America/New_York],Yes,2021-02-07,37959,Sunday
1800,<A>,69,2021-02-07T10:32:57-05:00[America/New_York],2021-02-07T10:34:06-05:00[America/New_York],Yes,2021-02-07,37977,Sunday
1800,B,18,2021-02-07T10:34:06-05:00[America/New_York],2021-02-07T10:34:24-05:00[America/New_York],Yes,2021-02-07,38046,Sunday
1800,<A>,54,2021-02-07T10:34:24-05:00[America/New_York],2021-02-07T10:35:18-05:00[America/New_York],Yes,2021-02-07,38064,Sunday
1800,B,18,2021-02-07T10:35:18-05:00[America/New_York],2021-02-07T10:35:36-05:00[America/New_York],Yes,2021-02-07,38118,Sunday
1800,<A>,44,2021-02-07T10:35:36-05:00[America/New_York],2021-02-07T10:36:20-05:00[America/New_York],Yes,2021-02-07,38136,Sunday
1800,B,16,2021-02-07T10:36:20-05:00[America/New_York],2021-02-07T10:36:36-05:00[America/New_York],Yes,2021-02-07,38180,Sunday
1800,<A>,135,2021-02-07T10:36:36-05:00[America/New_York],2021-02-07T10:38:51-05:00[America/New_York],NA,2021-02-07,38196,Sunday
1800,B,15,2021-02-07T10:38:51-05:00[America/New_York],2021-02-07T10:39:06-05:00[America/New_York],Yes,2021-02-07,38331,Sunday
1800,<A>,103,2021-02-07T10:39:06-05:00[America/New_York],2021-02-07T10:40:49-05:00[America/New_York],NA,2021-02-07,38346,Sunday
1800,B,19,2021-02-07T10:40:49-05:00[America/New_York],2021-02-07T10:41:08-05:00[America/New_York],Yes,2021-02-07,38449,Sunday
1800,<A>,110,2021-02-07T10:41:08-05:00[America/New_York],2021-02-07T10:42:58-05:00[America/New_York],NA,2021-02-07,38468,Sunday
1800,B,15,2021-02-07T10:42:58-05:00[America/New_York],2021-02-07T10:43:13-05:00[America/New_York],Yes,2021-02-07,38578,Sunday
1800,<A>,124,2021-02-07T10:43:13-05:00[America/New_York],2021-02-07T10:45:17-05:00[America/New_York],NA,2021-02-07,38593,Sunday
1800,B,18,2021-02-07T10:45:17-05:00[America/New_York],2021-02-07T10:45:35-05:00[America/New_York],Yes,2021-02-07,38717,Sunday
1800,<A>,215,2021-02-07T10:45:35-05:00[America/New_York],2021-02-07T10:49:10-05:00[America/New_York],NA,2021-02-07,38735,Sunday
1800,B,18,2021-02-07T10:49:10-05:00[America/New_York],2021-02-07T10:49:28-05:00[America/New_York],Yes,2021-02-07,38950,Sunday
1800,<A>,211,2021-02-07T10:49:28-05:00[America/New_York],2021-02-07T10:52:59-05:00[America/New_York],NA,2021-02-07,38968,Sunday
1800,B,18,2021-02-07T10:52:59-05:00[America/New_York],2021-02-07T10:53:17-05:00[America/New_York],Yes,2021-02-07,39179,Sunday
1800,<A>,202,2021-02-07T10:53:17-05:00[America/New_York],2021-02-07T10:56:39-05:00[America/New_York],NA,2021-02-07,39197,Sunday
1800,B,22,2021-02-07T10:56:39-05:00[America/New_York],2021-02-07T10:57:01-05:00[America/New_York],Yes,2021-02-07,39399,Sunday
1800,<A>,100,2021-02-07T10:57:01-05:00[America/New_York],2021-02-07T10:58:41-05:00[America/New_York],NA,2021-02-07,39421,Sunday
1800,B,25,2021-02-07T10:58:41-05:00[America/New_York],2021-02-07T10:59:06-05:00[America/New_York],Yes,2021-02-07,39521,Sunday
1800,<A>,100,2021-02-07T10:59:06-05:00[America/New_York],2021-02-07T11:00:46-05:00[America/New_York],NA,2021-02-07,39546,Sunday
1800,B,15,2021-02-07T11:00:46-05:00[America/New_York],2021-02-07T11:01:01-05:00[America/New_York],Yes,2021-02-07,39646,Sunday
1800,<A>,117,2021-02-07T11:01:01-05:00[America/New_York],2021-02-07T11:02:58-05:00[America/New_York],NA,2021-02-07,39661,Sunday
1800,B,16,2021-02-07T11:02:58-05:00[America/New_York],2021-02-07T11:03:14-05:00[America/New_York],Yes,2021-02-07,39778,Sunday
1800,<A>,92,2021-02-07T11:03:14-05:00[America/New_York],2021-02-07T11:04:46-05:00[America/New_York],NA,2021-02-07,39794,Sunday
1800,B,16,2021-02-07T11:04:46-05:00[America/New_York],2021-02-07T11:05:02-05:00[America/New_York],Yes,2021-02-07,39886,Sunday
1800,<A>,108,2021-02-07T11:05:02-05:00[America/New_York],2021-02-07T11:06:50-05:00[America/New_York],NA,2021-02-07,39902,Sunday
1800,B,17,2021-02-07T11:06:50-05:00[America/New_York],2021-02-07T11:07:07-05:00[America/New_York],Yes,2021-02-07,40010,Sunday
1800,<A>,199,2021-02-07T11:07:07-05:00[America/New_York],2021-02-07T11:10:26-05:00[America/New_York],NA,2021-02-07,40027,Sunday
1800,B,16,2021-02-07T11:10:26-05:00[America/New_York],2021-02-07T11:10:42-05:00[America/New_York],Yes,2021-02-07,40226,Sunday
1800,<A>,102,2021-02-07T11:10:42-05:00[America/New_York],2021-02-07T11:12:24-05:00[America/New_York],NA,2021-02-07,40242,Sunday
1800,B,16,2021-02-07T11:12:24-05:00[America/New_York],2021-02-07T11:12:40-05:00[America/New_York],Yes,2021-02-07,40344,Sunday
1800,<A>,88,2021-02-07T11:12:40-05:00[America/New_York],2021-02-07T11:14:08-05:00[America/New_York],NA,2021-02-07,40360,Sunday
1800,B,15,2021-02-07T11:14:08-05:00[America/New_York],2021-02-07T11:14:23-05:00[America/New_York],Yes,2021-02-07,40448,Sunday
1800,<A>,203,2021-02-07T11:14:23-05:00[America/New_York],2021-02-07T11:17:46-05:00[America/New_York],NA,2021-02-07,40463,Sunday
1800,B,24,2021-02-07T11:17:46-05:00[America/New_York],2021-02-07T11:18:10-05:00[America/New_York],Yes,2021-02-07,40666,Sunday
1800,<A>,201,2021-02-07T11:18:10-05:00[America/New_York],2021-02-07T11:21:31-05:00[America/New_York],NA,2021-02-07,40690,Sunday
1800,B,18,2021-02-07T11:21:31-05:00[America/New_York],2021-02-07T11:21:49-05:00[America/New_York],Yes,2021-02-07,40891,Sunday
1800,<A>,513,2021-02-07T11:21:49-05:00[America/New_York],2021-02-07T11:30:22-05:00[America/New_York],NA,2021-02-07,40909,Sunday
1800,B,17,2021-02-07T11:30:22-05:00[America/New_York],2021-02-07T11:30:39-05:00[America/New_York],Yes,2021-02-07,41422,Sunday
1800,<A>,92,2021-02-07T11:30:39-05:00[America/New_York],2021-02-07T11:32:11-05:00[America/New_York],NA,2021-02-07,41439,Sunday
1800,B,15,2021-02-07T11:32:11-05:00[America/New_York],2021-02-07T11:32:26-05:00[America/New_York],Yes,2021-02-07,41531,Sunday
1800,<A>,89,2021-02-07T11:32:26-05:00[America/New_York],2021-02-07T11:33:55-05:00[America/New_York],NA,2021-02-07,41546,Sunday
1800,B,15,2021-02-07T11:33:55-05:00[America/New_York],2021-02-07T11:34:10-05:00[America/New_York],Yes,2021-02-07,41635,Sunday
1800,<A>,94,2021-02-07T11:34:10-05:00[America/New_York],2021-02-07T11:35:44-05:00[America/New_York],NA,2021-02-07,41650,Sunday
1800,B,15,2021-02-07T11:35:44-05:00[America/New_York],2021-02-07T11:35:59-05:00[America/New_York],Yes,2021-02-07,41744,Sunday
1800,<A>,88,2021-02-07T11:35:59-05:00[America/New_York],2021-02-07T11:37:27-05:00[America/New_York],NA,2021-02-07,41759,Sunday
1800,B,22,2021-02-07T11:37:27-05:00[America/New_York],2021-02-07T11:37:49-05:00[America/New_York],Yes,2021-02-07,41847,Sunday
1800,<A>,109,2021-02-07T11:37:49-05:00[America/New_York],2021-02-07T11:39:38-05:00[America/New_York],NA,2021-02-07,41869,Sunday
1800,B,15,2021-02-07T11:39:38-05:00[America/New_York],2021-02-07T11:39:53-05:00[America/New_York],Yes,2021-02-07,41978,Sunday
1800,<A>,37,2021-02-07T11:39:53-05:00[America/New_York],2021-02-07T11:40:30-05:00[America/New_York],Yes,2021-02-07,41993,Sunday
1800,B,17,2021-02-07T11:40:30-05:00[America/New_York],2021-02-07T11:40:47-05:00[America/New_York],Yes,2021-02-07,42030,Sunday
1800,<A>,41,2021-02-07T11:40:47-05:00[America/New_York],2021-02-07T11:41:28-05:00[America/New_York],Yes,2021-02-07,42047,Sunday
1800,B,15,2021-02-07T11:41:28-05:00[America/New_York],2021-02-07T11:41:43-05:00[America/New_York],Yes,2021-02-07,42088,Sunday
1800,<A>,79,2021-02-07T11:41:43-05:00[America/New_York],2021-02-07T11:43:02-05:00[America/New_York],NA,2021-02-07,42103,Sunday
1800,B,22,2021-02-07T11:43:02-05:00[America/New_York],2021-02-07T11:43:24-05:00[America/New_York],Yes,2021-02-07,42182,Sunday
1800,<A>,50,2021-02-07T11:43:24-05:00[America/New_York],2021-02-07T11:44:14-05:00[America/New_York],Yes,2021-02-07,42204,Sunday
1800,B,20,2021-02-07T11:44:14-05:00[America/New_York],2021-02-07T11:44:34-05:00[America/New_York],Yes,2021-02-07,42254,Sunday
1800,<A>,81,2021-02-07T11:44:34-05:00[America/New_York],2021-02-07T11:45:55-05:00[America/New_York],NA,2021-02-07,42274,Sunday
1800,B,15,2021-02-07T11:45:55-05:00[America/New_York],2021-02-07T11:46:10-05:00[America/New_York],Yes,2021-02-07,42355,Sunday
1800,<A>,27,2021-02-07T11:46:10-05:00[America/New_York],2021-02-07T11:46:37-05:00[America/New_York],Yes,2021-02-07,42370,Sunday
1800,B,15,2021-02-07T11:46:37-05:00[America/New_York],2021-02-07T11:46:52-05:00[America/New_York],Yes,2021-02-07,42397,Sunday
1800,<A>,299,2021-02-07T11:46:52-05:00[America/New_York],2021-02-07T11:51:51-05:00[America/New_York],Yes,2021-02-07,42412,Sunday
1800,B,16,2021-02-07T11:51:51-05:00[America/New_York],2021-02-07T11:52:07-05:00[America/New_York],Yes,2021-02-07,42711,Sunday
1800,<A>,39,2021-02-07T11:52:07-05:00[America/New_York],2021-02-07T11:52:46-05:00[America/New_York],Yes,2021-02-07,42727,Sunday
1800,B,15,2021-02-07T11:52:46-05:00[America/New_York],2021-02-07T11:53:01-05:00[America/New_York],Yes,2021-02-07,42766,Sunday
1800,<A>,48,2021-02-07T11:53:01-05:00[America/New_York],2021-02-07T11:53:49-05:00[America/New_York],Yes,2021-02-07,42781,Sunday
1800,B,15,2021-02-07T11:53:49-05:00[America/New_York],2021-02-07T11:54:04-05:00[America/New_York],Yes,2021-02-07,42829,Sunday
1800,<A>,30,2021-02-07T11:54:04-05:00[America/New_York],2021-02-07T11:54:34-05:00[America/New_York],Yes,2021-02-07,42844,Sunday
1800,B,16,2021-02-07T11:54:34-05:00[America/New_York],2021-02-07T11:54:50-05:00[America/New_York],Yes,2021-02-07,42874,Sunday
1800,<A>,32,2021-02-07T11:54:50-05:00[America/New_York],2021-02-07T11:55:22-05:00[America/New_York],Yes,2021-02-07,42890,Sunday
1800,B,16,2021-02-07T11:55:22-05:00[America/New_York],2021-02-07T11:55:38-05:00[America/New_York],Yes,2021-02-07,42922,Sunday
1800,<A>,37,2021-02-07T11:55:38-05:00[America/New_York],2021-02-07T11:56:15-05:00[America/New_York],Yes,2021-02-07,42938,Sunday
1800,B,15,2021-02-07T11:56:15-05:00[America/New_York],2021-02-07T11:56:30-05:00[America/New_York],Yes,2021-02-07,42975,Sunday
1800,<A>,137,2021-02-07T11:56:30-05:00[America/New_York],2021-02-07T11:58:47-05:00[America/New_York],NA,2021-02-07,42990,Sunday
1800,B,17,2021-02-07T11:58:47-05:00[America/New_York],2021-02-07T11:59:04-05:00[America/New_York],Yes,2021-02-07,43127,Sunday
1800,<A>,111,2021-02-07T11:59:04-05:00[America/New_York],2021-02-07T12:00:55-05:00[America/New_York],NA,2021-02-07,43144,Sunday
1800,B,15,2021-02-07T12:00:55-05:00[America/New_York],2021-02-07T12:01:10-05:00[America/New_York],Yes,2021-02-07,43255,Sunday
1800,<A>,101,2021-02-07T12:01:10-05:00[America/New_York],2021-02-07T12:02:51-05:00[America/New_York],NA,2021-02-07,43270,Sunday
1800,B,17,2021-02-07T12:02:51-05:00[America/New_York],2021-02-07T12:03:08-05:00[America/New_York],Yes,2021-02-07,43371,Sunday
1800,<A>,89,2021-02-07T12:03:08-05:00[America/New_York],2021-02-07T12:04:37-05:00[America/New_York],NA,2021-02-07,43388,Sunday
1800,B,16,2021-02-07T12:04:37-05:00[America/New_York],2021-02-07T12:04:53-05:00[America/New_York],Yes,2021-02-07,43477,Sunday
1800,<A>,66,2021-02-07T12:04:53-05:00[America/New_York],2021-02-07T12:05:59-05:00[America/New_York],Yes,2021-02-07,43493,Sunday
1800,B,21,2021-02-07T12:05:59-05:00[America/New_York],2021-02-07T12:06:20-05:00[America/New_York],Yes,2021-02-07,43559,Sunday
1800,<A>,42,2021-02-07T12:06:20-05:00[America/New_York],2021-02-07T12:07:02-05:00[America/New_York],Yes,2021-02-07,43580,Sunday
1800,B,17,2021-02-07T12:07:02-05:00[America/New_York],2021-02-07T12:07:19-05:00[America/New_York],Yes,2021-02-07,43622,Sunday
1800,<A>,30,2021-02-07T12:07:19-05:00[America/New_York],2021-02-07T12:07:49-05:00[America/New_York],Yes,2021-02-07,43639,Sunday
1800,B,15,2021-02-07T12:07:49-05:00[America/New_York],2021-02-07T12:08:04-05:00[America/New_York],Yes,2021-02-07,43669,Sunday
1800,<A>,39,2021-02-07T12:08:04-05:00[America/New_York],2021-02-07T12:08:43-05:00[America/New_York],Yes,2021-02-07,43684,Sunday
1800,B,24,2021-02-07T12:08:43-05:00[America/New_York],2021-02-07T12:09:07-05:00[America/New_York],NA,2021-02-07,43723,Sunday
1800,<A>,43,2021-02-07T12:09:07-05:00[America/New_York],2021-02-07T12:09:50-05:00[America/New_York],Yes,2021-02-07,43747,Sunday
1800,B,16,2021-02-07T12:09:50-05:00[America/New_York],2021-02-07T12:10:06-05:00[America/New_York],Yes,2021-02-07,43790,Sunday
1800,<A>,26,2021-02-07T12:10:06-05:00[America/New_York],2021-02-07T12:10:32-05:00[America/New_York],Yes,2021-02-07,43806,Sunday
1800,B,17,2021-02-07T12:10:32-05:00[America/New_York],2021-02-07T12:10:49-05:00[America/New_York],Yes,2021-02-07,43832,Sunday
1800,<A>,76,2021-02-07T12:10:49-05:00[America/New_York],2021-02-07T12:12:05-05:00[America/New_York],NA,2021-02-07,43849,Sunday
1800,B,18,2021-02-07T12:12:05-05:00[America/New_York],2021-02-07T12:12:23-05:00[America/New_York],Yes,2021-02-07,43925,Sunday
1800,<A>,46,2021-02-07T12:12:23-05:00[America/New_York],2021-02-07T12:13:09-05:00[America/New_York],NA,2021-02-07,43943,Sunday
1800,B,21,2021-02-07T12:13:09-05:00[America/New_York],2021-02-07T12:13:30-05:00[America/New_York],Yes,2021-02-07,43989,Sunday
1800,<A>,85,2021-02-07T12:13:30-05:00[America/New_York],2021-02-07T12:14:55-05:00[America/New_York],NA,2021-02-07,44010,Sunday
1800,B,15,2021-02-07T12:14:55-05:00[America/New_York],2021-02-07T12:15:10-05:00[America/New_York],Yes,2021-02-07,44095,Sunday
1800,<A>,86,2021-02-07T12:15:10-05:00[America/New_York],2021-02-07T12:16:36-05:00[America/New_York],NA,2021-02-07,44110,Sunday
1800,B,19,2021-02-07T12:16:36-05:00[America/New_York],2021-02-07T12:16:55-05:00[America/New_York],Yes,2021-02-07,44196,Sunday
1800,<A>,95,2021-02-07T12:16:55-05:00[America/New_York],2021-02-07T12:18:30-05:00[America/New_York],NA,2021-02-07,44215,Sunday
1800,B,18,2021-02-07T12:18:30-05:00[America/New_York],2021-02-07T12:18:48-05:00[America/New_York],Yes,2021-02-07,44310,Sunday
1800,<A>,93,2021-02-07T12:18:48-05:00[America/New_York],2021-02-07T12:20:21-05:00[America/New_York],NA,2021-02-07,44328,Sunday
1800,B,15,2021-02-07T12:20:21-05:00[America/New_York],2021-02-07T12:20:36-05:00[America/New_York],Yes,2021-02-07,44421,Sunday
1800,<A>,92,2021-02-07T12:20:36-05:00[America/New_York],2021-02-07T12:22:08-05:00[America/New_York],NA,2021-02-07,44436,Sunday
1800,B,15,2021-02-07T12:22:08-05:00[America/New_York],2021-02-07T12:22:23-05:00[America/New_York],Yes,2021-02-07,44528,Sunday
1800,<A>,101,2021-02-07T12:22:23-05:00[America/New_York],2021-02-07T12:24:04-05:00[America/New_York],NA,2021-02-07,44543,Sunday
1800,B,15,2021-02-07T12:24:04-05:00[America/New_York],2021-02-07T12:24:19-05:00[America/New_York],Yes,2021-02-07,44644,Sunday
1800,<A>,99,2021-02-07T12:24:19-05:00[America/New_York],2021-02-07T12:25:58-05:00[America/New_York],NA,2021-02-07,44659,Sunday
1800,B,19,2021-02-07T12:25:58-05:00[America/New_York],2021-02-07T12:26:17-05:00[America/New_York],Yes,2021-02-07,44758,Sunday
1800,<A>,94,2021-02-07T12:26:17-05:00[America/New_York],2021-02-07T12:27:51-05:00[America/New_York],NA,2021-02-07,44777,Sunday
1800,B,15,2021-02-07T12:27:51-05:00[America/New_York],2021-02-07T12:28:06-05:00[America/New_York],Yes,2021-02-07,44871,Sunday
1800,<A>,88,2021-02-07T12:28:06-05:00[America/New_York],2021-02-07T12:29:34-05:00[America/New_York],NA,2021-02-07,44886,Sunday
1800,B,20,2021-02-07T12:29:34-05:00[America/New_York],2021-02-07T12:29:54-05:00[America/New_York],Yes,2021-02-07,44974,Sunday
1800,<A>,52,2021-02-07T12:29:54-05:00[America/New_York],2021-02-07T12:30:46-05:00[America/New_York],Yes,2021-02-07,44994,Sunday
1800,B,17,2021-02-07T12:30:46-05:00[America/New_York],2021-02-07T12:31:03-05:00[America/New_York],Yes,2021-02-07,45046,Sunday
1800,<A>,40,2021-02-07T12:31:03-05:00[America/New_York],2021-02-07T12:31:43-05:00[America/New_York],Yes,2021-02-07,45063,Sunday
1800,B,16,2021-02-07T12:31:43-05:00[America/New_York],2021-02-07T12:31:59-05:00[America/New_York],Yes,2021-02-07,45103,Sunday
1800,<A>,39,2021-02-07T12:31:59-05:00[America/New_York],2021-02-07T12:32:38-05:00[America/New_York],Yes,2021-02-07,45119,Sunday
1800,B,25,2021-02-07T12:32:38-05:00[America/New_York],2021-02-07T12:33:03-05:00[America/New_York],NA,2021-02-07,45158,Sunday
1800,<A>,27,2021-02-07T12:33:03-05:00[America/New_York],2021-02-07T12:33:30-05:00[America/New_York],Yes,2021-02-07,45183,Sunday
1800,B,16,2021-02-07T12:33:30-05:00[America/New_York],2021-02-07T12:33:46-05:00[America/New_York],Yes,2021-02-07,45210,Sunday
1800,<A>,28,2021-02-07T12:33:46-05:00[America/New_York],2021-02-07T12:34:14-05:00[America/New_York],Yes,2021-02-07,45226,Sunday
1800,B,17,2021-02-07T12:34:14-05:00[America/New_York],2021-02-07T12:34:31-05:00[America/New_York],Yes,2021-02-07,45254,Sunday
1800,<A>,257,2021-02-07T12:34:31-05:00[America/New_York],2021-02-07T12:38:48-05:00[America/New_York],Yes,2021-02-07,45271,Sunday
1800,B,17,2021-02-07T12:38:48-05:00[America/New_York],2021-02-07T12:39:05-05:00[America/New_York],Yes,2021-02-07,45528,Sunday
1800,<A>,30,2021-02-07T12:39:05-05:00[America/New_York],2021-02-07T12:39:35-05:00[America/New_York],Yes,2021-02-07,45545,Sunday
1800,B,18,2021-02-07T12:39:35-05:00[America/New_York],2021-02-07T12:39:53-05:00[America/New_York],Yes,2021-02-07,45575,Sunday
1800,<A>,69,2021-02-07T12:39:53-05:00[America/New_York],2021-02-07T12:41:02-05:00[America/New_York],Yes,2021-02-07,45593,Sunday
1800,B,21,2021-02-07T12:41:02-05:00[America/New_York],2021-02-07T12:41:23-05:00[America/New_York],Yes,2021-02-07,45662,Sunday
1800,<A>,54,2021-02-07T12:41:23-05:00[America/New_York],2021-02-07T12:42:17-05:00[America/New_York],Yes,2021-02-07,45683,Sunday
1800,B,16,2021-02-07T12:42:17-05:00[America/New_York],2021-02-07T12:42:33-05:00[America/New_York],Yes,2021-02-07,45737,Sunday
1800,<A>,37,2021-02-07T12:42:33-05:00[America/New_York],2021-02-07T12:43:10-05:00[America/New_York],Yes,2021-02-07,45753,Sunday
1800,B,16,2021-02-07T12:43:10-05:00[America/New_York],2021-02-07T12:43:26-05:00[America/New_York],Yes,2021-02-07,45790,Sunday
1800,<A>,26,2021-02-07T12:43:26-05:00[America/New_York],2021-02-07T12:43:52-05:00[America/New_York],Yes,2021-02-07,45806,Sunday
1800,B,17,2021-02-07T12:43:52-05:00[America/New_York],2021-02-07T12:44:09-05:00[America/New_York],Yes,2021-02-07,45832,Sunday
1800,<A>,177,2021-02-07T12:44:09-05:00[America/New_York],2021-02-07T12:47:06-05:00[America/New_York],NA,2021-02-07,45849,Sunday
1800,B,15,2021-02-07T12:47:06-05:00[America/New_York],2021-02-07T12:47:21-05:00[America/New_York],Yes,2021-02-07,46026,Sunday
1800,<A>,44,2021-02-07T12:47:21-05:00[America/New_York],2021-02-07T12:48:05-05:00[America/New_York],Yes,2021-02-07,46041,Sunday
1800,B,15,2021-02-07T12:48:05-05:00[America/New_York],2021-02-07T12:48:20-05:00[America/New_York],Yes,2021-02-07,46085,Sunday
1800,<A>,75,2021-02-07T12:48:20-05:00[America/New_York],2021-02-07T12:49:35-05:00[America/New_York],NA,2021-02-07,46100,Sunday
1800,B,15,2021-02-07T12:49:35-05:00[America/New_York],2021-02-07T12:49:50-05:00[America/New_York],Yes,2021-02-07,46175,Sunday
1800,<A>,65,2021-02-07T12:49:50-05:00[America/New_York],2021-02-07T12:50:55-05:00[America/New_York],Yes,2021-02-07,46190,Sunday
1800,B,18,2021-02-07T12:50:55-05:00[America/New_York],2021-02-07T12:51:13-05:00[America/New_York],Yes,2021-02-07,46255,Sunday
1800,<A>,26,2021-02-07T12:51:13-05:00[America/New_York],2021-02-07T12:51:39-05:00[America/New_York],Yes,2021-02-07,46273,Sunday
1800,B,15,2021-02-07T12:51:39-05:00[America/New_York],2021-02-07T12:51:54-05:00[America/New_York],Yes,2021-02-07,46299,Sunday
1800,<A>,73,2021-02-07T12:51:54-05:00[America/New_York],2021-02-07T12:53:07-05:00[America/New_York],Yes,2021-02-07,46314,Sunday
1800,B,17,2021-02-07T12:53:07-05:00[America/New_York],2021-02-07T12:53:24-05:00[America/New_York],Yes,2021-02-07,46387,Sunday
1800,<A>,48,2021-02-07T12:53:24-05:00[America/New_York],2021-02-07T12:54:12-05:00[America/New_York],Yes,2021-02-07,46404,Sunday
1800,B,15,2021-02-07T12:54:12-05:00[America/New_York],2021-02-07T12:54:27-05:00[America/New_York],Yes,2021-02-07,46452,Sunday
1800,<A>,128,2021-02-07T12:54:27-05:00[America/New_York],2021-02-07T12:56:35-05:00[America/New_York],Yes,2021-02-07,46467,Sunday
1800,B,21,2021-02-07T12:56:35-05:00[America/New_York],2021-02-07T12:56:56-05:00[America/New_York],Yes,2021-02-07,46595,Sunday
1800,<A>,88,2021-02-07T12:56:56-05:00[America/New_York],2021-02-07T12:58:24-05:00[America/New_York],NA,2021-02-07,46616,Sunday
1800,B,18,2021-02-07T12:58:24-05:00[America/New_York],2021-02-07T12:58:42-05:00[America/New_York],Yes,2021-02-07,46704,Sunday
1800,<A>,80,2021-02-07T12:58:42-05:00[America/New_York],2021-02-07T13:00:02-05:00[America/New_York],NA,2021-02-07,46722,Sunday
1800,B,16,2021-02-07T13:00:02-05:00[America/New_York],2021-02-07T13:00:18-05:00[America/New_York],Yes,2021-02-07,46802,Sunday
1800,<A>,76,2021-02-07T13:00:18-05:00[America/New_York],2021-02-07T13:01:34-05:00[America/New_York],Yes,2021-02-07,46818,Sunday
1800,B,15,2021-02-07T13:01:34-05:00[America/New_York],2021-02-07T13:01:49-05:00[America/New_York],Yes,2021-02-07,46894,Sunday
1800,<A>,27,2021-02-07T13:01:49-05:00[America/New_York],2021-02-07T13:02:16-05:00[America/New_York],Yes,2021-02-07,46909,Sunday
1800,B,16,2021-02-07T13:02:16-05:00[America/New_York],2021-02-07T13:02:32-05:00[America/New_York],Yes,2021-02-07,46936,Sunday
1800,<A>,27,2021-02-07T13:02:32-05:00[America/New_York],2021-02-07T13:02:59-05:00[America/New_York],Yes,2021-02-07,46952,Sunday
1800,B,16,2021-02-07T13:02:59-05:00[America/New_York],2021-02-07T13:03:15-05:00[America/New_York],Yes,2021-02-07,46979,Sunday
1800,<A>,26,2021-02-07T13:03:15-05:00[America/New_York],2021-02-07T13:03:41-05:00[America/New_York],Yes,2021-02-07,46995,Sunday
1800,B,15,2021-02-07T13:03:41-05:00[America/New_York],2021-02-07T13:03:56-05:00[America/New_York],Yes,2021-02-07,47021,Sunday
1800,<A>,111,2021-02-07T13:03:56-05:00[America/New_York],2021-02-07T13:05:47-05:00[America/New_York],Yes,2021-02-07,47036,Sunday
1800,B,15,2021-02-07T13:05:47-05:00[America/New_York],2021-02-07T13:06:02-05:00[America/New_York],Yes,2021-02-07,47147,Sunday
1800,<A>,189,2021-02-07T13:06:02-05:00[America/New_York],2021-02-07T13:09:11-05:00[America/New_York],NA,2021-02-07,47162,Sunday
1800,B,15,2021-02-07T13:09:11-05:00[America/New_York],2021-02-07T13:09:26-05:00[America/New_York],Yes,2021-02-07,47351,Sunday
1800,<A>,162,2021-02-07T13:09:26-05:00[America/New_York],2021-02-07T13:12:08-05:00[America/New_York],Yes,2021-02-07,47366,Sunday
1800,B,15,2021-02-07T13:12:08-05:00[America/New_York],2021-02-07T13:12:23-05:00[America/New_York],Yes,2021-02-07,47528,Sunday
1800,<A>,40,2021-02-07T13:12:23-05:00[America/New_York],2021-02-07T13:13:03-05:00[America/New_York],Yes,2021-02-07,47543,Sunday
1800,B,23,2021-02-07T13:13:03-05:00[America/New_York],2021-02-07T13:13:26-05:00[America/New_York],NA,2021-02-07,47583,Sunday
1800,<A>,27,2021-02-07T13:13:26-05:00[America/New_York],2021-02-07T13:13:53-05:00[America/New_York],Yes,2021-02-07,47606,Sunday
1800,B,15,2021-02-07T13:13:53-05:00[America/New_York],2021-02-07T13:14:08-05:00[America/New_York],Yes,2021-02-07,47633,Sunday
1800,<A>,27,2021-02-07T13:14:08-05:00[America/New_York],2021-02-07T13:14:35-05:00[America/New_York],Yes,2021-02-07,47648,Sunday
1800,B,22,2021-02-07T13:14:35-05:00[America/New_York],2021-02-07T13:14:57-05:00[America/New_York],NA,2021-02-07,47675,Sunday
1800,<A>,27,2021-02-07T13:14:57-05:00[America/New_York],2021-02-07T13:15:24-05:00[America/New_York],Yes,2021-02-07,47697,Sunday
1800,B,23,2021-02-07T13:15:24-05:00[America/New_York],2021-02-07T13:15:47-05:00[America/New_York],NA,2021-02-07,47724,Sunday
1800,<A>,37,2021-02-07T13:15:47-05:00[America/New_York],2021-02-07T13:16:24-05:00[America/New_York],Yes,2021-02-07,47747,Sunday
1800,B,22,2021-02-07T13:16:24-05:00[America/New_York],2021-02-07T13:16:46-05:00[America/New_York],NA,2021-02-07,47784,Sunday
1800,<A>,26,2021-02-07T13:16:46-05:00[America/New_York],2021-02-07T13:17:12-05:00[America/New_York],Yes,2021-02-07,47806,Sunday
1800,B,23,2021-02-07T13:17:12-05:00[America/New_York],2021-02-07T13:17:35-05:00[America/New_York],NA,2021-02-07,47832,Sunday
1800,<A>,30,2021-02-07T13:17:35-05:00[America/New_York],2021-02-07T13:18:05-05:00[America/New_York],Yes,2021-02-07,47855,Sunday
1800,B,18,2021-02-07T13:18:05-05:00[America/New_York],2021-02-07T13:18:23-05:00[America/New_York],Yes,2021-02-07,47885,Sunday
1800,<A>,72,2021-02-07T13:18:23-05:00[America/New_York],2021-02-07T13:19:35-05:00[America/New_York],NA,2021-02-07,47903,Sunday
1800,B,16,2021-02-07T13:19:35-05:00[America/New_York],2021-02-07T13:19:51-05:00[America/New_York],Yes,2021-02-07,47975,Sunday
1800,<A>,34,2021-02-07T13:19:51-05:00[America/New_York],2021-02-07T13:20:25-05:00[America/New_York],Yes,2021-02-07,47991,Sunday
1800,B,16,2021-02-07T13:20:25-05:00[America/New_York],2021-02-07T13:20:41-05:00[America/New_York],Yes,2021-02-07,48025,Sunday
1800,<A>,59,2021-02-07T13:20:41-05:00[America/New_York],2021-02-07T13:21:40-05:00[America/New_York],NA,2021-02-07,48041,Sunday
1800,B,15,2021-02-07T13:21:40-05:00[America/New_York],2021-02-07T13:21:55-05:00[America/New_York],Yes,2021-02-07,48100,Sunday
1800,<A>,158,2021-02-07T13:21:55-05:00[America/New_York],2021-02-07T13:24:33-05:00[America/New_York],Yes,2021-02-07,48115,Sunday
1800,B,17,2021-02-07T13:24:33-05:00[America/New_York],2021-02-07T13:24:50-05:00[America/New_York],Yes,2021-02-07,48273,Sunday
1800,<A>,72,2021-02-07T13:24:50-05:00[America/New_York],2021-02-07T13:26:02-05:00[America/New_York],Yes,2021-02-07,48290,Sunday
1800,B,19,2021-02-07T13:26:02-05:00[America/New_York],2021-02-07T13:26:21-05:00[America/New_York],Yes,2021-02-07,48362,Sunday
1800,<A>,75,2021-02-07T13:26:21-05:00[America/New_York],2021-02-07T13:27:36-05:00[America/New_York],Yes,2021-02-07,48381,Sunday
1800,B,15,2021-02-07T13:27:36-05:00[America/New_York],2021-02-07T13:27:51-05:00[America/New_York],Yes,2021-02-07,48456,Sunday
1800,<A>,29,2021-02-07T13:27:51-05:00[America/New_York],2021-02-07T13:28:20-05:00[America/New_York],Yes,2021-02-07,48471,Sunday
1800,B,15,2021-02-07T13:28:20-05:00[America/New_York],2021-02-07T13:28:35-05:00[America/New_York],Yes,2021-02-07,48500,Sunday
1800,<A>,55,2021-02-07T13:28:35-05:00[America/New_York],2021-02-07T13:29:30-05:00[America/New_York],Yes,2021-02-07,48515,Sunday
1800,B,16,2021-02-07T13:29:30-05:00[America/New_York],2021-02-07T13:29:46-05:00[America/New_York],Yes,2021-02-07,48570,Sunday
1800,<A>,50,2021-02-07T13:29:46-05:00[America/New_York],2021-02-07T13:30:36-05:00[America/New_York],Yes,2021-02-07,48586,Sunday
1800,B,17,2021-02-07T13:30:36-05:00[America/New_York],2021-02-07T13:30:53-05:00[America/New_York],Yes,2021-02-07,48636,Sunday
1800,<A>,74,2021-02-07T13:30:53-05:00[America/New_York],2021-02-07T13:32:07-05:00[America/New_York],NA,2021-02-07,48653,Sunday
1800,B,16,2021-02-07T13:32:07-05:00[America/New_York],2021-02-07T13:32:23-05:00[America/New_York],Yes,2021-02-07,48727,Sunday
1800,<A>,74,2021-02-07T13:32:23-05:00[America/New_York],2021-02-07T13:33:37-05:00[America/New_York],Yes,2021-02-07,48743,Sunday
1800,B,15,2021-02-07T13:33:37-05:00[America/New_York],2021-02-07T13:33:52-05:00[America/New_York],Yes,2021-02-07,48817,Sunday
1800,<A>,63,2021-02-07T13:33:52-05:00[America/New_York],2021-02-07T13:34:55-05:00[America/New_York],Yes,2021-02-07,48832,Sunday
1800,B,15,2021-02-07T13:34:55-05:00[America/New_York],2021-02-07T13:35:10-05:00[America/New_York],Yes,2021-02-07,48895,Sunday
1800,<A>,289,2021-02-07T13:35:10-05:00[America/New_York],2021-02-07T13:39:59-05:00[America/New_York],NA,2021-02-07,48910,Sunday
1800,B,16,2021-02-07T13:39:59-05:00[America/New_York],2021-02-07T13:40:15-05:00[America/New_York],Yes,2021-02-07,49199,Sunday
1800,<A>,30,2021-02-07T13:40:15-05:00[America/New_York],2021-02-07T13:40:45-05:00[America/New_York],Yes,2021-02-07,49215,Sunday
1800,B,15,2021-02-07T13:40:45-05:00[America/New_York],2021-02-07T13:41:00-05:00[America/New_York],Yes,2021-02-07,49245,Sunday
1800,<A>,27,2021-02-07T13:41:00-05:00[America/New_York],2021-02-07T13:41:27-05:00[America/New_York],Yes,2021-02-07,49260,Sunday
1800,B,19,2021-02-07T13:41:27-05:00[America/New_York],2021-02-07T13:41:46-05:00[America/New_York],Yes,2021-02-07,49287,Sunday
1800,<A>,50,2021-02-07T13:41:46-05:00[America/New_York],2021-02-07T13:42:36-05:00[America/New_York],Yes,2021-02-07,49306,Sunday
1800,B,17,2021-02-07T13:42:36-05:00[America/New_York],2021-02-07T13:42:53-05:00[America/New_York],Yes,2021-02-07,49356,Sunday
1800,<A>,30,2021-02-07T13:42:53-05:00[America/New_York],2021-02-07T13:43:23-05:00[America/New_York],Yes,2021-02-07,49373,Sunday
1800,B,19,2021-02-07T13:43:23-05:00[America/New_York],2021-02-07T13:43:42-05:00[America/New_York],Yes,2021-02-07,49403,Sunday
1800,<A>,65,2021-02-07T13:43:42-05:00[America/New_York],2021-02-07T13:44:47-05:00[America/New_York],Yes,2021-02-07,49422,Sunday
1800,B,15,2021-02-07T13:44:47-05:00[America/New_York],2021-02-07T13:45:02-05:00[America/New_York],Yes,2021-02-07,49487,Sunday
1800,<A>,46,2021-02-07T13:45:02-05:00[America/New_York],2021-02-07T13:45:48-05:00[America/New_York],Yes,2021-02-07,49502,Sunday
1800,B,15,2021-02-07T13:45:48-05:00[America/New_York],2021-02-07T13:46:03-05:00[America/New_York],Yes,2021-02-07,49548,Sunday
1800,<A>,123,2021-02-07T13:46:03-05:00[America/New_York],2021-02-07T13:48:06-05:00[America/New_York],Yes,2021-02-07,49563,Sunday
1800,B,15,2021-02-07T13:48:06-05:00[America/New_York],2021-02-07T13:48:21-05:00[America/New_York],Yes,2021-02-07,49686,Sunday
1800,<A>,81,2021-02-07T13:48:21-05:00[America/New_York],2021-02-07T13:49:42-05:00[America/New_York],NA,2021-02-07,49701,Sunday
1800,B,15,2021-02-07T13:49:42-05:00[America/New_York],2021-02-07T13:49:57-05:00[America/New_York],Yes,2021-02-07,49782,Sunday
1800,<A>,86,2021-02-07T13:49:57-05:00[America/New_York],2021-02-07T13:51:23-05:00[America/New_York],NA,2021-02-07,49797,Sunday
1800,B,15,2021-02-07T13:51:23-05:00[America/New_York],2021-02-07T13:51:38-05:00[America/New_York],Yes,2021-02-07,49883,Sunday
1800,<A>,32,2021-02-07T13:51:38-05:00[America/New_York],2021-02-07T13:52:10-05:00[America/New_York],Yes,2021-02-07,49898,Sunday
1800,B,20,2021-02-07T13:52:10-05:00[America/New_York],2021-02-07T13:52:30-05:00[America/New_York],Yes,2021-02-07,49930,Sunday
1800,<A>,52,2021-02-07T13:52:30-05:00[America/New_York],2021-02-07T13:53:22-05:00[America/New_York],Yes,2021-02-07,49950,Sunday
1800,B,17,2021-02-07T13:53:22-05:00[America/New_York],2021-02-07T13:53:39-05:00[America/New_York],Yes,2021-02-07,50002,Sunday
1800,<A>,62,2021-02-07T13:53:39-05:00[America/New_York],2021-02-07T13:54:41-05:00[America/New_York],Yes,2021-02-07,50019,Sunday
1800,B,17,2021-02-07T13:54:41-05:00[America/New_York],2021-02-07T13:54:58-05:00[America/New_York],Yes,2021-02-07,50081,Sunday
1800,<A>,156,2021-02-07T13:54:58-05:00[America/New_York],2021-02-07T13:57:34-05:00[America/New_York],Yes,2021-02-07,50098,Sunday
1800,B,15,2021-02-07T13:57:34-05:00[America/New_York],2021-02-07T13:57:49-05:00[America/New_York],Yes,2021-02-07,50254,Sunday
1800,<A>,33,2021-02-07T13:57:49-05:00[America/New_York],2021-02-07T13:58:22-05:00[America/New_York],Yes,2021-02-07,50269,Sunday
1800,B,15,2021-02-07T13:58:22-05:00[America/New_York],2021-02-07T13:58:37-05:00[America/New_York],Yes,2021-02-07,50302,Sunday
1800,<A>,159,2021-02-07T13:58:37-05:00[America/New_York],2021-02-07T14:01:16-05:00[America/New_York],Yes,2021-02-07,50317,Sunday
1800,B,15,2021-02-07T14:01:16-05:00[America/New_York],2021-02-07T14:01:31-05:00[America/New_York],Yes,2021-02-07,50476,Sunday
1800,<A>,58,2021-02-07T14:01:31-05:00[America/New_York],2021-02-07T14:02:29-05:00[America/New_York],Yes,2021-02-07,50491,Sunday
1800,B,17,2021-02-07T14:02:29-05:00[America/New_York],2021-02-07T14:02:46-05:00[America/New_York],Yes,2021-02-07,50549,Sunday
1800,<A>,27,2021-02-07T14:02:46-05:00[America/New_York],2021-02-07T14:03:13-05:00[America/New_York],Yes,2021-02-07,50566,Sunday
1800,B,17,2021-02-07T14:03:13-05:00[America/New_York],2021-02-07T14:03:30-05:00[America/New_York],Yes,2021-02-07,50593,Sunday
1800,<A>,57,2021-02-07T14:03:30-05:00[America/New_York],2021-02-07T14:04:27-05:00[America/New_York],Yes,2021-02-07,50610,Sunday
1800,B,19,2021-02-07T14:04:27-05:00[America/New_York],2021-02-07T14:04:46-05:00[America/New_York],Yes,2021-02-07,50667,Sunday
1800,<A>,181,2021-02-07T14:04:46-05:00[America/New_York],2021-02-07T14:07:47-05:00[America/New_York],NA,2021-02-07,50686,Sunday
1800,B,18,2021-02-07T14:07:47-05:00[America/New_York],2021-02-07T14:08:05-05:00[America/New_York],Yes,2021-02-07,50867,Sunday
1800,<A>,58,2021-02-07T14:08:05-05:00[America/New_York],2021-02-07T14:09:03-05:00[America/New_York],Yes,2021-02-07,50885,Sunday
1800,B,15,2021-02-07T14:09:03-05:00[America/New_York],2021-02-07T14:09:18-05:00[America/New_York],Yes,2021-02-07,50943,Sunday
1800,<A>,157,2021-02-07T14:09:18-05:00[America/New_York],2021-02-07T14:11:55-05:00[America/New_York],Yes,2021-02-07,50958,Sunday
1800,B,16,2021-02-07T14:11:55-05:00[America/New_York],2021-02-07T14:12:11-05:00[America/New_York],Yes,2021-02-07,51115,Sunday
1800,<A>,99,2021-02-07T14:12:11-05:00[America/New_York],2021-02-07T14:13:50-05:00[America/New_York],NA,2021-02-07,51131,Sunday
1800,B,23,2021-02-07T14:13:50-05:00[America/New_York],2021-02-07T14:14:13-05:00[America/New_York],NA,2021-02-07,51230,Sunday
1800,<A>,63,2021-02-07T14:14:13-05:00[America/New_York],2021-02-07T14:15:16-05:00[America/New_York],Yes,2021-02-07,51253,Sunday
1800,B,16,2021-02-07T14:15:16-05:00[America/New_York],2021-02-07T14:15:32-05:00[America/New_York],Yes,2021-02-07,51316,Sunday
1800,<A>,76,2021-02-07T14:15:32-05:00[America/New_York],2021-02-07T14:16:48-05:00[America/New_York],Yes,2021-02-07,51332,Sunday
1800,B,15,2021-02-07T14:16:48-05:00[America/New_York],2021-02-07T14:17:03-05:00[America/New_York],Yes,2021-02-07,51408,Sunday
1800,<A>,34,2021-02-07T14:17:03-05:00[America/New_York],2021-02-07T14:17:37-05:00[America/New_York],Yes,2021-02-07,51423,Sunday
1800,B,20,2021-02-07T14:17:37-05:00[America/New_York],2021-02-07T14:17:57-05:00[America/New_York],Yes,2021-02-07,51457,Sunday
1800,<A>,48,2021-02-07T14:17:57-05:00[America/New_York],2021-02-07T14:18:45-05:00[America/New_York],Yes,2021-02-07,51477,Sunday
1800,B,18,2021-02-07T14:18:45-05:00[America/New_York],2021-02-07T14:19:03-05:00[America/New_York],Yes,2021-02-07,51525,Sunday
1800,<A>,43,2021-02-07T14:19:03-05:00[America/New_York],2021-02-07T14:19:46-05:00[America/New_York],Yes,2021-02-07,51543,Sunday
1800,B,18,2021-02-07T14:19:46-05:00[America/New_York],2021-02-07T14:20:04-05:00[America/New_York],Yes,2021-02-07,51586,Sunday
1800,<A>,47,2021-02-07T14:20:04-05:00[America/New_York],2021-02-07T14:20:51-05:00[America/New_York],Yes,2021-02-07,51604,Sunday
1800,B,15,2021-02-07T14:20:51-05:00[America/New_York],2021-02-07T14:21:06-05:00[America/New_York],Yes,2021-02-07,51651,Sunday
1800,<A>,34,2021-02-07T14:21:06-05:00[America/New_York],2021-02-07T14:21:40-05:00[America/New_York],Yes,2021-02-07,51666,Sunday
1800,B,16,2021-02-07T14:21:40-05:00[America/New_York],2021-02-07T14:21:56-05:00[America/New_York],Yes,2021-02-07,51700,Sunday
1800,<A>,146,2021-02-07T14:21:56-05:00[America/New_York],2021-02-07T14:24:22-05:00[America/New_York],NA,2021-02-07,51716,Sunday
1800,B,20,2021-02-07T14:24:22-05:00[America/New_York],2021-02-07T14:24:42-05:00[America/New_York],Yes,2021-02-07,51862,Sunday
1800,<A>,81,2021-02-07T14:24:42-05:00[America/New_York],2021-02-07T14:26:03-05:00[America/New_York],NA,2021-02-07,51882,Sunday
1800,B,19,2021-02-07T14:26:03-05:00[America/New_York],2021-02-07T14:26:22-05:00[America/New_York],Yes,2021-02-07,51963,Sunday
1800,<A>,103,2021-02-07T14:26:22-05:00[America/New_York],2021-02-07T14:28:05-05:00[America/New_York],NA,2021-02-07,51982,Sunday
1800,B,17,2021-02-07T14:28:05-05:00[America/New_York],2021-02-07T14:28:22-05:00[America/New_York],Yes,2021-02-07,52085,Sunday
1800,<A>,32,2021-02-07T14:28:22-05:00[America/New_York],2021-02-07T14:28:54-05:00[America/New_York],Yes,2021-02-07,52102,Sunday
1800,B,24,2021-02-07T14:28:54-05:00[America/New_York],2021-02-07T14:29:18-05:00[America/New_York],NA,2021-02-07,52134,Sunday
1800,<A>,36,2021-02-07T14:29:18-05:00[America/New_York],2021-02-07T14:29:54-05:00[America/New_York],Yes,2021-02-07,52158,Sunday
1800,B,16,2021-02-07T14:29:54-05:00[America/New_York],2021-02-07T14:30:10-05:00[America/New_York],Yes,2021-02-07,52194,Sunday
1800,<A>,157,2021-02-07T14:30:10-05:00[America/New_York],2021-02-07T14:32:47-05:00[America/New_York],Yes,2021-02-07,52210,Sunday
1800,B,15,2021-02-07T14:32:47-05:00[America/New_York],2021-02-07T14:33:02-05:00[America/New_York],Yes,2021-02-07,52367,Sunday
1800,<A>,27,2021-02-07T14:33:02-05:00[America/New_York],2021-02-07T14:33:29-05:00[America/New_York],Yes,2021-02-07,52382,Sunday
1800,B,16,2021-02-07T14:33:29-05:00[America/New_York],2021-02-07T14:33:45-05:00[America/New_York],Yes,2021-02-07,52409,Sunday
1800,<A>,55,2021-02-07T14:33:45-05:00[America/New_York],2021-02-07T14:34:40-05:00[America/New_York],Yes,2021-02-07,52425,Sunday
1800,B,15,2021-02-07T14:34:40-05:00[America/New_York],2021-02-07T14:34:55-05:00[America/New_York],Yes,2021-02-07,52480,Sunday
1800,<A>,79,2021-02-07T14:34:55-05:00[America/New_York],2021-02-07T14:36:14-05:00[America/New_York],NA,2021-02-07,52495,Sunday
1800,B,15,2021-02-07T14:36:14-05:00[America/New_York],2021-02-07T14:36:29-05:00[America/New_York],Yes,2021-02-07,52574,Sunday
1800,<A>,77,2021-02-07T14:36:29-05:00[America/New_York],2021-02-07T14:37:46-05:00[America/New_York],Yes,2021-02-07,52589,Sunday
1800,B,15,2021-02-07T14:37:46-05:00[America/New_York],2021-02-07T14:38:01-05:00[America/New_York],Yes,2021-02-07,52666,Sunday
1800,<A>,27,2021-02-07T14:38:01-05:00[America/New_York],2021-02-07T14:38:28-05:00[America/New_York],Yes,2021-02-07,52681,Sunday
1800,B,16,2021-02-07T14:38:28-05:00[America/New_York],2021-02-07T14:38:44-05:00[America/New_York],Yes,2021-02-07,52708,Sunday
1800,<A>,35,2021-02-07T14:38:44-05:00[America/New_York],2021-02-07T14:39:19-05:00[America/New_York],Yes,2021-02-07,52724,Sunday
1800,B,19,2021-02-07T14:39:19-05:00[America/New_York],2021-02-07T14:39:38-05:00[America/New_York],Yes,2021-02-07,52759,Sunday
1800,<A>,79,2021-02-07T14:39:38-05:00[America/New_York],2021-02-07T14:40:57-05:00[America/New_York],NA,2021-02-07,52778,Sunday
1800,B,20,2021-02-07T14:40:57-05:00[America/New_York],2021-02-07T14:41:17-05:00[America/New_York],Yes,2021-02-07,52857,Sunday
1800,<A>,99,2021-02-07T14:41:17-05:00[America/New_York],2021-02-07T14:42:56-05:00[America/New_York],NA,2021-02-07,52877,Sunday
1800,B,15,2021-02-07T14:42:56-05:00[America/New_York],2021-02-07T14:43:11-05:00[America/New_York],Yes,2021-02-07,52976,Sunday
1800,<A>,33,2021-02-07T14:43:11-05:00[America/New_York],2021-02-07T14:43:44-05:00[America/New_York],Yes,2021-02-07,52991,Sunday
1800,B,15,2021-02-07T14:43:44-05:00[America/New_York],2021-02-07T14:43:59-05:00[America/New_York],Yes,2021-02-07,53024,Sunday
1800,<A>,180,2021-02-07T14:43:59-05:00[America/New_York],2021-02-07T14:46:59-05:00[America/New_York],NA,2021-02-07,53039,Sunday
1800,B,16,2021-02-07T14:46:59-05:00[America/New_York],2021-02-07T14:47:15-05:00[America/New_York],Yes,2021-02-07,53219,Sunday
1800,<A>,58,2021-02-07T14:47:15-05:00[America/New_York],2021-02-07T14:48:13-05:00[America/New_York],Yes,2021-02-07,53235,Sunday
1800,B,17,2021-02-07T14:48:13-05:00[America/New_York],2021-02-07T14:48:30-05:00[America/New_York],Yes,2021-02-07,53293,Sunday
1800,<A>,26,2021-02-07T14:48:30-05:00[America/New_York],2021-02-07T14:48:56-05:00[America/New_York],Yes,2021-02-07,53310,Sunday
1800,B,21,2021-02-07T14:48:56-05:00[America/New_York],2021-02-07T14:49:17-05:00[America/New_York],Yes,2021-02-07,53336,Sunday
1800,<A>,60,2021-02-07T14:49:17-05:00[America/New_York],2021-02-07T14:50:17-05:00[America/New_York],Yes,2021-02-07,53357,Sunday
1800,B,15,2021-02-07T14:50:17-05:00[America/New_York],2021-02-07T14:50:32-05:00[America/New_York],Yes,2021-02-07,53417,Sunday
1800,<A>,144,2021-02-07T14:50:32-05:00[America/New_York],2021-02-07T14:52:56-05:00[America/New_York],Yes,2021-02-07,53432,Sunday
1800,B,15,2021-02-07T14:52:56-05:00[America/New_York],2021-02-07T14:53:11-05:00[America/New_York],Yes,2021-02-07,53576,Sunday
1800,<A>,103,2021-02-07T14:53:11-05:00[America/New_York],2021-02-07T14:54:54-05:00[America/New_York],NA,2021-02-07,53591,Sunday
1800,B,16,2021-02-07T14:54:54-05:00[America/New_York],2021-02-07T14:55:10-05:00[America/New_York],Yes,2021-02-07,53694,Sunday
1800,<A>,42,2021-02-07T14:55:10-05:00[America/New_York],2021-02-07T14:55:52-05:00[America/New_York],Yes,2021-02-07,53710,Sunday
1800,B,15,2021-02-07T14:55:52-05:00[America/New_York],2021-02-07T14:56:07-05:00[America/New_York],Yes,2021-02-07,53752,Sunday
1800,<A>,86,2021-02-07T14:56:07-05:00[America/New_York],2021-02-07T14:57:33-05:00[America/New_York],NA,2021-02-07,53767,Sunday
1800,B,16,2021-02-07T14:57:33-05:00[America/New_York],2021-02-07T14:57:49-05:00[America/New_York],Yes,2021-02-07,53853,Sunday
1800,<A>,48,2021-02-07T14:57:49-05:00[America/New_York],2021-02-07T14:58:37-05:00[America/New_York],Yes,2021-02-07,53869,Sunday
1800,B,15,2021-02-07T14:58:37-05:00[America/New_York],2021-02-07T14:58:52-05:00[America/New_York],Yes,2021-02-07,53917,Sunday
1800,<A>,26,2021-02-07T14:58:52-05:00[America/New_York],2021-02-07T14:59:18-05:00[America/New_York],Yes,2021-02-07,53932,Sunday
1800,B,16,2021-02-07T14:59:18-05:00[America/New_York],2021-02-07T14:59:34-05:00[America/New_York],Yes,2021-02-07,53958,Sunday
1800,<A>,28,2021-02-07T14:59:34-05:00[America/New_York],2021-02-07T15:00:02-05:00[America/New_York],Yes,2021-02-07,53974,Sunday
1800,B,15,2021-02-07T15:00:02-05:00[America/New_York],2021-02-07T15:00:17-05:00[America/New_York],Yes,2021-02-07,54002,Sunday
1800,<A>,32,2021-02-07T15:00:17-05:00[America/New_York],2021-02-07T15:00:49-05:00[America/New_York],Yes,2021-02-07,54017,Sunday
1800,B,15,2021-02-07T15:00:49-05:00[America/New_York],2021-02-07T15:01:04-05:00[America/New_York],Yes,2021-02-07,54049,Sunday
1800,<A>,66,2021-02-07T15:01:04-05:00[America/New_York],2021-02-07T15:02:10-05:00[America/New_York],Yes,2021-02-07,54064,Sunday
1800,B,15,2021-02-07T15:02:10-05:00[America/New_York],2021-02-07T15:02:25-05:00[America/New_York],Yes,2021-02-07,54130,Sunday
1800,<A>,90,2021-02-07T15:02:25-05:00[America/New_York],2021-02-07T15:03:55-05:00[America/New_York],Yes,2021-02-07,54145,Sunday
1800,B,15,2021-02-07T15:03:55-05:00[America/New_York],2021-02-07T15:04:10-05:00[America/New_York],Yes,2021-02-07,54235,Sunday
1800,<A>,28,2021-02-07T15:04:10-05:00[America/New_York],2021-02-07T15:04:38-05:00[America/New_York],Yes,2021-02-07,54250,Sunday
1800,B,16,2021-02-07T15:04:38-05:00[America/New_York],2021-02-07T15:04:54-05:00[America/New_York],Yes,2021-02-07,54278,Sunday
1800,<A>,38,2021-02-07T15:04:54-05:00[America/New_York],2021-02-07T15:05:32-05:00[America/New_York],Yes,2021-02-07,54294,Sunday
1800,B,16,2021-02-07T15:05:32-05:00[America/New_York],2021-02-07T15:05:48-05:00[America/New_York],Yes,2021-02-07,54332,Sunday
1800,<A>,220,2021-02-07T15:05:48-05:00[America/New_York],2021-02-07T15:09:28-05:00[America/New_York],Yes,2021-02-07,54348,Sunday
1800,B,15,2021-02-07T15:09:28-05:00[America/New_York],2021-02-07T15:09:43-05:00[America/New_York],Yes,2021-02-07,54568,Sunday
1800,<A>,106,2021-02-07T15:09:43-05:00[America/New_York],2021-02-07T15:11:29-05:00[America/New_York],NA,2021-02-07,54583,Sunday
1800,B,20,2021-02-07T15:11:29-05:00[America/New_York],2021-02-07T15:11:49-05:00[America/New_York],Yes,2021-02-07,54689,Sunday
1800,<A>,27,2021-02-07T15:11:49-05:00[America/New_York],2021-02-07T15:12:16-05:00[America/New_York],Yes,2021-02-07,54709,Sunday
1800,B,17,2021-02-07T15:12:16-05:00[America/New_York],2021-02-07T15:12:33-05:00[America/New_York],Yes,2021-02-07,54736,Sunday
1800,<A>,138,2021-02-07T15:12:33-05:00[America/New_York],2021-02-07T15:14:51-05:00[America/New_York],Yes,2021-02-07,54753,Sunday
1800,B,15,2021-02-07T15:14:51-05:00[America/New_York],2021-02-07T15:15:06-05:00[America/New_York],Yes,2021-02-07,54891,Sunday
1800,<A>,28,2021-02-07T15:15:06-05:00[America/New_York],2021-02-07T15:15:34-05:00[America/New_York],Yes,2021-02-07,54906,Sunday
1800,B,17,2021-02-07T15:15:34-05:00[America/New_York],2021-02-07T15:15:51-05:00[America/New_York],Yes,2021-02-07,54934,Sunday
1800,<A>,43,2021-02-07T15:15:51-05:00[America/New_York],2021-02-07T15:16:34-05:00[America/New_York],Yes,2021-02-07,54951,Sunday
1800,B,15,2021-02-07T15:16:34-05:00[America/New_York],2021-02-07T15:16:49-05:00[America/New_York],Yes,2021-02-07,54994,Sunday
1800,<A>,118,2021-02-07T15:16:49-05:00[America/New_York],2021-02-07T15:18:47-05:00[America/New_York],Yes,2021-02-07,55009,Sunday
1800,B,16,2021-02-07T15:18:47-05:00[America/New_York],2021-02-07T15:19:03-05:00[America/New_York],Yes,2021-02-07,55127,Sunday
1800,<A>,27,2021-02-07T15:19:03-05:00[America/New_York],2021-02-07T15:19:30-05:00[America/New_York],Yes,2021-02-07,55143,Sunday
1800,B,15,2021-02-07T15:19:30-05:00[America/New_York],2021-02-07T15:19:45-05:00[America/New_York],Yes,2021-02-07,55170,Sunday
1800,<A>,27,2021-02-07T15:19:45-05:00[America/New_York],2021-02-07T15:20:12-05:00[America/New_York],Yes,2021-02-07,55185,Sunday
1800,B,15,2021-02-07T15:20:12-05:00[America/New_York],2021-02-07T15:20:27-05:00[America/New_York],Yes,2021-02-07,55212,Sunday
1800,<A>,26,2021-02-07T15:20:27-05:00[America/New_York],2021-02-07T15:20:53-05:00[America/New_York],Yes,2021-02-07,55227,Sunday
1800,B,17,2021-02-07T15:20:53-05:00[America/New_York],2021-02-07T15:21:10-05:00[America/New_York],Yes,2021-02-07,55253,Sunday
1800,<A>,28,2021-02-07T15:21:10-05:00[America/New_York],2021-02-07T15:21:38-05:00[America/New_York],Yes,2021-02-07,55270,Sunday
1800,B,15,2021-02-07T15:21:38-05:00[America/New_York],2021-02-07T15:21:53-05:00[America/New_York],Yes,2021-02-07,55298,Sunday
1800,<A>,76,2021-02-07T15:21:53-05:00[America/New_York],2021-02-07T15:23:09-05:00[America/New_York],NA,2021-02-07,55313,Sunday
1800,B,15,2021-02-07T15:23:09-05:00[America/New_York],2021-02-07T15:23:24-05:00[America/New_York],Yes,2021-02-07,55389,Sunday
1800,<A>,52,2021-02-07T15:23:24-05:00[America/New_York],2021-02-07T15:24:16-05:00[America/New_York],Yes,2021-02-07,55404,Sunday
1800,B,15,2021-02-07T15:24:16-05:00[America/New_York],2021-02-07T15:24:31-05:00[America/New_York],Yes,2021-02-07,55456,Sunday
1800,<A>,76,2021-02-07T15:24:31-05:00[America/New_York],2021-02-07T15:25:47-05:00[America/New_York],NA,2021-02-07,55471,Sunday
1800,B,15,2021-02-07T15:25:47-05:00[America/New_York],2021-02-07T15:26:02-05:00[America/New_York],Yes,2021-02-07,55547,Sunday
1800,<A>,130,2021-02-07T15:26:02-05:00[America/New_York],2021-02-07T15:28:12-05:00[America/New_York],Yes,2021-02-07,55562,Sunday
1800,B,17,2021-02-07T15:28:12-05:00[America/New_York],2021-02-07T15:28:29-05:00[America/New_York],Yes,2021-02-07,55692,Sunday
1800,<A>,152,2021-02-07T15:28:29-05:00[America/New_York],2021-02-07T15:31:01-05:00[America/New_York],Yes,2021-02-07,55709,Sunday
1800,B,15,2021-02-07T15:31:01-05:00[America/New_York],2021-02-07T15:31:16-05:00[America/New_York],Yes,2021-02-07,55861,Sunday
1800,<A>,45,2021-02-07T15:31:16-05:00[America/New_York],2021-02-07T15:32:01-05:00[America/New_York],Yes,2021-02-07,55876,Sunday
1800,B,15,2021-02-07T15:32:01-05:00[America/New_York],2021-02-07T15:32:16-05:00[America/New_York],Yes,2021-02-07,55921,Sunday
1800,<A>,68,2021-02-07T15:32:16-05:00[America/New_York],2021-02-07T15:33:24-05:00[America/New_York],Yes,2021-02-07,55936,Sunday
1800,B,17,2021-02-07T15:33:24-05:00[America/New_York],2021-02-07T15:33:41-05:00[America/New_York],Yes,2021-02-07,56004,Sunday
1800,<A>,60,2021-02-07T15:33:41-05:00[America/New_York],2021-02-07T15:34:41-05:00[America/New_York],Yes,2021-02-07,56021,Sunday
1800,B,18,2021-02-07T15:34:41-05:00[America/New_York],2021-02-07T15:34:59-05:00[America/New_York],Yes,2021-02-07,56081,Sunday
1800,<A>,56,2021-02-07T15:34:59-05:00[America/New_York],2021-02-07T15:35:55-05:00[America/New_York],Yes,2021-02-07,56099,Sunday
1800,B,16,2021-02-07T15:35:55-05:00[America/New_York],2021-02-07T15:36:11-05:00[America/New_York],Yes,2021-02-07,56155,Sunday
1800,<A>,67,2021-02-07T15:36:11-05:00[America/New_York],2021-02-07T15:37:18-05:00[America/New_York],Yes,2021-02-07,56171,Sunday
1800,B,15,2021-02-07T15:37:18-05:00[America/New_York],2021-02-07T15:37:33-05:00[America/New_York],Yes,2021-02-07,56238,Sunday
1800,<A>,43,2021-02-07T15:37:33-05:00[America/New_York],2021-02-07T15:38:16-05:00[America/New_York],Yes,2021-02-07,56253,Sunday
1800,B,16,2021-02-07T15:38:16-05:00[America/New_York],2021-02-07T15:38:32-05:00[America/New_York],Yes,2021-02-07,56296,Sunday
1800,<A>,26,2021-02-07T15:38:32-05:00[America/New_York],2021-02-07T15:38:58-05:00[America/New_York],Yes,2021-02-07,56312,Sunday
1800,B,16,2021-02-07T15:38:58-05:00[America/New_York],2021-02-07T15:39:14-05:00[America/New_York],Yes,2021-02-07,56338,Sunday
1800,<A>,82,2021-02-07T15:39:14-05:00[America/New_York],2021-02-07T15:40:36-05:00[America/New_York],NA,2021-02-07,56354,Sunday
1800,B,19,2021-02-07T15:40:36-05:00[America/New_York],2021-02-07T15:40:55-05:00[America/New_York],Yes,2021-02-07,56436,Sunday
1800,<A>,33,2021-02-07T15:40:55-05:00[America/New_York],2021-02-07T15:41:28-05:00[America/New_York],Yes,2021-02-07,56455,Sunday
1800,B,15,2021-02-07T15:41:28-05:00[America/New_York],2021-02-07T15:41:43-05:00[America/New_York],Yes,2021-02-07,56488,Sunday
1800,<A>,27,2021-02-07T15:41:43-05:00[America/New_York],2021-02-07T15:42:10-05:00[America/New_York],Yes,2021-02-07,56503,Sunday
1800,B,16,2021-02-07T15:42:10-05:00[America/New_York],2021-02-07T15:42:26-05:00[America/New_York],Yes,2021-02-07,56530,Sunday
1800,<A>,36,2021-02-07T15:42:26-05:00[America/New_York],2021-02-07T15:43:02-05:00[America/New_York],Yes,2021-02-07,56546,Sunday
1800,B,16,2021-02-07T15:43:02-05:00[America/New_York],2021-02-07T15:43:18-05:00[America/New_York],Yes,2021-02-07,56582,Sunday
1800,<A>,27,2021-02-07T15:43:18-05:00[America/New_York],2021-02-07T15:43:45-05:00[America/New_York],Yes,2021-02-07,56598,Sunday
1800,B,22,2021-02-07T15:43:45-05:00[America/New_York],2021-02-07T15:44:07-05:00[America/New_York],NA,2021-02-07,56625,Sunday
1800,<A>,31,2021-02-07T15:44:07-05:00[America/New_York],2021-02-07T15:44:38-05:00[America/New_York],Yes,2021-02-07,56647,Sunday
1800,B,15,2021-02-07T15:44:38-05:00[America/New_York],2021-02-07T15:44:53-05:00[America/New_York],Yes,2021-02-07,56678,Sunday
1800,<A>,103,2021-02-07T15:44:53-05:00[America/New_York],2021-02-07T15:46:36-05:00[America/New_York],NA,2021-02-07,56693,Sunday
1800,B,15,2021-02-07T15:46:36-05:00[America/New_York],2021-02-07T15:46:51-05:00[America/New_York],Yes,2021-02-07,56796,Sunday
1800,<A>,35,2021-02-07T15:46:51-05:00[America/New_York],2021-02-07T15:47:26-05:00[America/New_York],Yes,2021-02-07,56811,Sunday
1800,B,17,2021-02-07T15:47:26-05:00[America/New_York],2021-02-07T15:47:43-05:00[America/New_York],Yes,2021-02-07,56846,Sunday
1800,<A>,69,2021-02-07T15:47:43-05:00[America/New_York],2021-02-07T15:48:52-05:00[America/New_York],Yes,2021-02-07,56863,Sunday
1800,B,21,2021-02-07T15:48:52-05:00[America/New_York],2021-02-07T15:49:13-05:00[America/New_York],Yes,2021-02-07,56932,Sunday
1800,<A>,41,2021-02-07T15:49:13-05:00[America/New_York],2021-02-07T15:49:54-05:00[America/New_York],Yes,2021-02-07,56953,Sunday
1800,B,17,2021-02-07T15:49:54-05:00[America/New_York],2021-02-07T15:50:11-05:00[America/New_York],Yes,2021-02-07,56994,Sunday
1800,<A>,66,2021-02-07T15:50:11-05:00[America/New_York],2021-02-07T15:51:17-05:00[America/New_York],Yes,2021-02-07,57011,Sunday
1800,B,16,2021-02-07T15:51:17-05:00[America/New_York],2021-02-07T15:51:33-05:00[America/New_York],Yes,2021-02-07,57077,Sunday
1800,<A>,40,2021-02-07T15:51:33-05:00[America/New_York],2021-02-07T15:52:13-05:00[America/New_York],Yes,2021-02-07,57093,Sunday
1800,B,15,2021-02-07T15:52:13-05:00[America/New_York],2021-02-07T15:52:28-05:00[America/New_York],Yes,2021-02-07,57133,Sunday
1800,<A>,32,2021-02-07T15:52:28-05:00[America/New_York],2021-02-07T15:53:00-05:00[America/New_York],Yes,2021-02-07,57148,Sunday
1800,B,16,2021-02-07T15:53:00-05:00[America/New_York],2021-02-07T15:53:16-05:00[America/New_York],Yes,2021-02-07,57180,Sunday
1800,<A>,40,2021-02-07T15:53:16-05:00[America/New_York],2021-02-07T15:53:56-05:00[America/New_York],Yes,2021-02-07,57196,Sunday
1800,B,17,2021-02-07T15:53:56-05:00[America/New_York],2021-02-07T15:54:13-05:00[America/New_York],Yes,2021-02-07,57236,Sunday
1800,<A>,28,2021-02-07T15:54:13-05:00[America/New_York],2021-02-07T15:54:41-05:00[America/New_York],Yes,2021-02-07,57253,Sunday
1800,B,16,2021-02-07T15:54:41-05:00[America/New_York],2021-02-07T15:54:57-05:00[America/New_York],Yes,2021-02-07,57281,Sunday
1800,<A>,38,2021-02-07T15:54:57-05:00[America/New_York],2021-02-07T15:55:35-05:00[America/New_York],Yes,2021-02-07,57297,Sunday
1800,B,15,2021-02-07T15:55:35-05:00[America/New_York],2021-02-07T15:55:50-05:00[America/New_York],Yes,2021-02-07,57335,Sunday
1800,<A>,35,2021-02-07T15:55:50-05:00[America/New_York],2021-02-07T15:56:25-05:00[America/New_York],Yes,2021-02-07,57350,Sunday
1800,B,17,2021-02-07T15:56:25-05:00[America/New_York],2021-02-07T15:56:42-05:00[America/New_York],Yes,2021-02-07,57385,Sunday
1800,<A>,53,2021-02-07T15:56:42-05:00[America/New_York],2021-02-07T15:57:35-05:00[America/New_York],Yes,2021-02-07,57402,Sunday
1800,B,16,2021-02-07T15:57:35-05:00[America/New_York],2021-02-07T15:57:51-05:00[America/New_York],Yes,2021-02-07,57455,Sunday
1800,<A>,91,2021-02-07T15:57:51-05:00[America/New_York],2021-02-07T15:59:22-05:00[America/New_York],NA,2021-02-07,57471,Sunday
1800,B,19,2021-02-07T15:59:22-05:00[America/New_York],2021-02-07T15:59:41-05:00[America/New_York],Yes,2021-02-07,57562,Sunday
1800,<A>,39,2021-02-07T15:59:41-05:00[America/New_York],2021-02-07T16:00:20-05:00[America/New_York],Yes,2021-02-07,57581,Sunday
1800,B,18,2021-02-07T16:00:20-05:00[America/New_York],2021-02-07T16:00:38-05:00[America/New_York],Yes,2021-02-07,57620,Sunday
1800,<A>,58,2021-02-07T16:00:38-05:00[America/New_York],2021-02-07T16:01:36-05:00[America/New_York],Yes,2021-02-07,57638,Sunday
1800,B,16,2021-02-07T16:01:36-05:00[America/New_York],2021-02-07T16:01:52-05:00[America/New_York],Yes,2021-02-07,57696,Sunday
1800,<A>,27,2021-02-07T16:01:52-05:00[America/New_York],2021-02-07T16:02:19-05:00[America/New_York],Yes,2021-02-07,57712,Sunday
1800,B,15,2021-02-07T16:02:19-05:00[America/New_York],2021-02-07T16:02:34-05:00[America/New_York],Yes,2021-02-07,57739,Sunday
1800,<A>,60,2021-02-07T16:02:34-05:00[America/New_York],2021-02-07T16:03:34-05:00[America/New_York],Yes,2021-02-07,57754,Sunday
1800,B,15,2021-02-07T16:03:34-05:00[America/New_York],2021-02-07T16:03:49-05:00[America/New_York],Yes,2021-02-07,57814,Sunday
1800,<A>,28,2021-02-07T16:03:49-05:00[America/New_York],2021-02-07T16:04:17-05:00[America/New_York],Yes,2021-02-07,57829,Sunday
1800,B,15,2021-02-07T16:04:17-05:00[America/New_York],2021-02-07T16:04:32-05:00[America/New_York],Yes,2021-02-07,57857,Sunday
1800,<A>,47,2021-02-07T16:04:32-05:00[America/New_York],2021-02-07T16:05:19-05:00[America/New_York],Yes,2021-02-07,57872,Sunday
1800,B,16,2021-02-07T16:05:19-05:00[America/New_York],2021-02-07T16:05:35-05:00[America/New_York],Yes,2021-02-07,57919,Sunday
1800,<A>,96,2021-02-07T16:05:35-05:00[America/New_York],2021-02-07T16:07:11-05:00[America/New_York],NA,2021-02-07,57935,Sunday
1800,B,15,2021-02-07T16:07:11-05:00[America/New_York],2021-02-07T16:07:26-05:00[America/New_York],Yes,2021-02-07,58031,Sunday
1800,<A>,33,2021-02-07T16:07:26-05:00[America/New_York],2021-02-07T16:07:59-05:00[America/New_York],Yes,2021-02-07,58046,Sunday
1800,B,15,2021-02-07T16:07:59-05:00[America/New_York],2021-02-07T16:08:14-05:00[America/New_York],Yes,2021-02-07,58079,Sunday
1800,<A>,83,2021-02-07T16:08:14-05:00[America/New_York],2021-02-07T16:09:37-05:00[America/New_York],NA,2021-02-07,58094,Sunday
1800,B,15,2021-02-07T16:09:37-05:00[America/New_York],2021-02-07T16:09:52-05:00[America/New_York],Yes,2021-02-07,58177,Sunday
1800,<A>,32,2021-02-07T16:09:52-05:00[America/New_York],2021-02-07T16:10:24-05:00[America/New_York],Yes,2021-02-07,58192,Sunday
1800,B,20,2021-02-07T16:10:24-05:00[America/New_York],2021-02-07T16:10:44-05:00[America/New_York],Yes,2021-02-07,58224,Sunday
1800,<A>,30,2021-02-07T16:10:44-05:00[America/New_York],2021-02-07T16:11:14-05:00[America/New_York],Yes,2021-02-07,58244,Sunday
1800,B,18,2021-02-07T16:11:14-05:00[America/New_York],2021-02-07T16:11:32-05:00[America/New_York],Yes,2021-02-07,58274,Sunday
1800,<A>,26,2021-02-07T16:11:32-05:00[America/New_York],2021-02-07T16:11:58-05:00[America/New_York],Yes,2021-02-07,58292,Sunday
1800,B,15,2021-02-07T16:11:58-05:00[America/New_York],2021-02-07T16:12:13-05:00[America/New_York],Yes,2021-02-07,58318,Sunday
1800,<A>,69,2021-02-07T16:12:13-05:00[America/New_York],2021-02-07T16:13:22-05:00[America/New_York],Yes,2021-02-07,58333,Sunday
1800,B,16,2021-02-07T16:13:22-05:00[America/New_York],2021-02-07T16:13:38-05:00[America/New_York],Yes,2021-02-07,58402,Sunday
1800,<A>,153,2021-02-07T16:13:38-05:00[America/New_York],2021-02-07T16:16:11-05:00[America/New_York],Yes,2021-02-07,58418,Sunday
1800,B,16,2021-02-07T16:16:11-05:00[America/New_York],2021-02-07T16:16:27-05:00[America/New_York],Yes,2021-02-07,58571,Sunday
1800,<A>,85,2021-02-07T16:16:27-05:00[America/New_York],2021-02-07T16:17:52-05:00[America/New_York],Yes,2021-02-07,58587,Sunday
1800,B,17,2021-02-07T16:17:52-05:00[America/New_York],2021-02-07T16:18:09-05:00[America/New_York],Yes,2021-02-07,58672,Sunday
1800,<A>,118,2021-02-07T16:18:09-05:00[America/New_York],2021-02-07T16:20:07-05:00[America/New_York],Yes,2021-02-07,58689,Sunday
1800,B,17,2021-02-07T16:20:07-05:00[America/New_York],2021-02-07T16:20:24-05:00[America/New_York],Yes,2021-02-07,58807,Sunday
1800,<A>,72,2021-02-07T16:20:24-05:00[America/New_York],2021-02-07T16:21:36-05:00[America/New_York],NA,2021-02-07,58824,Sunday
1800,B,16,2021-02-07T16:21:36-05:00[America/New_York],2021-02-07T16:21:52-05:00[America/New_York],Yes,2021-02-07,58896,Sunday
1800,<A>,47,2021-02-07T16:21:52-05:00[America/New_York],2021-02-07T16:22:39-05:00[America/New_York],Yes,2021-02-07,58912,Sunday
1800,B,23,2021-02-07T16:22:39-05:00[America/New_York],2021-02-07T16:23:02-05:00[America/New_York],NA,2021-02-07,58959,Sunday
1800,<A>,33,2021-02-07T16:23:02-05:00[America/New_York],2021-02-07T16:23:35-05:00[America/New_York],Yes,2021-02-07,58982,Sunday
1800,B,15,2021-02-07T16:23:35-05:00[America/New_York],2021-02-07T16:23:50-05:00[America/New_York],Yes,2021-02-07,59015,Sunday
1800,<A>,54,2021-02-07T16:23:50-05:00[America/New_York],2021-02-07T16:24:44-05:00[America/New_York],Yes,2021-02-07,59030,Sunday
1800,B,23,2021-02-07T16:24:44-05:00[America/New_York],2021-02-07T16:25:07-05:00[America/New_York],NA,2021-02-07,59084,Sunday
1800,<A>,27,2021-02-07T16:25:07-05:00[America/New_York],2021-02-07T16:25:34-05:00[America/New_York],Yes,2021-02-07,59107,Sunday
1800,B,20,2021-02-07T16:25:34-05:00[America/New_York],2021-02-07T16:25:54-05:00[America/New_York],Yes,2021-02-07,59134,Sunday
1800,<A>,37,2021-02-07T16:25:54-05:00[America/New_York],2021-02-07T16:26:31-05:00[America/New_York],Yes,2021-02-07,59154,Sunday
1800,B,15,2021-02-07T16:26:31-05:00[America/New_York],2021-02-07T16:26:46-05:00[America/New_York],Yes,2021-02-07,59191,Sunday
1800,<A>,81,2021-02-07T16:26:46-05:00[America/New_York],2021-02-07T16:28:07-05:00[America/New_York],NA,2021-02-07,59206,Sunday
1800,B,17,2021-02-07T16:28:07-05:00[America/New_York],2021-02-07T16:28:24-05:00[America/New_York],Yes,2021-02-07,59287,Sunday
1800,<A>,66,2021-02-07T16:28:24-05:00[America/New_York],2021-02-07T16:29:30-05:00[America/New_York],Yes,2021-02-07,59304,Sunday
1800,B,17,2021-02-07T16:29:30-05:00[America/New_York],2021-02-07T16:29:47-05:00[America/New_York],Yes,2021-02-07,59370,Sunday
1800,<A>,42,2021-02-07T16:29:47-05:00[America/New_York],2021-02-07T16:30:29-05:00[America/New_York],Yes,2021-02-07,59387,Sunday
1800,B,15,2021-02-07T16:30:29-05:00[America/New_York],2021-02-07T16:30:44-05:00[America/New_York],Yes,2021-02-07,59429,Sunday
1800,<A>,28,2021-02-07T16:30:44-05:00[America/New_York],2021-02-07T16:31:12-05:00[America/New_York],Yes,2021-02-07,59444,Sunday
1800,B,15,2021-02-07T16:31:12-05:00[America/New_York],2021-02-07T16:31:27-05:00[America/New_York],Yes,2021-02-07,59472,Sunday
1800,<A>,47,2021-02-07T16:31:27-05:00[America/New_York],2021-02-07T16:32:14-05:00[America/New_York],Yes,2021-02-07,59487,Sunday
1800,B,18,2021-02-07T16:32:14-05:00[America/New_York],2021-02-07T16:32:32-05:00[America/New_York],Yes,2021-02-07,59534,Sunday
1800,<A>,48,2021-02-07T16:32:32-05:00[America/New_York],2021-02-07T16:33:20-05:00[America/New_York],Yes,2021-02-07,59552,Sunday
1800,B,18,2021-02-07T16:33:20-05:00[America/New_York],2021-02-07T16:33:38-05:00[America/New_York],Yes,2021-02-07,59600,Sunday
1800,<A>,42,2021-02-07T16:33:38-05:00[America/New_York],2021-02-07T16:34:20-05:00[America/New_York],Yes,2021-02-07,59618,Sunday
1800,B,15,2021-02-07T16:34:20-05:00[America/New_York],2021-02-07T16:34:35-05:00[America/New_York],Yes,2021-02-07,59660,Sunday
1800,<A>,43,2021-02-07T16:34:35-05:00[America/New_York],2021-02-07T16:35:18-05:00[America/New_York],Yes,2021-02-07,59675,Sunday
1800,B,15,2021-02-07T16:35:18-05:00[America/New_York],2021-02-07T16:35:33-05:00[America/New_York],Yes,2021-02-07,59718,Sunday
1800,<A>,58,2021-02-07T16:35:33-05:00[America/New_York],2021-02-07T16:36:31-05:00[America/New_York],Yes,2021-02-07,59733,Sunday
1800,B,16,2021-02-07T16:36:31-05:00[America/New_York],2021-02-07T16:36:47-05:00[America/New_York],Yes,2021-02-07,59791,Sunday
1800,<A>,36,2021-02-07T16:36:47-05:00[America/New_York],2021-02-07T16:37:23-05:00[America/New_York],Yes,2021-02-07,59807,Sunday
1800,B,15,2021-02-07T16:37:23-05:00[America/New_York],2021-02-07T16:37:38-05:00[America/New_York],Yes,2021-02-07,59843,Sunday
1800,<A>,27,2021-02-07T16:37:38-05:00[America/New_York],2021-02-07T16:38:05-05:00[America/New_York],Yes,2021-02-07,59858,Sunday
1800,B,15,2021-02-07T16:38:05-05:00[America/New_York],2021-02-07T16:38:20-05:00[America/New_York],Yes,2021-02-07,59885,Sunday
1800,<A>,47,2021-02-07T16:38:20-05:00[America/New_York],2021-02-07T16:39:07-05:00[America/New_York],Yes,2021-02-07,59900,Sunday
1800,B,17,2021-02-07T16:39:07-05:00[America/New_York],2021-02-07T16:39:24-05:00[America/New_York],Yes,2021-02-07,59947,Sunday
1800,<A>,60,2021-02-07T16:39:24-05:00[America/New_York],2021-02-07T16:40:24-05:00[America/New_York],Yes,2021-02-07,59964,Sunday
1800,B,17,2021-02-07T16:40:24-05:00[America/New_York],2021-02-07T16:40:41-05:00[America/New_York],Yes,2021-02-07,60024,Sunday
1800,<A>,260,2021-02-07T16:40:41-05:00[America/New_York],2021-02-07T16:45:01-05:00[America/New_York],Yes,2021-02-07,60041,Sunday
1800,B,17,2021-02-07T16:45:01-05:00[America/New_York],2021-02-07T16:45:18-05:00[America/New_York],Yes,2021-02-07,60301,Sunday
1800,<A>,37,2021-02-07T16:45:18-05:00[America/New_York],2021-02-07T16:45:55-05:00[America/New_York],Yes,2021-02-07,60318,Sunday
1800,B,15,2021-02-07T16:45:55-05:00[America/New_York],2021-02-07T16:46:10-05:00[America/New_York],Yes,2021-02-07,60355,Sunday
1800,<A>,29,2021-02-07T16:46:10-05:00[America/New_York],2021-02-07T16:46:39-05:00[America/New_York],Yes,2021-02-07,60370,Sunday
1800,B,16,2021-02-07T16:46:39-05:00[America/New_York],2021-02-07T16:46:55-05:00[America/New_York],Yes,2021-02-07,60399,Sunday
1800,<A>,354,2021-02-07T16:46:55-05:00[America/New_York],2021-02-07T16:52:49-05:00[America/New_York],Yes,2021-02-07,60415,Sunday
1800,B,15,2021-02-07T16:52:49-05:00[America/New_York],2021-02-07T16:53:04-05:00[America/New_York],Yes,2021-02-07,60769,Sunday
1800,<A>,89,2021-02-07T16:53:04-05:00[America/New_York],2021-02-07T16:54:33-05:00[America/New_York],NA,2021-02-07,60784,Sunday
1800,B,16,2021-02-07T16:54:33-05:00[America/New_York],2021-02-07T16:54:49-05:00[America/New_York],Yes,2021-02-07,60873,Sunday
1800,<A>,72,2021-02-07T16:54:49-05:00[America/New_York],2021-02-07T16:56:01-05:00[America/New_York],Yes,2021-02-07,60889,Sunday
1800,B,17,2021-02-07T16:56:01-05:00[America/New_York],2021-02-07T16:56:18-05:00[America/New_York],Yes,2021-02-07,60961,Sunday
1800,<A>,28,2021-02-07T16:56:18-05:00[America/New_York],2021-02-07T16:56:46-05:00[America/New_York],Yes,2021-02-07,60978,Sunday
1800,B,15,2021-02-07T16:56:46-05:00[America/New_York],2021-02-07T16:57:01-05:00[America/New_York],Yes,2021-02-07,61006,Sunday
1800,<A>,47,2021-02-07T16:57:01-05:00[America/New_York],2021-02-07T16:57:48-05:00[America/New_York],Yes,2021-02-07,61021,Sunday
1800,B,16,2021-02-07T16:57:48-05:00[America/New_York],2021-02-07T16:58:04-05:00[America/New_York],Yes,2021-02-07,61068,Sunday
1800,<A>,49,2021-02-07T16:58:04-05:00[America/New_York],2021-02-07T16:58:53-05:00[America/New_York],Yes,2021-02-07,61084,Sunday
1800,B,16,2021-02-07T16:58:53-05:00[America/New_York],2021-02-07T16:59:09-05:00[America/New_York],Yes,2021-02-07,61133,Sunday
1800,<A>,29,2021-02-07T16:59:09-05:00[America/New_York],2021-02-07T16:59:38-05:00[America/New_York],Yes,2021-02-07,61149,Sunday
1800,B,17,2021-02-07T16:59:38-05:00[America/New_York],2021-02-07T16:59:55-05:00[America/New_York],Yes,2021-02-07,61178,Sunday
1800,<A>,43,2021-02-07T16:59:55-05:00[America/New_York],2021-02-07T17:00:38-05:00[America/New_York],Yes,2021-02-07,61195,Sunday
1800,B,18,2021-02-07T17:00:38-05:00[America/New_York],2021-02-07T17:00:56-05:00[America/New_York],Yes,2021-02-07,61238,Sunday
1800,<A>,36,2021-02-07T17:00:56-05:00[America/New_York],2021-02-07T17:01:32-05:00[America/New_York],Yes,2021-02-07,61256,Sunday
1800,B,16,2021-02-07T17:01:32-05:00[America/New_York],2021-02-07T17:01:48-05:00[America/New_York],Yes,2021-02-07,61292,Sunday
1800,<A>,154,2021-02-07T17:01:48-05:00[America/New_York],2021-02-07T17:04:22-05:00[America/New_York],Yes,2021-02-07,61308,Sunday
1800,B,16,2021-02-07T17:04:22-05:00[America/New_York],2021-02-07T17:04:38-05:00[America/New_York],Yes,2021-02-07,61462,Sunday
1800,<A>,52,2021-02-07T17:04:38-05:00[America/New_York],2021-02-07T17:05:30-05:00[America/New_York],Yes,2021-02-07,61478,Sunday
1800,B,15,2021-02-07T17:05:30-05:00[America/New_York],2021-02-07T17:05:45-05:00[America/New_York],Yes,2021-02-07,61530,Sunday
1800,<A>,29,2021-02-07T17:05:45-05:00[America/New_York],2021-02-07T17:06:14-05:00[America/New_York],Yes,2021-02-07,61545,Sunday
1800,B,17,2021-02-07T17:06:14-05:00[America/New_York],2021-02-07T17:06:31-05:00[America/New_York],Yes,2021-02-07,61574,Sunday
1800,<A>,38,2021-02-07T17:06:31-05:00[America/New_York],2021-02-07T17:07:09-05:00[America/New_York],Yes,2021-02-07,61591,Sunday
1800,B,18,2021-02-07T17:07:09-05:00[America/New_York],2021-02-07T17:07:27-05:00[America/New_York],Yes,2021-02-07,61629,Sunday
1800,<A>,71,2021-02-07T17:07:27-05:00[America/New_York],2021-02-07T17:08:38-05:00[America/New_York],NA,2021-02-07,61647,Sunday
1800,B,17,2021-02-07T17:08:38-05:00[America/New_York],2021-02-07T17:08:55-05:00[America/New_York],Yes,2021-02-07,61718,Sunday
1800,<A>,51,2021-02-07T17:08:55-05:00[America/New_York],2021-02-07T17:09:46-05:00[America/New_York],Yes,2021-02-07,61735,Sunday
1800,B,16,2021-02-07T17:09:46-05:00[America/New_York],2021-02-07T17:10:02-05:00[America/New_York],Yes,2021-02-07,61786,Sunday
1800,<A>,27,2021-02-07T17:10:02-05:00[America/New_York],2021-02-07T17:10:29-05:00[America/New_York],Yes,2021-02-07,61802,Sunday
1800,B,15,2021-02-07T17:10:29-05:00[America/New_York],2021-02-07T17:10:44-05:00[America/New_York],Yes,2021-02-07,61829,Sunday
1800,<A>,55,2021-02-07T17:10:44-05:00[America/New_York],2021-02-07T17:11:39-05:00[America/New_York],Yes,2021-02-07,61844,Sunday
1800,B,15,2021-02-07T17:11:39-05:00[America/New_York],2021-02-07T17:11:54-05:00[America/New_York],Yes,2021-02-07,61899,Sunday
1800,<A>,30,2021-02-07T17:11:54-05:00[America/New_York],2021-02-07T17:12:24-05:00[America/New_York],Yes,2021-02-07,61914,Sunday
1800,B,17,2021-02-07T17:12:24-05:00[America/New_York],2021-02-07T17:12:41-05:00[America/New_York],Yes,2021-02-07,61944,Sunday
1800,<A>,27,2021-02-07T17:12:41-05:00[America/New_York],2021-02-07T17:13:08-05:00[America/New_York],Yes,2021-02-07,61961,Sunday
1800,B,15,2021-02-07T17:13:08-05:00[America/New_York],2021-02-07T17:13:23-05:00[America/New_York],Yes,2021-02-07,61988,Sunday
1800,<A>,68,2021-02-07T17:13:23-05:00[America/New_York],2021-02-07T17:14:31-05:00[America/New_York],Yes,2021-02-07,62003,Sunday
1800,B,16,2021-02-07T17:14:31-05:00[America/New_York],2021-02-07T17:14:47-05:00[America/New_York],Yes,2021-02-07,62071,Sunday
1800,<A>,82,2021-02-07T17:14:47-05:00[America/New_York],2021-02-07T17:16:09-05:00[America/New_York],NA,2021-02-07,62087,Sunday
1800,B,16,2021-02-07T17:16:09-05:00[America/New_York],2021-02-07T17:16:25-05:00[America/New_York],Yes,2021-02-07,62169,Sunday
1800,<A>,34,2021-02-07T17:16:25-05:00[America/New_York],2021-02-07T17:16:59-05:00[America/New_York],Yes,2021-02-07,62185,Sunday
1800,B,17,2021-02-07T17:16:59-05:00[America/New_York],2021-02-07T17:17:16-05:00[America/New_York],Yes,2021-02-07,62219,Sunday
1800,<A>,83,2021-02-07T17:17:16-05:00[America/New_York],2021-02-07T17:18:39-05:00[America/New_York],NA,2021-02-07,62236,Sunday
1800,B,19,2021-02-07T17:18:39-05:00[America/New_York],2021-02-07T17:18:58-05:00[America/New_York],Yes,2021-02-07,62319,Sunday
1800,<A>,59,2021-02-07T17:18:58-05:00[America/New_York],2021-02-07T17:19:57-05:00[America/New_York],Yes,2021-02-07,62338,Sunday
1800,B,15,2021-02-07T17:19:57-05:00[America/New_York],2021-02-07T17:20:12-05:00[America/New_York],Yes,2021-02-07,62397,Sunday
1800,<A>,80,2021-02-07T17:20:12-05:00[America/New_York],2021-02-07T17:21:32-05:00[America/New_York],Yes,2021-02-07,62412,Sunday
1800,B,22,2021-02-07T17:21:32-05:00[America/New_York],2021-02-07T17:21:54-05:00[America/New_York],NA,2021-02-07,62492,Sunday
1800,<A>,58,2021-02-07T17:21:54-05:00[America/New_York],2021-02-07T17:22:52-05:00[America/New_York],Yes,2021-02-07,62514,Sunday
1800,B,15,2021-02-07T17:22:52-05:00[America/New_York],2021-02-07T17:23:07-05:00[America/New_York],Yes,2021-02-07,62572,Sunday
1800,<A>,98,2021-02-07T17:23:07-05:00[America/New_York],2021-02-07T17:24:45-05:00[America/New_York],NA,2021-02-07,62587,Sunday
1800,B,15,2021-02-07T17:24:45-05:00[America/New_York],2021-02-07T17:25:00-05:00[America/New_York],Yes,2021-02-07,62685,Sunday
1800,<A>,29,2021-02-07T17:25:00-05:00[America/New_York],2021-02-07T17:25:29-05:00[America/New_York],Yes,2021-02-07,62700,Sunday
1800,B,17,2021-02-07T17:25:29-05:00[America/New_York],2021-02-07T17:25:46-05:00[America/New_York],Yes,2021-02-07,62729,Sunday
1800,<A>,35,2021-02-07T17:25:46-05:00[America/New_York],2021-02-07T17:26:21-05:00[America/New_York],Yes,2021-02-07,62746,Sunday
1800,B,16,2021-02-07T17:26:21-05:00[America/New_York],2021-02-07T17:26:37-05:00[America/New_York],Yes,2021-02-07,62781,Sunday
1800,<A>,118,2021-02-07T17:26:37-05:00[America/New_York],2021-02-07T17:28:35-05:00[America/New_York],Yes,2021-02-07,62797,Sunday
1800,B,22,2021-02-07T17:28:35-05:00[America/New_York],2021-02-07T17:28:57-05:00[America/New_York],Yes,2021-02-07,62915,Sunday
1800,<A>,42,2021-02-07T17:28:57-05:00[America/New_York],2021-02-07T17:29:39-05:00[America/New_York],Yes,2021-02-07,62937,Sunday
1800,B,15,2021-02-07T17:29:39-05:00[America/New_York],2021-02-07T17:29:54-05:00[America/New_York],Yes,2021-02-07,62979,Sunday
1800,<A>,58,2021-02-07T17:29:54-05:00[America/New_York],2021-02-07T17:30:52-05:00[America/New_York],Yes,2021-02-07,62994,Sunday
1800,B,24,2021-02-07T17:30:52-05:00[America/New_York],2021-02-07T17:31:16-05:00[America/New_York],NA,2021-02-07,63052,Sunday
1800,<A>,31,2021-02-07T17:31:16-05:00[America/New_York],2021-02-07T17:31:47-05:00[America/New_York],Yes,2021-02-07,63076,Sunday
1800,B,16,2021-02-07T17:31:47-05:00[America/New_York],2021-02-07T17:32:03-05:00[America/New_York],Yes,2021-02-07,63107,Sunday
1800,<A>,27,2021-02-07T17:32:03-05:00[America/New_York],2021-02-07T17:32:30-05:00[America/New_York],Yes,2021-02-07,63123,Sunday
1800,B,15,2021-02-07T17:32:30-05:00[America/New_York],2021-02-07T17:32:45-05:00[America/New_York],Yes,2021-02-07,63150,Sunday
1800,<A>,26,2021-02-07T17:32:45-05:00[America/New_York],2021-02-07T17:33:11-05:00[America/New_York],Yes,2021-02-07,63165,Sunday
1800,B,21,2021-02-07T17:33:11-05:00[America/New_York],2021-02-07T17:33:32-05:00[America/New_York],Yes,2021-02-07,63191,Sunday
1800,<A>,35,2021-02-07T17:33:32-05:00[America/New_York],2021-02-07T17:34:07-05:00[America/New_York],Yes,2021-02-07,63212,Sunday
1800,B,17,2021-02-07T17:34:07-05:00[America/New_York],2021-02-07T17:34:24-05:00[America/New_York],Yes,2021-02-07,63247,Sunday
1800,<A>,58,2021-02-07T17:34:24-05:00[America/New_York],2021-02-07T17:35:22-05:00[America/New_York],Yes,2021-02-07,63264,Sunday
1800,B,21,2021-02-07T17:35:22-05:00[America/New_York],2021-02-07T17:35:43-05:00[America/New_York],Yes,2021-02-07,63322,Sunday
1800,<A>,47,2021-02-07T17:35:43-05:00[America/New_York],2021-02-07T17:36:30-05:00[America/New_York],Yes,2021-02-07,63343,Sunday
1800,B,16,2021-02-07T17:36:30-05:00[America/New_York],2021-02-07T17:36:46-05:00[America/New_York],Yes,2021-02-07,63390,Sunday
1800,<A>,27,2021-02-07T17:36:46-05:00[America/New_York],2021-02-07T17:37:13-05:00[America/New_York],Yes,2021-02-07,63406,Sunday
1800,B,15,2021-02-07T17:37:13-05:00[America/New_York],2021-02-07T17:37:28-05:00[America/New_York],Yes,2021-02-07,63433,Sunday
1800,<A>,33,2021-02-07T17:37:28-05:00[America/New_York],2021-02-07T17:38:01-05:00[America/New_York],Yes,2021-02-07,63448,Sunday
1800,B,15,2021-02-07T17:38:01-05:00[America/New_York],2021-02-07T17:38:16-05:00[America/New_York],Yes,2021-02-07,63481,Sunday
1800,<A>,77,2021-02-07T17:38:16-05:00[America/New_York],2021-02-07T17:39:33-05:00[America/New_York],NA,2021-02-07,63496,Sunday
1800,B,15,2021-02-07T17:39:33-05:00[America/New_York],2021-02-07T17:39:48-05:00[America/New_York],Yes,2021-02-07,63573,Sunday
1800,<A>,39,2021-02-07T17:39:48-05:00[America/New_York],2021-02-07T17:40:27-05:00[America/New_York],Yes,2021-02-07,63588,Sunday
1800,B,16,2021-02-07T17:40:27-05:00[America/New_York],2021-02-07T17:40:43-05:00[America/New_York],Yes,2021-02-07,63627,Sunday
1800,<A>,27,2021-02-07T17:40:43-05:00[America/New_York],2021-02-07T17:41:10-05:00[America/New_York],Yes,2021-02-07,63643,Sunday
1800,B,15,2021-02-07T17:41:10-05:00[America/New_York],2021-02-07T17:41:25-05:00[America/New_York],Yes,2021-02-07,63670,Sunday
1800,<A>,33,2021-02-07T17:41:25-05:00[America/New_York],2021-02-07T17:41:58-05:00[America/New_York],Yes,2021-02-07,63685,Sunday
1800,B,15,2021-02-07T17:41:58-05:00[America/New_York],2021-02-07T17:42:13-05:00[America/New_York],Yes,2021-02-07,63718,Sunday
1800,<A>,33,2021-02-07T17:42:13-05:00[America/New_York],2021-02-07T17:42:46-05:00[America/New_York],Yes,2021-02-07,63733,Sunday
1800,B,16,2021-02-07T17:42:46-05:00[America/New_York],2021-02-07T17:43:02-05:00[America/New_York],Yes,2021-02-07,63766,Sunday
1800,<A>,38,2021-02-07T17:43:02-05:00[America/New_York],2021-02-07T17:43:40-05:00[America/New_York],Yes,2021-02-07,63782,Sunday
1800,B,16,2021-02-07T17:43:40-05:00[America/New_York],2021-02-07T17:43:56-05:00[America/New_York],Yes,2021-02-07,63820,Sunday
1800,<A>,26,2021-02-07T17:43:56-05:00[America/New_York],2021-02-07T17:44:22-05:00[America/New_York],Yes,2021-02-07,63836,Sunday
1800,B,19,2021-02-07T17:44:22-05:00[America/New_York],2021-02-07T17:44:41-05:00[America/New_York],Yes,2021-02-07,63862,Sunday
1800,<A>,76,2021-02-07T17:44:41-05:00[America/New_York],2021-02-07T17:45:57-05:00[America/New_York],NA,2021-02-07,63881,Sunday
1800,B,16,2021-02-07T17:45:57-05:00[America/New_York],2021-02-07T17:46:13-05:00[America/New_York],Yes,2021-02-07,63957,Sunday
1800,<A>,26,2021-02-07T17:46:13-05:00[America/New_York],2021-02-07T17:46:39-05:00[America/New_York],Yes,2021-02-07,63973,Sunday
1800,B,17,2021-02-07T17:46:39-05:00[America/New_York],2021-02-07T17:46:56-05:00[America/New_York],Yes,2021-02-07,63999,Sunday
1800,<A>,56,2021-02-07T17:46:56-05:00[America/New_York],2021-02-07T17:47:52-05:00[America/New_York],Yes,2021-02-07,64016,Sunday
1800,B,24,2021-02-07T17:47:52-05:00[America/New_York],2021-02-07T17:48:16-05:00[America/New_York],NA,2021-02-07,64072,Sunday
1800,<A>,125,2021-02-07T17:48:16-05:00[America/New_York],2021-02-07T17:50:21-05:00[America/New_York],Yes,2021-02-07,64096,Sunday
1800,B,24,2021-02-07T17:50:21-05:00[America/New_York],2021-02-07T17:50:45-05:00[America/New_York],NA,2021-02-07,64221,Sunday
1800,<A>,26,2021-02-07T17:50:45-05:00[America/New_York],2021-02-07T17:51:11-05:00[America/New_York],Yes,2021-02-07,64245,Sunday
1800,B,18,2021-02-07T17:51:11-05:00[America/New_York],2021-02-07T17:51:29-05:00[America/New_York],Yes,2021-02-07,64271,Sunday
1800,<A>,36,2021-02-07T17:51:29-05:00[America/New_York],2021-02-07T17:52:05-05:00[America/New_York],Yes,2021-02-07,64289,Sunday
1800,B,20,2021-02-07T17:52:05-05:00[America/New_York],2021-02-07T17:52:25-05:00[America/New_York],Yes,2021-02-07,64325,Sunday
1800,<A>,149,2021-02-07T17:52:25-05:00[America/New_York],2021-02-07T17:54:54-05:00[America/New_York],Yes,2021-02-07,64345,Sunday
1800,B,17,2021-02-07T17:54:54-05:00[America/New_York],2021-02-07T17:55:11-05:00[America/New_York],Yes,2021-02-07,64494,Sunday
1800,<A>,30,2021-02-07T17:55:11-05:00[America/New_York],2021-02-07T17:55:41-05:00[America/New_York],Yes,2021-02-07,64511,Sunday
1800,B,17,2021-02-07T17:55:41-05:00[America/New_York],2021-02-07T17:55:58-05:00[America/New_York],Yes,2021-02-07,64541,Sunday
1800,<A>,106,2021-02-07T17:55:58-05:00[America/New_York],2021-02-07T17:57:44-05:00[America/New_York],NA,2021-02-07,64558,Sunday
1800,B,18,2021-02-07T17:57:44-05:00[America/New_York],2021-02-07T17:58:02-05:00[America/New_York],Yes,2021-02-07,64664,Sunday
1800,<A>,47,2021-02-07T17:58:02-05:00[America/New_York],2021-02-07T17:58:49-05:00[America/New_York],Yes,2021-02-07,64682,Sunday
1800,B,21,2021-02-07T17:58:49-05:00[America/New_York],2021-02-07T17:59:10-05:00[America/New_York],Yes,2021-02-07,64729,Sunday
1800,<A>,134,2021-02-07T17:59:10-05:00[America/New_York],2021-02-07T18:01:24-05:00[America/New_York],NA,2021-02-07,64750,Sunday
1800,B,22,2021-02-07T18:01:24-05:00[America/New_York],2021-02-07T18:01:46-05:00[America/New_York],Yes,2021-02-07,64884,Sunday
1800,<A>,80,2021-02-07T18:01:46-05:00[America/New_York],2021-02-07T18:03:06-05:00[America/New_York],NA,2021-02-07,64906,Sunday
1800,B,19,2021-02-07T18:03:06-05:00[America/New_York],2021-02-07T18:03:25-05:00[America/New_York],Yes,2021-02-07,64986,Sunday
1800,<A>,63,2021-02-07T18:03:25-05:00[America/New_York],2021-02-07T18:04:28-05:00[America/New_York],Yes,2021-02-07,65005,Sunday
1800,B,15,2021-02-07T18:04:28-05:00[America/New_York],2021-02-07T18:04:43-05:00[America/New_York],Yes,2021-02-07,65068,Sunday
1800,<A>,59,2021-02-07T18:04:43-05:00[America/New_York],2021-02-07T18:05:42-05:00[America/New_York],Yes,2021-02-07,65083,Sunday
1800,B,15,2021-02-07T18:05:42-05:00[America/New_York],2021-02-07T18:05:57-05:00[America/New_York],Yes,2021-02-07,65142,Sunday
1800,<A>,74,2021-02-07T18:05:57-05:00[America/New_York],2021-02-07T18:07:11-05:00[America/New_York],Yes,2021-02-07,65157,Sunday
1800,B,17,2021-02-07T18:07:11-05:00[America/New_York],2021-02-07T18:07:28-05:00[America/New_York],Yes,2021-02-07,65231,Sunday
1800,<A>,38,2021-02-07T18:07:28-05:00[America/New_York],2021-02-07T18:08:06-05:00[America/New_York],Yes,2021-02-07,65248,Sunday
1800,B,17,2021-02-07T18:08:06-05:00[America/New_York],2021-02-07T18:08:23-05:00[America/New_York],Yes,2021-02-07,65286,Sunday
1800,<A>,27,2021-02-07T18:08:23-05:00[America/New_York],2021-02-07T18:08:50-05:00[America/New_York],Yes,2021-02-07,65303,Sunday
1800,B,15,2021-02-07T18:08:50-05:00[America/New_York],2021-02-07T18:09:05-05:00[America/New_York],Yes,2021-02-07,65330,Sunday
1800,<A>,69,2021-02-07T18:09:05-05:00[America/New_York],2021-02-07T18:10:14-05:00[America/New_York],Yes,2021-02-07,65345,Sunday
1800,B,15,2021-02-07T18:10:14-05:00[America/New_York],2021-02-07T18:10:29-05:00[America/New_York],Yes,2021-02-07,65414,Sunday
1800,<A>,46,2021-02-07T18:10:29-05:00[America/New_York],2021-02-07T18:11:15-05:00[America/New_York],Yes,2021-02-07,65429,Sunday
1800,B,16,2021-02-07T18:11:15-05:00[America/New_York],2021-02-07T18:11:31-05:00[America/New_York],Yes,2021-02-07,65475,Sunday
1800,<A>,76,2021-02-07T18:11:31-05:00[America/New_York],2021-02-07T18:12:47-05:00[America/New_York],NA,2021-02-07,65491,Sunday
1800,B,15,2021-02-07T18:12:47-05:00[America/New_York],2021-02-07T18:13:02-05:00[America/New_York],Yes,2021-02-07,65567,Sunday
1800,<A>,45,2021-02-07T18:13:02-05:00[America/New_York],2021-02-07T18:13:47-05:00[America/New_York],Yes,2021-02-07,65582,Sunday
1800,B,15,2021-02-07T18:13:47-05:00[America/New_York],2021-02-07T18:14:02-05:00[America/New_York],Yes,2021-02-07,65627,Sunday
1800,<A>,39,2021-02-07T18:14:02-05:00[America/New_York],2021-02-07T18:14:41-05:00[America/New_York],Yes,2021-02-07,65642,Sunday
1800,B,16,2021-02-07T18:14:41-05:00[America/New_York],2021-02-07T18:14:57-05:00[America/New_York],Yes,2021-02-07,65681,Sunday
1800,<A>,104,2021-02-07T18:14:57-05:00[America/New_York],2021-02-07T18:16:41-05:00[America/New_York],NA,2021-02-07,65697,Sunday
1800,B,17,2021-02-07T18:16:41-05:00[America/New_York],2021-02-07T18:16:58-05:00[America/New_York],Yes,2021-02-07,65801,Sunday
1800,<A>,44,2021-02-07T18:16:58-05:00[America/New_York],2021-02-07T18:17:42-05:00[America/New_York],Yes,2021-02-07,65818,Sunday
1800,B,15,2021-02-07T18:17:42-05:00[America/New_York],2021-02-07T18:17:57-05:00[America/New_York],Yes,2021-02-07,65862,Sunday
1800,<A>,40,2021-02-07T18:17:57-05:00[America/New_York],2021-02-07T18:18:37-05:00[America/New_York],Yes,2021-02-07,65877,Sunday
1800,B,15,2021-02-07T18:18:37-05:00[America/New_York],2021-02-07T18:18:52-05:00[America/New_York],Yes,2021-02-07,65917,Sunday
1800,<A>,48,2021-02-07T18:18:52-05:00[America/New_York],2021-02-07T18:19:40-05:00[America/New_York],Yes,2021-02-07,65932,Sunday
1800,B,21,2021-02-07T18:19:40-05:00[America/New_York],2021-02-07T18:20:01-05:00[America/New_York],Yes,2021-02-07,65980,Sunday
1800,<A>,65,2021-02-07T18:20:01-05:00[America/New_York],2021-02-07T18:21:06-05:00[America/New_York],Yes,2021-02-07,66001,Sunday
1800,B,16,2021-02-07T18:21:06-05:00[America/New_York],2021-02-07T18:21:22-05:00[America/New_York],Yes,2021-02-07,66066,Sunday
1800,<A>,68,2021-02-07T18:21:22-05:00[America/New_York],2021-02-07T18:22:30-05:00[America/New_York],Yes,2021-02-07,66082,Sunday
1800,B,16,2021-02-07T18:22:30-05:00[America/New_York],2021-02-07T18:22:46-05:00[America/New_York],Yes,2021-02-07,66150,Sunday
1800,<A>,28,2021-02-07T18:22:46-05:00[America/New_York],2021-02-07T18:23:14-05:00[America/New_York],Yes,2021-02-07,66166,Sunday
1800,B,15,2021-02-07T18:23:14-05:00[America/New_York],2021-02-07T18:23:29-05:00[America/New_York],Yes,2021-02-07,66194,Sunday
1800,<A>,50,2021-02-07T18:23:29-05:00[America/New_York],2021-02-07T18:24:19-05:00[America/New_York],Yes,2021-02-07,66209,Sunday
1800,B,16,2021-02-07T18:24:19-05:00[America/New_York],2021-02-07T18:24:35-05:00[America/New_York],Yes,2021-02-07,66259,Sunday
1800,<A>,92,2021-02-07T18:24:35-05:00[America/New_York],2021-02-07T18:26:07-05:00[America/New_York],NA,2021-02-07,66275,Sunday
1800,B,15,2021-02-07T18:26:07-05:00[America/New_York],2021-02-07T18:26:22-05:00[America/New_York],Yes,2021-02-07,66367,Sunday
1800,<A>,114,2021-02-07T18:26:22-05:00[America/New_York],2021-02-07T18:28:16-05:00[America/New_York],Yes,2021-02-07,66382,Sunday
1800,B,24,2021-02-07T18:28:16-05:00[America/New_York],2021-02-07T18:28:40-05:00[America/New_York],NA,2021-02-07,66496,Sunday
1800,<A>,35,2021-02-07T18:28:40-05:00[America/New_York],2021-02-07T18:29:15-05:00[America/New_York],Yes,2021-02-07,66520,Sunday
1800,B,15,2021-02-07T18:29:15-05:00[America/New_York],2021-02-07T18:29:30-05:00[America/New_York],Yes,2021-02-07,66555,Sunday
1800,<A>,49,2021-02-07T18:29:30-05:00[America/New_York],2021-02-07T18:30:19-05:00[America/New_York],Yes,2021-02-07,66570,Sunday
1800,B,16,2021-02-07T18:30:19-05:00[America/New_York],2021-02-07T18:30:35-05:00[America/New_York],Yes,2021-02-07,66619,Sunday
1800,<A>,26,2021-02-07T18:30:35-05:00[America/New_York],2021-02-07T18:31:01-05:00[America/New_York],Yes,2021-02-07,66635,Sunday
1800,B,15,2021-02-07T18:31:01-05:00[America/New_York],2021-02-07T18:31:16-05:00[America/New_York],Yes,2021-02-07,66661,Sunday
1800,<A>,31,2021-02-07T18:31:16-05:00[America/New_York],2021-02-07T18:31:47-05:00[America/New_York],Yes,2021-02-07,66676,Sunday
1800,B,15,2021-02-07T18:31:47-05:00[America/New_York],2021-02-07T18:32:02-05:00[America/New_York],Yes,2021-02-07,66707,Sunday
1800,<A>,29,2021-02-07T18:32:02-05:00[America/New_York],2021-02-07T18:32:31-05:00[America/New_York],Yes,2021-02-07,66722,Sunday
1800,B,17,2021-02-07T18:32:31-05:00[America/New_York],2021-02-07T18:32:48-05:00[America/New_York],Yes,2021-02-07,66751,Sunday
1800,<A>,61,2021-02-07T18:32:48-05:00[America/New_York],2021-02-07T18:33:49-05:00[America/New_York],Yes,2021-02-07,66768,Sunday
1800,B,19,2021-02-07T18:33:49-05:00[America/New_York],2021-02-07T18:34:08-05:00[America/New_York],Yes,2021-02-07,66829,Sunday
1800,<A>,30,2021-02-07T18:34:08-05:00[America/New_York],2021-02-07T18:34:38-05:00[America/New_York],Yes,2021-02-07,66848,Sunday
1800,B,17,2021-02-07T18:34:38-05:00[America/New_York],2021-02-07T18:34:55-05:00[America/New_York],Yes,2021-02-07,66878,Sunday
1800,<A>,46,2021-02-07T18:34:55-05:00[America/New_York],2021-02-07T18:35:41-05:00[America/New_York],Yes,2021-02-07,66895,Sunday
1800,B,19,2021-02-07T18:35:41-05:00[America/New_York],2021-02-07T18:36:00-05:00[America/New_York],Yes,2021-02-07,66941,Sunday
1800,<A>,37,2021-02-07T18:36:00-05:00[America/New_York],2021-02-07T18:36:37-05:00[America/New_York],Yes,2021-02-07,66960,Sunday
1800,B,18,2021-02-07T18:36:37-05:00[America/New_York],2021-02-07T18:36:55-05:00[America/New_York],Yes,2021-02-07,66997,Sunday
1800,<A>,26,2021-02-07T18:36:55-05:00[America/New_York],2021-02-07T18:37:21-05:00[America/New_York],Yes,2021-02-07,67015,Sunday
1800,B,19,2021-02-07T18:37:21-05:00[America/New_York],2021-02-07T18:37:40-05:00[America/New_York],Yes,2021-02-07,67041,Sunday
1800,<A>,70,2021-02-07T18:37:40-05:00[America/New_York],2021-02-07T18:38:50-05:00[America/New_York],Yes,2021-02-07,67060,Sunday
1800,B,15,2021-02-07T18:38:50-05:00[America/New_York],2021-02-07T18:39:05-05:00[America/New_York],Yes,2021-02-07,67130,Sunday
1800,<A>,27,2021-02-07T18:39:05-05:00[America/New_York],2021-02-07T18:39:32-05:00[America/New_York],Yes,2021-02-07,67145,Sunday
1800,B,15,2021-02-07T18:39:32-05:00[America/New_York],2021-02-07T18:39:47-05:00[America/New_York],Yes,2021-02-07,67172,Sunday
1800,<A>,26,2021-02-07T18:39:47-05:00[America/New_York],2021-02-07T18:40:13-05:00[America/New_York],Yes,2021-02-07,67187,Sunday
1800,B,16,2021-02-07T18:40:13-05:00[America/New_York],2021-02-07T18:40:29-05:00[America/New_York],Yes,2021-02-07,67213,Sunday
1800,<A>,27,2021-02-07T18:40:29-05:00[America/New_York],2021-02-07T18:40:56-05:00[America/New_York],Yes,2021-02-07,67229,Sunday
1800,B,17,2021-02-07T18:40:56-05:00[America/New_York],2021-02-07T18:41:13-05:00[America/New_York],Yes,2021-02-07,67256,Sunday
1800,<A>,71,2021-02-07T18:41:13-05:00[America/New_York],2021-02-07T18:42:24-05:00[America/New_York],Yes,2021-02-07,67273,Sunday
1800,B,19,2021-02-07T18:42:24-05:00[America/New_York],2021-02-07T18:42:43-05:00[America/New_York],Yes,2021-02-07,67344,Sunday
1800,<A>,134,2021-02-07T18:42:43-05:00[America/New_York],2021-02-07T18:44:57-05:00[America/New_York],Yes,2021-02-07,67363,Sunday
1800,B,15,2021-02-07T18:44:57-05:00[America/New_York],2021-02-07T18:45:12-05:00[America/New_York],Yes,2021-02-07,67497,Sunday
1800,<A>,83,2021-02-07T18:45:12-05:00[America/New_York],2021-02-07T18:46:35-05:00[America/New_York],NA,2021-02-07,67512,Sunday
1800,B,15,2021-02-07T18:46:35-05:00[America/New_York],2021-02-07T18:46:50-05:00[America/New_York],Yes,2021-02-07,67595,Sunday
1800,<A>,80,2021-02-07T18:46:50-05:00[America/New_York],2021-02-07T18:48:10-05:00[America/New_York],Yes,2021-02-07,67610,Sunday
1800,B,15,2021-02-07T18:48:10-05:00[America/New_York],2021-02-07T18:48:25-05:00[America/New_York],Yes,2021-02-07,67690,Sunday
1800,<A>,65,2021-02-07T18:48:25-05:00[America/New_York],2021-02-07T18:49:30-05:00[America/New_York],Yes,2021-02-07,67705,Sunday
1800,B,16,2021-02-07T18:49:30-05:00[America/New_York],2021-02-07T18:49:46-05:00[America/New_York],Yes,2021-02-07,67770,Sunday
1800,<A>,70,2021-02-07T18:49:46-05:00[America/New_York],2021-02-07T18:50:56-05:00[America/New_York],Yes,2021-02-07,67786,Sunday
1800,B,15,2021-02-07T18:50:56-05:00[America/New_York],2021-02-07T18:51:11-05:00[America/New_York],Yes,2021-02-07,67856,Sunday
1800,<A>,28,2021-02-07T18:51:11-05:00[America/New_York],2021-02-07T18:51:39-05:00[America/New_York],Yes,2021-02-07,67871,Sunday
1800,B,15,2021-02-07T18:51:39-05:00[America/New_York],2021-02-07T18:51:54-05:00[America/New_York],Yes,2021-02-07,67899,Sunday
1800,<A>,29,2021-02-07T18:51:54-05:00[America/New_York],2021-02-07T18:52:23-05:00[America/New_York],Yes,2021-02-07,67914,Sunday
1800,B,15,2021-02-07T18:52:23-05:00[America/New_York],2021-02-07T18:52:38-05:00[America/New_York],Yes,2021-02-07,67943,Sunday
1800,<A>,32,2021-02-07T18:52:38-05:00[America/New_York],2021-02-07T18:53:10-05:00[America/New_York],Yes,2021-02-07,67958,Sunday
1800,B,15,2021-02-07T18:53:10-05:00[America/New_York],2021-02-07T18:53:25-05:00[America/New_York],Yes,2021-02-07,67990,Sunday
1800,<A>,229,2021-02-07T18:53:25-05:00[America/New_York],2021-02-07T18:57:14-05:00[America/New_York],Yes,2021-02-07,68005,Sunday
1800,B,15,2021-02-07T18:57:14-05:00[America/New_York],2021-02-07T18:57:29-05:00[America/New_York],Yes,2021-02-07,68234,Sunday
1800,<A>,32,2021-02-07T18:57:29-05:00[America/New_York],2021-02-07T18:58:01-05:00[America/New_York],Yes,2021-02-07,68249,Sunday
1800,B,15,2021-02-07T18:58:01-05:00[America/New_York],2021-02-07T18:58:16-05:00[America/New_York],Yes,2021-02-07,68281,Sunday
1800,<A>,80,2021-02-07T18:58:16-05:00[America/New_York],2021-02-07T18:59:36-05:00[America/New_York],NA,2021-02-07,68296,Sunday
1800,B,17,2021-02-07T18:59:36-05:00[America/New_York],2021-02-07T18:59:53-05:00[America/New_York],Yes,2021-02-07,68376,Sunday
1800,<A>,63,2021-02-07T18:59:53-05:00[America/New_York],2021-02-07T19:00:56-05:00[America/New_York],Yes,2021-02-07,68393,Sunday
1800,B,16,2021-02-07T19:00:56-05:00[America/New_York],2021-02-07T19:01:12-05:00[America/New_York],Yes,2021-02-07,68456,Sunday
1800,<A>,41,2021-02-07T19:01:12-05:00[America/New_York],2021-02-07T19:01:53-05:00[America/New_York],Yes,2021-02-07,68472,Sunday
1800,B,15,2021-02-07T19:01:53-05:00[America/New_York],2021-02-07T19:02:08-05:00[America/New_York],Yes,2021-02-07,68513,Sunday
1800,<A>,75,2021-02-07T19:02:08-05:00[America/New_York],2021-02-07T19:03:23-05:00[America/New_York],NA,2021-02-07,68528,Sunday
1800,B,18,2021-02-07T19:03:23-05:00[America/New_York],2021-02-07T19:03:41-05:00[America/New_York],Yes,2021-02-07,68603,Sunday
1800,<A>,94,2021-02-07T19:03:41-05:00[America/New_York],2021-02-07T19:05:15-05:00[America/New_York],NA,2021-02-07,68621,Sunday
1800,B,15,2021-02-07T19:05:15-05:00[America/New_York],2021-02-07T19:05:30-05:00[America/New_York],Yes,2021-02-07,68715,Sunday
1800,<A>,35,2021-02-07T19:05:30-05:00[America/New_York],2021-02-07T19:06:05-05:00[America/New_York],Yes,2021-02-07,68730,Sunday
1800,B,19,2021-02-07T19:06:05-05:00[America/New_York],2021-02-07T19:06:24-05:00[America/New_York],Yes,2021-02-07,68765,Sunday
1800,<A>,311,2021-02-07T19:06:24-05:00[America/New_York],2021-02-07T19:11:35-05:00[America/New_York],NA,2021-02-07,68784,Sunday
1800,B,16,2021-02-07T19:11:35-05:00[America/New_York],2021-02-07T19:11:51-05:00[America/New_York],Yes,2021-02-07,69095,Sunday
1800,<A>,69,2021-02-07T19:11:51-05:00[America/New_York],2021-02-07T19:13:00-05:00[America/New_York],Yes,2021-02-07,69111,Sunday
1800,B,15,2021-02-07T19:13:00-05:00[America/New_York],2021-02-07T19:13:15-05:00[America/New_York],Yes,2021-02-07,69180,Sunday
1800,<A>,42,2021-02-07T19:13:15-05:00[America/New_York],2021-02-07T19:13:57-05:00[America/New_York],Yes,2021-02-07,69195,Sunday
1800,B,15,2021-02-07T19:13:57-05:00[America/New_York],2021-02-07T19:14:12-05:00[America/New_York],Yes,2021-02-07,69237,Sunday
1800,<A>,152,2021-02-07T19:14:12-05:00[America/New_York],2021-02-07T19:16:44-05:00[America/New_York],Yes,2021-02-07,69252,Sunday
1800,B,16,2021-02-07T19:16:44-05:00[America/New_York],2021-02-07T19:17:00-05:00[America/New_York],Yes,2021-02-07,69404,Sunday
1800,<A>,87,2021-02-07T19:17:00-05:00[America/New_York],2021-02-07T19:18:27-05:00[America/New_York],NA,2021-02-07,69420,Sunday
1800,B,16,2021-02-07T19:18:27-05:00[America/New_York],2021-02-07T19:18:43-05:00[America/New_York],Yes,2021-02-07,69507,Sunday
1800,<A>,47,2021-02-07T19:18:43-05:00[America/New_York],2021-02-07T19:19:30-05:00[America/New_York],Yes,2021-02-07,69523,Sunday
1800,B,15,2021-02-07T19:19:30-05:00[America/New_York],2021-02-07T19:19:45-05:00[America/New_York],Yes,2021-02-07,69570,Sunday
1800,<A>,92,2021-02-07T19:19:45-05:00[America/New_York],2021-02-07T19:21:17-05:00[America/New_York],NA,2021-02-07,69585,Sunday
1800,B,15,2021-02-07T19:21:17-05:00[America/New_York],2021-02-07T19:21:32-05:00[America/New_York],Yes,2021-02-07,69677,Sunday
1800,<A>,182,2021-02-07T19:21:32-05:00[America/New_York],2021-02-07T19:24:34-05:00[America/New_York],NA,2021-02-07,69692,Sunday
1800,B,16,2021-02-07T19:24:34-05:00[America/New_York],2021-02-07T19:24:50-05:00[America/New_York],Yes,2021-02-07,69874,Sunday
1800,<A>,102,2021-02-07T19:24:50-05:00[America/New_York],2021-02-07T19:26:32-05:00[America/New_York],NA,2021-02-07,69890,Sunday
1800,B,17,2021-02-07T19:26:32-05:00[America/New_York],2021-02-07T19:26:49-05:00[America/New_York],Yes,2021-02-07,69992,Sunday
1800,<A>,66,2021-02-07T19:26:49-05:00[America/New_York],2021-02-07T19:27:55-05:00[America/New_York],Yes,2021-02-07,70009,Sunday
1800,B,15,2021-02-07T19:27:55-05:00[America/New_York],2021-02-07T19:28:10-05:00[America/New_York],Yes,2021-02-07,70075,Sunday
1800,<A>,71,2021-02-07T19:28:10-05:00[America/New_York],2021-02-07T19:29:21-05:00[America/New_York],Yes,2021-02-07,70090,Sunday
1800,B,15,2021-02-07T19:29:21-05:00[America/New_York],2021-02-07T19:29:36-05:00[America/New_York],Yes,2021-02-07,70161,Sunday
1800,<A>,26,2021-02-07T19:29:36-05:00[America/New_York],2021-02-07T19:30:02-05:00[America/New_York],Yes,2021-02-07,70176,Sunday
1800,B,16,2021-02-07T19:30:02-05:00[America/New_York],2021-02-07T19:30:18-05:00[America/New_York],Yes,2021-02-07,70202,Sunday
1800,<A>,114,2021-02-07T19:30:18-05:00[America/New_York],2021-02-07T19:32:12-05:00[America/New_York],Yes,2021-02-07,70218,Sunday
1800,B,15,2021-02-07T19:32:12-05:00[America/New_York],2021-02-07T19:32:27-05:00[America/New_York],Yes,2021-02-07,70332,Sunday
1800,<A>,184,2021-02-07T19:32:27-05:00[America/New_York],2021-02-07T19:35:31-05:00[America/New_York],NA,2021-02-07,70347,Sunday
1800,B,15,2021-02-07T19:35:31-05:00[America/New_York],2021-02-07T19:35:46-05:00[America/New_York],Yes,2021-02-07,70531,Sunday
1800,<A>,41,2021-02-07T19:35:46-05:00[America/New_York],2021-02-07T19:36:27-05:00[America/New_York],Yes,2021-02-07,70546,Sunday
1800,B,15,2021-02-07T19:36:27-05:00[America/New_York],2021-02-07T19:36:42-05:00[America/New_York],Yes,2021-02-07,70587,Sunday
1800,<A>,73,2021-02-07T19:36:42-05:00[America/New_York],2021-02-07T19:37:55-05:00[America/New_York],NA,2021-02-07,70602,Sunday
1800,B,15,2021-02-07T19:37:55-05:00[America/New_York],2021-02-07T19:38:10-05:00[America/New_York],Yes,2021-02-07,70675,Sunday
1800,<A>,26,2021-02-07T19:38:10-05:00[America/New_York],2021-02-07T19:38:36-05:00[America/New_York],Yes,2021-02-07,70690,Sunday
1800,B,16,2021-02-07T19:38:36-05:00[America/New_York],2021-02-07T19:38:52-05:00[America/New_York],Yes,2021-02-07,70716,Sunday
1800,<A>,270,2021-02-07T19:38:52-05:00[America/New_York],2021-02-07T19:43:22-05:00[America/New_York],NA,2021-02-07,70732,Sunday
1800,B,17,2021-02-07T19:43:22-05:00[America/New_York],2021-02-07T19:43:39-05:00[America/New_York],Yes,2021-02-07,71002,Sunday
1800,<A>,55,2021-02-07T19:43:39-05:00[America/New_York],2021-02-07T19:44:34-05:00[America/New_York],Yes,2021-02-07,71019,Sunday
1800,B,18,2021-02-07T19:44:34-05:00[America/New_York],2021-02-07T19:44:52-05:00[America/New_York],Yes,2021-02-07,71074,Sunday
1800,<A>,110,2021-02-07T19:44:52-05:00[America/New_York],2021-02-07T19:46:42-05:00[America/New_York],Yes,2021-02-07,71092,Sunday
1800,B,15,2021-02-07T19:46:42-05:00[America/New_York],2021-02-07T19:46:57-05:00[America/New_York],Yes,2021-02-07,71202,Sunday
1800,<A>,27,2021-02-07T19:46:57-05:00[America/New_York],2021-02-07T19:47:24-05:00[America/New_York],Yes,2021-02-07,71217,Sunday
1800,B,16,2021-02-07T19:47:24-05:00[America/New_York],2021-02-07T19:47:40-05:00[America/New_York],Yes,2021-02-07,71244,Sunday
1800,<A>,87,2021-02-07T19:47:40-05:00[America/New_York],2021-02-07T19:49:07-05:00[America/New_York],NA,2021-02-07,71260,Sunday
1800,B,15,2021-02-07T19:49:07-05:00[America/New_York],2021-02-07T19:49:22-05:00[America/New_York],Yes,2021-02-07,71347,Sunday
1800,<A>,31,2021-02-07T19:49:22-05:00[America/New_York],2021-02-07T19:49:53-05:00[America/New_York],Yes,2021-02-07,71362,Sunday
1800,B,21,2021-02-07T19:49:53-05:00[America/New_York],2021-02-07T19:50:14-05:00[America/New_York],Yes,2021-02-07,71393,Sunday
1800,<A>,26,2021-02-07T19:50:14-05:00[America/New_York],2021-02-07T19:50:40-05:00[America/New_York],Yes,2021-02-07,71414,Sunday
1800,B,16,2021-02-07T19:50:40-05:00[America/New_York],2021-02-07T19:50:56-05:00[America/New_York],Yes,2021-02-07,71440,Sunday
1800,<A>,469,2021-02-07T19:50:56-05:00[America/New_York],2021-02-07T19:58:45-05:00[America/New_York],NA,2021-02-07,71456,Sunday
1800,B,15,2021-02-07T19:58:45-05:00[America/New_York],2021-02-07T19:59:00-05:00[America/New_York],Yes,2021-02-07,71925,Sunday
1800,<A>,127,2021-02-07T19:59:00-05:00[America/New_York],2021-02-07T20:01:07-05:00[America/New_York],Yes,2021-02-07,71940,Sunday
1800,B,15,2021-02-07T20:01:07-05:00[America/New_York],2021-02-07T20:01:22-05:00[America/New_York],Yes,2021-02-07,72067,Sunday
1800,<A>,52,2021-02-07T20:01:22-05:00[America/New_York],2021-02-07T20:02:14-05:00[America/New_York],Yes,2021-02-07,72082,Sunday
1800,B,15,2021-02-07T20:02:14-05:00[America/New_York],2021-02-07T20:02:29-05:00[America/New_York],Yes,2021-02-07,72134,Sunday
1800,<A>,133,2021-02-07T20:02:29-05:00[America/New_York],2021-02-07T20:04:42-05:00[America/New_York],Yes,2021-02-07,72149,Sunday
1800,B,15,2021-02-07T20:04:42-05:00[America/New_York],2021-02-07T20:04:57-05:00[America/New_York],Yes,2021-02-07,72282,Sunday
1800,<A>,37,2021-02-07T20:04:57-05:00[America/New_York],2021-02-07T20:05:34-05:00[America/New_York],Yes,2021-02-07,72297,Sunday
1800,B,15,2021-02-07T20:05:34-05:00[America/New_York],2021-02-07T20:05:49-05:00[America/New_York],Yes,2021-02-07,72334,Sunday
1800,<A>,28,2021-02-07T20:05:49-05:00[America/New_York],2021-02-07T20:06:17-05:00[America/New_York],Yes,2021-02-07,72349,Sunday
1800,B,15,2021-02-07T20:06:17-05:00[America/New_York],2021-02-07T20:06:32-05:00[America/New_York],Yes,2021-02-07,72377,Sunday
1800,<A>,222,2021-02-07T20:06:32-05:00[America/New_York],2021-02-07T20:10:14-05:00[America/New_York],Yes,2021-02-07,72392,Sunday
1800,B,15,2021-02-07T20:10:14-05:00[America/New_York],2021-02-07T20:10:29-05:00[America/New_York],Yes,2021-02-07,72614,Sunday
1800,<A>,189,2021-02-07T20:10:29-05:00[America/New_York],2021-02-07T20:13:38-05:00[America/New_York],NA,2021-02-07,72629,Sunday
1800,B,15,2021-02-07T20:13:38-05:00[America/New_York],2021-02-07T20:13:53-05:00[America/New_York],Yes,2021-02-07,72818,Sunday
1800,<A>,59,2021-02-07T20:13:53-05:00[America/New_York],2021-02-07T20:14:52-05:00[America/New_York],Yes,2021-02-07,72833,Sunday
1800,B,15,2021-02-07T20:14:52-05:00[America/New_York],2021-02-07T20:15:07-05:00[America/New_York],Yes,2021-02-07,72892,Sunday
1800,<A>,44,2021-02-07T20:15:07-05:00[America/New_York],2021-02-07T20:15:51-05:00[America/New_York],Yes,2021-02-07,72907,Sunday
1800,B,17,2021-02-07T20:15:51-05:00[America/New_York],2021-02-07T20:16:08-05:00[America/New_York],Yes,2021-02-07,72951,Sunday
1800,<A>,78,2021-02-07T20:16:08-05:00[America/New_York],2021-02-07T20:17:26-05:00[America/New_York],NA,2021-02-07,72968,Sunday
1800,B,15,2021-02-07T20:17:26-05:00[America/New_York],2021-02-07T20:17:41-05:00[America/New_York],Yes,2021-02-07,73046,Sunday
1800,<A>,69,2021-02-07T20:17:41-05:00[America/New_York],2021-02-07T20:18:50-05:00[America/New_York],Yes,2021-02-07,73061,Sunday
1800,B,16,2021-02-07T20:18:50-05:00[America/New_York],2021-02-07T20:19:06-05:00[America/New_York],Yes,2021-02-07,73130,Sunday
1800,<A>,284,2021-02-07T20:19:06-05:00[America/New_York],2021-02-07T20:23:50-05:00[America/New_York],NA,2021-02-07,73146,Sunday
1800,B,18,2021-02-07T20:23:50-05:00[America/New_York],2021-02-07T20:24:08-05:00[America/New_York],Yes,2021-02-07,73430,Sunday
1800,<A>,69,2021-02-07T20:24:08-05:00[America/New_York],2021-02-07T20:25:17-05:00[America/New_York],Yes,2021-02-07,73448,Sunday
1800,B,15,2021-02-07T20:25:17-05:00[America/New_York],2021-02-07T20:25:32-05:00[America/New_York],Yes,2021-02-07,73517,Sunday
1800,<A>,150,2021-02-07T20:25:32-05:00[America/New_York],2021-02-07T20:28:02-05:00[America/New_York],Yes,2021-02-07,73532,Sunday
1800,B,15,2021-02-07T20:28:02-05:00[America/New_York],2021-02-07T20:28:17-05:00[America/New_York],Yes,2021-02-07,73682,Sunday
1800,<A>,30,2021-02-07T20:28:17-05:00[America/New_York],2021-02-07T20:28:47-05:00[America/New_York],Yes,2021-02-07,73697,Sunday
1800,B,17,2021-02-07T20:28:47-05:00[America/New_York],2021-02-07T20:29:04-05:00[America/New_York],Yes,2021-02-07,73727,Sunday
1800,<A>,198,2021-02-07T20:29:04-05:00[America/New_York],2021-02-07T20:32:22-05:00[America/New_York],Yes,2021-02-07,73744,Sunday
1800,B,16,2021-02-07T20:32:22-05:00[America/New_York],2021-02-07T20:32:38-05:00[America/New_York],Yes,2021-02-07,73942,Sunday
1800,<A>,103,2021-02-07T20:32:38-05:00[America/New_York],2021-02-07T20:34:21-05:00[America/New_York],NA,2021-02-07,73958,Sunday
1800,B,15,2021-02-07T20:34:21-05:00[America/New_York],2021-02-07T20:34:36-05:00[America/New_York],Yes,2021-02-07,74061,Sunday
1800,<A>,37,2021-02-07T20:34:36-05:00[America/New_York],2021-02-07T20:35:13-05:00[America/New_York],Yes,2021-02-07,74076,Sunday
1800,B,19,2021-02-07T20:35:13-05:00[America/New_York],2021-02-07T20:35:32-05:00[America/New_York],Yes,2021-02-07,74113,Sunday
1800,<A>,182,2021-02-07T20:35:32-05:00[America/New_York],2021-02-07T20:38:34-05:00[America/New_York],NA,2021-02-07,74132,Sunday
1800,B,20,2021-02-07T20:38:34-05:00[America/New_York],2021-02-07T20:38:54-05:00[America/New_York],Yes,2021-02-07,74314,Sunday
1800,<A>,59,2021-02-07T20:38:54-05:00[America/New_York],2021-02-07T20:39:53-05:00[America/New_York],Yes,2021-02-07,74334,Sunday
1800,B,17,2021-02-07T20:39:53-05:00[America/New_York],2021-02-07T20:40:10-05:00[America/New_York],Yes,2021-02-07,74393,Sunday
1800,<A>,85,2021-02-07T20:40:10-05:00[America/New_York],2021-02-07T20:41:35-05:00[America/New_York],Yes,2021-02-07,74410,Sunday
1800,B,16,2021-02-07T20:41:35-05:00[America/New_York],2021-02-07T20:41:51-05:00[America/New_York],Yes,2021-02-07,74495,Sunday
1800,<A>,99,2021-02-07T20:41:51-05:00[America/New_York],2021-02-07T20:43:30-05:00[America/New_York],NA,2021-02-07,74511,Sunday
1800,B,15,2021-02-07T20:43:30-05:00[America/New_York],2021-02-07T20:43:45-05:00[America/New_York],Yes,2021-02-07,74610,Sunday
1800,<A>,59,2021-02-07T20:43:45-05:00[America/New_York],2021-02-07T20:44:44-05:00[America/New_York],Yes,2021-02-07,74625,Sunday
1800,B,15,2021-02-07T20:44:44-05:00[America/New_York],2021-02-07T20:44:59-05:00[America/New_York],Yes,2021-02-07,74684,Sunday
1800,<A>,93,2021-02-07T20:44:59-05:00[America/New_York],2021-02-07T20:46:32-05:00[America/New_York],NA,2021-02-07,74699,Sunday
1800,B,15,2021-02-07T20:46:32-05:00[America/New_York],2021-02-07T20:46:47-05:00[America/New_York],Yes,2021-02-07,74792,Sunday
1800,<A>,27,2021-02-07T20:46:47-05:00[America/New_York],2021-02-07T20:47:14-05:00[America/New_York],Yes,2021-02-07,74807,Sunday
1800,B,16,2021-02-07T20:47:14-05:00[America/New_York],2021-02-07T20:47:30-05:00[America/New_York],Yes,2021-02-07,74834,Sunday
1800,<A>,94,2021-02-07T20:47:30-05:00[America/New_York],2021-02-07T20:49:04-05:00[America/New_York],NA,2021-02-07,74850,Sunday
1800,B,21,2021-02-07T20:49:04-05:00[America/New_York],2021-02-07T20:49:25-05:00[America/New_York],Yes,2021-02-07,74944,Sunday
1800,<A>,79,2021-02-07T20:49:25-05:00[America/New_York],2021-02-07T20:50:44-05:00[America/New_York],NA,2021-02-07,74965,Sunday
1800,B,15,2021-02-07T20:50:44-05:00[America/New_York],2021-02-07T20:50:59-05:00[America/New_York],Yes,2021-02-07,75044,Sunday
1800,<A>,86,2021-02-07T20:50:59-05:00[America/New_York],2021-02-07T20:52:25-05:00[America/New_York],NA,2021-02-07,75059,Sunday
1800,B,15,2021-02-07T20:52:25-05:00[America/New_York],2021-02-07T20:52:40-05:00[America/New_York],Yes,2021-02-07,75145,Sunday
1800,<A>,176,2021-02-07T20:52:40-05:00[America/New_York],2021-02-07T20:55:36-05:00[America/New_York],NA,2021-02-07,75160,Sunday
1800,B,15,2021-02-07T20:55:36-05:00[America/New_York],2021-02-07T20:55:51-05:00[America/New_York],Yes,2021-02-07,75336,Sunday
1800,<A>,483,2021-02-07T20:55:51-05:00[America/New_York],2021-02-07T21:03:54-05:00[America/New_York],NA,2021-02-07,75351,Sunday
1800,B,15,2021-02-07T21:03:54-05:00[America/New_York],2021-02-07T21:04:09-05:00[America/New_York],Yes,2021-02-07,75834,Sunday
1800,<A>,26,2021-02-07T21:04:09-05:00[America/New_York],2021-02-07T21:04:35-05:00[America/New_York],Yes,2021-02-07,75849,Sunday
1800,B,16,2021-02-07T21:04:35-05:00[America/New_York],2021-02-07T21:04:51-05:00[America/New_York],Yes,2021-02-07,75875,Sunday
1800,<A>,113,2021-02-07T21:04:51-05:00[America/New_York],2021-02-07T21:06:44-05:00[America/New_York],Yes,2021-02-07,75891,Sunday
1800,B,16,2021-02-07T21:06:44-05:00[America/New_York],2021-02-07T21:07:00-05:00[America/New_York],Yes,2021-02-07,76004,Sunday
1800,<A>,134,2021-02-07T21:07:00-05:00[America/New_York],2021-02-07T21:09:14-05:00[America/New_York],Yes,2021-02-07,76020,Sunday
1800,B,16,2021-02-07T21:09:14-05:00[America/New_York],2021-02-07T21:09:30-05:00[America/New_York],Yes,2021-02-07,76154,Sunday
1800,<A>,26,2021-02-07T21:09:30-05:00[America/New_York],2021-02-07T21:09:56-05:00[America/New_York],Yes,2021-02-07,76170,Sunday
1800,B,16,2021-02-07T21:09:56-05:00[America/New_York],2021-02-07T21:10:12-05:00[America/New_York],Yes,2021-02-07,76196,Sunday
1800,<A>,143,2021-02-07T21:10:12-05:00[America/New_York],2021-02-07T21:12:35-05:00[America/New_York],Yes,2021-02-07,76212,Sunday
1800,B,15,2021-02-07T21:12:35-05:00[America/New_York],2021-02-07T21:12:50-05:00[America/New_York],Yes,2021-02-07,76355,Sunday
1800,<A>,72,2021-02-07T21:12:50-05:00[America/New_York],2021-02-07T21:14:02-05:00[America/New_York],NA,2021-02-07,76370,Sunday
1800,B,16,2021-02-07T21:14:02-05:00[America/New_York],2021-02-07T21:14:18-05:00[America/New_York],Yes,2021-02-07,76442,Sunday
1800,<A>,104,2021-02-07T21:14:18-05:00[America/New_York],2021-02-07T21:16:02-05:00[America/New_York],NA,2021-02-07,76458,Sunday
1800,B,15,2021-02-07T21:16:02-05:00[America/New_York],2021-02-07T21:16:17-05:00[America/New_York],Yes,2021-02-07,76562,Sunday
1800,<A>,131,2021-02-07T21:16:17-05:00[America/New_York],2021-02-07T21:18:28-05:00[America/New_York],Yes,2021-02-07,76577,Sunday
1800,B,17,2021-02-07T21:18:28-05:00[America/New_York],2021-02-07T21:18:45-05:00[America/New_York],Yes,2021-02-07,76708,Sunday
1800,<A>,27,2021-02-07T21:18:45-05:00[America/New_York],2021-02-07T21:19:12-05:00[America/New_York],Yes,2021-02-07,76725,Sunday
1800,B,17,2021-02-07T21:19:12-05:00[America/New_York],2021-02-07T21:19:29-05:00[America/New_York],Yes,2021-02-07,76752,Sunday
1800,<A>,29,2021-02-07T21:19:29-05:00[America/New_York],2021-02-07T21:19:58-05:00[America/New_York],Yes,2021-02-07,76769,Sunday
1800,B,18,2021-02-07T21:19:58-05:00[America/New_York],2021-02-07T21:20:16-05:00[America/New_York],Yes,2021-02-07,76798,Sunday
1800,<A>,45,2021-02-07T21:20:16-05:00[America/New_York],2021-02-07T21:21:01-05:00[America/New_York],Yes,2021-02-07,76816,Sunday
1800,B,17,2021-02-07T21:21:01-05:00[America/New_York],2021-02-07T21:21:18-05:00[America/New_York],Yes,2021-02-07,76861,Sunday
1800,<A>,82,2021-02-07T21:21:18-05:00[America/New_York],2021-02-07T21:22:40-05:00[America/New_York],NA,2021-02-07,76878,Sunday
1800,B,15,2021-02-07T21:22:40-05:00[America/New_York],2021-02-07T21:22:55-05:00[America/New_York],Yes,2021-02-07,76960,Sunday
1800,<A>,88,2021-02-07T21:22:55-05:00[America/New_York],2021-02-07T21:24:23-05:00[America/New_York],NA,2021-02-07,76975,Sunday
1800,B,15,2021-02-07T21:24:23-05:00[America/New_York],2021-02-07T21:24:38-05:00[America/New_York],Yes,2021-02-07,77063,Sunday
1800,<A>,490,2021-02-07T21:24:38-05:00[America/New_York],2021-02-07T21:32:48-05:00[America/New_York],Yes,2021-02-07,77078,Sunday
1800,B,15,2021-02-07T21:32:48-05:00[America/New_York],2021-02-07T21:33:03-05:00[America/New_York],Yes,2021-02-07,77568,Sunday
1800,<A>,397,2021-02-07T21:33:03-05:00[America/New_York],2021-02-07T21:39:40-05:00[America/New_York],Yes,2021-02-07,77583,Sunday
1800,B,15,2021-02-07T21:39:40-05:00[America/New_York],2021-02-07T21:39:55-05:00[America/New_York],Yes,2021-02-07,77980,Sunday
1800,<A>,51,2021-02-07T21:39:55-05:00[America/New_York],2021-02-07T21:40:46-05:00[America/New_York],Yes,2021-02-07,77995,Sunday
1800,B,15,2021-02-07T21:40:46-05:00[America/New_York],2021-02-07T21:41:01-05:00[America/New_York],Yes,2021-02-07,78046,Sunday
1800,<A>,110,2021-02-07T21:41:01-05:00[America/New_York],2021-02-07T21:42:51-05:00[America/New_York],Yes,2021-02-07,78061,Sunday
1800,B,16,2021-02-07T21:42:51-05:00[America/New_York],2021-02-07T21:43:07-05:00[America/New_York],Yes,2021-02-07,78171,Sunday
1800,<A>,104,2021-02-07T21:43:07-05:00[America/New_York],2021-02-07T21:44:51-05:00[America/New_York],NA,2021-02-07,78187,Sunday
1800,B,15,2021-02-07T21:44:51-05:00[America/New_York],2021-02-07T21:45:06-05:00[America/New_York],Yes,2021-02-07,78291,Sunday
1800,<A>,75,2021-02-07T21:45:06-05:00[America/New_York],2021-02-07T21:46:21-05:00[America/New_York],Yes,2021-02-07,78306,Sunday
1800,B,17,2021-02-07T21:46:21-05:00[America/New_York],2021-02-07T21:46:38-05:00[America/New_York],Yes,2021-02-07,78381,Sunday
1800,<A>,53,2021-02-07T21:46:38-05:00[America/New_York],2021-02-07T21:47:31-05:00[America/New_York],Yes,2021-02-07,78398,Sunday
1800,B,16,2021-02-07T21:47:31-05:00[America/New_York],2021-02-07T21:47:47-05:00[America/New_York],Yes,2021-02-07,78451,Sunday
1800,<A>,197,2021-02-07T21:47:47-05:00[America/New_York],2021-02-07T21:51:04-05:00[America/New_York],NA,2021-02-07,78467,Sunday
1800,B,15,2021-02-07T21:51:04-05:00[America/New_York],2021-02-07T21:51:19-05:00[America/New_York],Yes,2021-02-07,78664,Sunday
1800,<A>,463,2021-02-07T21:51:19-05:00[America/New_York],2021-02-07T21:59:02-05:00[America/New_York],NA,2021-02-07,78679,Sunday
1800,B,15,2021-02-07T21:59:02-05:00[America/New_York],2021-02-07T21:59:17-05:00[America/New_York],Yes,2021-02-07,79142,Sunday
1800,<A>,423,2021-02-07T21:59:17-05:00[America/New_York],2021-02-07T22:06:20-05:00[America/New_York],Yes,2021-02-07,79157,Sunday
1800,B,15,2021-02-07T22:06:20-05:00[America/New_York],2021-02-07T22:06:35-05:00[America/New_York],Yes,2021-02-07,79580,Sunday
1800,<A>,103,2021-02-07T22:06:35-05:00[America/New_York],2021-02-07T22:08:18-05:00[America/New_York],NA,2021-02-07,79595,Sunday
1800,B,15,2021-02-07T22:08:18-05:00[America/New_York],2021-02-07T22:08:33-05:00[America/New_York],Yes,2021-02-07,79698,Sunday
1800,<A>,73,2021-02-07T22:08:33-05:00[America/New_York],2021-02-07T22:09:46-05:00[America/New_York],Yes,2021-02-07,79713,Sunday
1800,B,15,2021-02-07T22:09:46-05:00[America/New_York],2021-02-07T22:10:01-05:00[America/New_York],Yes,2021-02-07,79786,Sunday
1800,<A>,118,2021-02-07T22:10:01-05:00[America/New_York],2021-02-07T22:11:59-05:00[America/New_York],Yes,2021-02-07,79801,Sunday
1800,B,15,2021-02-07T22:11:59-05:00[America/New_York],2021-02-07T22:12:14-05:00[America/New_York],Yes,2021-02-07,79919,Sunday
1800,<A>,99,2021-02-07T22:12:14-05:00[America/New_York],2021-02-07T22:13:53-05:00[America/New_York],NA,2021-02-07,79934,Sunday
1800,B,16,2021-02-07T22:13:53-05:00[America/New_York],2021-02-07T22:14:09-05:00[America/New_York],Yes,2021-02-07,80033,Sunday
1800,<A>,333,2021-02-07T22:14:09-05:00[America/New_York],2021-02-07T22:19:42-05:00[America/New_York],Yes,2021-02-07,80049,Sunday
1800,B,23,2021-02-07T22:19:42-05:00[America/New_York],2021-02-07T22:20:05-05:00[America/New_York],NA,2021-02-07,80382,Sunday
1800,<A>,29,2021-02-07T22:20:05-05:00[America/New_York],2021-02-07T22:20:34-05:00[America/New_York],Yes,2021-02-07,80405,Sunday
1800,B,19,2021-02-07T22:20:34-05:00[America/New_York],2021-02-07T22:20:53-05:00[America/New_York],Yes,2021-02-07,80434,Sunday
1800,<A>,99,2021-02-07T22:20:53-05:00[America/New_York],2021-02-07T22:22:32-05:00[America/New_York],NA,2021-02-07,80453,Sunday
1800,B,16,2021-02-07T22:22:32-05:00[America/New_York],2021-02-07T22:22:48-05:00[America/New_York],Yes,2021-02-07,80552,Sunday
1800,<A>,83,2021-02-07T22:22:48-05:00[America/New_York],2021-02-07T22:24:11-05:00[America/New_York],NA,2021-02-07,80568,Sunday
1800,B,18,2021-02-07T22:24:11-05:00[America/New_York],2021-02-07T22:24:29-05:00[America/New_York],Yes,2021-02-07,80651,Sunday
1800,<A>,26,2021-02-07T22:24:29-05:00[America/New_York],2021-02-07T22:24:55-05:00[America/New_York],Yes,2021-02-07,80669,Sunday
1800,B,21,2021-02-07T22:24:55-05:00[America/New_York],2021-02-07T22:25:16-05:00[America/New_York],Yes,2021-02-07,80695,Sunday
1800,<A>,62,2021-02-07T22:25:16-05:00[America/New_York],2021-02-07T22:26:18-05:00[America/New_York],Yes,2021-02-07,80716,Sunday
1800,B,19,2021-02-07T22:26:18-05:00[America/New_York],2021-02-07T22:26:37-05:00[America/New_York],Yes,2021-02-07,80778,Sunday
1800,<A>,109,2021-02-07T22:26:37-05:00[America/New_York],2021-02-07T22:28:26-05:00[America/New_York],Yes,2021-02-07,80797,Sunday
1800,B,16,2021-02-07T22:28:26-05:00[America/New_York],2021-02-07T22:28:42-05:00[America/New_York],Yes,2021-02-07,80906,Sunday
1800,<A>,124,2021-02-07T22:28:42-05:00[America/New_York],2021-02-07T22:30:46-05:00[America/New_York],Yes,2021-02-07,80922,Sunday
1800,B,16,2021-02-07T22:30:46-05:00[America/New_York],2021-02-07T22:31:02-05:00[America/New_York],Yes,2021-02-07,81046,Sunday
1800,<A>,194,2021-02-07T22:31:02-05:00[America/New_York],2021-02-07T22:34:16-05:00[America/New_York],NA,2021-02-07,81062,Sunday
1800,B,15,2021-02-07T22:34:16-05:00[America/New_York],2021-02-07T22:34:31-05:00[America/New_York],Yes,2021-02-07,81256,Sunday
1800,<A>,27,2021-02-07T22:34:31-05:00[America/New_York],2021-02-07T22:34:58-05:00[America/New_York],Yes,2021-02-07,81271,Sunday
1800,B,15,2021-02-07T22:34:58-05:00[America/New_York],2021-02-07T22:35:13-05:00[America/New_York],Yes,2021-02-07,81298,Sunday
1800,<A>,97,2021-02-07T22:35:13-05:00[America/New_York],2021-02-07T22:36:50-05:00[America/New_York],NA,2021-02-07,81313,Sunday
1800,B,17,2021-02-07T22:36:50-05:00[America/New_York],2021-02-07T22:37:07-05:00[America/New_York],Yes,2021-02-07,81410,Sunday
1800,<A>,33,2021-02-07T22:37:07-05:00[America/New_York],2021-02-07T22:37:40-05:00[America/New_York],Yes,2021-02-07,81427,Sunday
1800,B,15,2021-02-07T22:37:40-05:00[America/New_York],2021-02-07T22:37:55-05:00[America/New_York],Yes,2021-02-07,81460,Sunday
1800,<A>,26,2021-02-07T22:37:55-05:00[America/New_York],2021-02-07T22:38:21-05:00[America/New_York],Yes,2021-02-07,81475,Sunday
1800,B,19,2021-02-07T22:38:21-05:00[America/New_York],2021-02-07T22:38:40-05:00[America/New_York],Yes,2021-02-07,81501,Sunday
1800,<A>,42,2021-02-07T22:38:40-05:00[America/New_York],2021-02-07T22:39:22-05:00[America/New_York],Yes,2021-02-07,81520,Sunday
1800,B,15,2021-02-07T22:39:22-05:00[America/New_York],2021-02-07T22:39:37-05:00[America/New_York],Yes,2021-02-07,81562,Sunday
1800,<A>,27,2021-02-07T22:39:37-05:00[America/New_York],2021-02-07T22:40:04-05:00[America/New_York],Yes,2021-02-07,81577,Sunday
1800,B,15,2021-02-07T22:40:04-05:00[America/New_York],2021-02-07T22:40:19-05:00[America/New_York],Yes,2021-02-07,81604,Sunday
1800,<A>,45,2021-02-07T22:40:19-05:00[America/New_York],2021-02-07T22:41:04-05:00[America/New_York],Yes,2021-02-07,81619,Sunday
1800,B,15,2021-02-07T22:41:04-05:00[America/New_York],2021-02-07T22:41:19-05:00[America/New_York],Yes,2021-02-07,81664,Sunday
1800,<A>,104,2021-02-07T22:41:19-05:00[America/New_York],2021-02-07T22:43:03-05:00[America/New_York],NA,2021-02-07,81679,Sunday
1800,B,20,2021-02-07T22:43:03-05:00[America/New_York],2021-02-07T22:43:23-05:00[America/New_York],Yes,2021-02-07,81783,Sunday
1800,<A>,67,2021-02-07T22:43:23-05:00[America/New_York],2021-02-07T22:44:30-05:00[America/New_York],Yes,2021-02-07,81803,Sunday
1800,B,15,2021-02-07T22:44:30-05:00[America/New_York],2021-02-07T22:44:45-05:00[America/New_York],Yes,2021-02-07,81870,Sunday
1800,<A>,93,2021-02-07T22:44:45-05:00[America/New_York],2021-02-07T22:46:18-05:00[America/New_York],NA,2021-02-07,81885,Sunday
1800,B,17,2021-02-07T22:46:18-05:00[America/New_York],2021-02-07T22:46:35-05:00[America/New_York],Yes,2021-02-07,81978,Sunday
1800,<A>,259,2021-02-07T22:46:35-05:00[America/New_York],2021-02-07T22:50:54-05:00[America/New_York],Yes,2021-02-07,81995,Sunday
1800,B,17,2021-02-07T22:50:54-05:00[America/New_York],2021-02-07T22:51:11-05:00[America/New_York],Yes,2021-02-07,82254,Sunday
1800,<A>,346,2021-02-07T22:51:11-05:00[America/New_York],2021-02-07T22:56:57-05:00[America/New_York],Yes,2021-02-07,82271,Sunday
1800,B,15,2021-02-07T22:56:57-05:00[America/New_York],2021-02-07T22:57:12-05:00[America/New_York],Yes,2021-02-07,82617,Sunday
1800,<A>,61,2021-02-07T22:57:12-05:00[America/New_York],2021-02-07T22:58:13-05:00[America/New_York],Yes,2021-02-07,82632,Sunday
1800,B,17,2021-02-07T22:58:13-05:00[America/New_York],2021-02-07T22:58:30-05:00[America/New_York],Yes,2021-02-07,82693,Sunday
1800,<A>,180,2021-02-07T22:58:30-05:00[America/New_York],2021-02-07T23:01:30-05:00[America/New_York],NA,2021-02-07,82710,Sunday
1800,B,15,2021-02-07T23:01:30-05:00[America/New_York],2021-02-07T23:01:45-05:00[America/New_York],Yes,2021-02-07,82890,Sunday
1800,<A>,35,2021-02-07T23:01:45-05:00[America/New_York],2021-02-07T23:02:20-05:00[America/New_York],Yes,2021-02-07,82905,Sunday
1800,B,15,2021-02-07T23:02:20-05:00[America/New_York],2021-02-07T23:02:35-05:00[America/New_York],Yes,2021-02-07,82940,Sunday
1800,<A>,28,2021-02-07T23:02:35-05:00[America/New_York],2021-02-07T23:03:03-05:00[America/New_York],Yes,2021-02-07,82955,Sunday
1800,B,22,2021-02-07T23:03:03-05:00[America/New_York],2021-02-07T23:03:25-05:00[America/New_York],Yes,2021-02-07,82983,Sunday
1800,<A>,72,2021-02-07T23:03:25-05:00[America/New_York],2021-02-07T23:04:37-05:00[America/New_York],Yes,2021-02-07,83005,Sunday
1800,B,17,2021-02-07T23:04:37-05:00[America/New_York],2021-02-07T23:04:54-05:00[America/New_York],Yes,2021-02-07,83077,Sunday
1800,<A>,51,2021-02-07T23:04:54-05:00[America/New_York],2021-02-07T23:05:45-05:00[America/New_York],Yes,2021-02-07,83094,Sunday
1800,B,16,2021-02-07T23:05:45-05:00[America/New_York],2021-02-07T23:06:01-05:00[America/New_York],Yes,2021-02-07,83145,Sunday
1800,<A>,764,2021-02-07T23:06:01-05:00[America/New_York],2021-02-07T23:18:45-05:00[America/New_York],Yes,2021-02-07,83161,Sunday
1800,B,15,2021-02-07T23:18:45-05:00[America/New_York],2021-02-07T23:19:00-05:00[America/New_York],Yes,2021-02-07,83925,Sunday
1800,<A>,451,2021-02-07T23:19:00-05:00[America/New_York],2021-02-07T23:26:31-05:00[America/New_York],Yes,2021-02-07,83940,Sunday
1800,B,18,2021-02-07T23:26:31-05:00[America/New_York],2021-02-07T23:26:49-05:00[America/New_York],Yes,2021-02-07,84391,Sunday
1800,<A>,306,2021-02-07T23:26:49-05:00[America/New_York],2021-02-07T23:31:55-05:00[America/New_York],NA,2021-02-07,84409,Sunday
1800,B,15,2021-02-07T23:31:55-05:00[America/New_York],2021-02-07T23:32:10-05:00[America/New_York],Yes,2021-02-07,84715,Sunday
1800,<A>,34,2021-02-07T23:32:10-05:00[America/New_York],2021-02-07T23:32:44-05:00[America/New_York],Yes,2021-02-07,84730,Sunday
1800,B,15,2021-02-07T23:32:44-05:00[America/New_York],2021-02-07T23:32:59-05:00[America/New_York],Yes,2021-02-07,84764,Sunday
1800,<A>,338,2021-02-07T23:32:59-05:00[America/New_York],2021-02-07T23:38:37-05:00[America/New_York],Yes,2021-02-07,84779,Sunday
1800,B,17,2021-02-07T23:38:37-05:00[America/New_York],2021-02-07T23:38:54-05:00[America/New_York],Yes,2021-02-07,85117,Sunday
1800,<A>,251,2021-02-07T23:38:54-05:00[America/New_York],2021-02-07T23:43:05-05:00[America/New_York],Yes,2021-02-07,85134,Sunday
1800,B,16,2021-02-07T23:43:05-05:00[America/New_York],2021-02-07T23:43:21-05:00[America/New_York],Yes,2021-02-07,85385,Sunday
1800,<A>,152,2021-02-07T23:43:21-05:00[America/New_York],2021-02-07T23:45:53-05:00[America/New_York],Yes,2021-02-07,85401,Sunday
1800,B,15,2021-02-07T23:45:53-05:00[America/New_York],2021-02-07T23:46:08-05:00[America/New_York],Yes,2021-02-07,85553,Sunday
1800,<A>,385,2021-02-07T23:46:08-05:00[America/New_York],2021-02-07T23:52:33-05:00[America/New_York],NA,2021-02-07,85568,Sunday
1800,B,16,2021-02-07T23:52:33-05:00[America/New_York],2021-02-07T23:52:49-05:00[America/New_York],Yes,2021-02-07,85953,Sunday
1800,<A>,143,2021-02-07T23:52:49-05:00[America/New_York],2021-02-07T23:55:12-05:00[America/New_York],Yes,2021-02-07,85969,Sunday
1800,B,15,2021-02-07T23:55:12-05:00[America/New_York],2021-02-07T23:55:27-05:00[America/New_York],Yes,2021-02-07,86112,Sunday
1800,<A>,272,2021-02-07T23:55:27-05:00[America/New_York],2021-02-07T23:59:59-05:00[America/New_York],NA,2021-02-07,86127,Sunday
1801,B,16,2021-02-07T00:00:25-05:00[America/New_York],2021-02-07T00:00:41-05:00[America/New_York],NA,2021-02-07,25,Sunday
1801,C,16,2021-02-07T00:00:41-05:00[America/New_York],2021-02-07T00:00:57-05:00[America/New_York],NA,2021-02-07,41,Sunday
1801,<A>,130,2021-02-07T00:00:57-05:00[America/New_York],2021-02-07T00:03:07-05:00[America/New_York],Yes,2021-02-07,57,Sunday
1801,B,15,2021-02-07T00:03:07-05:00[America/New_York],2021-02-07T00:03:22-05:00[America/New_York],NA,2021-02-07,187,Sunday
1801,C,16,2021-02-07T00:03:22-05:00[America/New_York],2021-02-07T00:03:38-05:00[America/New_York],NA,2021-02-07,202,Sunday
1801,<A>,39,2021-02-07T00:03:38-05:00[America/New_York],2021-02-07T00:04:17-05:00[America/New_York],Yes,2021-02-07,218,Sunday
1801,C,15,2021-02-07T00:04:17-05:00[America/New_York],2021-02-07T00:04:32-05:00[America/New_York],NA,2021-02-07,257,Sunday
1801,<A>,66,2021-02-07T00:04:32-05:00[America/New_York],2021-02-07T00:05:38-05:00[America/New_York],NA,2021-02-07,272,Sunday
1801,C,15,2021-02-07T00:05:38-05:00[America/New_York],2021-02-07T00:05:53-05:00[America/New_York],NA,2021-02-07,338,Sunday
1801,<A>,46,2021-02-07T00:05:53-05:00[America/New_York],2021-02-07T00:06:39-05:00[America/New_York],Yes,2021-02-07,353,Sunday
1801,B,16,2021-02-07T00:06:39-05:00[America/New_York],2021-02-07T00:06:55-05:00[America/New_York],NA,2021-02-07,399,Sunday
1801,<A>,52,2021-02-07T00:06:55-05:00[America/New_York],2021-02-07T00:07:47-05:00[America/New_York],Yes,2021-02-07,415,Sunday
1801,B,15,2021-02-07T00:07:47-05:00[America/New_York],2021-02-07T00:08:02-05:00[America/New_York],NA,2021-02-07,467,Sunday
1801,<A>,38,2021-02-07T00:08:02-05:00[America/New_York],2021-02-07T00:08:40-05:00[America/New_York],Yes,2021-02-07,482,Sunday
1801,B,17,2021-02-07T00:08:40-05:00[America/New_York],2021-02-07T00:08:57-05:00[America/New_York],NA,2021-02-07,520,Sunday
1801,C,16,2021-02-07T00:08:57-05:00[America/New_York],2021-02-07T00:09:13-05:00[America/New_York],NA,2021-02-07,537,Sunday
1801,<A>,57,2021-02-07T00:09:13-05:00[America/New_York],2021-02-07T00:10:10-05:00[America/New_York],Yes,2021-02-07,553,Sunday
1801,C,16,2021-02-07T00:10:10-05:00[America/New_York],2021-02-07T00:10:26-05:00[America/New_York],NA,2021-02-07,610,Sunday
1801,<A>,42,2021-02-07T00:10:26-05:00[America/New_York],2021-02-07T00:11:08-05:00[America/New_York],Yes,2021-02-07,626,Sunday
1801,B,16,2021-02-07T00:11:08-05:00[America/New_York],2021-02-07T00:11:24-05:00[America/New_York],NA,2021-02-07,668,Sunday
1801,C,15,2021-02-07T00:11:24-05:00[America/New_York],2021-02-07T00:11:39-05:00[America/New_York],NA,2021-02-07,684,Sunday
1801,<A>,46,2021-02-07T00:11:39-05:00[America/New_York],2021-02-07T00:12:25-05:00[America/New_York],Yes,2021-02-07,699,Sunday
1801,B,16,2021-02-07T00:12:25-05:00[America/New_York],2021-02-07T00:12:41-05:00[America/New_York],NA,2021-02-07,745,Sunday
1801,C,16,2021-02-07T00:12:41-05:00[America/New_York],2021-02-07T00:12:57-05:00[America/New_York],NA,2021-02-07,761,Sunday
1801,<A>,80,2021-02-07T00:12:57-05:00[America/New_York],2021-02-07T00:14:17-05:00[America/New_York],NA,2021-02-07,777,Sunday
1801,C,16,2021-02-07T00:14:17-05:00[America/New_York],2021-02-07T00:14:33-05:00[America/New_York],NA,2021-02-07,857,Sunday
1801,<A>,53,2021-02-07T00:14:33-05:00[America/New_York],2021-02-07T00:15:26-05:00[America/New_York],Yes,2021-02-07,873,Sunday
1801,B,15,2021-02-07T00:15:26-05:00[America/New_York],2021-02-07T00:15:41-05:00[America/New_York],NA,2021-02-07,926,Sunday
1801,<A>,93,2021-02-07T00:15:41-05:00[America/New_York],2021-02-07T00:17:14-05:00[America/New_York],NA,2021-02-07,941,Sunday
1801,B,16,2021-02-07T00:17:14-05:00[America/New_York],2021-02-07T00:17:30-05:00[America/New_York],NA,2021-02-07,1034,Sunday
1801,C,15,2021-02-07T00:17:30-05:00[America/New_York],2021-02-07T00:17:45-05:00[America/New_York],NA,2021-02-07,1050,Sunday
1801,<A>,101,2021-02-07T00:17:45-05:00[America/New_York],2021-02-07T00:19:26-05:00[America/New_York],NA,2021-02-07,1065,Sunday
1801,C,16,2021-02-07T00:19:26-05:00[America/New_York],2021-02-07T00:19:42-05:00[America/New_York],NA,2021-02-07,1166,Sunday
1801,<A>,61,2021-02-07T00:19:42-05:00[America/New_York],2021-02-07T00:20:43-05:00[America/New_York],Yes,2021-02-07,1182,Sunday
1801,B,15,2021-02-07T00:20:43-05:00[America/New_York],2021-02-07T00:20:58-05:00[America/New_York],NA,2021-02-07,1243,Sunday
1801,C,16,2021-02-07T00:20:58-05:00[America/New_York],2021-02-07T00:21:14-05:00[America/New_York],NA,2021-02-07,1258,Sunday
1801,<A>,42,2021-02-07T00:21:14-05:00[America/New_York],2021-02-07T00:21:56-05:00[America/New_York],Yes,2021-02-07,1274,Sunday
1801,B,16,2021-02-07T00:21:56-05:00[America/New_York],2021-02-07T00:22:12-05:00[America/New_York],NA,2021-02-07,1316,Sunday
1801,C,16,2021-02-07T00:22:12-05:00[America/New_York],2021-02-07T00:22:28-05:00[America/New_York],NA,2021-02-07,1332,Sunday
1801,<A>,48,2021-02-07T00:22:28-05:00[America/New_York],2021-02-07T00:23:16-05:00[America/New_York],Yes,2021-02-07,1348,Sunday
1801,B,15,2021-02-07T00:23:16-05:00[America/New_York],2021-02-07T00:23:31-05:00[America/New_York],NA,2021-02-07,1396,Sunday
1801,C,16,2021-02-07T00:23:31-05:00[America/New_York],2021-02-07T00:23:47-05:00[America/New_York],NA,2021-02-07,1411,Sunday
1801,<A>,87,2021-02-07T00:23:47-05:00[America/New_York],2021-02-07T00:25:14-05:00[America/New_York],NA,2021-02-07,1427,Sunday
1801,B,15,2021-02-07T00:25:14-05:00[America/New_York],2021-02-07T00:25:29-05:00[America/New_York],NA,2021-02-07,1514,Sunday
1801,C,16,2021-02-07T00:25:29-05:00[America/New_York],2021-02-07T00:25:45-05:00[America/New_York],NA,2021-02-07,1529,Sunday
1801,<A>,44,2021-02-07T00:25:45-05:00[America/New_York],2021-02-07T00:26:29-05:00[America/New_York],Yes,2021-02-07,1545,Sunday
1801,B,15,2021-02-07T00:26:29-05:00[America/New_York],2021-02-07T00:26:44-05:00[America/New_York],NA,2021-02-07,1589,Sunday
1801,C,16,2021-02-07T00:26:44-05:00[America/New_York],2021-02-07T00:27:00-05:00[America/New_York],NA,2021-02-07,1604,Sunday
1801,<A>,105,2021-02-07T00:27:00-05:00[America/New_York],2021-02-07T00:28:45-05:00[America/New_York],NA,2021-02-07,1620,Sunday
1801,C,15,2021-02-07T00:28:45-05:00[America/New_York],2021-02-07T00:29:00-05:00[America/New_York],NA,2021-02-07,1725,Sunday
1801,<A>,72,2021-02-07T00:29:00-05:00[America/New_York],2021-02-07T00:30:12-05:00[America/New_York],Yes,2021-02-07,1740,Sunday
1801,C,15,2021-02-07T00:30:12-05:00[America/New_York],2021-02-07T00:30:27-05:00[America/New_York],NA,2021-02-07,1812,Sunday
1801,<A>,127,2021-02-07T00:30:27-05:00[America/New_York],2021-02-07T00:32:34-05:00[America/New_York],Yes,2021-02-07,1827,Sunday
1801,C,15,2021-02-07T00:32:34-05:00[America/New_York],2021-02-07T00:32:49-05:00[America/New_York],NA,2021-02-07,1954,Sunday
1801,<A>,59,2021-02-07T00:32:49-05:00[America/New_York],2021-02-07T00:33:48-05:00[America/New_York],Yes,2021-02-07,1969,Sunday
1801,B,16,2021-02-07T00:33:48-05:00[America/New_York],2021-02-07T00:34:04-05:00[America/New_York],NA,2021-02-07,2028,Sunday
1801,C,16,2021-02-07T00:34:04-05:00[America/New_York],2021-02-07T00:34:20-05:00[America/New_York],NA,2021-02-07,2044,Sunday
1801,<A>,48,2021-02-07T00:34:20-05:00[America/New_York],2021-02-07T00:35:08-05:00[America/New_York],Yes,2021-02-07,2060,Sunday
1801,B,16,2021-02-07T00:35:08-05:00[America/New_York],2021-02-07T00:35:24-05:00[America/New_York],NA,2021-02-07,2108,Sunday
1801,C,16,2021-02-07T00:35:24-05:00[America/New_York],2021-02-07T00:35:40-05:00[America/New_York],NA,2021-02-07,2124,Sunday
1801,<A>,84,2021-02-07T00:35:40-05:00[America/New_York],2021-02-07T00:37:04-05:00[America/New_York],Yes,2021-02-07,2140,Sunday
1801,C,16,2021-02-07T00:37:04-05:00[America/New_York],2021-02-07T00:37:20-05:00[America/New_York],NA,2021-02-07,2224,Sunday
1801,<A>,84,2021-02-07T00:37:20-05:00[America/New_York],2021-02-07T00:38:44-05:00[America/New_York],Yes,2021-02-07,2240,Sunday
1801,C,16,2021-02-07T00:38:44-05:00[America/New_York],2021-02-07T00:39:00-05:00[America/New_York],NA,2021-02-07,2324,Sunday
1801,<A>,41,2021-02-07T00:39:00-05:00[America/New_York],2021-02-07T00:39:41-05:00[America/New_York],Yes,2021-02-07,2340,Sunday
1801,B,16,2021-02-07T00:39:41-05:00[America/New_York],2021-02-07T00:39:57-05:00[America/New_York],NA,2021-02-07,2381,Sunday
1801,<A>,39,2021-02-07T00:39:57-05:00[America/New_York],2021-02-07T00:40:36-05:00[America/New_York],Yes,2021-02-07,2397,Sunday
1801,B,16,2021-02-07T00:40:36-05:00[America/New_York],2021-02-07T00:40:52-05:00[America/New_York],NA,2021-02-07,2436,Sunday
1801,C,15,2021-02-07T00:40:52-05:00[America/New_York],2021-02-07T00:41:07-05:00[America/New_York],NA,2021-02-07,2452,Sunday
1801,<A>,45,2021-02-07T00:41:07-05:00[America/New_York],2021-02-07T00:41:52-05:00[America/New_York],Yes,2021-02-07,2467,Sunday
1801,C,15,2021-02-07T00:41:52-05:00[America/New_York],2021-02-07T00:42:07-05:00[America/New_York],NA,2021-02-07,2512,Sunday
1801,<A>,74,2021-02-07T00:42:07-05:00[America/New_York],2021-02-07T00:43:21-05:00[America/New_York],NA,2021-02-07,2527,Sunday
1801,B,16,2021-02-07T00:43:21-05:00[America/New_York],2021-02-07T00:43:37-05:00[America/New_York],NA,2021-02-07,2601,Sunday
1801,<A>,85,2021-02-07T00:43:37-05:00[America/New_York],2021-02-07T00:45:02-05:00[America/New_York],NA,2021-02-07,2617,Sunday
1801,C,16,2021-02-07T00:45:02-05:00[America/New_York],2021-02-07T00:45:18-05:00[America/New_York],NA,2021-02-07,2702,Sunday
1801,<A>,56,2021-02-07T00:45:18-05:00[America/New_York],2021-02-07T00:46:14-05:00[America/New_York],Yes,2021-02-07,2718,Sunday
1801,B,15,2021-02-07T00:46:14-05:00[America/New_York],2021-02-07T00:46:29-05:00[America/New_York],NA,2021-02-07,2774,Sunday
1801,C,16,2021-02-07T00:46:29-05:00[America/New_York],2021-02-07T00:46:45-05:00[America/New_York],NA,2021-02-07,2789,Sunday
1801,<A>,40,2021-02-07T00:46:45-05:00[America/New_York],2021-02-07T00:47:25-05:00[America/New_York],Yes,2021-02-07,2805,Sunday
1801,B,16,2021-02-07T00:47:25-05:00[America/New_York],2021-02-07T00:47:41-05:00[America/New_York],NA,2021-02-07,2845,Sunday
1801,C,16,2021-02-07T00:47:41-05:00[America/New_York],2021-02-07T00:47:57-05:00[America/New_York],NA,2021-02-07,2861,Sunday
1801,<A>,229,2021-02-07T00:47:57-05:00[America/New_York],2021-02-07T00:51:46-05:00[America/New_York],Yes,2021-02-07,2877,Sunday
1801,B,16,2021-02-07T00:51:46-05:00[America/New_York],2021-02-07T00:52:02-05:00[America/New_York],NA,2021-02-07,3106,Sunday
1801,<A>,45,2021-02-07T00:52:02-05:00[America/New_York],2021-02-07T00:52:47-05:00[America/New_York],Yes,2021-02-07,3122,Sunday
1801,B,15,2021-02-07T00:52:47-05:00[America/New_York],2021-02-07T00:53:02-05:00[America/New_York],NA,2021-02-07,3167,Sunday
1801,C,16,2021-02-07T00:53:02-05:00[America/New_York],2021-02-07T00:53:18-05:00[America/New_York],NA,2021-02-07,3182,Sunday
1801,<A>,84,2021-02-07T00:53:18-05:00[America/New_York],2021-02-07T00:54:42-05:00[America/New_York],NA,2021-02-07,3198,Sunday
1801,B,15,2021-02-07T00:54:42-05:00[America/New_York],2021-02-07T00:54:57-05:00[America/New_York],NA,2021-02-07,3282,Sunday
1801,<A>,155,2021-02-07T00:54:57-05:00[America/New_York],2021-02-07T00:57:32-05:00[America/New_York],Yes,2021-02-07,3297,Sunday
1801,B,15,2021-02-07T00:57:32-05:00[America/New_York],2021-02-07T00:57:47-05:00[America/New_York],NA,2021-02-07,3452,Sunday
1801,<A>,39,2021-02-07T00:57:47-05:00[America/New_York],2021-02-07T00:58:26-05:00[America/New_York],Yes,2021-02-07,3467,Sunday
1801,B,15,2021-02-07T00:58:26-05:00[America/New_York],2021-02-07T00:58:41-05:00[America/New_York],NA,2021-02-07,3506,Sunday
1801,C,16,2021-02-07T00:58:41-05:00[America/New_York],2021-02-07T00:58:57-05:00[America/New_York],NA,2021-02-07,3521,Sunday
1801,<A>,43,2021-02-07T00:58:57-05:00[America/New_York],2021-02-07T00:59:40-05:00[America/New_York],Yes,2021-02-07,3537,Sunday
1801,B,16,2021-02-07T00:59:40-05:00[America/New_York],2021-02-07T00:59:56-05:00[America/New_York],NA,2021-02-07,3580,Sunday
1801,C,15,2021-02-07T00:59:56-05:00[America/New_York],2021-02-07T01:00:11-05:00[America/New_York],NA,2021-02-07,3596,Sunday
1801,<A>,118,2021-02-07T01:00:11-05:00[America/New_York],2021-02-07T01:02:09-05:00[America/New_York],NA,2021-02-07,3611,Sunday
1801,C,15,2021-02-07T01:02:09-05:00[America/New_York],2021-02-07T01:02:24-05:00[America/New_York],NA,2021-02-07,3729,Sunday
1801,<A>,42,2021-02-07T01:02:24-05:00[America/New_York],2021-02-07T01:03:06-05:00[America/New_York],Yes,2021-02-07,3744,Sunday
1801,B,15,2021-02-07T01:03:06-05:00[America/New_York],2021-02-07T01:03:21-05:00[America/New_York],NA,2021-02-07,3786,Sunday
1801,C,16,2021-02-07T01:03:21-05:00[America/New_York],2021-02-07T01:03:37-05:00[America/New_York],NA,2021-02-07,3801,Sunday
1801,<A>,43,2021-02-07T01:03:37-05:00[America/New_York],2021-02-07T01:04:20-05:00[America/New_York],Yes,2021-02-07,3817,Sunday
1801,B,15,2021-02-07T01:04:20-05:00[America/New_York],2021-02-07T01:04:35-05:00[America/New_York],NA,2021-02-07,3860,Sunday
1801,<A>,51,2021-02-07T01:04:35-05:00[America/New_York],2021-02-07T01:05:26-05:00[America/New_York],Yes,2021-02-07,3875,Sunday
1801,B,15,2021-02-07T01:05:26-05:00[America/New_York],2021-02-07T01:05:41-05:00[America/New_York],NA,2021-02-07,3926,Sunday
1801,<A>,39,2021-02-07T01:05:41-05:00[America/New_York],2021-02-07T01:06:20-05:00[America/New_York],Yes,2021-02-07,3941,Sunday
1801,C,16,2021-02-07T01:06:20-05:00[America/New_York],2021-02-07T01:06:36-05:00[America/New_York],NA,2021-02-07,3980,Sunday
1801,<A>,40,2021-02-07T01:06:36-05:00[America/New_York],2021-02-07T01:07:16-05:00[America/New_York],Yes,2021-02-07,3996,Sunday
1801,B,15,2021-02-07T01:07:16-05:00[America/New_York],2021-02-07T01:07:31-05:00[America/New_York],NA,2021-02-07,4036,Sunday
1801,<A>,107,2021-02-07T01:07:31-05:00[America/New_York],2021-02-07T01:09:18-05:00[America/New_York],NA,2021-02-07,4051,Sunday
1801,B,15,2021-02-07T01:09:18-05:00[America/New_York],2021-02-07T01:09:33-05:00[America/New_York],NA,2021-02-07,4158,Sunday
1801,<A>,44,2021-02-07T01:09:33-05:00[America/New_York],2021-02-07T01:10:17-05:00[America/New_York],Yes,2021-02-07,4173,Sunday
1801,C,16,2021-02-07T01:10:17-05:00[America/New_York],2021-02-07T01:10:33-05:00[America/New_York],NA,2021-02-07,4217,Sunday
1801,<A>,43,2021-02-07T01:10:33-05:00[America/New_York],2021-02-07T01:11:16-05:00[America/New_York],Yes,2021-02-07,4233,Sunday
1801,C,15,2021-02-07T01:11:16-05:00[America/New_York],2021-02-07T01:11:31-05:00[America/New_York],NA,2021-02-07,4276,Sunday
1801,<A>,41,2021-02-07T01:11:31-05:00[America/New_York],2021-02-07T01:12:12-05:00[America/New_York],Yes,2021-02-07,4291,Sunday
1801,C,15,2021-02-07T01:12:12-05:00[America/New_York],2021-02-07T01:12:27-05:00[America/New_York],NA,2021-02-07,4332,Sunday
1801,<A>,326,2021-02-07T01:12:27-05:00[America/New_York],2021-02-07T01:17:53-05:00[America/New_York],Yes,2021-02-07,4347,Sunday
1801,C,15,2021-02-07T01:17:53-05:00[America/New_York],2021-02-07T01:18:08-05:00[America/New_York],NA,2021-02-07,4673,Sunday
1801,<A>,96,2021-02-07T01:18:08-05:00[America/New_York],2021-02-07T01:19:44-05:00[America/New_York],NA,2021-02-07,4688,Sunday
1801,C,15,2021-02-07T01:19:44-05:00[America/New_York],2021-02-07T01:19:59-05:00[America/New_York],NA,2021-02-07,4784,Sunday
1801,<A>,84,2021-02-07T01:19:59-05:00[America/New_York],2021-02-07T01:21:23-05:00[America/New_York],NA,2021-02-07,4799,Sunday
1801,C,16,2021-02-07T01:21:23-05:00[America/New_York],2021-02-07T01:21:39-05:00[America/New_York],NA,2021-02-07,4883,Sunday
1801,<A>,237,2021-02-07T01:21:39-05:00[America/New_York],2021-02-07T01:25:36-05:00[America/New_York],Yes,2021-02-07,4899,Sunday
1801,B,15,2021-02-07T01:25:36-05:00[America/New_York],2021-02-07T01:25:51-05:00[America/New_York],NA,2021-02-07,5136,Sunday
1801,C,15,2021-02-07T01:25:51-05:00[America/New_York],2021-02-07T01:26:06-05:00[America/New_York],NA,2021-02-07,5151,Sunday
1801,<A>,41,2021-02-07T01:26:06-05:00[America/New_York],2021-02-07T01:26:47-05:00[America/New_York],Yes,2021-02-07,5166,Sunday
1801,C,15,2021-02-07T01:26:47-05:00[America/New_York],2021-02-07T01:27:02-05:00[America/New_York],NA,2021-02-07,5207,Sunday
1801,<A>,84,2021-02-07T01:27:02-05:00[America/New_York],2021-02-07T01:28:26-05:00[America/New_York],NA,2021-02-07,5222,Sunday
1801,C,16,2021-02-07T01:28:26-05:00[America/New_York],2021-02-07T01:28:42-05:00[America/New_York],NA,2021-02-07,5306,Sunday
1801,<A>,66,2021-02-07T01:28:42-05:00[America/New_York],2021-02-07T01:29:48-05:00[America/New_York],Yes,2021-02-07,5322,Sunday
1801,C,15,2021-02-07T01:29:48-05:00[America/New_York],2021-02-07T01:30:03-05:00[America/New_York],NA,2021-02-07,5388,Sunday
1801,<A>,67,2021-02-07T01:30:03-05:00[America/New_York],2021-02-07T01:31:10-05:00[America/New_York],Yes,2021-02-07,5403,Sunday
1801,C,15,2021-02-07T01:31:10-05:00[America/New_York],2021-02-07T01:31:25-05:00[America/New_York],NA,2021-02-07,5470,Sunday
1801,<A>,119,2021-02-07T01:31:25-05:00[America/New_York],2021-02-07T01:33:24-05:00[America/New_York],NA,2021-02-07,5485,Sunday
1801,C,16,2021-02-07T01:33:24-05:00[America/New_York],2021-02-07T01:33:40-05:00[America/New_York],NA,2021-02-07,5604,Sunday
1801,<A>,219,2021-02-07T01:33:40-05:00[America/New_York],2021-02-07T01:37:19-05:00[America/New_York],NA,2021-02-07,5620,Sunday
1801,C,15,2021-02-07T01:37:19-05:00[America/New_York],2021-02-07T01:37:34-05:00[America/New_York],NA,2021-02-07,5839,Sunday
1801,<A>,42,2021-02-07T01:37:34-05:00[America/New_York],2021-02-07T01:38:16-05:00[America/New_York],Yes,2021-02-07,5854,Sunday
1801,B,16,2021-02-07T01:38:16-05:00[America/New_York],2021-02-07T01:38:32-05:00[America/New_York],NA,2021-02-07,5896,Sunday
1801,C,15,2021-02-07T01:38:32-05:00[America/New_York],2021-02-07T01:38:47-05:00[America/New_York],NA,2021-02-07,5912,Sunday
1801,<A>,48,2021-02-07T01:38:47-05:00[America/New_York],2021-02-07T01:39:35-05:00[America/New_York],Yes,2021-02-07,5927,Sunday
1801,B,16,2021-02-07T01:39:35-05:00[America/New_York],2021-02-07T01:39:51-05:00[America/New_York],NA,2021-02-07,5975,Sunday
1801,C,15,2021-02-07T01:39:51-05:00[America/New_York],2021-02-07T01:40:06-05:00[America/New_York],NA,2021-02-07,5991,Sunday
1801,<A>,48,2021-02-07T01:40:06-05:00[America/New_York],2021-02-07T01:40:54-05:00[America/New_York],Yes,2021-02-07,6006,Sunday
1801,B,16,2021-02-07T01:40:54-05:00[America/New_York],2021-02-07T01:41:10-05:00[America/New_York],NA,2021-02-07,6054,Sunday
1801,<A>,291,2021-02-07T01:41:10-05:00[America/New_York],2021-02-07T01:46:01-05:00[America/New_York],NA,2021-02-07,6070,Sunday
1801,C,15,2021-02-07T01:46:01-05:00[America/New_York],2021-02-07T01:46:16-05:00[America/New_York],NA,2021-02-07,6361,Sunday
1801,<A>,48,2021-02-07T01:46:16-05:00[America/New_York],2021-02-07T01:47:04-05:00[America/New_York],Yes,2021-02-07,6376,Sunday
1801,C,16,2021-02-07T01:47:04-05:00[America/New_York],2021-02-07T01:47:20-05:00[America/New_York],NA,2021-02-07,6424,Sunday
1801,<A>,134,2021-02-07T01:47:20-05:00[America/New_York],2021-02-07T01:49:34-05:00[America/New_York],Yes,2021-02-07,6440,Sunday
1801,B,16,2021-02-07T01:49:34-05:00[America/New_York],2021-02-07T01:49:50-05:00[America/New_York],NA,2021-02-07,6574,Sunday
1801,C,16,2021-02-07T01:49:50-05:00[America/New_York],2021-02-07T01:50:06-05:00[America/New_York],NA,2021-02-07,6590,Sunday
1801,<A>,39,2021-02-07T01:50:06-05:00[America/New_York],2021-02-07T01:50:45-05:00[America/New_York],Yes,2021-02-07,6606,Sunday
1801,B,15,2021-02-07T01:50:45-05:00[America/New_York],2021-02-07T01:51:00-05:00[America/New_York],NA,2021-02-07,6645,Sunday
1801,<A>,122,2021-02-07T01:51:00-05:00[America/New_York],2021-02-07T01:53:02-05:00[America/New_York],NA,2021-02-07,6660,Sunday
1801,B,16,2021-02-07T01:53:02-05:00[America/New_York],2021-02-07T01:53:18-05:00[America/New_York],NA,2021-02-07,6782,Sunday
1801,<A>,143,2021-02-07T01:53:18-05:00[America/New_York],2021-02-07T01:55:41-05:00[America/New_York],Yes,2021-02-07,6798,Sunday
1801,C,15,2021-02-07T01:55:41-05:00[America/New_York],2021-02-07T01:55:56-05:00[America/New_York],NA,2021-02-07,6941,Sunday
1801,<A>,103,2021-02-07T01:55:56-05:00[America/New_York],2021-02-07T01:57:39-05:00[America/New_York],NA,2021-02-07,6956,Sunday
1801,C,16,2021-02-07T01:57:39-05:00[America/New_York],2021-02-07T01:57:55-05:00[America/New_York],NA,2021-02-07,7059,Sunday
1801,<A>,39,2021-02-07T01:57:55-05:00[America/New_York],2021-02-07T01:58:34-05:00[America/New_York],Yes,2021-02-07,7075,Sunday
1801,C,16,2021-02-07T01:58:34-05:00[America/New_York],2021-02-07T01:58:50-05:00[America/New_York],NA,2021-02-07,7114,Sunday
1801,<A>,81,2021-02-07T01:58:50-05:00[America/New_York],2021-02-07T02:00:11-05:00[America/New_York],NA,2021-02-07,7130,Sunday
1801,C,15,2021-02-07T02:00:11-05:00[America/New_York],2021-02-07T02:00:26-05:00[America/New_York],NA,2021-02-07,7211,Sunday
1801,<A>,135,2021-02-07T02:00:26-05:00[America/New_York],2021-02-07T02:02:41-05:00[America/New_York],Yes,2021-02-07,7226,Sunday
1801,B,16,2021-02-07T02:02:41-05:00[America/New_York],2021-02-07T02:02:57-05:00[America/New_York],NA,2021-02-07,7361,Sunday
1801,<A>,81,2021-02-07T02:02:57-05:00[America/New_York],2021-02-07T02:04:18-05:00[America/New_York],NA,2021-02-07,7377,Sunday
1801,B,15,2021-02-07T02:04:18-05:00[America/New_York],2021-02-07T02:04:33-05:00[America/New_York],NA,2021-02-07,7458,Sunday
1801,<A>,55,2021-02-07T02:04:33-05:00[America/New_York],2021-02-07T02:05:28-05:00[America/New_York],Yes,2021-02-07,7473,Sunday
1801,B,16,2021-02-07T02:05:28-05:00[America/New_York],2021-02-07T02:05:44-05:00[America/New_York],NA,2021-02-07,7528,Sunday
1801,C,15,2021-02-07T02:05:44-05:00[America/New_York],2021-02-07T02:05:59-05:00[America/New_York],NA,2021-02-07,7544,Sunday
1801,<A>,63,2021-02-07T02:05:59-05:00[America/New_York],2021-02-07T02:07:02-05:00[America/New_York],Yes,2021-02-07,7559,Sunday
1801,C,15,2021-02-07T02:07:02-05:00[America/New_York],2021-02-07T02:07:17-05:00[America/New_York],NA,2021-02-07,7622,Sunday
1801,<A>,141,2021-02-07T02:07:17-05:00[America/New_York],2021-02-07T02:09:38-05:00[America/New_York],Yes,2021-02-07,7637,Sunday
1801,C,16,2021-02-07T02:09:38-05:00[America/New_York],2021-02-07T02:09:54-05:00[America/New_York],NA,2021-02-07,7778,Sunday
1801,<A>,135,2021-02-07T02:09:54-05:00[America/New_York],2021-02-07T02:12:09-05:00[America/New_York],Yes,2021-02-07,7794,Sunday
1801,C,15,2021-02-07T02:12:09-05:00[America/New_York],2021-02-07T02:12:24-05:00[America/New_York],NA,2021-02-07,7929,Sunday
1801,<A>,46,2021-02-07T02:12:24-05:00[America/New_York],2021-02-07T02:13:10-05:00[America/New_York],Yes,2021-02-07,7944,Sunday
1801,B,15,2021-02-07T02:13:10-05:00[America/New_York],2021-02-07T02:13:25-05:00[America/New_York],NA,2021-02-07,7990,Sunday
1801,<A>,261,2021-02-07T02:13:25-05:00[America/New_York],2021-02-07T02:17:46-05:00[America/New_York],NA,2021-02-07,8005,Sunday
1801,C,16,2021-02-07T02:17:46-05:00[America/New_York],2021-02-07T02:18:02-05:00[America/New_York],NA,2021-02-07,8266,Sunday
1801,<A>,72,2021-02-07T02:18:02-05:00[America/New_York],2021-02-07T02:19:14-05:00[America/New_York],Yes,2021-02-07,8282,Sunday
1801,C,16,2021-02-07T02:19:14-05:00[America/New_York],2021-02-07T02:19:30-05:00[America/New_York],NA,2021-02-07,8354,Sunday
1801,<A>,160,2021-02-07T02:19:30-05:00[America/New_York],2021-02-07T02:22:10-05:00[America/New_York],NA,2021-02-07,8370,Sunday
1801,C,16,2021-02-07T02:22:10-05:00[America/New_York],2021-02-07T02:22:26-05:00[America/New_York],NA,2021-02-07,8530,Sunday
1801,<A>,86,2021-02-07T02:22:26-05:00[America/New_York],2021-02-07T02:23:52-05:00[America/New_York],NA,2021-02-07,8546,Sunday
1801,B,15,2021-02-07T02:23:52-05:00[America/New_York],2021-02-07T02:24:07-05:00[America/New_York],NA,2021-02-07,8632,Sunday
1801,<A>,172,2021-02-07T02:24:07-05:00[America/New_York],2021-02-07T02:26:59-05:00[America/New_York],NA,2021-02-07,8647,Sunday
1801,B,16,2021-02-07T02:26:59-05:00[America/New_York],2021-02-07T02:27:15-05:00[America/New_York],NA,2021-02-07,8819,Sunday
1801,<A>,58,2021-02-07T02:27:15-05:00[America/New_York],2021-02-07T02:28:13-05:00[America/New_York],Yes,2021-02-07,8835,Sunday
1801,B,15,2021-02-07T02:28:13-05:00[America/New_York],2021-02-07T02:28:28-05:00[America/New_York],NA,2021-02-07,8893,Sunday
1801,<A>,102,2021-02-07T02:28:28-05:00[America/New_York],2021-02-07T02:30:10-05:00[America/New_York],NA,2021-02-07,8908,Sunday
1801,B,15,2021-02-07T02:30:10-05:00[America/New_York],2021-02-07T02:30:25-05:00[America/New_York],NA,2021-02-07,9010,Sunday
1801,<A>,65,2021-02-07T02:30:25-05:00[America/New_York],2021-02-07T02:31:30-05:00[America/New_York],Yes,2021-02-07,9025,Sunday
1801,B,16,2021-02-07T02:31:30-05:00[America/New_York],2021-02-07T02:31:46-05:00[America/New_York],NA,2021-02-07,9090,Sunday
1801,<A>,88,2021-02-07T02:31:46-05:00[America/New_York],2021-02-07T02:33:14-05:00[America/New_York],NA,2021-02-07,9106,Sunday
1801,C,16,2021-02-07T02:33:14-05:00[America/New_York],2021-02-07T02:33:30-05:00[America/New_York],NA,2021-02-07,9194,Sunday
1801,<A>,202,2021-02-07T02:33:30-05:00[America/New_York],2021-02-07T02:36:52-05:00[America/New_York],NA,2021-02-07,9210,Sunday
1801,B,15,2021-02-07T02:36:52-05:00[America/New_York],2021-02-07T02:37:07-05:00[America/New_York],NA,2021-02-07,9412,Sunday
1801,<A>,55,2021-02-07T02:37:07-05:00[America/New_York],2021-02-07T02:38:02-05:00[America/New_York],Yes,2021-02-07,9427,Sunday
1801,C,15,2021-02-07T02:38:02-05:00[America/New_York],2021-02-07T02:38:17-05:00[America/New_York],NA,2021-02-07,9482,Sunday
1801,<A>,102,2021-02-07T02:38:17-05:00[America/New_York],2021-02-07T02:39:59-05:00[America/New_York],NA,2021-02-07,9497,Sunday
1801,C,15,2021-02-07T02:39:59-05:00[America/New_York],2021-02-07T02:40:14-05:00[America/New_York],NA,2021-02-07,9599,Sunday
1801,<A>,431,2021-02-07T02:40:14-05:00[America/New_York],2021-02-07T02:47:25-05:00[America/New_York],Yes,2021-02-07,9614,Sunday
1801,B,15,2021-02-07T02:47:25-05:00[America/New_York],2021-02-07T02:47:40-05:00[America/New_York],NA,2021-02-07,10045,Sunday
1801,<A>,39,2021-02-07T02:47:40-05:00[America/New_York],2021-02-07T02:48:19-05:00[America/New_York],Yes,2021-02-07,10060,Sunday
1801,C,16,2021-02-07T02:48:19-05:00[America/New_York],2021-02-07T02:48:35-05:00[America/New_York],NA,2021-02-07,10099,Sunday
1801,<A>,111,2021-02-07T02:48:35-05:00[America/New_York],2021-02-07T02:50:26-05:00[America/New_York],NA,2021-02-07,10115,Sunday
1801,C,15,2021-02-07T02:50:26-05:00[America/New_York],2021-02-07T02:50:41-05:00[America/New_York],NA,2021-02-07,10226,Sunday
1801,<A>,48,2021-02-07T02:50:41-05:00[America/New_York],2021-02-07T02:51:29-05:00[America/New_York],Yes,2021-02-07,10241,Sunday
1801,C,15,2021-02-07T02:51:29-05:00[America/New_York],2021-02-07T02:51:44-05:00[America/New_York],NA,2021-02-07,10289,Sunday
1801,<A>,66,2021-02-07T02:51:44-05:00[America/New_York],2021-02-07T02:52:50-05:00[America/New_York],NA,2021-02-07,10304,Sunday
1801,B,16,2021-02-07T02:52:50-05:00[America/New_York],2021-02-07T02:53:06-05:00[America/New_York],NA,2021-02-07,10370,Sunday
1801,<A>,371,2021-02-07T02:53:06-05:00[America/New_York],2021-02-07T02:59:17-05:00[America/New_York],NA,2021-02-07,10386,Sunday
1801,C,15,2021-02-07T02:59:17-05:00[America/New_York],2021-02-07T02:59:32-05:00[America/New_York],NA,2021-02-07,10757,Sunday
1801,<A>,57,2021-02-07T02:59:32-05:00[America/New_York],2021-02-07T03:00:29-05:00[America/New_York],Yes,2021-02-07,10772,Sunday
1801,C,15,2021-02-07T03:00:29-05:00[America/New_York],2021-02-07T03:00:44-05:00[America/New_York],NA,2021-02-07,10829,Sunday
1801,<A>,144,2021-02-07T03:00:44-05:00[America/New_York],2021-02-07T03:03:08-05:00[America/New_York],Yes,2021-02-07,10844,Sunday
1801,B,15,2021-02-07T03:03:08-05:00[America/New_York],2021-02-07T03:03:23-05:00[America/New_York],NA,2021-02-07,10988,Sunday
1801,<A>,419,2021-02-07T03:03:23-05:00[America/New_York],2021-02-07T03:10:22-05:00[America/New_York],Yes,2021-02-07,11003,Sunday
1801,B,15,2021-02-07T03:10:22-05:00[America/New_York],2021-02-07T03:10:37-05:00[America/New_York],NA,2021-02-07,11422,Sunday
1801,C,15,2021-02-07T03:10:37-05:00[America/New_York],2021-02-07T03:10:52-05:00[America/New_York],NA,2021-02-07,11437,Sunday
1801,<A>,157,2021-02-07T03:10:52-05:00[America/New_York],2021-02-07T03:13:29-05:00[America/New_York],Yes,2021-02-07,11452,Sunday
1801,B,16,2021-02-07T03:13:29-05:00[America/New_York],2021-02-07T03:13:45-05:00[America/New_York],NA,2021-02-07,11609,Sunday
1801,<A>,39,2021-02-07T03:13:45-05:00[America/New_York],2021-02-07T03:14:24-05:00[America/New_York],Yes,2021-02-07,11625,Sunday
1801,C,15,2021-02-07T03:14:24-05:00[America/New_York],2021-02-07T03:14:39-05:00[America/New_York],NA,2021-02-07,11664,Sunday
1801,<A>,137,2021-02-07T03:14:39-05:00[America/New_York],2021-02-07T03:16:56-05:00[America/New_York],Yes,2021-02-07,11679,Sunday
1801,B,15,2021-02-07T03:16:56-05:00[America/New_York],2021-02-07T03:17:11-05:00[America/New_York],NA,2021-02-07,11816,Sunday
1801,<A>,49,2021-02-07T03:17:11-05:00[America/New_York],2021-02-07T03:18:00-05:00[America/New_York],Yes,2021-02-07,11831,Sunday
1801,B,15,2021-02-07T03:18:00-05:00[America/New_York],2021-02-07T03:18:15-05:00[America/New_York],NA,2021-02-07,11880,Sunday
1801,<A>,140,2021-02-07T03:18:15-05:00[America/New_York],2021-02-07T03:20:35-05:00[America/New_York],Yes,2021-02-07,11895,Sunday
1801,B,16,2021-02-07T03:20:35-05:00[America/New_York],2021-02-07T03:20:51-05:00[America/New_York],NA,2021-02-07,12035,Sunday
1801,<A>,139,2021-02-07T03:20:51-05:00[America/New_York],2021-02-07T03:23:10-05:00[America/New_York],Yes,2021-02-07,12051,Sunday
1801,B,16,2021-02-07T03:23:10-05:00[America/New_York],2021-02-07T03:23:26-05:00[America/New_York],NA,2021-02-07,12190,Sunday
1801,C,16,2021-02-07T03:23:26-05:00[America/New_York],2021-02-07T03:23:42-05:00[America/New_York],NA,2021-02-07,12206,Sunday
1801,<A>,262,2021-02-07T03:23:42-05:00[America/New_York],2021-02-07T03:28:04-05:00[America/New_York],NA,2021-02-07,12222,Sunday
1801,B,16,2021-02-07T03:28:04-05:00[America/New_York],2021-02-07T03:28:20-05:00[America/New_York],NA,2021-02-07,12484,Sunday
1801,<A>,131,2021-02-07T03:28:20-05:00[America/New_York],2021-02-07T03:30:31-05:00[America/New_York],Yes,2021-02-07,12500,Sunday
1801,B,15,2021-02-07T03:30:31-05:00[America/New_York],2021-02-07T03:30:46-05:00[America/New_York],NA,2021-02-07,12631,Sunday
1801,<A>,39,2021-02-07T03:30:46-05:00[America/New_York],2021-02-07T03:31:25-05:00[America/New_York],Yes,2021-02-07,12646,Sunday
1801,C,15,2021-02-07T03:31:25-05:00[America/New_York],2021-02-07T03:31:40-05:00[America/New_York],NA,2021-02-07,12685,Sunday
1801,<A>,136,2021-02-07T03:31:40-05:00[America/New_York],2021-02-07T03:33:56-05:00[America/New_York],Yes,2021-02-07,12700,Sunday
1801,C,16,2021-02-07T03:33:56-05:00[America/New_York],2021-02-07T03:34:12-05:00[America/New_York],NA,2021-02-07,12836,Sunday
1801,<A>,137,2021-02-07T03:34:12-05:00[America/New_York],2021-02-07T03:36:29-05:00[America/New_York],Yes,2021-02-07,12852,Sunday
1801,B,16,2021-02-07T03:36:29-05:00[America/New_York],2021-02-07T03:36:45-05:00[America/New_York],NA,2021-02-07,12989,Sunday
1801,<A>,51,2021-02-07T03:36:45-05:00[America/New_York],2021-02-07T03:37:36-05:00[America/New_York],Yes,2021-02-07,13005,Sunday
1801,C,15,2021-02-07T03:37:36-05:00[America/New_York],2021-02-07T03:37:51-05:00[America/New_York],NA,2021-02-07,13056,Sunday
1801,<A>,1227,2021-02-07T03:37:51-05:00[America/New_York],2021-02-07T03:58:18-05:00[America/New_York],NA,2021-02-07,13071,Sunday
1801,B,15,2021-02-07T03:58:18-05:00[America/New_York],2021-02-07T03:58:33-05:00[America/New_York],NA,2021-02-07,14298,Sunday
1801,<A>,39,2021-02-07T03:58:33-05:00[America/New_York],2021-02-07T03:59:12-05:00[America/New_York],Yes,2021-02-07,14313,Sunday
1801,B,16,2021-02-07T03:59:12-05:00[America/New_York],2021-02-07T03:59:28-05:00[America/New_York],NA,2021-02-07,14352,Sunday
1801,C,15,2021-02-07T03:59:28-05:00[America/New_York],2021-02-07T03:59:43-05:00[America/New_York],NA,2021-02-07,14368,Sunday
1801,<A>,417,2021-02-07T03:59:43-05:00[America/New_York],2021-02-07T04:06:40-05:00[America/New_York],Yes,2021-02-07,14383,Sunday
1801,C,16,2021-02-07T04:06:40-05:00[America/New_York],2021-02-07T04:06:56-05:00[America/New_York],NA,2021-02-07,14800,Sunday
1801,<A>,64,2021-02-07T04:06:56-05:00[America/New_York],2021-02-07T04:08:00-05:00[America/New_York],NA,2021-02-07,14816,Sunday
1801,B,15,2021-02-07T04:08:00-05:00[America/New_York],2021-02-07T04:08:15-05:00[America/New_York],NA,2021-02-07,14880,Sunday
1801,<A>,184,2021-02-07T04:08:15-05:00[America/New_York],2021-02-07T04:11:19-05:00[America/New_York],NA,2021-02-07,14895,Sunday
1801,B,15,2021-02-07T04:11:19-05:00[America/New_York],2021-02-07T04:11:34-05:00[America/New_York],NA,2021-02-07,15079,Sunday
1801,<A>,103,2021-02-07T04:11:34-05:00[America/New_York],2021-02-07T04:13:17-05:00[America/New_York],NA,2021-02-07,15094,Sunday
1801,C,15,2021-02-07T04:13:17-05:00[America/New_York],2021-02-07T04:13:32-05:00[America/New_York],NA,2021-02-07,15197,Sunday
1801,<A>,318,2021-02-07T04:13:32-05:00[America/New_York],2021-02-07T04:18:50-05:00[America/New_York],Yes,2021-02-07,15212,Sunday
1801,C,16,2021-02-07T04:18:50-05:00[America/New_York],2021-02-07T04:19:06-05:00[America/New_York],NA,2021-02-07,15530,Sunday
1801,<A>,79,2021-02-07T04:19:06-05:00[America/New_York],2021-02-07T04:20:25-05:00[America/New_York],NA,2021-02-07,15546,Sunday
1801,B,15,2021-02-07T04:20:25-05:00[America/New_York],2021-02-07T04:20:40-05:00[America/New_York],NA,2021-02-07,15625,Sunday
1801,<A>,284,2021-02-07T04:20:40-05:00[America/New_York],2021-02-07T04:25:24-05:00[America/New_York],NA,2021-02-07,15640,Sunday
1801,B,15,2021-02-07T04:25:24-05:00[America/New_York],2021-02-07T04:25:39-05:00[America/New_York],NA,2021-02-07,15924,Sunday
1801,<A>,282,2021-02-07T04:25:39-05:00[America/New_York],2021-02-07T04:30:21-05:00[America/New_York],NA,2021-02-07,15939,Sunday
1801,B,15,2021-02-07T04:30:21-05:00[America/New_York],2021-02-07T04:30:36-05:00[America/New_York],NA,2021-02-07,16221,Sunday
1801,<A>,157,2021-02-07T04:30:36-05:00[America/New_York],2021-02-07T04:33:13-05:00[America/New_York],Yes,2021-02-07,16236,Sunday
1801,C,16,2021-02-07T04:33:13-05:00[America/New_York],2021-02-07T04:33:29-05:00[America/New_York],NA,2021-02-07,16393,Sunday
1801,<A>,108,2021-02-07T04:33:29-05:00[America/New_York],2021-02-07T04:35:17-05:00[America/New_York],NA,2021-02-07,16409,Sunday
1801,C,16,2021-02-07T04:35:17-05:00[America/New_York],2021-02-07T04:35:33-05:00[America/New_York],NA,2021-02-07,16517,Sunday
1801,<A>,58,2021-02-07T04:35:33-05:00[America/New_York],2021-02-07T04:36:31-05:00[America/New_York],Yes,2021-02-07,16533,Sunday
1801,C,15,2021-02-07T04:36:31-05:00[America/New_York],2021-02-07T04:36:46-05:00[America/New_York],NA,2021-02-07,16591,Sunday
1801,<A>,83,2021-02-07T04:36:46-05:00[America/New_York],2021-02-07T04:38:09-05:00[America/New_York],NA,2021-02-07,16606,Sunday
1801,B,15,2021-02-07T04:38:09-05:00[America/New_York],2021-02-07T04:38:24-05:00[America/New_York],NA,2021-02-07,16689,Sunday
1801,<A>,651,2021-02-07T04:38:24-05:00[America/New_York],2021-02-07T04:49:15-05:00[America/New_York],NA,2021-02-07,16704,Sunday
1801,C,15,2021-02-07T04:49:15-05:00[America/New_York],2021-02-07T04:49:30-05:00[America/New_York],NA,2021-02-07,17355,Sunday
1801,<A>,434,2021-02-07T04:49:30-05:00[America/New_York],2021-02-07T04:56:44-05:00[America/New_York],Yes,2021-02-07,17370,Sunday
1801,C,16,2021-02-07T04:56:44-05:00[America/New_York],2021-02-07T04:57:00-05:00[America/New_York],NA,2021-02-07,17804,Sunday
1801,<A>,240,2021-02-07T04:57:00-05:00[America/New_York],2021-02-07T05:01:00-05:00[America/New_York],Yes,2021-02-07,17820,Sunday
1801,C,15,2021-02-07T05:01:00-05:00[America/New_York],2021-02-07T05:01:15-05:00[America/New_York],NA,2021-02-07,18060,Sunday
1801,<A>,225,2021-02-07T05:01:15-05:00[America/New_York],2021-02-07T05:05:00-05:00[America/New_York],Yes,2021-02-07,18075,Sunday
1801,C,15,2021-02-07T05:05:00-05:00[America/New_York],2021-02-07T05:05:15-05:00[America/New_York],NA,2021-02-07,18300,Sunday
1801,<A>,76,2021-02-07T05:05:15-05:00[America/New_York],2021-02-07T05:06:31-05:00[America/New_York],NA,2021-02-07,18315,Sunday
1801,B,15,2021-02-07T05:06:31-05:00[America/New_York],2021-02-07T05:06:46-05:00[America/New_York],NA,2021-02-07,18391,Sunday
1801,C,16,2021-02-07T05:06:46-05:00[America/New_York],2021-02-07T05:07:02-05:00[America/New_York],NA,2021-02-07,18406,Sunday
1801,<A>,275,2021-02-07T05:07:02-05:00[America/New_York],2021-02-07T05:11:37-05:00[America/New_York],NA,2021-02-07,18422,Sunday
1801,B,16,2021-02-07T05:11:37-05:00[America/New_York],2021-02-07T05:11:53-05:00[America/New_York],NA,2021-02-07,18697,Sunday
1801,<A>,39,2021-02-07T05:11:53-05:00[America/New_York],2021-02-07T05:12:32-05:00[America/New_York],Yes,2021-02-07,18713,Sunday
1801,B,15,2021-02-07T05:12:32-05:00[America/New_York],2021-02-07T05:12:47-05:00[America/New_York],NA,2021-02-07,18752,Sunday
1801,<A>,78,2021-02-07T05:12:47-05:00[America/New_York],2021-02-07T05:14:05-05:00[America/New_York],NA,2021-02-07,18767,Sunday
1801,B,15,2021-02-07T05:14:05-05:00[America/New_York],2021-02-07T05:14:20-05:00[America/New_York],NA,2021-02-07,18845,Sunday
1801,C,16,2021-02-07T05:14:20-05:00[America/New_York],2021-02-07T05:14:36-05:00[America/New_York],NA,2021-02-07,18860,Sunday
1801,<A>,46,2021-02-07T05:14:36-05:00[America/New_York],2021-02-07T05:15:22-05:00[America/New_York],Yes,2021-02-07,18876,Sunday
1801,C,15,2021-02-07T05:15:22-05:00[America/New_York],2021-02-07T05:15:37-05:00[America/New_York],NA,2021-02-07,18922,Sunday
1801,<A>,267,2021-02-07T05:15:37-05:00[America/New_York],2021-02-07T05:20:04-05:00[America/New_York],NA,2021-02-07,18937,Sunday
1801,B,16,2021-02-07T05:20:04-05:00[America/New_York],2021-02-07T05:20:20-05:00[America/New_York],NA,2021-02-07,19204,Sunday
1801,<A>,89,2021-02-07T05:20:20-05:00[America/New_York],2021-02-07T05:21:49-05:00[America/New_York],NA,2021-02-07,19220,Sunday
1801,C,15,2021-02-07T05:21:49-05:00[America/New_York],2021-02-07T05:22:04-05:00[America/New_York],NA,2021-02-07,19309,Sunday
1801,<A>,49,2021-02-07T05:22:04-05:00[America/New_York],2021-02-07T05:22:53-05:00[America/New_York],Yes,2021-02-07,19324,Sunday
1801,B,15,2021-02-07T05:22:53-05:00[America/New_York],2021-02-07T05:23:08-05:00[America/New_York],NA,2021-02-07,19373,Sunday
1801,<A>,115,2021-02-07T05:23:08-05:00[America/New_York],2021-02-07T05:25:03-05:00[America/New_York],NA,2021-02-07,19388,Sunday
1801,C,15,2021-02-07T05:25:03-05:00[America/New_York],2021-02-07T05:25:18-05:00[America/New_York],NA,2021-02-07,19503,Sunday
1801,<A>,39,2021-02-07T05:25:18-05:00[America/New_York],2021-02-07T05:25:57-05:00[America/New_York],Yes,2021-02-07,19518,Sunday
1801,C,15,2021-02-07T05:25:57-05:00[America/New_York],2021-02-07T05:26:12-05:00[America/New_York],NA,2021-02-07,19557,Sunday
1801,<A>,39,2021-02-07T05:26:12-05:00[America/New_York],2021-02-07T05:26:51-05:00[America/New_York],Yes,2021-02-07,19572,Sunday
1801,B,16,2021-02-07T05:26:51-05:00[America/New_York],2021-02-07T05:27:07-05:00[America/New_York],NA,2021-02-07,19611,Sunday
1801,<A>,149,2021-02-07T05:27:07-05:00[America/New_York],2021-02-07T05:29:36-05:00[America/New_York],Yes,2021-02-07,19627,Sunday
1801,B,15,2021-02-07T05:29:36-05:00[America/New_York],2021-02-07T05:29:51-05:00[America/New_York],NA,2021-02-07,19776,Sunday
1801,<A>,106,2021-02-07T05:29:51-05:00[America/New_York],2021-02-07T05:31:37-05:00[America/New_York],NA,2021-02-07,19791,Sunday
1801,B,15,2021-02-07T05:31:37-05:00[America/New_York],2021-02-07T05:31:52-05:00[America/New_York],NA,2021-02-07,19897,Sunday
1801,<A>,118,2021-02-07T05:31:52-05:00[America/New_York],2021-02-07T05:33:50-05:00[America/New_York],NA,2021-02-07,19912,Sunday
1801,B,15,2021-02-07T05:33:50-05:00[America/New_York],2021-02-07T05:34:05-05:00[America/New_York],NA,2021-02-07,20030,Sunday
1801,<A>,39,2021-02-07T05:34:05-05:00[America/New_York],2021-02-07T05:34:44-05:00[America/New_York],Yes,2021-02-07,20045,Sunday
1801,B,16,2021-02-07T05:34:44-05:00[America/New_York],2021-02-07T05:35:00-05:00[America/New_York],NA,2021-02-07,20084,Sunday
1801,<A>,68,2021-02-07T05:35:00-05:00[America/New_York],2021-02-07T05:36:08-05:00[America/New_York],NA,2021-02-07,20100,Sunday
1801,C,16,2021-02-07T05:36:08-05:00[America/New_York],2021-02-07T05:36:24-05:00[America/New_York],NA,2021-02-07,20168,Sunday
1801,<A>,39,2021-02-07T05:36:24-05:00[America/New_York],2021-02-07T05:37:03-05:00[America/New_York],Yes,2021-02-07,20184,Sunday
1801,B,16,2021-02-07T05:37:03-05:00[America/New_York],2021-02-07T05:37:19-05:00[America/New_York],NA,2021-02-07,20223,Sunday
1801,<A>,134,2021-02-07T05:37:19-05:00[America/New_York],2021-02-07T05:39:33-05:00[America/New_York],Yes,2021-02-07,20239,Sunday
1801,C,15,2021-02-07T05:39:33-05:00[America/New_York],2021-02-07T05:39:48-05:00[America/New_York],NA,2021-02-07,20373,Sunday
1801,<A>,39,2021-02-07T05:39:48-05:00[America/New_York],2021-02-07T05:40:27-05:00[America/New_York],Yes,2021-02-07,20388,Sunday
1801,B,16,2021-02-07T05:40:27-05:00[America/New_York],2021-02-07T05:40:43-05:00[America/New_York],NA,2021-02-07,20427,Sunday
1801,<A>,64,2021-02-07T05:40:43-05:00[America/New_York],2021-02-07T05:41:47-05:00[America/New_York],NA,2021-02-07,20443,Sunday
1801,C,15,2021-02-07T05:41:47-05:00[America/New_York],2021-02-07T05:42:02-05:00[America/New_York],NA,2021-02-07,20507,Sunday
1801,<A>,167,2021-02-07T05:42:02-05:00[America/New_York],2021-02-07T05:44:49-05:00[America/New_York],NA,2021-02-07,20522,Sunday
1801,C,15,2021-02-07T05:44:49-05:00[America/New_York],2021-02-07T05:45:04-05:00[America/New_York],NA,2021-02-07,20689,Sunday
1801,<A>,85,2021-02-07T05:45:04-05:00[America/New_York],2021-02-07T05:46:29-05:00[America/New_York],NA,2021-02-07,20704,Sunday
1801,B,15,2021-02-07T05:46:29-05:00[America/New_York],2021-02-07T05:46:44-05:00[America/New_York],NA,2021-02-07,20789,Sunday
1801,C,16,2021-02-07T05:46:44-05:00[America/New_York],2021-02-07T05:47:00-05:00[America/New_York],NA,2021-02-07,20804,Sunday
1801,<A>,108,2021-02-07T05:47:00-05:00[America/New_York],2021-02-07T05:48:48-05:00[America/New_York],NA,2021-02-07,20820,Sunday
1801,C,16,2021-02-07T05:48:48-05:00[America/New_York],2021-02-07T05:49:04-05:00[America/New_York],NA,2021-02-07,20928,Sunday
1801,<A>,48,2021-02-07T05:49:04-05:00[America/New_York],2021-02-07T05:49:52-05:00[America/New_York],Yes,2021-02-07,20944,Sunday
1801,B,16,2021-02-07T05:49:52-05:00[America/New_York],2021-02-07T05:50:08-05:00[America/New_York],NA,2021-02-07,20992,Sunday
1801,C,16,2021-02-07T05:50:08-05:00[America/New_York],2021-02-07T05:50:24-05:00[America/New_York],NA,2021-02-07,21008,Sunday
1801,<A>,94,2021-02-07T05:50:24-05:00[America/New_York],2021-02-07T05:51:58-05:00[America/New_York],NA,2021-02-07,21024,Sunday
1801,C,15,2021-02-07T05:51:58-05:00[America/New_York],2021-02-07T05:52:13-05:00[America/New_York],NA,2021-02-07,21118,Sunday
1801,<A>,42,2021-02-07T05:52:13-05:00[America/New_York],2021-02-07T05:52:55-05:00[America/New_York],Yes,2021-02-07,21133,Sunday
1801,B,16,2021-02-07T05:52:55-05:00[America/New_York],2021-02-07T05:53:11-05:00[America/New_York],NA,2021-02-07,21175,Sunday
1801,<A>,135,2021-02-07T05:53:11-05:00[America/New_York],2021-02-07T05:55:26-05:00[America/New_York],Yes,2021-02-07,21191,Sunday
1801,B,15,2021-02-07T05:55:26-05:00[America/New_York],2021-02-07T05:55:41-05:00[America/New_York],NA,2021-02-07,21326,Sunday
1801,<A>,47,2021-02-07T05:55:41-05:00[America/New_York],2021-02-07T05:56:28-05:00[America/New_York],Yes,2021-02-07,21341,Sunday
1801,C,15,2021-02-07T05:56:28-05:00[America/New_York],2021-02-07T05:56:43-05:00[America/New_York],NA,2021-02-07,21388,Sunday
1801,<A>,228,2021-02-07T05:56:43-05:00[America/New_York],2021-02-07T06:00:31-05:00[America/New_York],Yes,2021-02-07,21403,Sunday
1801,B,15,2021-02-07T06:00:31-05:00[America/New_York],2021-02-07T06:00:46-05:00[America/New_York],NA,2021-02-07,21631,Sunday
1801,C,16,2021-02-07T06:00:46-05:00[America/New_York],2021-02-07T06:01:02-05:00[America/New_York],NA,2021-02-07,21646,Sunday
1801,<A>,91,2021-02-07T06:01:02-05:00[America/New_York],2021-02-07T06:02:33-05:00[America/New_York],NA,2021-02-07,21662,Sunday
1801,B,15,2021-02-07T06:02:33-05:00[America/New_York],2021-02-07T06:02:48-05:00[America/New_York],NA,2021-02-07,21753,Sunday
1801,<A>,39,2021-02-07T06:02:48-05:00[America/New_York],2021-02-07T06:03:27-05:00[America/New_York],Yes,2021-02-07,21768,Sunday
1801,C,16,2021-02-07T06:03:27-05:00[America/New_York],2021-02-07T06:03:43-05:00[America/New_York],NA,2021-02-07,21807,Sunday
1801,<A>,62,2021-02-07T06:03:43-05:00[America/New_York],2021-02-07T06:04:45-05:00[America/New_York],Yes,2021-02-07,21823,Sunday
1801,B,16,2021-02-07T06:04:45-05:00[America/New_York],2021-02-07T06:05:01-05:00[America/New_York],NA,2021-02-07,21885,Sunday
1801,<A>,84,2021-02-07T06:05:01-05:00[America/New_York],2021-02-07T06:06:25-05:00[America/New_York],NA,2021-02-07,21901,Sunday
1801,B,16,2021-02-07T06:06:25-05:00[America/New_York],2021-02-07T06:06:41-05:00[America/New_York],NA,2021-02-07,21985,Sunday
1801,<A>,91,2021-02-07T06:06:41-05:00[America/New_York],2021-02-07T06:08:12-05:00[America/New_York],NA,2021-02-07,22001,Sunday
1801,B,15,2021-02-07T06:08:12-05:00[America/New_York],2021-02-07T06:08:27-05:00[America/New_York],NA,2021-02-07,22092,Sunday
1801,<A>,58,2021-02-07T06:08:27-05:00[America/New_York],2021-02-07T06:09:25-05:00[America/New_York],Yes,2021-02-07,22107,Sunday
1801,C,15,2021-02-07T06:09:25-05:00[America/New_York],2021-02-07T06:09:40-05:00[America/New_York],NA,2021-02-07,22165,Sunday
1801,<A>,186,2021-02-07T06:09:40-05:00[America/New_York],2021-02-07T06:12:46-05:00[America/New_York],NA,2021-02-07,22180,Sunday
1801,C,15,2021-02-07T06:12:46-05:00[America/New_York],2021-02-07T06:13:01-05:00[America/New_York],NA,2021-02-07,22366,Sunday
1801,<A>,43,2021-02-07T06:13:01-05:00[America/New_York],2021-02-07T06:13:44-05:00[America/New_York],Yes,2021-02-07,22381,Sunday
1801,B,15,2021-02-07T06:13:44-05:00[America/New_York],2021-02-07T06:13:59-05:00[America/New_York],NA,2021-02-07,22424,Sunday
1801,<A>,69,2021-02-07T06:13:59-05:00[America/New_York],2021-02-07T06:15:08-05:00[America/New_York],NA,2021-02-07,22439,Sunday
1801,B,15,2021-02-07T06:15:08-05:00[America/New_York],2021-02-07T06:15:23-05:00[America/New_York],NA,2021-02-07,22508,Sunday
1801,<A>,43,2021-02-07T06:15:23-05:00[America/New_York],2021-02-07T06:16:06-05:00[America/New_York],Yes,2021-02-07,22523,Sunday
1801,C,15,2021-02-07T06:16:06-05:00[America/New_York],2021-02-07T06:16:21-05:00[America/New_York],NA,2021-02-07,22566,Sunday
1801,<A>,95,2021-02-07T06:16:21-05:00[America/New_York],2021-02-07T06:17:56-05:00[America/New_York],NA,2021-02-07,22581,Sunday
1801,C,15,2021-02-07T06:17:56-05:00[America/New_York],2021-02-07T06:18:11-05:00[America/New_York],NA,2021-02-07,22676,Sunday
1801,<A>,136,2021-02-07T06:18:11-05:00[America/New_York],2021-02-07T06:20:27-05:00[America/New_York],Yes,2021-02-07,22691,Sunday
1801,C,16,2021-02-07T06:20:27-05:00[America/New_York],2021-02-07T06:20:43-05:00[America/New_York],NA,2021-02-07,22827,Sunday
1801,<A>,44,2021-02-07T06:20:43-05:00[America/New_York],2021-02-07T06:21:27-05:00[America/New_York],Yes,2021-02-07,22843,Sunday
1801,B,16,2021-02-07T06:21:27-05:00[America/New_York],2021-02-07T06:21:43-05:00[America/New_York],NA,2021-02-07,22887,Sunday
1801,C,15,2021-02-07T06:21:43-05:00[America/New_York],2021-02-07T06:21:58-05:00[America/New_York],NA,2021-02-07,22903,Sunday
1801,<A>,46,2021-02-07T06:21:58-05:00[America/New_York],2021-02-07T06:22:44-05:00[America/New_York],Yes,2021-02-07,22918,Sunday
1801,B,16,2021-02-07T06:22:44-05:00[America/New_York],2021-02-07T06:23:00-05:00[America/New_York],NA,2021-02-07,22964,Sunday
1801,C,15,2021-02-07T06:23:00-05:00[America/New_York],2021-02-07T06:23:15-05:00[America/New_York],NA,2021-02-07,22980,Sunday
1801,<A>,108,2021-02-07T06:23:15-05:00[America/New_York],2021-02-07T06:25:03-05:00[America/New_York],NA,2021-02-07,22995,Sunday
1801,B,16,2021-02-07T06:25:03-05:00[America/New_York],2021-02-07T06:25:19-05:00[America/New_York],NA,2021-02-07,23103,Sunday
1801,<A>,43,2021-02-07T06:25:19-05:00[America/New_York],2021-02-07T06:26:02-05:00[America/New_York],Yes,2021-02-07,23119,Sunday
1801,C,16,2021-02-07T06:26:02-05:00[America/New_York],2021-02-07T06:26:18-05:00[America/New_York],NA,2021-02-07,23162,Sunday
1801,<A>,50,2021-02-07T06:26:18-05:00[America/New_York],2021-02-07T06:27:08-05:00[America/New_York],Yes,2021-02-07,23178,Sunday
1801,C,15,2021-02-07T06:27:08-05:00[America/New_York],2021-02-07T06:27:23-05:00[America/New_York],NA,2021-02-07,23228,Sunday
1801,<A>,41,2021-02-07T06:27:23-05:00[America/New_York],2021-02-07T06:28:04-05:00[America/New_York],Yes,2021-02-07,23243,Sunday
1801,B,16,2021-02-07T06:28:04-05:00[America/New_York],2021-02-07T06:28:20-05:00[America/New_York],NA,2021-02-07,23284,Sunday
1801,<A>,140,2021-02-07T06:28:20-05:00[America/New_York],2021-02-07T06:30:40-05:00[America/New_York],Yes,2021-02-07,23300,Sunday
1801,C,16,2021-02-07T06:30:40-05:00[America/New_York],2021-02-07T06:30:56-05:00[America/New_York],NA,2021-02-07,23440,Sunday
1801,<A>,60,2021-02-07T06:30:56-05:00[America/New_York],2021-02-07T06:31:56-05:00[America/New_York],Yes,2021-02-07,23456,Sunday
1801,B,15,2021-02-07T06:31:56-05:00[America/New_York],2021-02-07T06:32:11-05:00[America/New_York],NA,2021-02-07,23516,Sunday
1801,<A>,143,2021-02-07T06:32:11-05:00[America/New_York],2021-02-07T06:34:34-05:00[America/New_York],Yes,2021-02-07,23531,Sunday
1801,C,15,2021-02-07T06:34:34-05:00[America/New_York],2021-02-07T06:34:49-05:00[America/New_York],NA,2021-02-07,23674,Sunday
1801,<A>,112,2021-02-07T06:34:49-05:00[America/New_York],2021-02-07T06:36:41-05:00[America/New_York],NA,2021-02-07,23689,Sunday
1801,C,15,2021-02-07T06:36:41-05:00[America/New_York],2021-02-07T06:36:56-05:00[America/New_York],NA,2021-02-07,23801,Sunday
1801,<A>,64,2021-02-07T06:36:56-05:00[America/New_York],2021-02-07T06:38:00-05:00[America/New_York],Yes,2021-02-07,23816,Sunday
1801,C,15,2021-02-07T06:38:00-05:00[America/New_York],2021-02-07T06:38:15-05:00[America/New_York],NA,2021-02-07,23880,Sunday
1801,<A>,88,2021-02-07T06:38:15-05:00[America/New_York],2021-02-07T06:39:43-05:00[America/New_York],NA,2021-02-07,23895,Sunday
1801,B,16,2021-02-07T06:39:43-05:00[America/New_York],2021-02-07T06:39:59-05:00[America/New_York],NA,2021-02-07,23983,Sunday
1801,<A>,114,2021-02-07T06:39:59-05:00[America/New_York],2021-02-07T06:41:53-05:00[America/New_York],NA,2021-02-07,23999,Sunday
1801,C,15,2021-02-07T06:41:53-05:00[America/New_York],2021-02-07T06:42:08-05:00[America/New_York],NA,2021-02-07,24113,Sunday
1801,<A>,42,2021-02-07T06:42:08-05:00[America/New_York],2021-02-07T06:42:50-05:00[America/New_York],Yes,2021-02-07,24128,Sunday
1801,B,16,2021-02-07T06:42:50-05:00[America/New_York],2021-02-07T06:43:06-05:00[America/New_York],NA,2021-02-07,24170,Sunday
1801,C,16,2021-02-07T06:43:06-05:00[America/New_York],2021-02-07T06:43:22-05:00[America/New_York],NA,2021-02-07,24186,Sunday
1801,<A>,39,2021-02-07T06:43:22-05:00[America/New_York],2021-02-07T06:44:01-05:00[America/New_York],Yes,2021-02-07,24202,Sunday
1801,B,15,2021-02-07T06:44:01-05:00[America/New_York],2021-02-07T06:44:16-05:00[America/New_York],NA,2021-02-07,24241,Sunday
1801,<A>,48,2021-02-07T06:44:16-05:00[America/New_York],2021-02-07T06:45:04-05:00[America/New_York],Yes,2021-02-07,24256,Sunday
1801,B,15,2021-02-07T06:45:04-05:00[America/New_York],2021-02-07T06:45:19-05:00[America/New_York],NA,2021-02-07,24304,Sunday
1801,<A>,49,2021-02-07T06:45:19-05:00[America/New_York],2021-02-07T06:46:08-05:00[America/New_York],Yes,2021-02-07,24319,Sunday
1801,B,16,2021-02-07T06:46:08-05:00[America/New_York],2021-02-07T06:46:24-05:00[America/New_York],NA,2021-02-07,24368,Sunday
1801,<A>,71,2021-02-07T06:46:24-05:00[America/New_York],2021-02-07T06:47:35-05:00[America/New_York],Yes,2021-02-07,24384,Sunday
1801,B,16,2021-02-07T06:47:35-05:00[America/New_York],2021-02-07T06:47:51-05:00[America/New_York],NA,2021-02-07,24455,Sunday
1801,C,15,2021-02-07T06:47:51-05:00[America/New_York],2021-02-07T06:48:06-05:00[America/New_York],NA,2021-02-07,24471,Sunday
1801,<A>,39,2021-02-07T06:48:06-05:00[America/New_York],2021-02-07T06:48:45-05:00[America/New_York],Yes,2021-02-07,24486,Sunday
1801,B,16,2021-02-07T06:48:45-05:00[America/New_York],2021-02-07T06:49:01-05:00[America/New_York],NA,2021-02-07,24525,Sunday
1801,C,15,2021-02-07T06:49:01-05:00[America/New_York],2021-02-07T06:49:16-05:00[America/New_York],NA,2021-02-07,24541,Sunday
1801,<A>,50,2021-02-07T06:49:16-05:00[America/New_York],2021-02-07T06:50:06-05:00[America/New_York],Yes,2021-02-07,24556,Sunday
1801,B,16,2021-02-07T06:50:06-05:00[America/New_York],2021-02-07T06:50:22-05:00[America/New_York],NA,2021-02-07,24606,Sunday
1801,C,15,2021-02-07T06:50:22-05:00[America/New_York],2021-02-07T06:50:37-05:00[America/New_York],NA,2021-02-07,24622,Sunday
1801,<A>,51,2021-02-07T06:50:37-05:00[America/New_York],2021-02-07T06:51:28-05:00[America/New_York],Yes,2021-02-07,24637,Sunday
1801,B,15,2021-02-07T06:51:28-05:00[America/New_York],2021-02-07T06:51:43-05:00[America/New_York],NA,2021-02-07,24688,Sunday
1801,C,16,2021-02-07T06:51:43-05:00[America/New_York],2021-02-07T06:51:59-05:00[America/New_York],NA,2021-02-07,24703,Sunday
1801,<A>,46,2021-02-07T06:51:59-05:00[America/New_York],2021-02-07T06:52:45-05:00[America/New_York],Yes,2021-02-07,24719,Sunday
1801,B,16,2021-02-07T06:52:45-05:00[America/New_York],2021-02-07T06:53:01-05:00[America/New_York],NA,2021-02-07,24765,Sunday
1801,C,16,2021-02-07T06:53:01-05:00[America/New_York],2021-02-07T06:53:17-05:00[America/New_York],NA,2021-02-07,24781,Sunday
1801,<A>,93,2021-02-07T06:53:17-05:00[America/New_York],2021-02-07T06:54:50-05:00[America/New_York],NA,2021-02-07,24797,Sunday
1801,C,16,2021-02-07T06:54:50-05:00[America/New_York],2021-02-07T06:55:06-05:00[America/New_York],NA,2021-02-07,24890,Sunday
1801,<A>,113,2021-02-07T06:55:06-05:00[America/New_York],2021-02-07T06:56:59-05:00[America/New_York],NA,2021-02-07,24906,Sunday
1801,B,15,2021-02-07T06:56:59-05:00[America/New_York],2021-02-07T06:57:14-05:00[America/New_York],NA,2021-02-07,25019,Sunday
1801,C,16,2021-02-07T06:57:14-05:00[America/New_York],2021-02-07T06:57:30-05:00[America/New_York],NA,2021-02-07,25034,Sunday
1801,<A>,39,2021-02-07T06:57:30-05:00[America/New_York],2021-02-07T06:58:09-05:00[America/New_York],Yes,2021-02-07,25050,Sunday
1801,B,15,2021-02-07T06:58:09-05:00[America/New_York],2021-02-07T06:58:24-05:00[America/New_York],NA,2021-02-07,25089,Sunday
1801,C,16,2021-02-07T06:58:24-05:00[America/New_York],2021-02-07T06:58:40-05:00[America/New_York],NA,2021-02-07,25104,Sunday
1801,<A>,42,2021-02-07T06:58:40-05:00[America/New_York],2021-02-07T06:59:22-05:00[America/New_York],Yes,2021-02-07,25120,Sunday
1801,B,16,2021-02-07T06:59:22-05:00[America/New_York],2021-02-07T06:59:38-05:00[America/New_York],NA,2021-02-07,25162,Sunday
1801,C,15,2021-02-07T06:59:38-05:00[America/New_York],2021-02-07T06:59:53-05:00[America/New_York],NA,2021-02-07,25178,Sunday
1801,<A>,40,2021-02-07T06:59:53-05:00[America/New_York],2021-02-07T07:00:33-05:00[America/New_York],Yes,2021-02-07,25193,Sunday
1801,C,16,2021-02-07T07:00:33-05:00[America/New_York],2021-02-07T07:00:49-05:00[America/New_York],NA,2021-02-07,25233,Sunday
1801,<A>,39,2021-02-07T07:00:49-05:00[America/New_York],2021-02-07T07:01:28-05:00[America/New_York],Yes,2021-02-07,25249,Sunday
1801,B,16,2021-02-07T07:01:28-05:00[America/New_York],2021-02-07T07:01:44-05:00[America/New_York],NA,2021-02-07,25288,Sunday
1801,<A>,45,2021-02-07T07:01:44-05:00[America/New_York],2021-02-07T07:02:29-05:00[America/New_York],Yes,2021-02-07,25304,Sunday
1801,B,16,2021-02-07T07:02:29-05:00[America/New_York],2021-02-07T07:02:45-05:00[America/New_York],NA,2021-02-07,25349,Sunday
1801,C,15,2021-02-07T07:02:45-05:00[America/New_York],2021-02-07T07:03:00-05:00[America/New_York],NA,2021-02-07,25365,Sunday
1801,<A>,204,2021-02-07T07:03:00-05:00[America/New_York],2021-02-07T07:06:24-05:00[America/New_York],NA,2021-02-07,25380,Sunday
1801,C,16,2021-02-07T07:06:24-05:00[America/New_York],2021-02-07T07:06:40-05:00[America/New_York],NA,2021-02-07,25584,Sunday
1801,<A>,39,2021-02-07T07:06:40-05:00[America/New_York],2021-02-07T07:07:19-05:00[America/New_York],Yes,2021-02-07,25600,Sunday
1801,C,16,2021-02-07T07:07:19-05:00[America/New_York],2021-02-07T07:07:35-05:00[America/New_York],NA,2021-02-07,25639,Sunday
1801,<A>,39,2021-02-07T07:07:35-05:00[America/New_York],2021-02-07T07:08:14-05:00[America/New_York],Yes,2021-02-07,25655,Sunday
1801,C,16,2021-02-07T07:08:14-05:00[America/New_York],2021-02-07T07:08:30-05:00[America/New_York],NA,2021-02-07,25694,Sunday
1801,<A>,39,2021-02-07T07:08:30-05:00[America/New_York],2021-02-07T07:09:09-05:00[America/New_York],Yes,2021-02-07,25710,Sunday
1801,B,16,2021-02-07T07:09:09-05:00[America/New_York],2021-02-07T07:09:25-05:00[America/New_York],NA,2021-02-07,25749,Sunday
1801,C,15,2021-02-07T07:09:25-05:00[America/New_York],2021-02-07T07:09:40-05:00[America/New_York],NA,2021-02-07,25765,Sunday
1801,<A>,61,2021-02-07T07:09:40-05:00[America/New_York],2021-02-07T07:10:41-05:00[America/New_York],Yes,2021-02-07,25780,Sunday
1801,B,16,2021-02-07T07:10:41-05:00[America/New_York],2021-02-07T07:10:57-05:00[America/New_York],NA,2021-02-07,25841,Sunday
1801,C,15,2021-02-07T07:10:57-05:00[America/New_York],2021-02-07T07:11:12-05:00[America/New_York],NA,2021-02-07,25857,Sunday
1801,<A>,43,2021-02-07T07:11:12-05:00[America/New_York],2021-02-07T07:11:55-05:00[America/New_York],Yes,2021-02-07,25872,Sunday
1801,B,15,2021-02-07T07:11:55-05:00[America/New_York],2021-02-07T07:12:10-05:00[America/New_York],Yes,2021-02-07,25915,Sunday
1801,<A>,64,2021-02-07T07:12:10-05:00[America/New_York],2021-02-07T07:13:14-05:00[America/New_York],Yes,2021-02-07,25930,Sunday
1801,B,15,2021-02-07T07:13:14-05:00[America/New_York],2021-02-07T07:13:29-05:00[America/New_York],Yes,2021-02-07,25994,Sunday
1801,C,16,2021-02-07T07:13:29-05:00[America/New_York],2021-02-07T07:13:45-05:00[America/New_York],Yes,2021-02-07,26009,Sunday
1801,<A>,45,2021-02-07T07:13:45-05:00[America/New_York],2021-02-07T07:14:30-05:00[America/New_York],Yes,2021-02-07,26025,Sunday
1801,C,16,2021-02-07T07:14:30-05:00[America/New_York],2021-02-07T07:14:46-05:00[America/New_York],Yes,2021-02-07,26070,Sunday
1801,<A>,45,2021-02-07T07:14:46-05:00[America/New_York],2021-02-07T07:15:31-05:00[America/New_York],NA,2021-02-07,26086,Sunday
1801,C,23,2021-02-07T07:15:31-05:00[America/New_York],2021-02-07T07:15:54-05:00[America/New_York],NA,2021-02-07,26131,Sunday
1801,<A>,44,2021-02-07T07:15:54-05:00[America/New_York],2021-02-07T07:16:38-05:00[America/New_York],Yes,2021-02-07,26154,Sunday
1801,B,19,2021-02-07T07:16:38-05:00[America/New_York],2021-02-07T07:16:57-05:00[America/New_York],Yes,2021-02-07,26198,Sunday
1801,C,15,2021-02-07T07:16:57-05:00[America/New_York],2021-02-07T07:17:12-05:00[America/New_York],Yes,2021-02-07,26217,Sunday
1801,<A>,78,2021-02-07T07:17:12-05:00[America/New_York],2021-02-07T07:18:30-05:00[America/New_York],NA,2021-02-07,26232,Sunday
1801,B,15,2021-02-07T07:18:30-05:00[America/New_York],2021-02-07T07:18:45-05:00[America/New_York],Yes,2021-02-07,26310,Sunday
1801,<A>,70,2021-02-07T07:18:45-05:00[America/New_York],2021-02-07T07:19:55-05:00[America/New_York],Yes,2021-02-07,26325,Sunday
1801,C,17,2021-02-07T07:19:55-05:00[America/New_York],2021-02-07T07:20:12-05:00[America/New_York],Yes,2021-02-07,26395,Sunday
1801,<A>,136,2021-02-07T07:20:12-05:00[America/New_York],2021-02-07T07:22:28-05:00[America/New_York],Yes,2021-02-07,26412,Sunday
1801,B,15,2021-02-07T07:22:28-05:00[America/New_York],2021-02-07T07:22:43-05:00[America/New_York],Yes,2021-02-07,26548,Sunday
1801,C,22,2021-02-07T07:22:43-05:00[America/New_York],2021-02-07T07:23:05-05:00[America/New_York],NA,2021-02-07,26563,Sunday
1801,<A>,97,2021-02-07T07:23:05-05:00[America/New_York],2021-02-07T07:24:42-05:00[America/New_York],NA,2021-02-07,26585,Sunday
1801,C,16,2021-02-07T07:24:42-05:00[America/New_York],2021-02-07T07:24:58-05:00[America/New_York],Yes,2021-02-07,26682,Sunday
1801,<A>,39,2021-02-07T07:24:58-05:00[America/New_York],2021-02-07T07:25:37-05:00[America/New_York],Yes,2021-02-07,26698,Sunday
1801,B,21,2021-02-07T07:25:37-05:00[America/New_York],2021-02-07T07:25:58-05:00[America/New_York],Yes,2021-02-07,26737,Sunday
1801,C,16,2021-02-07T07:25:58-05:00[America/New_York],2021-02-07T07:26:14-05:00[America/New_York],Yes,2021-02-07,26758,Sunday
1801,<A>,137,2021-02-07T07:26:14-05:00[America/New_York],2021-02-07T07:28:31-05:00[America/New_York],Yes,2021-02-07,26774,Sunday
1801,C,15,2021-02-07T07:28:31-05:00[America/New_York],2021-02-07T07:28:46-05:00[America/New_York],Yes,2021-02-07,26911,Sunday
1801,<A>,40,2021-02-07T07:28:46-05:00[America/New_York],2021-02-07T07:29:26-05:00[America/New_York],Yes,2021-02-07,26926,Sunday
1801,B,17,2021-02-07T07:29:26-05:00[America/New_York],2021-02-07T07:29:43-05:00[America/New_York],Yes,2021-02-07,26966,Sunday
1801,<A>,39,2021-02-07T07:29:43-05:00[America/New_York],2021-02-07T07:30:22-05:00[America/New_York],Yes,2021-02-07,26983,Sunday
1801,C,15,2021-02-07T07:30:22-05:00[America/New_York],2021-02-07T07:30:37-05:00[America/New_York],Yes,2021-02-07,27022,Sunday
1801,<A>,75,2021-02-07T07:30:37-05:00[America/New_York],2021-02-07T07:31:52-05:00[America/New_York],NA,2021-02-07,27037,Sunday
1801,B,15,2021-02-07T07:31:52-05:00[America/New_York],2021-02-07T07:32:07-05:00[America/New_York],Yes,2021-02-07,27112,Sunday
1801,<A>,46,2021-02-07T07:32:07-05:00[America/New_York],2021-02-07T07:32:53-05:00[America/New_York],Yes,2021-02-07,27127,Sunday
1801,B,17,2021-02-07T07:32:53-05:00[America/New_York],2021-02-07T07:33:10-05:00[America/New_York],Yes,2021-02-07,27173,Sunday
1801,C,16,2021-02-07T07:33:10-05:00[America/New_York],2021-02-07T07:33:26-05:00[America/New_York],Yes,2021-02-07,27190,Sunday
1801,<A>,117,2021-02-07T07:33:26-05:00[America/New_York],2021-02-07T07:35:23-05:00[America/New_York],NA,2021-02-07,27206,Sunday
1801,C,19,2021-02-07T07:35:23-05:00[America/New_York],2021-02-07T07:35:42-05:00[America/New_York],Yes,2021-02-07,27323,Sunday
1801,<A>,58,2021-02-07T07:35:42-05:00[America/New_York],2021-02-07T07:36:40-05:00[America/New_York],Yes,2021-02-07,27342,Sunday
1801,C,15,2021-02-07T07:36:40-05:00[America/New_York],2021-02-07T07:36:55-05:00[America/New_York],Yes,2021-02-07,27400,Sunday
1801,<A>,63,2021-02-07T07:36:55-05:00[America/New_York],2021-02-07T07:37:58-05:00[America/New_York],NA,2021-02-07,27415,Sunday
1801,B,16,2021-02-07T07:37:58-05:00[America/New_York],2021-02-07T07:38:14-05:00[America/New_York],NA,2021-02-07,27478,Sunday
1801,<A>,54,2021-02-07T07:38:14-05:00[America/New_York],2021-02-07T07:39:08-05:00[America/New_York],Yes,2021-02-07,27494,Sunday
1801,B,15,2021-02-07T07:39:08-05:00[America/New_York],2021-02-07T07:39:23-05:00[America/New_York],Yes,2021-02-07,27548,Sunday
1801,<A>,60,2021-02-07T07:39:23-05:00[America/New_York],2021-02-07T07:40:23-05:00[America/New_York],Yes,2021-02-07,27563,Sunday
1801,B,17,2021-02-07T07:40:23-05:00[America/New_York],2021-02-07T07:40:40-05:00[America/New_York],NA,2021-02-07,27623,Sunday
1801,C,18,2021-02-07T07:40:40-05:00[America/New_York],2021-02-07T07:40:58-05:00[America/New_York],Yes,2021-02-07,27640,Sunday
1801,<A>,58,2021-02-07T07:40:58-05:00[America/New_York],2021-02-07T07:41:56-05:00[America/New_York],Yes,2021-02-07,27658,Sunday
1801,B,15,2021-02-07T07:41:56-05:00[America/New_York],2021-02-07T07:42:11-05:00[America/New_York],Yes,2021-02-07,27716,Sunday
1801,<A>,59,2021-02-07T07:42:11-05:00[America/New_York],2021-02-07T07:43:10-05:00[America/New_York],Yes,2021-02-07,27731,Sunday
1801,B,15,2021-02-07T07:43:10-05:00[America/New_York],2021-02-07T07:43:25-05:00[America/New_York],Yes,2021-02-07,27790,Sunday
1801,<A>,44,2021-02-07T07:43:25-05:00[America/New_York],2021-02-07T07:44:09-05:00[America/New_York],Yes,2021-02-07,27805,Sunday
1801,C,16,2021-02-07T07:44:09-05:00[America/New_York],2021-02-07T07:44:25-05:00[America/New_York],Yes,2021-02-07,27849,Sunday
1801,<A>,44,2021-02-07T07:44:25-05:00[America/New_York],2021-02-07T07:45:09-05:00[America/New_York],Yes,2021-02-07,27865,Sunday
1801,B,15,2021-02-07T07:45:09-05:00[America/New_York],2021-02-07T07:45:24-05:00[America/New_York],Yes,2021-02-07,27909,Sunday
1801,C,17,2021-02-07T07:45:24-05:00[America/New_York],2021-02-07T07:45:41-05:00[America/New_York],Yes,2021-02-07,27924,Sunday
1801,<A>,77,2021-02-07T07:45:41-05:00[America/New_York],2021-02-07T07:46:58-05:00[America/New_York],NA,2021-02-07,27941,Sunday
1801,C,18,2021-02-07T07:46:58-05:00[America/New_York],2021-02-07T07:47:16-05:00[America/New_York],NA,2021-02-07,28018,Sunday
1801,<A>,51,2021-02-07T07:47:16-05:00[America/New_York],2021-02-07T07:48:07-05:00[America/New_York],Yes,2021-02-07,28036,Sunday
1801,B,17,2021-02-07T07:48:07-05:00[America/New_York],2021-02-07T07:48:24-05:00[America/New_York],NA,2021-02-07,28087,Sunday
1801,C,16,2021-02-07T07:48:24-05:00[America/New_York],2021-02-07T07:48:40-05:00[America/New_York],NA,2021-02-07,28104,Sunday
1801,<A>,41,2021-02-07T07:48:40-05:00[America/New_York],2021-02-07T07:49:21-05:00[America/New_York],Yes,2021-02-07,28120,Sunday
1801,B,15,2021-02-07T07:49:21-05:00[America/New_York],2021-02-07T07:49:36-05:00[America/New_York],Yes,2021-02-07,28161,Sunday
1801,C,16,2021-02-07T07:49:36-05:00[America/New_York],2021-02-07T07:49:52-05:00[America/New_York],NA,2021-02-07,28176,Sunday
1801,<A>,51,2021-02-07T07:49:52-05:00[America/New_York],2021-02-07T07:50:43-05:00[America/New_York],Yes,2021-02-07,28192,Sunday
1801,B,15,2021-02-07T07:50:43-05:00[America/New_York],2021-02-07T07:50:58-05:00[America/New_York],Yes,2021-02-07,28243,Sunday
1801,<A>,41,2021-02-07T07:50:58-05:00[America/New_York],2021-02-07T07:51:39-05:00[America/New_York],Yes,2021-02-07,28258,Sunday
1801,B,16,2021-02-07T07:51:39-05:00[America/New_York],2021-02-07T07:51:55-05:00[America/New_York],Yes,2021-02-07,28299,Sunday
1801,C,23,2021-02-07T07:51:55-05:00[America/New_York],2021-02-07T07:52:18-05:00[America/New_York],NA,2021-02-07,28315,Sunday
1801,<A>,93,2021-02-07T07:52:18-05:00[America/New_York],2021-02-07T07:53:51-05:00[America/New_York],NA,2021-02-07,28338,Sunday
1801,B,17,2021-02-07T07:53:51-05:00[America/New_York],2021-02-07T07:54:08-05:00[America/New_York],Yes,2021-02-07,28431,Sunday
1801,<A>,40,2021-02-07T07:54:08-05:00[America/New_York],2021-02-07T07:54:48-05:00[America/New_York],Yes,2021-02-07,28448,Sunday
1801,C,15,2021-02-07T07:54:48-05:00[America/New_York],2021-02-07T07:55:03-05:00[America/New_York],Yes,2021-02-07,28488,Sunday
1801,<A>,45,2021-02-07T07:55:03-05:00[America/New_York],2021-02-07T07:55:48-05:00[America/New_York],Yes,2021-02-07,28503,Sunday
1801,B,15,2021-02-07T07:55:48-05:00[America/New_York],2021-02-07T07:56:03-05:00[America/New_York],Yes,2021-02-07,28548,Sunday
1801,C,16,2021-02-07T07:56:03-05:00[America/New_York],2021-02-07T07:56:19-05:00[America/New_York],Yes,2021-02-07,28563,Sunday
1801,<A>,79,2021-02-07T07:56:19-05:00[America/New_York],2021-02-07T07:57:38-05:00[America/New_York],NA,2021-02-07,28579,Sunday
1801,B,16,2021-02-07T07:57:38-05:00[America/New_York],2021-02-07T07:57:54-05:00[America/New_York],NA,2021-02-07,28658,Sunday
1801,<A>,41,2021-02-07T07:57:54-05:00[America/New_York],2021-02-07T07:58:35-05:00[America/New_York],Yes,2021-02-07,28674,Sunday
1801,B,15,2021-02-07T07:58:35-05:00[America/New_York],2021-02-07T07:58:50-05:00[America/New_York],NA,2021-02-07,28715,Sunday
1801,C,22,2021-02-07T07:58:50-05:00[America/New_York],2021-02-07T07:59:12-05:00[America/New_York],Yes,2021-02-07,28730,Sunday
1801,<A>,53,2021-02-07T07:59:12-05:00[America/New_York],2021-02-07T08:00:05-05:00[America/New_York],Yes,2021-02-07,28752,Sunday
1801,B,16,2021-02-07T08:00:05-05:00[America/New_York],2021-02-07T08:00:21-05:00[America/New_York],NA,2021-02-07,28805,Sunday
1801,C,16,2021-02-07T08:00:21-05:00[America/New_York],2021-02-07T08:00:37-05:00[America/New_York],Yes,2021-02-07,28821,Sunday
1801,<A>,61,2021-02-07T08:00:37-05:00[America/New_York],2021-02-07T08:01:38-05:00[America/New_York],Yes,2021-02-07,28837,Sunday
1801,C,18,2021-02-07T08:01:38-05:00[America/New_York],2021-02-07T08:01:56-05:00[America/New_York],Yes,2021-02-07,28898,Sunday
1801,<A>,41,2021-02-07T08:01:56-05:00[America/New_York],2021-02-07T08:02:37-05:00[America/New_York],Yes,2021-02-07,28916,Sunday
1801,B,19,2021-02-07T08:02:37-05:00[America/New_York],2021-02-07T08:02:56-05:00[America/New_York],Yes,2021-02-07,28957,Sunday
1801,C,16,2021-02-07T08:02:56-05:00[America/New_York],2021-02-07T08:03:12-05:00[America/New_York],Yes,2021-02-07,28976,Sunday
1801,<A>,42,2021-02-07T08:03:12-05:00[America/New_York],2021-02-07T08:03:54-05:00[America/New_York],Yes,2021-02-07,28992,Sunday
1801,B,21,2021-02-07T08:03:54-05:00[America/New_York],2021-02-07T08:04:15-05:00[America/New_York],Yes,2021-02-07,29034,Sunday
1801,C,15,2021-02-07T08:04:15-05:00[America/New_York],2021-02-07T08:04:30-05:00[America/New_York],Yes,2021-02-07,29055,Sunday
1801,<A>,51,2021-02-07T08:04:30-05:00[America/New_York],2021-02-07T08:05:21-05:00[America/New_York],Yes,2021-02-07,29070,Sunday
1801,B,16,2021-02-07T08:05:21-05:00[America/New_York],2021-02-07T08:05:37-05:00[America/New_York],Yes,2021-02-07,29121,Sunday
1801,<A>,39,2021-02-07T08:05:37-05:00[America/New_York],2021-02-07T08:06:16-05:00[America/New_York],Yes,2021-02-07,29137,Sunday
1801,C,15,2021-02-07T08:06:16-05:00[America/New_York],2021-02-07T08:06:31-05:00[America/New_York],Yes,2021-02-07,29176,Sunday
1801,<A>,39,2021-02-07T08:06:31-05:00[America/New_York],2021-02-07T08:07:10-05:00[America/New_York],Yes,2021-02-07,29191,Sunday
1801,B,15,2021-02-07T08:07:10-05:00[America/New_York],2021-02-07T08:07:25-05:00[America/New_York],Yes,2021-02-07,29230,Sunday
1801,C,16,2021-02-07T08:07:25-05:00[America/New_York],2021-02-07T08:07:41-05:00[America/New_York],Yes,2021-02-07,29245,Sunday
1801,<A>,55,2021-02-07T08:07:41-05:00[America/New_York],2021-02-07T08:08:36-05:00[America/New_York],Yes,2021-02-07,29261,Sunday
1801,B,16,2021-02-07T08:08:36-05:00[America/New_York],2021-02-07T08:08:52-05:00[America/New_York],Yes,2021-02-07,29316,Sunday
1801,<A>,45,2021-02-07T08:08:52-05:00[America/New_York],2021-02-07T08:09:37-05:00[America/New_York],Yes,2021-02-07,29332,Sunday
1801,C,17,2021-02-07T08:09:37-05:00[America/New_York],2021-02-07T08:09:54-05:00[America/New_York],Yes,2021-02-07,29377,Sunday
1801,<A>,44,2021-02-07T08:09:54-05:00[America/New_York],2021-02-07T08:10:38-05:00[America/New_York],Yes,2021-02-07,29394,Sunday
1801,B,17,2021-02-07T08:10:38-05:00[America/New_York],2021-02-07T08:10:55-05:00[America/New_York],NA,2021-02-07,29438,Sunday
1801,C,18,2021-02-07T08:10:55-05:00[America/New_York],2021-02-07T08:11:13-05:00[America/New_York],Yes,2021-02-07,29455,Sunday
1801,<A>,44,2021-02-07T08:11:13-05:00[America/New_York],2021-02-07T08:11:57-05:00[America/New_York],Yes,2021-02-07,29473,Sunday
1801,B,17,2021-02-07T08:11:57-05:00[America/New_York],2021-02-07T08:12:14-05:00[America/New_York],NA,2021-02-07,29517,Sunday
1801,C,15,2021-02-07T08:12:14-05:00[America/New_York],2021-02-07T08:12:29-05:00[America/New_York],Yes,2021-02-07,29534,Sunday
1801,<A>,49,2021-02-07T08:12:29-05:00[America/New_York],2021-02-07T08:13:18-05:00[America/New_York],Yes,2021-02-07,29549,Sunday
1801,B,15,2021-02-07T08:13:18-05:00[America/New_York],2021-02-07T08:13:33-05:00[America/New_York],Yes,2021-02-07,29598,Sunday
1801,C,16,2021-02-07T08:13:33-05:00[America/New_York],2021-02-07T08:13:49-05:00[America/New_York],NA,2021-02-07,29613,Sunday
1801,<A>,43,2021-02-07T08:13:49-05:00[America/New_York],2021-02-07T08:14:32-05:00[America/New_York],Yes,2021-02-07,29629,Sunday
1801,C,16,2021-02-07T08:14:32-05:00[America/New_York],2021-02-07T08:14:48-05:00[America/New_York],NA,2021-02-07,29672,Sunday
1801,<A>,41,2021-02-07T08:14:48-05:00[America/New_York],2021-02-07T08:15:29-05:00[America/New_York],Yes,2021-02-07,29688,Sunday
1801,B,16,2021-02-07T08:15:29-05:00[America/New_York],2021-02-07T08:15:45-05:00[America/New_York],NA,2021-02-07,29729,Sunday
1801,C,16,2021-02-07T08:15:45-05:00[America/New_York],2021-02-07T08:16:01-05:00[America/New_York],NA,2021-02-07,29745,Sunday
1801,<A>,47,2021-02-07T08:16:01-05:00[America/New_York],2021-02-07T08:16:48-05:00[America/New_York],Yes,2021-02-07,29761,Sunday
1801,B,16,2021-02-07T08:16:48-05:00[America/New_York],2021-02-07T08:17:04-05:00[America/New_York],NA,2021-02-07,29808,Sunday
1801,C,15,2021-02-07T08:17:04-05:00[America/New_York],2021-02-07T08:17:19-05:00[America/New_York],NA,2021-02-07,29824,Sunday
1801,<A>,64,2021-02-07T08:17:19-05:00[America/New_York],2021-02-07T08:18:23-05:00[America/New_York],Yes,2021-02-07,29839,Sunday
1801,B,29,2021-02-07T08:18:23-05:00[America/New_York],2021-02-07T08:18:52-05:00[America/New_York],NA,2021-02-07,29903,Sunday
1801,C,18,2021-02-07T08:18:52-05:00[America/New_York],2021-02-07T08:19:10-05:00[America/New_York],Yes,2021-02-07,29932,Sunday
1801,<A>,46,2021-02-07T08:19:10-05:00[America/New_York],2021-02-07T08:19:56-05:00[America/New_York],Yes,2021-02-07,29950,Sunday
1801,B,20,2021-02-07T08:19:56-05:00[America/New_York],2021-02-07T08:20:16-05:00[America/New_York],Yes,2021-02-07,29996,Sunday
1801,C,21,2021-02-07T08:20:16-05:00[America/New_York],2021-02-07T08:20:37-05:00[America/New_York],Yes,2021-02-07,30016,Sunday
1801,<A>,49,2021-02-07T08:20:37-05:00[America/New_York],2021-02-07T08:21:26-05:00[America/New_York],Yes,2021-02-07,30037,Sunday
1801,B,19,2021-02-07T08:21:26-05:00[America/New_York],2021-02-07T08:21:45-05:00[America/New_York],Yes,2021-02-07,30086,Sunday
1801,C,25,2021-02-07T08:21:45-05:00[America/New_York],2021-02-07T08:22:10-05:00[America/New_York],NA,2021-02-07,30105,Sunday
1801,<A>,51,2021-02-07T08:22:10-05:00[America/New_York],2021-02-07T08:23:01-05:00[America/New_York],NA,2021-02-07,30130,Sunday
1801,B,18,2021-02-07T08:23:01-05:00[America/New_York],2021-02-07T08:23:19-05:00[America/New_York],Yes,2021-02-07,30181,Sunday
1801,<A>,61,2021-02-07T08:23:19-05:00[America/New_York],2021-02-07T08:24:20-05:00[America/New_York],Yes,2021-02-07,30199,Sunday
1801,C,18,2021-02-07T08:24:20-05:00[America/New_York],2021-02-07T08:24:38-05:00[America/New_York],Yes,2021-02-07,30260,Sunday
1801,<A>,53,2021-02-07T08:24:38-05:00[America/New_York],2021-02-07T08:25:31-05:00[America/New_York],Yes,2021-02-07,30278,Sunday
1801,B,20,2021-02-07T08:25:31-05:00[America/New_York],2021-02-07T08:25:51-05:00[America/New_York],Yes,2021-02-07,30331,Sunday
1801,C,16,2021-02-07T08:25:51-05:00[America/New_York],2021-02-07T08:26:07-05:00[America/New_York],Yes,2021-02-07,30351,Sunday
1801,<A>,46,2021-02-07T08:26:07-05:00[America/New_York],2021-02-07T08:26:53-05:00[America/New_York],Yes,2021-02-07,30367,Sunday
1801,B,18,2021-02-07T08:26:53-05:00[America/New_York],2021-02-07T08:27:11-05:00[America/New_York],Yes,2021-02-07,30413,Sunday
1801,C,23,2021-02-07T08:27:11-05:00[America/New_York],2021-02-07T08:27:34-05:00[America/New_York],Yes,2021-02-07,30431,Sunday
1801,<A>,51,2021-02-07T08:27:34-05:00[America/New_York],2021-02-07T08:28:25-05:00[America/New_York],Yes,2021-02-07,30454,Sunday
1801,B,20,2021-02-07T08:28:25-05:00[America/New_York],2021-02-07T08:28:45-05:00[America/New_York],Yes,2021-02-07,30505,Sunday
1801,C,24,2021-02-07T08:28:45-05:00[America/New_York],2021-02-07T08:29:09-05:00[America/New_York],NA,2021-02-07,30525,Sunday
1801,<A>,51,2021-02-07T08:29:09-05:00[America/New_York],2021-02-07T08:30:00-05:00[America/New_York],NA,2021-02-07,30549,Sunday
1801,B,20,2021-02-07T08:30:00-05:00[America/New_York],2021-02-07T08:30:20-05:00[America/New_York],NA,2021-02-07,30600,Sunday
1801,<A>,49,2021-02-07T08:30:20-05:00[America/New_York],2021-02-07T08:31:09-05:00[America/New_York],Yes,2021-02-07,30620,Sunday
1801,B,17,2021-02-07T08:31:09-05:00[America/New_York],2021-02-07T08:31:26-05:00[America/New_York],NA,2021-02-07,30669,Sunday
1801,C,15,2021-02-07T08:31:26-05:00[America/New_York],2021-02-07T08:31:41-05:00[America/New_York],Yes,2021-02-07,30686,Sunday
1801,<A>,44,2021-02-07T08:31:41-05:00[America/New_York],2021-02-07T08:32:25-05:00[America/New_York],Yes,2021-02-07,30701,Sunday
1801,B,17,2021-02-07T08:32:25-05:00[America/New_York],2021-02-07T08:32:42-05:00[America/New_York],NA,2021-02-07,30745,Sunday
1801,C,20,2021-02-07T08:32:42-05:00[America/New_York],2021-02-07T08:33:02-05:00[America/New_York],Yes,2021-02-07,30762,Sunday
1801,<A>,55,2021-02-07T08:33:02-05:00[America/New_York],2021-02-07T08:33:57-05:00[America/New_York],Yes,2021-02-07,30782,Sunday
1801,B,16,2021-02-07T08:33:57-05:00[America/New_York],2021-02-07T08:34:13-05:00[America/New_York],Yes,2021-02-07,30837,Sunday
1801,C,20,2021-02-07T08:34:13-05:00[America/New_York],2021-02-07T08:34:33-05:00[America/New_York],Yes,2021-02-07,30853,Sunday
1801,<A>,47,2021-02-07T08:34:33-05:00[America/New_York],2021-02-07T08:35:20-05:00[America/New_York],Yes,2021-02-07,30873,Sunday
1801,B,21,2021-02-07T08:35:20-05:00[America/New_York],2021-02-07T08:35:41-05:00[America/New_York],Yes,2021-02-07,30920,Sunday
1801,<A>,54,2021-02-07T08:35:41-05:00[America/New_York],2021-02-07T08:36:35-05:00[America/New_York],Yes,2021-02-07,30941,Sunday
1801,B,15,2021-02-07T08:36:35-05:00[America/New_York],2021-02-07T08:36:50-05:00[America/New_York],Yes,2021-02-07,30995,Sunday
1801,C,17,2021-02-07T08:36:50-05:00[America/New_York],2021-02-07T08:37:07-05:00[America/New_York],Yes,2021-02-07,31010,Sunday
1801,<A>,54,2021-02-07T08:37:07-05:00[America/New_York],2021-02-07T08:38:01-05:00[America/New_York],Yes,2021-02-07,31027,Sunday
1801,B,22,2021-02-07T08:38:01-05:00[America/New_York],2021-02-07T08:38:23-05:00[America/New_York],Yes,2021-02-07,31081,Sunday
1801,<A>,40,2021-02-07T08:38:23-05:00[America/New_York],2021-02-07T08:39:03-05:00[America/New_York],Yes,2021-02-07,31103,Sunday
1801,B,18,2021-02-07T08:39:03-05:00[America/New_York],2021-02-07T08:39:21-05:00[America/New_York],Yes,2021-02-07,31143,Sunday
1801,C,16,2021-02-07T08:39:21-05:00[America/New_York],2021-02-07T08:39:37-05:00[America/New_York],Yes,2021-02-07,31161,Sunday
1801,<A>,44,2021-02-07T08:39:37-05:00[America/New_York],2021-02-07T08:40:21-05:00[America/New_York],Yes,2021-02-07,31177,Sunday
1801,B,15,2021-02-07T08:40:21-05:00[America/New_York],2021-02-07T08:40:36-05:00[America/New_York],Yes,2021-02-07,31221,Sunday
1801,C,21,2021-02-07T08:40:36-05:00[America/New_York],2021-02-07T08:40:57-05:00[America/New_York],Yes,2021-02-07,31236,Sunday
1801,<A>,48,2021-02-07T08:40:57-05:00[America/New_York],2021-02-07T08:41:45-05:00[America/New_York],Yes,2021-02-07,31257,Sunday
1801,C,24,2021-02-07T08:41:45-05:00[America/New_York],2021-02-07T08:42:09-05:00[America/New_York],NA,2021-02-07,31305,Sunday
1801,<A>,45,2021-02-07T08:42:09-05:00[America/New_York],2021-02-07T08:42:54-05:00[America/New_York],Yes,2021-02-07,31329,Sunday
1801,B,16,2021-02-07T08:42:54-05:00[America/New_York],2021-02-07T08:43:10-05:00[America/New_York],NA,2021-02-07,31374,Sunday
1801,C,18,2021-02-07T08:43:10-05:00[America/New_York],2021-02-07T08:43:28-05:00[America/New_York],Yes,2021-02-07,31390,Sunday
1801,<A>,47,2021-02-07T08:43:28-05:00[America/New_York],2021-02-07T08:44:15-05:00[America/New_York],Yes,2021-02-07,31408,Sunday
1801,B,16,2021-02-07T08:44:15-05:00[America/New_York],2021-02-07T08:44:31-05:00[America/New_York],NA,2021-02-07,31455,Sunday
1801,C,18,2021-02-07T08:44:31-05:00[America/New_York],2021-02-07T08:44:49-05:00[America/New_York],Yes,2021-02-07,31471,Sunday
1801,<A>,48,2021-02-07T08:44:49-05:00[America/New_York],2021-02-07T08:45:37-05:00[America/New_York],Yes,2021-02-07,31489,Sunday
1801,B,16,2021-02-07T08:45:37-05:00[America/New_York],2021-02-07T08:45:53-05:00[America/New_York],NA,2021-02-07,31537,Sunday
1801,C,20,2021-02-07T08:45:53-05:00[America/New_York],2021-02-07T08:46:13-05:00[America/New_York],NA,2021-02-07,31553,Sunday
1801,<A>,52,2021-02-07T08:46:13-05:00[America/New_York],2021-02-07T08:47:05-05:00[America/New_York],Yes,2021-02-07,31573,Sunday
1801,B,16,2021-02-07T08:47:05-05:00[America/New_York],2021-02-07T08:47:21-05:00[America/New_York],NA,2021-02-07,31625,Sunday
1801,C,20,2021-02-07T08:47:21-05:00[America/New_York],2021-02-07T08:47:41-05:00[America/New_York],NA,2021-02-07,31641,Sunday
1801,<A>,60,2021-02-07T08:47:41-05:00[America/New_York],2021-02-07T08:48:41-05:00[America/New_York],Yes,2021-02-07,31661,Sunday
1801,B,18,2021-02-07T08:48:41-05:00[America/New_York],2021-02-07T08:48:59-05:00[America/New_York],Yes,2021-02-07,31721,Sunday
1801,C,24,2021-02-07T08:48:59-05:00[America/New_York],2021-02-07T08:49:23-05:00[America/New_York],NA,2021-02-07,31739,Sunday
1801,<A>,53,2021-02-07T08:49:23-05:00[America/New_York],2021-02-07T08:50:16-05:00[America/New_York],NA,2021-02-07,31763,Sunday
1801,C,18,2021-02-07T08:50:16-05:00[America/New_York],2021-02-07T08:50:34-05:00[America/New_York],Yes,2021-02-07,31816,Sunday
1801,<A>,50,2021-02-07T08:50:34-05:00[America/New_York],2021-02-07T08:51:24-05:00[America/New_York],Yes,2021-02-07,31834,Sunday
1801,B,15,2021-02-07T08:51:24-05:00[America/New_York],2021-02-07T08:51:39-05:00[America/New_York],Yes,2021-02-07,31884,Sunday
1801,C,16,2021-02-07T08:51:39-05:00[America/New_York],2021-02-07T08:51:55-05:00[America/New_York],Yes,2021-02-07,31899,Sunday
1801,<A>,64,2021-02-07T08:51:55-05:00[America/New_York],2021-02-07T08:52:59-05:00[America/New_York],NA,2021-02-07,31915,Sunday
1801,B,22,2021-02-07T08:52:59-05:00[America/New_York],2021-02-07T08:53:21-05:00[America/New_York],NA,2021-02-07,31979,Sunday
1801,C,23,2021-02-07T08:53:21-05:00[America/New_York],2021-02-07T08:53:44-05:00[America/New_York],NA,2021-02-07,32001,Sunday
1801,<A>,50,2021-02-07T08:53:44-05:00[America/New_York],2021-02-07T08:54:34-05:00[America/New_York],NA,2021-02-07,32024,Sunday
1801,C,21,2021-02-07T08:54:34-05:00[America/New_York],2021-02-07T08:54:55-05:00[America/New_York],Yes,2021-02-07,32074,Sunday
1801,<A>,50,2021-02-07T08:54:55-05:00[America/New_York],2021-02-07T08:55:45-05:00[America/New_York],Yes,2021-02-07,32095,Sunday
1801,B,20,2021-02-07T08:55:45-05:00[America/New_York],2021-02-07T08:56:05-05:00[America/New_York],NA,2021-02-07,32145,Sunday
1801,C,17,2021-02-07T08:56:05-05:00[America/New_York],2021-02-07T08:56:22-05:00[America/New_York],Yes,2021-02-07,32165,Sunday
1801,<A>,53,2021-02-07T08:56:22-05:00[America/New_York],2021-02-07T08:57:15-05:00[America/New_York],Yes,2021-02-07,32182,Sunday
1801,B,17,2021-02-07T08:57:15-05:00[America/New_York],2021-02-07T08:57:32-05:00[America/New_York],NA,2021-02-07,32235,Sunday
1801,C,17,2021-02-07T08:57:32-05:00[America/New_York],2021-02-07T08:57:49-05:00[America/New_York],Yes,2021-02-07,32252,Sunday
1801,<A>,40,2021-02-07T08:57:49-05:00[America/New_York],2021-02-07T08:58:29-05:00[America/New_York],Yes,2021-02-07,32269,Sunday
1801,B,17,2021-02-07T08:58:29-05:00[America/New_York],2021-02-07T08:58:46-05:00[America/New_York],NA,2021-02-07,32309,Sunday
1801,C,19,2021-02-07T08:58:46-05:00[America/New_York],2021-02-07T08:59:05-05:00[America/New_York],Yes,2021-02-07,32326,Sunday
1801,<A>,54,2021-02-07T08:59:05-05:00[America/New_York],2021-02-07T08:59:59-05:00[America/New_York],Yes,2021-02-07,32345,Sunday
1801,B,17,2021-02-07T08:59:59-05:00[America/New_York],2021-02-07T09:00:16-05:00[America/New_York],NA,2021-02-07,32399,Sunday
1801,C,17,2021-02-07T09:00:16-05:00[America/New_York],2021-02-07T09:00:33-05:00[America/New_York],Yes,2021-02-07,32416,Sunday
1801,<A>,48,2021-02-07T09:00:33-05:00[America/New_York],2021-02-07T09:01:21-05:00[America/New_York],Yes,2021-02-07,32433,Sunday
1801,C,20,2021-02-07T09:01:21-05:00[America/New_York],2021-02-07T09:01:41-05:00[America/New_York],NA,2021-02-07,32481,Sunday
1801,<A>,44,2021-02-07T09:01:41-05:00[America/New_York],2021-02-07T09:02:25-05:00[America/New_York],Yes,2021-02-07,32501,Sunday
1801,B,17,2021-02-07T09:02:25-05:00[America/New_York],2021-02-07T09:02:42-05:00[America/New_York],NA,2021-02-07,32545,Sunday
1801,C,18,2021-02-07T09:02:42-05:00[America/New_York],2021-02-07T09:03:00-05:00[America/New_York],NA,2021-02-07,32562,Sunday
1801,<A>,52,2021-02-07T09:03:00-05:00[America/New_York],2021-02-07T09:03:52-05:00[America/New_York],Yes,2021-02-07,32580,Sunday
1801,C,18,2021-02-07T09:03:52-05:00[America/New_York],2021-02-07T09:04:10-05:00[America/New_York],NA,2021-02-07,32632,Sunday
1801,<A>,70,2021-02-07T09:04:10-05:00[America/New_York],2021-02-07T09:05:20-05:00[America/New_York],Yes,2021-02-07,32650,Sunday
1801,B,17,2021-02-07T09:05:20-05:00[America/New_York],2021-02-07T09:05:37-05:00[America/New_York],Yes,2021-02-07,32720,Sunday
1801,C,17,2021-02-07T09:05:37-05:00[America/New_York],2021-02-07T09:05:54-05:00[America/New_York],Yes,2021-02-07,32737,Sunday
1801,<A>,46,2021-02-07T09:05:54-05:00[America/New_York],2021-02-07T09:06:40-05:00[America/New_York],Yes,2021-02-07,32754,Sunday
1801,C,20,2021-02-07T09:06:40-05:00[America/New_York],2021-02-07T09:07:00-05:00[America/New_York],Yes,2021-02-07,32800,Sunday
1801,<A>,54,2021-02-07T09:07:00-05:00[America/New_York],2021-02-07T09:07:54-05:00[America/New_York],Yes,2021-02-07,32820,Sunday
1801,B,17,2021-02-07T09:07:54-05:00[America/New_York],2021-02-07T09:08:11-05:00[America/New_York],Yes,2021-02-07,32874,Sunday
1801,C,26,2021-02-07T09:08:11-05:00[America/New_York],2021-02-07T09:08:37-05:00[America/New_York],Yes,2021-02-07,32891,Sunday
1801,<A>,52,2021-02-07T09:08:37-05:00[America/New_York],2021-02-07T09:09:29-05:00[America/New_York],NA,2021-02-07,32917,Sunday
1801,C,20,2021-02-07T09:09:29-05:00[America/New_York],2021-02-07T09:09:49-05:00[America/New_York],Yes,2021-02-07,32969,Sunday
1801,<A>,51,2021-02-07T09:09:49-05:00[America/New_York],2021-02-07T09:10:40-05:00[America/New_York],Yes,2021-02-07,32989,Sunday
1801,B,15,2021-02-07T09:10:40-05:00[America/New_York],2021-02-07T09:10:55-05:00[America/New_York],Yes,2021-02-07,33040,Sunday
1801,C,19,2021-02-07T09:10:55-05:00[America/New_York],2021-02-07T09:11:14-05:00[America/New_York],Yes,2021-02-07,33055,Sunday
1801,<A>,46,2021-02-07T09:11:14-05:00[America/New_York],2021-02-07T09:12:00-05:00[America/New_York],Yes,2021-02-07,33074,Sunday
1801,B,17,2021-02-07T09:12:00-05:00[America/New_York],2021-02-07T09:12:17-05:00[America/New_York],NA,2021-02-07,33120,Sunday
1801,C,20,2021-02-07T09:12:17-05:00[America/New_York],2021-02-07T09:12:37-05:00[America/New_York],Yes,2021-02-07,33137,Sunday
1801,<A>,47,2021-02-07T09:12:37-05:00[America/New_York],2021-02-07T09:13:24-05:00[America/New_York],Yes,2021-02-07,33157,Sunday
1801,B,17,2021-02-07T09:13:24-05:00[America/New_York],2021-02-07T09:13:41-05:00[America/New_York],NA,2021-02-07,33204,Sunday
1801,C,19,2021-02-07T09:13:41-05:00[America/New_York],2021-02-07T09:14:00-05:00[America/New_York],Yes,2021-02-07,33221,Sunday
1801,<A>,52,2021-02-07T09:14:00-05:00[America/New_York],2021-02-07T09:14:52-05:00[America/New_York],Yes,2021-02-07,33240,Sunday
1801,B,17,2021-02-07T09:14:52-05:00[America/New_York],2021-02-07T09:15:09-05:00[America/New_York],NA,2021-02-07,33292,Sunday
1801,C,20,2021-02-07T09:15:09-05:00[America/New_York],2021-02-07T09:15:29-05:00[America/New_York],Yes,2021-02-07,33309,Sunday
1801,<A>,54,2021-02-07T09:15:29-05:00[America/New_York],2021-02-07T09:16:23-05:00[America/New_York],Yes,2021-02-07,33329,Sunday
1801,B,17,2021-02-07T09:16:23-05:00[America/New_York],2021-02-07T09:16:40-05:00[America/New_York],NA,2021-02-07,33383,Sunday
1801,C,20,2021-02-07T09:16:40-05:00[America/New_York],2021-02-07T09:17:00-05:00[America/New_York],Yes,2021-02-07,33400,Sunday
1801,<A>,53,2021-02-07T09:17:00-05:00[America/New_York],2021-02-07T09:17:53-05:00[America/New_York],Yes,2021-02-07,33420,Sunday
1801,B,16,2021-02-07T09:17:53-05:00[America/New_York],2021-02-07T09:18:09-05:00[America/New_York],NA,2021-02-07,33473,Sunday
1801,C,25,2021-02-07T09:18:09-05:00[America/New_York],2021-02-07T09:18:34-05:00[America/New_York],NA,2021-02-07,33489,Sunday
1801,<A>,54,2021-02-07T09:18:34-05:00[America/New_York],2021-02-07T09:19:28-05:00[America/New_York],Yes,2021-02-07,33514,Sunday
1801,B,16,2021-02-07T09:19:28-05:00[America/New_York],2021-02-07T09:19:44-05:00[America/New_York],NA,2021-02-07,33568,Sunday
1801,C,19,2021-02-07T09:19:44-05:00[America/New_York],2021-02-07T09:20:03-05:00[America/New_York],Yes,2021-02-07,33584,Sunday
1801,<A>,54,2021-02-07T09:20:03-05:00[America/New_York],2021-02-07T09:20:57-05:00[America/New_York],Yes,2021-02-07,33603,Sunday
1801,B,16,2021-02-07T09:20:57-05:00[America/New_York],2021-02-07T09:21:13-05:00[America/New_York],NA,2021-02-07,33657,Sunday
1801,C,20,2021-02-07T09:21:13-05:00[America/New_York],2021-02-07T09:21:33-05:00[America/New_York],NA,2021-02-07,33673,Sunday
1801,<A>,47,2021-02-07T09:21:33-05:00[America/New_York],2021-02-07T09:22:20-05:00[America/New_York],NA,2021-02-07,33693,Sunday
1801,B,19,2021-02-07T09:22:20-05:00[America/New_York],2021-02-07T09:22:39-05:00[America/New_York],Yes,2021-02-07,33740,Sunday
1801,C,20,2021-02-07T09:22:39-05:00[America/New_York],2021-02-07T09:22:59-05:00[America/New_York],Yes,2021-02-07,33759,Sunday
1801,<A>,65,2021-02-07T09:22:59-05:00[America/New_York],2021-02-07T09:24:04-05:00[America/New_York],NA,2021-02-07,33779,Sunday
1801,C,16,2021-02-07T09:24:04-05:00[America/New_York],2021-02-07T09:24:20-05:00[America/New_York],Yes,2021-02-07,33844,Sunday
1801,<A>,47,2021-02-07T09:24:20-05:00[America/New_York],2021-02-07T09:25:07-05:00[America/New_York],Yes,2021-02-07,33860,Sunday
1801,B,18,2021-02-07T09:25:07-05:00[America/New_York],2021-02-07T09:25:25-05:00[America/New_York],Yes,2021-02-07,33907,Sunday
1801,C,23,2021-02-07T09:25:25-05:00[America/New_York],2021-02-07T09:25:48-05:00[America/New_York],Yes,2021-02-07,33925,Sunday
1801,<A>,53,2021-02-07T09:25:48-05:00[America/New_York],2021-02-07T09:26:41-05:00[America/New_York],NA,2021-02-07,33948,Sunday
1801,B,21,2021-02-07T09:26:41-05:00[America/New_York],2021-02-07T09:27:02-05:00[America/New_York],Yes,2021-02-07,34001,Sunday
1801,C,25,2021-02-07T09:27:02-05:00[America/New_York],2021-02-07T09:27:27-05:00[America/New_York],NA,2021-02-07,34022,Sunday
1801,<A>,55,2021-02-07T09:27:27-05:00[America/New_York],2021-02-07T09:28:22-05:00[America/New_York],NA,2021-02-07,34047,Sunday
1801,B,16,2021-02-07T09:28:22-05:00[America/New_York],2021-02-07T09:28:38-05:00[America/New_York],Yes,2021-02-07,34102,Sunday
1801,C,18,2021-02-07T09:28:38-05:00[America/New_York],2021-02-07T09:28:56-05:00[America/New_York],Yes,2021-02-07,34118,Sunday
1801,<A>,56,2021-02-07T09:28:56-05:00[America/New_York],2021-02-07T09:29:52-05:00[America/New_York],Yes,2021-02-07,34136,Sunday
1801,B,19,2021-02-07T09:29:52-05:00[America/New_York],2021-02-07T09:30:11-05:00[America/New_York],NA,2021-02-07,34192,Sunday
1801,C,18,2021-02-07T09:30:11-05:00[America/New_York],2021-02-07T09:30:29-05:00[America/New_York],Yes,2021-02-07,34211,Sunday
1801,<A>,56,2021-02-07T09:30:29-05:00[America/New_York],2021-02-07T09:31:25-05:00[America/New_York],Yes,2021-02-07,34229,Sunday
1801,B,18,2021-02-07T09:31:25-05:00[America/New_York],2021-02-07T09:31:43-05:00[America/New_York],Yes,2021-02-07,34285,Sunday
1801,<A>,62,2021-02-07T09:31:43-05:00[America/New_York],2021-02-07T09:32:45-05:00[America/New_York],Yes,2021-02-07,34303,Sunday
1801,B,21,2021-02-07T09:32:45-05:00[America/New_York],2021-02-07T09:33:06-05:00[America/New_York],Yes,2021-02-07,34365,Sunday
1801,C,16,2021-02-07T09:33:06-05:00[America/New_York],2021-02-07T09:33:22-05:00[America/New_York],Yes,2021-02-07,34386,Sunday
1801,<A>,58,2021-02-07T09:33:22-05:00[America/New_York],2021-02-07T09:34:20-05:00[America/New_York],NA,2021-02-07,34402,Sunday
1801,B,25,2021-02-07T09:34:20-05:00[America/New_York],2021-02-07T09:34:45-05:00[America/New_York],NA,2021-02-07,34460,Sunday
1801,C,24,2021-02-07T09:34:45-05:00[America/New_York],2021-02-07T09:35:09-05:00[America/New_York],NA,2021-02-07,34485,Sunday
1801,<A>,46,2021-02-07T09:35:09-05:00[America/New_York],2021-02-07T09:35:55-05:00[America/New_York],NA,2021-02-07,34509,Sunday
1801,B,15,2021-02-07T09:35:55-05:00[America/New_York],2021-02-07T09:36:10-05:00[America/New_York],Yes,2021-02-07,34555,Sunday
1801,<A>,66,2021-02-07T09:36:10-05:00[America/New_York],2021-02-07T09:37:16-05:00[America/New_York],Yes,2021-02-07,34570,Sunday
1801,B,22,2021-02-07T09:37:16-05:00[America/New_York],2021-02-07T09:37:38-05:00[America/New_York],NA,2021-02-07,34636,Sunday
1801,C,18,2021-02-07T09:37:38-05:00[America/New_York],2021-02-07T09:37:56-05:00[America/New_York],Yes,2021-02-07,34658,Sunday
1801,<A>,59,2021-02-07T09:37:56-05:00[America/New_York],2021-02-07T09:38:55-05:00[America/New_York],NA,2021-02-07,34676,Sunday
1801,B,17,2021-02-07T09:38:55-05:00[America/New_York],2021-02-07T09:39:12-05:00[America/New_York],NA,2021-02-07,34735,Sunday
1801,C,23,2021-02-07T09:39:12-05:00[America/New_York],2021-02-07T09:39:35-05:00[America/New_York],NA,2021-02-07,34752,Sunday
1801,<A>,55,2021-02-07T09:39:35-05:00[America/New_York],2021-02-07T09:40:30-05:00[America/New_York],NA,2021-02-07,34775,Sunday
1801,C,19,2021-02-07T09:40:30-05:00[America/New_York],2021-02-07T09:40:49-05:00[America/New_York],Yes,2021-02-07,34830,Sunday
1801,<A>,56,2021-02-07T09:40:49-05:00[America/New_York],2021-02-07T09:41:45-05:00[America/New_York],Yes,2021-02-07,34849,Sunday
1801,B,17,2021-02-07T09:41:45-05:00[America/New_York],2021-02-07T09:42:02-05:00[America/New_York],NA,2021-02-07,34905,Sunday
1801,C,18,2021-02-07T09:42:02-05:00[America/New_York],2021-02-07T09:42:20-05:00[America/New_York],NA,2021-02-07,34922,Sunday
1801,<A>,57,2021-02-07T09:42:20-05:00[America/New_York],2021-02-07T09:43:17-05:00[America/New_York],Yes,2021-02-07,34940,Sunday
1801,B,15,2021-02-07T09:43:17-05:00[America/New_York],2021-02-07T09:43:32-05:00[America/New_York],Yes,2021-02-07,34997,Sunday
1801,C,18,2021-02-07T09:43:32-05:00[America/New_York],2021-02-07T09:43:50-05:00[America/New_York],NA,2021-02-07,35012,Sunday
1801,<A>,56,2021-02-07T09:43:50-05:00[America/New_York],2021-02-07T09:44:46-05:00[America/New_York],Yes,2021-02-07,35030,Sunday
1801,B,17,2021-02-07T09:44:46-05:00[America/New_York],2021-02-07T09:45:03-05:00[America/New_York],NA,2021-02-07,35086,Sunday
1801,C,16,2021-02-07T09:45:03-05:00[America/New_York],2021-02-07T09:45:19-05:00[America/New_York],NA,2021-02-07,35103,Sunday
1801,<A>,65,2021-02-07T09:45:19-05:00[America/New_York],2021-02-07T09:46:24-05:00[America/New_York],Yes,2021-02-07,35119,Sunday
1801,B,15,2021-02-07T09:46:24-05:00[America/New_York],2021-02-07T09:46:39-05:00[America/New_York],Yes,2021-02-07,35184,Sunday
1801,C,16,2021-02-07T09:46:39-05:00[America/New_York],2021-02-07T09:46:55-05:00[America/New_York],NA,2021-02-07,35199,Sunday
1801,<A>,44,2021-02-07T09:46:55-05:00[America/New_York],2021-02-07T09:47:39-05:00[America/New_York],NA,2021-02-07,35215,Sunday
1801,B,23,2021-02-07T09:47:39-05:00[America/New_York],2021-02-07T09:48:02-05:00[America/New_York],Yes,2021-02-07,35259,Sunday
1801,C,23,2021-02-07T09:48:02-05:00[America/New_York],2021-02-07T09:48:25-05:00[America/New_York],NA,2021-02-07,35282,Sunday
1801,<A>,49,2021-02-07T09:48:25-05:00[America/New_York],2021-02-07T09:49:14-05:00[America/New_York],NA,2021-02-07,35305,Sunday
1801,B,16,2021-02-07T09:49:14-05:00[America/New_York],2021-02-07T09:49:30-05:00[America/New_York],Yes,2021-02-07,35354,Sunday
1801,C,27,2021-02-07T09:49:30-05:00[America/New_York],2021-02-07T09:49:57-05:00[America/New_York],NA,2021-02-07,35370,Sunday
1801,<A>,53,2021-02-07T09:49:57-05:00[America/New_York],2021-02-07T09:50:50-05:00[America/New_York],Yes,2021-02-07,35397,Sunday
1801,B,23,2021-02-07T09:50:50-05:00[America/New_York],2021-02-07T09:51:13-05:00[America/New_York],NA,2021-02-07,35450,Sunday
1801,C,17,2021-02-07T09:51:13-05:00[America/New_York],2021-02-07T09:51:30-05:00[America/New_York],Yes,2021-02-07,35473,Sunday
1801,<A>,49,2021-02-07T09:51:30-05:00[America/New_York],2021-02-07T09:52:19-05:00[America/New_York],Yes,2021-02-07,35490,Sunday
1801,B,19,2021-02-07T09:52:19-05:00[America/New_York],2021-02-07T09:52:38-05:00[America/New_York],Yes,2021-02-07,35539,Sunday
1801,C,15,2021-02-07T09:52:38-05:00[America/New_York],2021-02-07T09:52:53-05:00[America/New_York],Yes,2021-02-07,35558,Sunday
1801,<A>,89,2021-02-07T09:52:53-05:00[America/New_York],2021-02-07T09:54:22-05:00[America/New_York],NA,2021-02-07,35573,Sunday
1801,C,16,2021-02-07T09:54:22-05:00[America/New_York],2021-02-07T09:54:38-05:00[America/New_York],Yes,2021-02-07,35662,Sunday
1801,<A>,41,2021-02-07T09:54:38-05:00[America/New_York],2021-02-07T09:55:19-05:00[America/New_York],Yes,2021-02-07,35678,Sunday
1801,B,19,2021-02-07T09:55:19-05:00[America/New_York],2021-02-07T09:55:38-05:00[America/New_York],Yes,2021-02-07,35719,Sunday
1801,<A>,62,2021-02-07T09:55:38-05:00[America/New_York],2021-02-07T09:56:40-05:00[America/New_York],Yes,2021-02-07,35738,Sunday
1801,C,24,2021-02-07T09:56:40-05:00[America/New_York],2021-02-07T09:57:04-05:00[America/New_York],NA,2021-02-07,35800,Sunday
1801,<A>,86,2021-02-07T09:57:04-05:00[America/New_York],2021-02-07T09:58:30-05:00[America/New_York],Yes,2021-02-07,35824,Sunday
1801,B,21,2021-02-07T09:58:30-05:00[America/New_York],2021-02-07T09:58:51-05:00[America/New_York],NA,2021-02-07,35910,Sunday
1801,C,24,2021-02-07T09:58:51-05:00[America/New_York],2021-02-07T09:59:15-05:00[America/New_York],NA,2021-02-07,35931,Sunday
1801,<A>,50,2021-02-07T09:59:15-05:00[America/New_York],2021-02-07T10:00:05-05:00[America/New_York],NA,2021-02-07,35955,Sunday
1801,B,19,2021-02-07T10:00:05-05:00[America/New_York],2021-02-07T10:00:24-05:00[America/New_York],NA,2021-02-07,36005,Sunday
1801,C,23,2021-02-07T10:00:24-05:00[America/New_York],2021-02-07T10:00:47-05:00[America/New_York],NA,2021-02-07,36024,Sunday
1801,<A>,53,2021-02-07T10:00:47-05:00[America/New_York],2021-02-07T10:01:40-05:00[America/New_York],NA,2021-02-07,36047,Sunday
1801,B,21,2021-02-07T10:01:40-05:00[America/New_York],2021-02-07T10:02:01-05:00[America/New_York],Yes,2021-02-07,36100,Sunday
1801,C,17,2021-02-07T10:02:01-05:00[America/New_York],2021-02-07T10:02:18-05:00[America/New_York],Yes,2021-02-07,36121,Sunday
1801,<A>,52,2021-02-07T10:02:18-05:00[America/New_York],2021-02-07T10:03:10-05:00[America/New_York],Yes,2021-02-07,36138,Sunday
1801,B,24,2021-02-07T10:03:10-05:00[America/New_York],2021-02-07T10:03:34-05:00[America/New_York],Yes,2021-02-07,36190,Sunday
1801,C,21,2021-02-07T10:03:34-05:00[America/New_York],2021-02-07T10:03:55-05:00[America/New_York],Yes,2021-02-07,36214,Sunday
1801,<A>,50,2021-02-07T10:03:55-05:00[America/New_York],2021-02-07T10:04:45-05:00[America/New_York],NA,2021-02-07,36235,Sunday
1801,B,22,2021-02-07T10:04:45-05:00[America/New_York],2021-02-07T10:05:07-05:00[America/New_York],Yes,2021-02-07,36285,Sunday
1801,C,28,2021-02-07T10:05:07-05:00[America/New_York],2021-02-07T10:05:35-05:00[America/New_York],NA,2021-02-07,36307,Sunday
1801,<A>,49,2021-02-07T10:05:35-05:00[America/New_York],2021-02-07T10:06:24-05:00[America/New_York],Yes,2021-02-07,36335,Sunday
1801,B,16,2021-02-07T10:06:24-05:00[America/New_York],2021-02-07T10:06:40-05:00[America/New_York],Yes,2021-02-07,36384,Sunday
1801,C,27,2021-02-07T10:06:40-05:00[America/New_York],2021-02-07T10:07:07-05:00[America/New_York],NA,2021-02-07,36400,Sunday
1801,<A>,54,2021-02-07T10:07:07-05:00[America/New_York],2021-02-07T10:08:01-05:00[America/New_York],Yes,2021-02-07,36427,Sunday
1801,B,23,2021-02-07T10:08:01-05:00[America/New_York],2021-02-07T10:08:24-05:00[America/New_York],NA,2021-02-07,36481,Sunday
1801,C,27,2021-02-07T10:08:24-05:00[America/New_York],2021-02-07T10:08:51-05:00[America/New_York],NA,2021-02-07,36504,Sunday
1801,<A>,50,2021-02-07T10:08:51-05:00[America/New_York],2021-02-07T10:09:41-05:00[America/New_York],NA,2021-02-07,36531,Sunday
1801,B,19,2021-02-07T10:09:41-05:00[America/New_York],2021-02-07T10:10:00-05:00[America/New_York],Yes,2021-02-07,36581,Sunday
1801,C,18,2021-02-07T10:10:00-05:00[America/New_York],2021-02-07T10:10:18-05:00[America/New_York],Yes,2021-02-07,36600,Sunday
1801,<A>,63,2021-02-07T10:10:18-05:00[America/New_York],2021-02-07T10:11:21-05:00[America/New_York],NA,2021-02-07,36618,Sunday
1801,B,23,2021-02-07T10:11:21-05:00[America/New_York],2021-02-07T10:11:44-05:00[America/New_York],NA,2021-02-07,36681,Sunday
1801,C,21,2021-02-07T10:11:44-05:00[America/New_York],2021-02-07T10:12:05-05:00[America/New_York],Yes,2021-02-07,36704,Sunday
1801,<A>,68,2021-02-07T10:12:05-05:00[America/New_York],2021-02-07T10:13:13-05:00[America/New_York],NA,2021-02-07,36725,Sunday
1801,B,22,2021-02-07T10:13:13-05:00[America/New_York],2021-02-07T10:13:35-05:00[America/New_York],Yes,2021-02-07,36793,Sunday
1801,C,22,2021-02-07T10:13:35-05:00[America/New_York],2021-02-07T10:13:57-05:00[America/New_York],Yes,2021-02-07,36815,Sunday
1801,<A>,59,2021-02-07T10:13:57-05:00[America/New_York],2021-02-07T10:14:56-05:00[America/New_York],NA,2021-02-07,36837,Sunday
1801,C,25,2021-02-07T10:14:56-05:00[America/New_York],2021-02-07T10:15:21-05:00[America/New_York],Yes,2021-02-07,36896,Sunday
1801,<A>,84,2021-02-07T10:15:21-05:00[America/New_York],2021-02-07T10:16:45-05:00[America/New_York],NA,2021-02-07,36921,Sunday
1801,B,26,2021-02-07T10:16:45-05:00[America/New_York],2021-02-07T10:17:11-05:00[America/New_York],NA,2021-02-07,37005,Sunday
1801,C,15,2021-02-07T10:17:11-05:00[America/New_York],2021-02-07T10:17:26-05:00[America/New_York],Yes,2021-02-07,37031,Sunday
1801,<A>,63,2021-02-07T10:17:26-05:00[America/New_York],2021-02-07T10:18:29-05:00[America/New_York],NA,2021-02-07,37046,Sunday
1801,B,22,2021-02-07T10:18:29-05:00[America/New_York],2021-02-07T10:18:51-05:00[America/New_York],NA,2021-02-07,37109,Sunday
1801,C,19,2021-02-07T10:18:51-05:00[America/New_York],2021-02-07T10:19:10-05:00[America/New_York],Yes,2021-02-07,37131,Sunday
1801,<A>,56,2021-02-07T10:19:10-05:00[America/New_York],2021-02-07T10:20:06-05:00[America/New_York],NA,2021-02-07,37150,Sunday
1801,B,16,2021-02-07T10:20:06-05:00[America/New_York],2021-02-07T10:20:22-05:00[America/New_York],Yes,2021-02-07,37206,Sunday
1801,C,20,2021-02-07T10:20:22-05:00[America/New_York],2021-02-07T10:20:42-05:00[America/New_York],Yes,2021-02-07,37222,Sunday
1801,<A>,63,2021-02-07T10:20:42-05:00[America/New_York],2021-02-07T10:21:45-05:00[America/New_York],NA,2021-02-07,37242,Sunday
1801,B,19,2021-02-07T10:21:45-05:00[America/New_York],2021-02-07T10:22:04-05:00[America/New_York],NA,2021-02-07,37305,Sunday
1801,<A>,47,2021-02-07T10:22:04-05:00[America/New_York],2021-02-07T10:22:51-05:00[America/New_York],Yes,2021-02-07,37324,Sunday
1801,B,18,2021-02-07T10:22:51-05:00[America/New_York],2021-02-07T10:23:09-05:00[America/New_York],NA,2021-02-07,37371,Sunday
1801,C,18,2021-02-07T10:23:09-05:00[America/New_York],2021-02-07T10:23:27-05:00[America/New_York],Yes,2021-02-07,37389,Sunday
1801,<A>,55,2021-02-07T10:23:27-05:00[America/New_York],2021-02-07T10:24:22-05:00[America/New_York],Yes,2021-02-07,37407,Sunday
1801,B,17,2021-02-07T10:24:22-05:00[America/New_York],2021-02-07T10:24:39-05:00[America/New_York],Yes,2021-02-07,37462,Sunday
1801,<A>,80,2021-02-07T10:24:39-05:00[America/New_York],2021-02-07T10:25:59-05:00[America/New_York],Yes,2021-02-07,37479,Sunday
1801,B,20,2021-02-07T10:25:59-05:00[America/New_York],2021-02-07T10:26:19-05:00[America/New_York],Yes,2021-02-07,37559,Sunday
1801,C,25,2021-02-07T10:26:19-05:00[America/New_York],2021-02-07T10:26:44-05:00[America/New_York],NA,2021-02-07,37579,Sunday
1801,<A>,57,2021-02-07T10:26:44-05:00[America/New_York],2021-02-07T10:27:41-05:00[America/New_York],NA,2021-02-07,37604,Sunday
1801,B,20,2021-02-07T10:27:41-05:00[America/New_York],2021-02-07T10:28:01-05:00[America/New_York],Yes,2021-02-07,37661,Sunday
1801,C,25,2021-02-07T10:28:01-05:00[America/New_York],2021-02-07T10:28:26-05:00[America/New_York],NA,2021-02-07,37681,Sunday
1801,<A>,58,2021-02-07T10:28:26-05:00[America/New_York],2021-02-07T10:29:24-05:00[America/New_York],NA,2021-02-07,37706,Sunday
1801,B,23,2021-02-07T10:29:24-05:00[America/New_York],2021-02-07T10:29:47-05:00[America/New_York],NA,2021-02-07,37764,Sunday
1801,C,25,2021-02-07T10:29:47-05:00[America/New_York],2021-02-07T10:30:12-05:00[America/New_York],NA,2021-02-07,37787,Sunday
1801,<A>,54,2021-02-07T10:30:12-05:00[America/New_York],2021-02-07T10:31:06-05:00[America/New_York],NA,2021-02-07,37812,Sunday
1801,B,19,2021-02-07T10:31:06-05:00[America/New_York],2021-02-07T10:31:25-05:00[America/New_York],Yes,2021-02-07,37866,Sunday
1801,C,17,2021-02-07T10:31:25-05:00[America/New_York],2021-02-07T10:31:42-05:00[America/New_York],Yes,2021-02-07,37885,Sunday
1801,<A>,60,2021-02-07T10:31:42-05:00[America/New_York],2021-02-07T10:32:42-05:00[America/New_York],Yes,2021-02-07,37902,Sunday
1801,B,18,2021-02-07T10:32:42-05:00[America/New_York],2021-02-07T10:33:00-05:00[America/New_York],NA,2021-02-07,37962,Sunday
1801,C,17,2021-02-07T10:33:00-05:00[America/New_York],2021-02-07T10:33:17-05:00[America/New_York],Yes,2021-02-07,37980,Sunday
1801,<A>,68,2021-02-07T10:33:17-05:00[America/New_York],2021-02-07T10:34:25-05:00[America/New_York],NA,2021-02-07,37997,Sunday
1801,B,15,2021-02-07T10:34:25-05:00[America/New_York],2021-02-07T10:34:40-05:00[America/New_York],Yes,2021-02-07,38065,Sunday
1801,C,22,2021-02-07T10:34:40-05:00[America/New_York],2021-02-07T10:35:02-05:00[America/New_York],NA,2021-02-07,38080,Sunday
1801,<A>,65,2021-02-07T10:35:02-05:00[America/New_York],2021-02-07T10:36:07-05:00[America/New_York],NA,2021-02-07,38102,Sunday
1801,B,18,2021-02-07T10:36:07-05:00[America/New_York],2021-02-07T10:36:25-05:00[America/New_York],NA,2021-02-07,38167,Sunday
1801,C,19,2021-02-07T10:36:25-05:00[America/New_York],2021-02-07T10:36:44-05:00[America/New_York],NA,2021-02-07,38185,Sunday
1801,<A>,53,2021-02-07T10:36:44-05:00[America/New_York],2021-02-07T10:37:37-05:00[America/New_York],NA,2021-02-07,38204,Sunday
1801,C,19,2021-02-07T10:37:37-05:00[America/New_York],2021-02-07T10:37:56-05:00[America/New_York],NA,2021-02-07,38257,Sunday
1801,<A>,43,2021-02-07T10:37:56-05:00[America/New_York],2021-02-07T10:38:39-05:00[America/New_York],NA,2021-02-07,38276,Sunday
1801,B,15,2021-02-07T10:38:39-05:00[America/New_York],2021-02-07T10:38:54-05:00[America/New_York],Yes,2021-02-07,38319,Sunday
1801,C,18,2021-02-07T10:38:54-05:00[America/New_York],2021-02-07T10:39:12-05:00[America/New_York],Yes,2021-02-07,38334,Sunday
1801,<A>,85,2021-02-07T10:39:12-05:00[America/New_York],2021-02-07T10:40:37-05:00[America/New_York],NA,2021-02-07,38352,Sunday
1801,B,15,2021-02-07T10:40:37-05:00[America/New_York],2021-02-07T10:40:52-05:00[America/New_York],Yes,2021-02-07,38437,Sunday
1801,C,18,2021-02-07T10:40:52-05:00[America/New_York],2021-02-07T10:41:10-05:00[America/New_York],NA,2021-02-07,38452,Sunday
1801,<A>,82,2021-02-07T10:41:10-05:00[America/New_York],2021-02-07T10:42:32-05:00[America/New_York],NA,2021-02-07,38470,Sunday
1801,B,21,2021-02-07T10:42:32-05:00[America/New_York],2021-02-07T10:42:53-05:00[America/New_York],NA,2021-02-07,38552,Sunday
1801,C,19,2021-02-07T10:42:53-05:00[America/New_York],2021-02-07T10:43:12-05:00[America/New_York],NA,2021-02-07,38573,Sunday
1801,<A>,88,2021-02-07T10:43:12-05:00[America/New_York],2021-02-07T10:44:40-05:00[America/New_York],NA,2021-02-07,38592,Sunday
1801,B,21,2021-02-07T10:44:40-05:00[America/New_York],2021-02-07T10:45:01-05:00[America/New_York],NA,2021-02-07,38680,Sunday
1801,C,20,2021-02-07T10:45:01-05:00[America/New_York],2021-02-07T10:45:21-05:00[America/New_York],NA,2021-02-07,38701,Sunday
1801,<A>,84,2021-02-07T10:45:21-05:00[America/New_York],2021-02-07T10:46:45-05:00[America/New_York],NA,2021-02-07,38721,Sunday
1801,B,22,2021-02-07T10:46:45-05:00[America/New_York],2021-02-07T10:47:07-05:00[America/New_York],Yes,2021-02-07,38805,Sunday
1801,C,24,2021-02-07T10:47:07-05:00[America/New_York],2021-02-07T10:47:31-05:00[America/New_York],Yes,2021-02-07,38827,Sunday
1801,<A>,74,2021-02-07T10:47:31-05:00[America/New_York],2021-02-07T10:48:45-05:00[America/New_York],NA,2021-02-07,38851,Sunday
1801,B,26,2021-02-07T10:48:45-05:00[America/New_York],2021-02-07T10:49:11-05:00[America/New_York],Yes,2021-02-07,38925,Sunday
1801,C,29,2021-02-07T10:49:11-05:00[America/New_York],2021-02-07T10:49:40-05:00[America/New_York],NA,2021-02-07,38951,Sunday
1801,<A>,59,2021-02-07T10:49:40-05:00[America/New_York],2021-02-07T10:50:39-05:00[America/New_York],NA,2021-02-07,38980,Sunday
1801,B,23,2021-02-07T10:50:39-05:00[America/New_York],2021-02-07T10:51:02-05:00[America/New_York],Yes,2021-02-07,39039,Sunday
1801,C,27,2021-02-07T10:51:02-05:00[America/New_York],2021-02-07T10:51:29-05:00[America/New_York],Yes,2021-02-07,39062,Sunday
1801,<A>,90,2021-02-07T10:51:29-05:00[America/New_York],2021-02-07T10:52:59-05:00[America/New_York],NA,2021-02-07,39089,Sunday
1801,B,16,2021-02-07T10:52:59-05:00[America/New_York],2021-02-07T10:53:15-05:00[America/New_York],NA,2021-02-07,39179,Sunday
1801,C,18,2021-02-07T10:53:15-05:00[America/New_York],2021-02-07T10:53:33-05:00[America/New_York],Yes,2021-02-07,39195,Sunday
1801,<A>,62,2021-02-07T10:53:33-05:00[America/New_York],2021-02-07T10:54:35-05:00[America/New_York],NA,2021-02-07,39213,Sunday
1801,B,26,2021-02-07T10:54:35-05:00[America/New_York],2021-02-07T10:55:01-05:00[America/New_York],Yes,2021-02-07,39275,Sunday
1801,C,27,2021-02-07T10:55:01-05:00[America/New_York],2021-02-07T10:55:28-05:00[America/New_York],Yes,2021-02-07,39301,Sunday
1801,<A>,60,2021-02-07T10:55:28-05:00[America/New_York],2021-02-07T10:56:28-05:00[America/New_York],NA,2021-02-07,39328,Sunday
1801,B,18,2021-02-07T10:56:28-05:00[America/New_York],2021-02-07T10:56:46-05:00[America/New_York],Yes,2021-02-07,39388,Sunday
1801,<A>,101,2021-02-07T10:56:46-05:00[America/New_York],2021-02-07T10:58:27-05:00[America/New_York],NA,2021-02-07,39406,Sunday
1801,B,23,2021-02-07T10:58:27-05:00[America/New_York],2021-02-07T10:58:50-05:00[America/New_York],Yes,2021-02-07,39507,Sunday
1801,C,31,2021-02-07T10:58:50-05:00[America/New_York],2021-02-07T10:59:21-05:00[America/New_York],NA,2021-02-07,39530,Sunday
1801,<A>,67,2021-02-07T10:59:21-05:00[America/New_York],2021-02-07T11:00:28-05:00[America/New_York],NA,2021-02-07,39561,Sunday
1801,B,24,2021-02-07T11:00:28-05:00[America/New_York],2021-02-07T11:00:52-05:00[America/New_York],NA,2021-02-07,39628,Sunday
1801,C,26,2021-02-07T11:00:52-05:00[America/New_York],2021-02-07T11:01:18-05:00[America/New_York],Yes,2021-02-07,39652,Sunday
1801,<A>,69,2021-02-07T11:01:18-05:00[America/New_York],2021-02-07T11:02:27-05:00[America/New_York],NA,2021-02-07,39678,Sunday
1801,B,20,2021-02-07T11:02:27-05:00[America/New_York],2021-02-07T11:02:47-05:00[America/New_York],NA,2021-02-07,39747,Sunday
1801,C,21,2021-02-07T11:02:47-05:00[America/New_York],2021-02-07T11:03:08-05:00[America/New_York],Yes,2021-02-07,39767,Sunday
1801,<A>,77,2021-02-07T11:03:08-05:00[America/New_York],2021-02-07T11:04:25-05:00[America/New_York],NA,2021-02-07,39788,Sunday
1801,B,23,2021-02-07T11:04:25-05:00[America/New_York],2021-02-07T11:04:48-05:00[America/New_York],Yes,2021-02-07,39865,Sunday
1801,C,25,2021-02-07T11:04:48-05:00[America/New_York],2021-02-07T11:05:13-05:00[America/New_York],Yes,2021-02-07,39888,Sunday
1801,<A>,74,2021-02-07T11:05:13-05:00[America/New_York],2021-02-07T11:06:27-05:00[America/New_York],NA,2021-02-07,39913,Sunday
1801,B,22,2021-02-07T11:06:27-05:00[America/New_York],2021-02-07T11:06:49-05:00[America/New_York],Yes,2021-02-07,39987,Sunday
1801,C,28,2021-02-07T11:06:49-05:00[America/New_York],2021-02-07T11:07:17-05:00[America/New_York],Yes,2021-02-07,40009,Sunday
1801,<A>,65,2021-02-07T11:07:17-05:00[America/New_York],2021-02-07T11:08:22-05:00[America/New_York],NA,2021-02-07,40037,Sunday
1801,B,31,2021-02-07T11:08:22-05:00[America/New_York],2021-02-07T11:08:53-05:00[America/New_York],NA,2021-02-07,40102,Sunday
1801,C,15,2021-02-07T11:08:53-05:00[America/New_York],2021-02-07T11:09:08-05:00[America/New_York],Yes,2021-02-07,40133,Sunday
1801,<A>,68,2021-02-07T11:09:08-05:00[America/New_York],2021-02-07T11:10:16-05:00[America/New_York],NA,2021-02-07,40148,Sunday
1801,B,24,2021-02-07T11:10:16-05:00[America/New_York],2021-02-07T11:10:40-05:00[America/New_York],Yes,2021-02-07,40216,Sunday
1801,C,20,2021-02-07T11:10:40-05:00[America/New_York],2021-02-07T11:11:00-05:00[America/New_York],Yes,2021-02-07,40240,Sunday
1801,<A>,70,2021-02-07T11:11:00-05:00[America/New_York],2021-02-07T11:12:10-05:00[America/New_York],NA,2021-02-07,40260,Sunday
1801,B,16,2021-02-07T11:12:10-05:00[America/New_York],2021-02-07T11:12:26-05:00[America/New_York],Yes,2021-02-07,40330,Sunday
1801,C,18,2021-02-07T11:12:26-05:00[America/New_York],2021-02-07T11:12:44-05:00[America/New_York],Yes,2021-02-07,40346,Sunday
1801,<A>,75,2021-02-07T11:12:44-05:00[America/New_York],2021-02-07T11:13:59-05:00[America/New_York],NA,2021-02-07,40364,Sunday
1801,B,15,2021-02-07T11:13:59-05:00[America/New_York],2021-02-07T11:14:14-05:00[America/New_York],Yes,2021-02-07,40439,Sunday
1801,<A>,91,2021-02-07T11:14:14-05:00[America/New_York],2021-02-07T11:15:45-05:00[America/New_York],NA,2021-02-07,40454,Sunday
1801,B,27,2021-02-07T11:15:45-05:00[America/New_York],2021-02-07T11:16:12-05:00[America/New_York],NA,2021-02-07,40545,Sunday
1801,C,29,2021-02-07T11:16:12-05:00[America/New_York],2021-02-07T11:16:41-05:00[America/New_York],Yes,2021-02-07,40572,Sunday
1801,<A>,56,2021-02-07T11:16:41-05:00[America/New_York],2021-02-07T11:17:37-05:00[America/New_York],NA,2021-02-07,40601,Sunday
1801,B,21,2021-02-07T11:17:37-05:00[America/New_York],2021-02-07T11:17:58-05:00[America/New_York],Yes,2021-02-07,40657,Sunday
1801,C,20,2021-02-07T11:17:58-05:00[America/New_York],2021-02-07T11:18:18-05:00[America/New_York],Yes,2021-02-07,40678,Sunday
1801,<A>,74,2021-02-07T11:18:18-05:00[America/New_York],2021-02-07T11:19:32-05:00[America/New_York],NA,2021-02-07,40698,Sunday
1801,B,24,2021-02-07T11:19:32-05:00[America/New_York],2021-02-07T11:19:56-05:00[America/New_York],Yes,2021-02-07,40772,Sunday
1801,C,18,2021-02-07T11:19:56-05:00[America/New_York],2021-02-07T11:20:14-05:00[America/New_York],Yes,2021-02-07,40796,Sunday
1801,<A>,66,2021-02-07T11:20:14-05:00[America/New_York],2021-02-07T11:21:20-05:00[America/New_York],NA,2021-02-07,40814,Sunday
1801,B,21,2021-02-07T11:21:20-05:00[America/New_York],2021-02-07T11:21:41-05:00[America/New_York],Yes,2021-02-07,40880,Sunday
1801,C,16,2021-02-07T11:21:41-05:00[America/New_York],2021-02-07T11:21:57-05:00[America/New_York],Yes,2021-02-07,40901,Sunday
1801,<A>,70,2021-02-07T11:21:57-05:00[America/New_York],2021-02-07T11:23:07-05:00[America/New_York],NA,2021-02-07,40917,Sunday
1801,B,23,2021-02-07T11:23:07-05:00[America/New_York],2021-02-07T11:23:30-05:00[America/New_York],NA,2021-02-07,40987,Sunday
1801,<A>,89,2021-02-07T11:23:30-05:00[America/New_York],2021-02-07T11:24:59-05:00[America/New_York],NA,2021-02-07,41010,Sunday
1801,B,16,2021-02-07T11:24:59-05:00[America/New_York],2021-02-07T11:25:15-05:00[America/New_York],Yes,2021-02-07,41099,Sunday
1801,C,20,2021-02-07T11:25:15-05:00[America/New_York],2021-02-07T11:25:35-05:00[America/New_York],Yes,2021-02-07,41115,Sunday
1801,<A>,71,2021-02-07T11:25:35-05:00[America/New_York],2021-02-07T11:26:46-05:00[America/New_York],NA,2021-02-07,41135,Sunday
1801,B,23,2021-02-07T11:26:46-05:00[America/New_York],2021-02-07T11:27:09-05:00[America/New_York],Yes,2021-02-07,41206,Sunday
1801,C,27,2021-02-07T11:27:09-05:00[America/New_York],2021-02-07T11:27:36-05:00[America/New_York],NA,2021-02-07,41229,Sunday
1801,<A>,55,2021-02-07T11:27:36-05:00[America/New_York],2021-02-07T11:28:31-05:00[America/New_York],NA,2021-02-07,41256,Sunday
1801,C,21,2021-02-07T11:28:31-05:00[America/New_York],2021-02-07T11:28:52-05:00[America/New_York],Yes,2021-02-07,41311,Sunday
1801,<A>,80,2021-02-07T11:28:52-05:00[America/New_York],2021-02-07T11:30:12-05:00[America/New_York],NA,2021-02-07,41332,Sunday
1801,B,21,2021-02-07T11:30:12-05:00[America/New_York],2021-02-07T11:30:33-05:00[America/New_York],Yes,2021-02-07,41412,Sunday
1801,C,17,2021-02-07T11:30:33-05:00[America/New_York],2021-02-07T11:30:50-05:00[America/New_York],Yes,2021-02-07,41433,Sunday
1801,<A>,71,2021-02-07T11:30:50-05:00[America/New_York],2021-02-07T11:32:01-05:00[America/New_York],NA,2021-02-07,41450,Sunday
1801,B,19,2021-02-07T11:32:01-05:00[America/New_York],2021-02-07T11:32:20-05:00[America/New_York],Yes,2021-02-07,41521,Sunday
1801,C,16,2021-02-07T11:32:20-05:00[America/New_York],2021-02-07T11:32:36-05:00[America/New_York],Yes,2021-02-07,41540,Sunday
1801,<A>,69,2021-02-07T11:32:36-05:00[America/New_York],2021-02-07T11:33:45-05:00[America/New_York],NA,2021-02-07,41556,Sunday
1801,B,17,2021-02-07T11:33:45-05:00[America/New_York],2021-02-07T11:34:02-05:00[America/New_York],NA,2021-02-07,41625,Sunday
1801,C,25,2021-02-07T11:34:02-05:00[America/New_York],2021-02-07T11:34:27-05:00[America/New_York],NA,2021-02-07,41642,Sunday
1801,<A>,55,2021-02-07T11:34:27-05:00[America/New_York],2021-02-07T11:35:22-05:00[America/New_York],NA,2021-02-07,41667,Sunday
1801,B,17,2021-02-07T11:35:22-05:00[America/New_York],2021-02-07T11:35:39-05:00[America/New_York],NA,2021-02-07,41722,Sunday
1801,C,17,2021-02-07T11:35:39-05:00[America/New_York],2021-02-07T11:35:56-05:00[America/New_York],Yes,2021-02-07,41739,Sunday
1801,<A>,50,2021-02-07T11:35:56-05:00[America/New_York],2021-02-07T11:36:46-05:00[America/New_York],Yes,2021-02-07,41756,Sunday
1801,B,17,2021-02-07T11:36:46-05:00[America/New_York],2021-02-07T11:37:03-05:00[America/New_York],NA,2021-02-07,41806,Sunday
1801,<A>,53,2021-02-07T11:37:03-05:00[America/New_York],2021-02-07T11:37:56-05:00[America/New_York],Yes,2021-02-07,41823,Sunday
1801,B,17,2021-02-07T11:37:56-05:00[America/New_York],2021-02-07T11:38:13-05:00[America/New_York],NA,2021-02-07,41876,Sunday
1801,C,20,2021-02-07T11:38:13-05:00[America/New_York],2021-02-07T11:38:33-05:00[America/New_York],NA,2021-02-07,41893,Sunday
1801,<A>,42,2021-02-07T11:38:33-05:00[America/New_York],2021-02-07T11:39:15-05:00[America/New_York],Yes,2021-02-07,41913,Sunday
1801,C,19,2021-02-07T11:39:15-05:00[America/New_York],2021-02-07T11:39:34-05:00[America/New_York],NA,2021-02-07,41955,Sunday
1801,<A>,51,2021-02-07T11:39:34-05:00[America/New_York],2021-02-07T11:40:25-05:00[America/New_York],Yes,2021-02-07,41974,Sunday
1801,B,17,2021-02-07T11:40:25-05:00[America/New_York],2021-02-07T11:40:42-05:00[America/New_York],NA,2021-02-07,42025,Sunday
1801,C,17,2021-02-07T11:40:42-05:00[America/New_York],2021-02-07T11:40:59-05:00[America/New_York],Yes,2021-02-07,42042,Sunday
1801,<A>,54,2021-02-07T11:40:59-05:00[America/New_York],2021-02-07T11:41:53-05:00[America/New_York],Yes,2021-02-07,42059,Sunday
1801,B,17,2021-02-07T11:41:53-05:00[America/New_York],2021-02-07T11:42:10-05:00[America/New_York],NA,2021-02-07,42113,Sunday
1801,<A>,45,2021-02-07T11:42:10-05:00[America/New_York],2021-02-07T11:42:55-05:00[America/New_York],Yes,2021-02-07,42130,Sunday
1801,B,17,2021-02-07T11:42:55-05:00[America/New_York],2021-02-07T11:43:12-05:00[America/New_York],NA,2021-02-07,42175,Sunday
1801,C,17,2021-02-07T11:43:12-05:00[America/New_York],2021-02-07T11:43:29-05:00[America/New_York],NA,2021-02-07,42192,Sunday
1801,<A>,49,2021-02-07T11:43:29-05:00[America/New_York],2021-02-07T11:44:18-05:00[America/New_York],Yes,2021-02-07,42209,Sunday
1801,B,17,2021-02-07T11:44:18-05:00[America/New_York],2021-02-07T11:44:35-05:00[America/New_York],NA,2021-02-07,42258,Sunday
1801,C,17,2021-02-07T11:44:35-05:00[America/New_York],2021-02-07T11:44:52-05:00[America/New_York],NA,2021-02-07,42275,Sunday
1801,<A>,52,2021-02-07T11:44:52-05:00[America/New_York],2021-02-07T11:45:44-05:00[America/New_York],Yes,2021-02-07,42292,Sunday
1801,B,23,2021-02-07T11:45:44-05:00[America/New_York],2021-02-07T11:46:07-05:00[America/New_York],Yes,2021-02-07,42344,Sunday
1801,C,16,2021-02-07T11:46:07-05:00[America/New_York],2021-02-07T11:46:23-05:00[America/New_York],Yes,2021-02-07,42367,Sunday
1801,<A>,42,2021-02-07T11:46:23-05:00[America/New_York],2021-02-07T11:47:05-05:00[America/New_York],Yes,2021-02-07,42383,Sunday
1801,B,18,2021-02-07T11:47:05-05:00[America/New_York],2021-02-07T11:47:23-05:00[America/New_York],Yes,2021-02-07,42425,Sunday
1801,C,20,2021-02-07T11:47:23-05:00[America/New_York],2021-02-07T11:47:43-05:00[America/New_York],Yes,2021-02-07,42443,Sunday
1801,<A>,47,2021-02-07T11:47:43-05:00[America/New_York],2021-02-07T11:48:30-05:00[America/New_York],Yes,2021-02-07,42463,Sunday
1801,B,17,2021-02-07T11:48:30-05:00[America/New_York],2021-02-07T11:48:47-05:00[America/New_York],Yes,2021-02-07,42510,Sunday
1801,<A>,42,2021-02-07T11:48:47-05:00[America/New_York],2021-02-07T11:49:29-05:00[America/New_York],Yes,2021-02-07,42527,Sunday
1801,B,19,2021-02-07T11:49:29-05:00[America/New_York],2021-02-07T11:49:48-05:00[America/New_York],Yes,2021-02-07,42569,Sunday
1801,C,21,2021-02-07T11:49:48-05:00[America/New_York],2021-02-07T11:50:09-05:00[America/New_York],NA,2021-02-07,42588,Sunday
1801,<A>,55,2021-02-07T11:50:09-05:00[America/New_York],2021-02-07T11:51:04-05:00[America/New_York],NA,2021-02-07,42609,Sunday
1801,B,21,2021-02-07T11:51:04-05:00[America/New_York],2021-02-07T11:51:25-05:00[America/New_York],Yes,2021-02-07,42664,Sunday
1801,C,22,2021-02-07T11:51:25-05:00[America/New_York],2021-02-07T11:51:47-05:00[America/New_York],NA,2021-02-07,42685,Sunday
1801,<A>,51,2021-02-07T11:51:47-05:00[America/New_York],2021-02-07T11:52:38-05:00[America/New_York],NA,2021-02-07,42707,Sunday
1801,B,26,2021-02-07T11:52:38-05:00[America/New_York],2021-02-07T11:53:04-05:00[America/New_York],Yes,2021-02-07,42758,Sunday
1801,C,16,2021-02-07T11:53:04-05:00[America/New_York],2021-02-07T11:53:20-05:00[America/New_York],Yes,2021-02-07,42784,Sunday
1801,<A>,44,2021-02-07T11:53:20-05:00[America/New_York],2021-02-07T11:54:04-05:00[America/New_York],Yes,2021-02-07,42800,Sunday
1801,B,25,2021-02-07T11:54:04-05:00[America/New_York],2021-02-07T11:54:29-05:00[America/New_York],NA,2021-02-07,42844,Sunday
1801,C,25,2021-02-07T11:54:29-05:00[America/New_York],2021-02-07T11:54:54-05:00[America/New_York],NA,2021-02-07,42869,Sunday
1801,<A>,63,2021-02-07T11:54:54-05:00[America/New_York],2021-02-07T11:55:57-05:00[America/New_York],NA,2021-02-07,42894,Sunday
1801,C,15,2021-02-07T11:55:57-05:00[America/New_York],2021-02-07T11:56:12-05:00[America/New_York],Yes,2021-02-07,42957,Sunday
1801,<A>,88,2021-02-07T11:56:12-05:00[America/New_York],2021-02-07T11:57:40-05:00[America/New_York],NA,2021-02-07,42972,Sunday
1801,B,25,2021-02-07T11:57:40-05:00[America/New_York],2021-02-07T11:58:05-05:00[America/New_York],Yes,2021-02-07,43060,Sunday
1801,C,17,2021-02-07T11:58:05-05:00[America/New_York],2021-02-07T11:58:22-05:00[America/New_York],Yes,2021-02-07,43085,Sunday
1801,<A>,37,2021-02-07T11:58:22-05:00[America/New_York],2021-02-07T11:58:59-05:00[America/New_York],NA,2021-02-07,43102,Sunday
1801,B,23,2021-02-07T11:58:59-05:00[America/New_York],2021-02-07T11:59:22-05:00[America/New_York],NA,2021-02-07,43139,Sunday
1801,C,19,2021-02-07T11:59:22-05:00[America/New_York],2021-02-07T11:59:41-05:00[America/New_York],Yes,2021-02-07,43162,Sunday
1801,<A>,52,2021-02-07T11:59:41-05:00[America/New_York],2021-02-07T12:00:33-05:00[America/New_York],NA,2021-02-07,43181,Sunday
1801,B,22,2021-02-07T12:00:33-05:00[America/New_York],2021-02-07T12:00:55-05:00[America/New_York],Yes,2021-02-07,43233,Sunday
1801,C,30,2021-02-07T12:00:55-05:00[America/New_York],2021-02-07T12:01:25-05:00[America/New_York],NA,2021-02-07,43255,Sunday
1801,<A>,67,2021-02-07T12:01:25-05:00[America/New_York],2021-02-07T12:02:32-05:00[America/New_York],NA,2021-02-07,43285,Sunday
1801,B,21,2021-02-07T12:02:32-05:00[America/New_York],2021-02-07T12:02:53-05:00[America/New_York],NA,2021-02-07,43352,Sunday
1801,C,15,2021-02-07T12:02:53-05:00[America/New_York],2021-02-07T12:03:08-05:00[America/New_York],Yes,2021-02-07,43373,Sunday
1801,<A>,76,2021-02-07T12:03:08-05:00[America/New_York],2021-02-07T12:04:24-05:00[America/New_York],NA,2021-02-07,43388,Sunday
1801,B,26,2021-02-07T12:04:24-05:00[America/New_York],2021-02-07T12:04:50-05:00[America/New_York],Yes,2021-02-07,43464,Sunday
1801,C,15,2021-02-07T12:04:50-05:00[America/New_York],2021-02-07T12:05:05-05:00[America/New_York],Yes,2021-02-07,43490,Sunday
1801,<A>,69,2021-02-07T12:05:05-05:00[America/New_York],2021-02-07T12:06:14-05:00[America/New_York],NA,2021-02-07,43505,Sunday
1801,B,26,2021-02-07T12:06:14-05:00[America/New_York],2021-02-07T12:06:40-05:00[America/New_York],Yes,2021-02-07,43574,Sunday
1801,C,21,2021-02-07T12:06:40-05:00[America/New_York],2021-02-07T12:07:01-05:00[America/New_York],Yes,2021-02-07,43600,Sunday
1801,<A>,56,2021-02-07T12:07:01-05:00[America/New_York],2021-02-07T12:07:57-05:00[America/New_York],NA,2021-02-07,43621,Sunday
1801,B,17,2021-02-07T12:07:57-05:00[America/New_York],2021-02-07T12:08:14-05:00[America/New_York],Yes,2021-02-07,43677,Sunday
1801,C,16,2021-02-07T12:08:14-05:00[America/New_York],2021-02-07T12:08:30-05:00[America/New_York],Yes,2021-02-07,43694,Sunday
1801,<A>,59,2021-02-07T12:08:30-05:00[America/New_York],2021-02-07T12:09:29-05:00[America/New_York],Yes,2021-02-07,43710,Sunday
1801,B,25,2021-02-07T12:09:29-05:00[America/New_York],2021-02-07T12:09:54-05:00[America/New_York],NA,2021-02-07,43769,Sunday
1801,C,23,2021-02-07T12:09:54-05:00[America/New_York],2021-02-07T12:10:17-05:00[America/New_York],NA,2021-02-07,43794,Sunday
1801,<A>,52,2021-02-07T12:10:17-05:00[America/New_York],2021-02-07T12:11:09-05:00[America/New_York],NA,2021-02-07,43817,Sunday
1801,B,24,2021-02-07T12:11:09-05:00[America/New_York],2021-02-07T12:11:33-05:00[America/New_York],NA,2021-02-07,43869,Sunday
1801,C,21,2021-02-07T12:11:33-05:00[America/New_York],2021-02-07T12:11:54-05:00[America/New_York],Yes,2021-02-07,43893,Sunday
1801,<A>,64,2021-02-07T12:11:54-05:00[America/New_York],2021-02-07T12:12:58-05:00[America/New_York],NA,2021-02-07,43914,Sunday
1801,B,19,2021-02-07T12:12:58-05:00[America/New_York],2021-02-07T12:13:17-05:00[America/New_York],Yes,2021-02-07,43978,Sunday
1801,C,16,2021-02-07T12:13:17-05:00[America/New_York],2021-02-07T12:13:33-05:00[America/New_York],Yes,2021-02-07,43997,Sunday
1801,<A>,71,2021-02-07T12:13:33-05:00[America/New_York],2021-02-07T12:14:44-05:00[America/New_York],NA,2021-02-07,44013,Sunday
1801,B,20,2021-02-07T12:14:44-05:00[America/New_York],2021-02-07T12:15:04-05:00[America/New_York],NA,2021-02-07,44084,Sunday
1801,C,21,2021-02-07T12:15:04-05:00[America/New_York],2021-02-07T12:15:25-05:00[America/New_York],Yes,2021-02-07,44104,Sunday
1801,<A>,62,2021-02-07T12:15:25-05:00[America/New_York],2021-02-07T12:16:27-05:00[America/New_York],NA,2021-02-07,44125,Sunday
1801,B,20,2021-02-07T12:16:27-05:00[America/New_York],2021-02-07T12:16:47-05:00[America/New_York],Yes,2021-02-07,44187,Sunday
1801,<A>,87,2021-02-07T12:16:47-05:00[America/New_York],2021-02-07T12:18:14-05:00[America/New_York],NA,2021-02-07,44207,Sunday
1801,B,21,2021-02-07T12:18:14-05:00[America/New_York],2021-02-07T12:18:35-05:00[America/New_York],Yes,2021-02-07,44294,Sunday
1801,C,21,2021-02-07T12:18:35-05:00[America/New_York],2021-02-07T12:18:56-05:00[America/New_York],NA,2021-02-07,44315,Sunday
1801,<A>,72,2021-02-07T12:18:56-05:00[America/New_York],2021-02-07T12:20:08-05:00[America/New_York],NA,2021-02-07,44336,Sunday
1801,B,17,2021-02-07T12:20:08-05:00[America/New_York],2021-02-07T12:20:25-05:00[America/New_York],Yes,2021-02-07,44408,Sunday
1801,C,18,2021-02-07T12:20:25-05:00[America/New_York],2021-02-07T12:20:43-05:00[America/New_York],Yes,2021-02-07,44425,Sunday
1801,<A>,75,2021-02-07T12:20:43-05:00[America/New_York],2021-02-07T12:21:58-05:00[America/New_York],NA,2021-02-07,44443,Sunday
1801,B,21,2021-02-07T12:21:58-05:00[America/New_York],2021-02-07T12:22:19-05:00[America/New_York],NA,2021-02-07,44518,Sunday
1801,C,21,2021-02-07T12:22:19-05:00[America/New_York],2021-02-07T12:22:40-05:00[America/New_York],NA,2021-02-07,44539,Sunday
1801,<A>,71,2021-02-07T12:22:40-05:00[America/New_York],2021-02-07T12:23:51-05:00[America/New_York],NA,2021-02-07,44560,Sunday
1801,B,18,2021-02-07T12:23:51-05:00[America/New_York],2021-02-07T12:24:09-05:00[America/New_York],Yes,2021-02-07,44631,Sunday
1801,C,20,2021-02-07T12:24:09-05:00[America/New_York],2021-02-07T12:24:29-05:00[America/New_York],Yes,2021-02-07,44649,Sunday
1801,<A>,76,2021-02-07T12:24:29-05:00[America/New_York],2021-02-07T12:25:45-05:00[America/New_York],NA,2021-02-07,44669,Sunday
1801,B,31,2021-02-07T12:25:45-05:00[America/New_York],2021-02-07T12:26:16-05:00[America/New_York],NA,2021-02-07,44745,Sunday
1801,C,22,2021-02-07T12:26:16-05:00[America/New_York],2021-02-07T12:26:38-05:00[America/New_York],Yes,2021-02-07,44776,Sunday
1801,<A>,59,2021-02-07T12:26:38-05:00[America/New_York],2021-02-07T12:27:37-05:00[America/New_York],NA,2021-02-07,44798,Sunday
1801,B,16,2021-02-07T12:27:37-05:00[America/New_York],2021-02-07T12:27:53-05:00[America/New_York],Yes,2021-02-07,44857,Sunday
1801,C,20,2021-02-07T12:27:53-05:00[America/New_York],2021-02-07T12:28:13-05:00[America/New_York],Yes,2021-02-07,44873,Sunday
1801,<A>,72,2021-02-07T12:28:13-05:00[America/New_York],2021-02-07T12:29:25-05:00[America/New_York],NA,2021-02-07,44893,Sunday
1801,B,18,2021-02-07T12:29:25-05:00[America/New_York],2021-02-07T12:29:43-05:00[America/New_York],Yes,2021-02-07,44965,Sunday
1801,C,25,2021-02-07T12:29:43-05:00[America/New_York],2021-02-07T12:30:08-05:00[America/New_York],NA,2021-02-07,44983,Sunday
1801,<A>,54,2021-02-07T12:30:08-05:00[America/New_York],2021-02-07T12:31:02-05:00[America/New_York],NA,2021-02-07,45008,Sunday
1801,B,17,2021-02-07T12:31:02-05:00[America/New_York],2021-02-07T12:31:19-05:00[America/New_York],Yes,2021-02-07,45062,Sunday
1801,C,23,2021-02-07T12:31:19-05:00[America/New_York],2021-02-07T12:31:42-05:00[America/New_York],Yes,2021-02-07,45079,Sunday
1801,<A>,61,2021-02-07T12:31:42-05:00[America/New_York],2021-02-07T12:32:43-05:00[America/New_York],NA,2021-02-07,45102,Sunday
1801,C,16,2021-02-07T12:32:43-05:00[America/New_York],2021-02-07T12:32:59-05:00[America/New_York],Yes,2021-02-07,45163,Sunday
1801,<A>,50,2021-02-07T12:32:59-05:00[America/New_York],2021-02-07T12:33:49-05:00[America/New_York],Yes,2021-02-07,45179,Sunday
1801,B,15,2021-02-07T12:33:49-05:00[America/New_York],2021-02-07T12:34:04-05:00[America/New_York],Yes,2021-02-07,45229,Sunday
1801,C,21,2021-02-07T12:34:04-05:00[America/New_York],2021-02-07T12:34:25-05:00[America/New_York],Yes,2021-02-07,45244,Sunday
1801,<A>,52,2021-02-07T12:34:25-05:00[America/New_York],2021-02-07T12:35:17-05:00[America/New_York],Yes,2021-02-07,45265,Sunday
1801,B,16,2021-02-07T12:35:17-05:00[America/New_York],2021-02-07T12:35:33-05:00[America/New_York],Yes,2021-02-07,45317,Sunday
1801,<A>,50,2021-02-07T12:35:33-05:00[America/New_York],2021-02-07T12:36:23-05:00[America/New_York],Yes,2021-02-07,45333,Sunday
1801,C,16,2021-02-07T12:36:23-05:00[America/New_York],2021-02-07T12:36:39-05:00[America/New_York],Yes,2021-02-07,45383,Sunday
1801,<A>,56,2021-02-07T12:36:39-05:00[America/New_York],2021-02-07T12:37:35-05:00[America/New_York],Yes,2021-02-07,45399,Sunday
1801,B,18,2021-02-07T12:37:35-05:00[America/New_York],2021-02-07T12:37:53-05:00[America/New_York],NA,2021-02-07,45455,Sunday
1801,C,18,2021-02-07T12:37:53-05:00[America/New_York],2021-02-07T12:38:11-05:00[America/New_York],Yes,2021-02-07,45473,Sunday
1801,<A>,85,2021-02-07T12:38:11-05:00[America/New_York],2021-02-07T12:39:36-05:00[America/New_York],NA,2021-02-07,45491,Sunday
1801,B,18,2021-02-07T12:39:36-05:00[America/New_York],2021-02-07T12:39:54-05:00[America/New_York],NA,2021-02-07,45576,Sunday
1801,<A>,52,2021-02-07T12:39:54-05:00[America/New_York],2021-02-07T12:40:46-05:00[America/New_York],Yes,2021-02-07,45594,Sunday
1801,B,23,2021-02-07T12:40:46-05:00[America/New_York],2021-02-07T12:41:09-05:00[America/New_York],Yes,2021-02-07,45646,Sunday
1801,C,23,2021-02-07T12:41:09-05:00[America/New_York],2021-02-07T12:41:32-05:00[America/New_York],Yes,2021-02-07,45669,Sunday
1801,<A>,52,2021-02-07T12:41:32-05:00[America/New_York],2021-02-07T12:42:24-05:00[America/New_York],Yes,2021-02-07,45692,Sunday
1801,B,19,2021-02-07T12:42:24-05:00[America/New_York],2021-02-07T12:42:43-05:00[America/New_York],Yes,2021-02-07,45744,Sunday
1801,C,27,2021-02-07T12:42:43-05:00[America/New_York],2021-02-07T12:43:10-05:00[America/New_York],NA,2021-02-07,45763,Sunday
1801,<A>,48,2021-02-07T12:43:10-05:00[America/New_York],2021-02-07T12:43:58-05:00[America/New_York],Yes,2021-02-07,45790,Sunday
1801,B,26,2021-02-07T12:43:58-05:00[America/New_York],2021-02-07T12:44:24-05:00[America/New_York],Yes,2021-02-07,45838,Sunday
1801,<A>,49,2021-02-07T12:44:24-05:00[America/New_York],2021-02-07T12:45:13-05:00[America/New_York],Yes,2021-02-07,45864,Sunday
1801,C,18,2021-02-07T12:45:13-05:00[America/New_York],2021-02-07T12:45:31-05:00[America/New_York],Yes,2021-02-07,45913,Sunday
1801,<A>,45,2021-02-07T12:45:31-05:00[America/New_York],2021-02-07T12:46:16-05:00[America/New_York],NA,2021-02-07,45931,Sunday
1801,B,24,2021-02-07T12:46:16-05:00[America/New_York],2021-02-07T12:46:40-05:00[America/New_York],NA,2021-02-07,45976,Sunday
1801,C,19,2021-02-07T12:46:40-05:00[America/New_York],2021-02-07T12:46:59-05:00[America/New_York],Yes,2021-02-07,46000,Sunday
1801,<A>,52,2021-02-07T12:46:59-05:00[America/New_York],2021-02-07T12:47:51-05:00[America/New_York],Yes,2021-02-07,46019,Sunday
1801,B,23,2021-02-07T12:47:51-05:00[America/New_York],2021-02-07T12:48:14-05:00[America/New_York],NA,2021-02-07,46071,Sunday
1801,C,19,2021-02-07T12:48:14-05:00[America/New_York],2021-02-07T12:48:33-05:00[America/New_York],Yes,2021-02-07,46094,Sunday
1801,<A>,48,2021-02-07T12:48:33-05:00[America/New_York],2021-02-07T12:49:21-05:00[America/New_York],Yes,2021-02-07,46113,Sunday
1801,B,18,2021-02-07T12:49:21-05:00[America/New_York],2021-02-07T12:49:39-05:00[America/New_York],Yes,2021-02-07,46161,Sunday
1801,C,20,2021-02-07T12:49:39-05:00[America/New_York],2021-02-07T12:49:59-05:00[America/New_York],Yes,2021-02-07,46179,Sunday
1801,<A>,44,2021-02-07T12:49:59-05:00[America/New_York],2021-02-07T12:50:43-05:00[America/New_York],Yes,2021-02-07,46199,Sunday
1801,C,15,2021-02-07T12:50:43-05:00[America/New_York],2021-02-07T12:50:58-05:00[America/New_York],Yes,2021-02-07,46243,Sunday
1801,<A>,49,2021-02-07T12:50:58-05:00[America/New_York],2021-02-07T12:51:47-05:00[America/New_York],Yes,2021-02-07,46258,Sunday
1801,B,18,2021-02-07T12:51:47-05:00[America/New_York],2021-02-07T12:52:05-05:00[America/New_York],Yes,2021-02-07,46307,Sunday
1801,C,19,2021-02-07T12:52:05-05:00[America/New_York],2021-02-07T12:52:24-05:00[America/New_York],Yes,2021-02-07,46325,Sunday
1801,<A>,44,2021-02-07T12:52:24-05:00[America/New_York],2021-02-07T12:53:08-05:00[America/New_York],Yes,2021-02-07,46344,Sunday
1801,B,17,2021-02-07T12:53:08-05:00[America/New_York],2021-02-07T12:53:25-05:00[America/New_York],NA,2021-02-07,46388,Sunday
1801,C,17,2021-02-07T12:53:25-05:00[America/New_York],2021-02-07T12:53:42-05:00[America/New_York],Yes,2021-02-07,46405,Sunday
1801,<A>,45,2021-02-07T12:53:42-05:00[America/New_York],2021-02-07T12:54:27-05:00[America/New_York],Yes,2021-02-07,46422,Sunday
1801,B,18,2021-02-07T12:54:27-05:00[America/New_York],2021-02-07T12:54:45-05:00[America/New_York],NA,2021-02-07,46467,Sunday
1801,C,18,2021-02-07T12:54:45-05:00[America/New_York],2021-02-07T12:55:03-05:00[America/New_York],Yes,2021-02-07,46485,Sunday
1801,<A>,63,2021-02-07T12:55:03-05:00[America/New_York],2021-02-07T12:56:06-05:00[America/New_York],Yes,2021-02-07,46503,Sunday
1801,B,16,2021-02-07T12:56:06-05:00[America/New_York],2021-02-07T12:56:22-05:00[America/New_York],NA,2021-02-07,46566,Sunday
1801,C,23,2021-02-07T12:56:22-05:00[America/New_York],2021-02-07T12:56:45-05:00[America/New_York],NA,2021-02-07,46582,Sunday
1801,<A>,44,2021-02-07T12:56:45-05:00[America/New_York],2021-02-07T12:57:29-05:00[America/New_York],Yes,2021-02-07,46605,Sunday
1801,B,17,2021-02-07T12:57:29-05:00[America/New_York],2021-02-07T12:57:46-05:00[America/New_York],NA,2021-02-07,46649,Sunday
1801,C,16,2021-02-07T12:57:46-05:00[America/New_York],2021-02-07T12:58:02-05:00[America/New_York],Yes,2021-02-07,46666,Sunday
1801,<A>,52,2021-02-07T12:58:02-05:00[America/New_York],2021-02-07T12:58:54-05:00[America/New_York],Yes,2021-02-07,46682,Sunday
1801,B,17,2021-02-07T12:58:54-05:00[America/New_York],2021-02-07T12:59:11-05:00[America/New_York],NA,2021-02-07,46734,Sunday
1801,<A>,46,2021-02-07T12:59:11-05:00[America/New_York],2021-02-07T12:59:57-05:00[America/New_York],Yes,2021-02-07,46751,Sunday
1801,C,15,2021-02-07T12:59:57-05:00[America/New_York],2021-02-07T13:00:12-05:00[America/New_York],Yes,2021-02-07,46797,Sunday
1801,<A>,61,2021-02-07T13:00:12-05:00[America/New_York],2021-02-07T13:01:13-05:00[America/New_York],NA,2021-02-07,46812,Sunday
1801,B,17,2021-02-07T13:01:13-05:00[America/New_York],2021-02-07T13:01:30-05:00[America/New_York],NA,2021-02-07,46873,Sunday
1801,C,17,2021-02-07T13:01:30-05:00[America/New_York],2021-02-07T13:01:47-05:00[America/New_York],NA,2021-02-07,46890,Sunday
1801,<A>,51,2021-02-07T13:01:47-05:00[America/New_York],2021-02-07T13:02:38-05:00[America/New_York],Yes,2021-02-07,46907,Sunday
1801,B,16,2021-02-07T13:02:38-05:00[America/New_York],2021-02-07T13:02:54-05:00[America/New_York],NA,2021-02-07,46958,Sunday
1801,C,16,2021-02-07T13:02:54-05:00[America/New_York],2021-02-07T13:03:10-05:00[America/New_York],NA,2021-02-07,46974,Sunday
1801,<A>,50,2021-02-07T13:03:10-05:00[America/New_York],2021-02-07T13:04:00-05:00[America/New_York],Yes,2021-02-07,46990,Sunday
1801,C,16,2021-02-07T13:04:00-05:00[America/New_York],2021-02-07T13:04:16-05:00[America/New_York],NA,2021-02-07,47040,Sunday
1801,<A>,45,2021-02-07T13:04:16-05:00[America/New_York],2021-02-07T13:05:01-05:00[America/New_York],Yes,2021-02-07,47056,Sunday
1801,B,17,2021-02-07T13:05:01-05:00[America/New_York],2021-02-07T13:05:18-05:00[America/New_York],NA,2021-02-07,47101,Sunday
1801,C,16,2021-02-07T13:05:18-05:00[America/New_York],2021-02-07T13:05:34-05:00[America/New_York],NA,2021-02-07,47118,Sunday
1801,<A>,43,2021-02-07T13:05:34-05:00[America/New_York],2021-02-07T13:06:17-05:00[America/New_York],Yes,2021-02-07,47134,Sunday
1801,B,17,2021-02-07T13:06:17-05:00[America/New_York],2021-02-07T13:06:34-05:00[America/New_York],NA,2021-02-07,47177,Sunday
1801,C,16,2021-02-07T13:06:34-05:00[America/New_York],2021-02-07T13:06:50-05:00[America/New_York],NA,2021-02-07,47194,Sunday
1801,<A>,42,2021-02-07T13:06:50-05:00[America/New_York],2021-02-07T13:07:32-05:00[America/New_York],Yes,2021-02-07,47210,Sunday
1801,B,16,2021-02-07T13:07:32-05:00[America/New_York],2021-02-07T13:07:48-05:00[America/New_York],Yes,2021-02-07,47252,Sunday
1801,C,24,2021-02-07T13:07:48-05:00[America/New_York],2021-02-07T13:08:12-05:00[America/New_York],NA,2021-02-07,47268,Sunday
1801,<A>,90,2021-02-07T13:08:12-05:00[America/New_York],2021-02-07T13:09:42-05:00[America/New_York],NA,2021-02-07,47292,Sunday
1801,C,17,2021-02-07T13:09:42-05:00[America/New_York],2021-02-07T13:09:59-05:00[America/New_York],Yes,2021-02-07,47382,Sunday
1801,<A>,39,2021-02-07T13:09:59-05:00[America/New_York],2021-02-07T13:10:38-05:00[America/New_York],Yes,2021-02-07,47399,Sunday
1801,B,29,2021-02-07T13:10:38-05:00[America/New_York],2021-02-07T13:11:07-05:00[America/New_York],NA,2021-02-07,47438,Sunday
1801,C,20,2021-02-07T13:11:07-05:00[America/New_York],2021-02-07T13:11:27-05:00[America/New_York],Yes,2021-02-07,47467,Sunday
1801,<A>,58,2021-02-07T13:11:27-05:00[America/New_York],2021-02-07T13:12:25-05:00[America/New_York],NA,2021-02-07,47487,Sunday
1801,B,16,2021-02-07T13:12:25-05:00[America/New_York],2021-02-07T13:12:41-05:00[America/New_York],Yes,2021-02-07,47545,Sunday
1801,C,21,2021-02-07T13:12:41-05:00[America/New_York],2021-02-07T13:13:02-05:00[America/New_York],Yes,2021-02-07,47561,Sunday
1801,<A>,51,2021-02-07T13:13:02-05:00[America/New_York],2021-02-07T13:13:53-05:00[America/New_York],Yes,2021-02-07,47582,Sunday
1801,B,20,2021-02-07T13:13:53-05:00[America/New_York],2021-02-07T13:14:13-05:00[America/New_York],Yes,2021-02-07,47633,Sunday
1801,C,19,2021-02-07T13:14:13-05:00[America/New_York],2021-02-07T13:14:32-05:00[America/New_York],Yes,2021-02-07,47653,Sunday
1801,<A>,49,2021-02-07T13:14:32-05:00[America/New_York],2021-02-07T13:15:21-05:00[America/New_York],Yes,2021-02-07,47672,Sunday
1801,B,16,2021-02-07T13:15:21-05:00[America/New_York],2021-02-07T13:15:37-05:00[America/New_York],Yes,2021-02-07,47721,Sunday
1801,<A>,64,2021-02-07T13:15:37-05:00[America/New_York],2021-02-07T13:16:41-05:00[America/New_York],Yes,2021-02-07,47737,Sunday
1801,B,16,2021-02-07T13:16:41-05:00[America/New_York],2021-02-07T13:16:57-05:00[America/New_York],Yes,2021-02-07,47801,Sunday
1801,C,21,2021-02-07T13:16:57-05:00[America/New_York],2021-02-07T13:17:18-05:00[America/New_York],Yes,2021-02-07,47817,Sunday
1801,<A>,52,2021-02-07T13:17:18-05:00[America/New_York],2021-02-07T13:18:10-05:00[America/New_York],Yes,2021-02-07,47838,Sunday
1801,B,15,2021-02-07T13:18:10-05:00[America/New_York],2021-02-07T13:18:25-05:00[America/New_York],Yes,2021-02-07,47890,Sunday
1801,<A>,47,2021-02-07T13:18:25-05:00[America/New_York],2021-02-07T13:19:12-05:00[America/New_York],Yes,2021-02-07,47905,Sunday
1801,B,18,2021-02-07T13:19:12-05:00[America/New_York],2021-02-07T13:19:30-05:00[America/New_York],Yes,2021-02-07,47952,Sunday
1801,C,19,2021-02-07T13:19:30-05:00[America/New_York],2021-02-07T13:19:49-05:00[America/New_York],Yes,2021-02-07,47970,Sunday
1801,<A>,39,2021-02-07T13:19:49-05:00[America/New_York],2021-02-07T13:20:28-05:00[America/New_York],Yes,2021-02-07,47989,Sunday
1801,B,21,2021-02-07T13:20:28-05:00[America/New_York],2021-02-07T13:20:49-05:00[America/New_York],NA,2021-02-07,48028,Sunday
1801,C,25,2021-02-07T13:20:49-05:00[America/New_York],2021-02-07T13:21:14-05:00[America/New_York],Yes,2021-02-07,48049,Sunday
1801,<A>,51,2021-02-07T13:21:14-05:00[America/New_York],2021-02-07T13:22:05-05:00[America/New_York],Yes,2021-02-07,48074,Sunday
1801,B,21,2021-02-07T13:22:05-05:00[America/New_York],2021-02-07T13:22:26-05:00[America/New_York],NA,2021-02-07,48125,Sunday
1801,<A>,55,2021-02-07T13:22:26-05:00[America/New_York],2021-02-07T13:23:21-05:00[America/New_York],Yes,2021-02-07,48146,Sunday
1801,B,16,2021-02-07T13:23:21-05:00[America/New_York],2021-02-07T13:23:37-05:00[America/New_York],Yes,2021-02-07,48201,Sunday
1801,C,20,2021-02-07T13:23:37-05:00[America/New_York],2021-02-07T13:23:57-05:00[America/New_York],Yes,2021-02-07,48217,Sunday
1801,<A>,43,2021-02-07T13:23:57-05:00[America/New_York],2021-02-07T13:24:40-05:00[America/New_York],Yes,2021-02-07,48237,Sunday
1801,C,17,2021-02-07T13:24:40-05:00[America/New_York],2021-02-07T13:24:57-05:00[America/New_York],Yes,2021-02-07,48280,Sunday
1801,<A>,51,2021-02-07T13:24:57-05:00[America/New_York],2021-02-07T13:25:48-05:00[America/New_York],Yes,2021-02-07,48297,Sunday
1801,B,17,2021-02-07T13:25:48-05:00[America/New_York],2021-02-07T13:26:05-05:00[America/New_York],NA,2021-02-07,48348,Sunday
1801,C,22,2021-02-07T13:26:05-05:00[America/New_York],2021-02-07T13:26:27-05:00[America/New_York],Yes,2021-02-07,48365,Sunday
1801,<A>,47,2021-02-07T13:26:27-05:00[America/New_York],2021-02-07T13:27:14-05:00[America/New_York],Yes,2021-02-07,48387,Sunday
1801,B,16,2021-02-07T13:27:14-05:00[America/New_York],2021-02-07T13:27:30-05:00[America/New_York],NA,2021-02-07,48434,Sunday
1801,<A>,57,2021-02-07T13:27:30-05:00[America/New_York],2021-02-07T13:28:27-05:00[America/New_York],Yes,2021-02-07,48450,Sunday
1801,B,17,2021-02-07T13:28:27-05:00[America/New_York],2021-02-07T13:28:44-05:00[America/New_York],NA,2021-02-07,48507,Sunday
1801,C,21,2021-02-07T13:28:44-05:00[America/New_York],2021-02-07T13:29:05-05:00[America/New_York],Yes,2021-02-07,48524,Sunday
1801,<A>,51,2021-02-07T13:29:05-05:00[America/New_York],2021-02-07T13:29:56-05:00[America/New_York],Yes,2021-02-07,48545,Sunday
1801,B,17,2021-02-07T13:29:56-05:00[America/New_York],2021-02-07T13:30:13-05:00[America/New_York],NA,2021-02-07,48596,Sunday
1801,<A>,85,2021-02-07T13:30:13-05:00[America/New_York],2021-02-07T13:31:38-05:00[America/New_York],NA,2021-02-07,48613,Sunday
1801,B,17,2021-02-07T13:31:38-05:00[America/New_York],2021-02-07T13:31:55-05:00[America/New_York],Yes,2021-02-07,48698,Sunday
1801,C,18,2021-02-07T13:31:55-05:00[America/New_York],2021-02-07T13:32:13-05:00[America/New_York],Yes,2021-02-07,48715,Sunday
1801,<A>,56,2021-02-07T13:32:13-05:00[America/New_York],2021-02-07T13:33:09-05:00[America/New_York],Yes,2021-02-07,48733,Sunday
1801,B,16,2021-02-07T13:33:09-05:00[America/New_York],2021-02-07T13:33:25-05:00[America/New_York],Yes,2021-02-07,48789,Sunday
1801,C,17,2021-02-07T13:33:25-05:00[America/New_York],2021-02-07T13:33:42-05:00[America/New_York],Yes,2021-02-07,48805,Sunday
1801,<A>,49,2021-02-07T13:33:42-05:00[America/New_York],2021-02-07T13:34:31-05:00[America/New_York],Yes,2021-02-07,48822,Sunday
1801,C,17,2021-02-07T13:34:31-05:00[America/New_York],2021-02-07T13:34:48-05:00[America/New_York],Yes,2021-02-07,48871,Sunday
1801,<A>,46,2021-02-07T13:34:48-05:00[America/New_York],2021-02-07T13:35:34-05:00[America/New_York],Yes,2021-02-07,48888,Sunday
1801,B,19,2021-02-07T13:35:34-05:00[America/New_York],2021-02-07T13:35:53-05:00[America/New_York],Yes,2021-02-07,48934,Sunday
1801,<A>,76,2021-02-07T13:35:53-05:00[America/New_York],2021-02-07T13:37:09-05:00[America/New_York],Yes,2021-02-07,48953,Sunday
1801,B,16,2021-02-07T13:37:09-05:00[America/New_York],2021-02-07T13:37:25-05:00[America/New_York],Yes,2021-02-07,49029,Sunday
1801,C,22,2021-02-07T13:37:25-05:00[America/New_York],2021-02-07T13:37:47-05:00[America/New_York],Yes,2021-02-07,49045,Sunday
1801,<A>,48,2021-02-07T13:37:47-05:00[America/New_York],2021-02-07T13:38:35-05:00[America/New_York],Yes,2021-02-07,49067,Sunday
1801,B,19,2021-02-07T13:38:35-05:00[America/New_York],2021-02-07T13:38:54-05:00[America/New_York],NA,2021-02-07,49115,Sunday
1801,C,17,2021-02-07T13:38:54-05:00[America/New_York],2021-02-07T13:39:11-05:00[America/New_York],Yes,2021-02-07,49134,Sunday
1801,<A>,45,2021-02-07T13:39:11-05:00[America/New_York],2021-02-07T13:39:56-05:00[America/New_York],Yes,2021-02-07,49151,Sunday
1801,B,19,2021-02-07T13:39:56-05:00[America/New_York],2021-02-07T13:40:15-05:00[America/New_York],NA,2021-02-07,49196,Sunday
1801,C,22,2021-02-07T13:40:15-05:00[America/New_York],2021-02-07T13:40:37-05:00[America/New_York],NA,2021-02-07,49215,Sunday
1801,<A>,59,2021-02-07T13:40:37-05:00[America/New_York],2021-02-07T13:41:36-05:00[America/New_York],Yes,2021-02-07,49237,Sunday
1801,C,19,2021-02-07T13:41:36-05:00[America/New_York],2021-02-07T13:41:55-05:00[America/New_York],Yes,2021-02-07,49296,Sunday
1801,<A>,42,2021-02-07T13:41:55-05:00[America/New_York],2021-02-07T13:42:37-05:00[America/New_York],Yes,2021-02-07,49315,Sunday
1801,B,17,2021-02-07T13:42:37-05:00[America/New_York],2021-02-07T13:42:54-05:00[America/New_York],NA,2021-02-07,49357,Sunday
1801,C,20,2021-02-07T13:42:54-05:00[America/New_York],2021-02-07T13:43:14-05:00[America/New_York],NA,2021-02-07,49374,Sunday
1801,<A>,83,2021-02-07T13:43:14-05:00[America/New_York],2021-02-07T13:44:37-05:00[America/New_York],NA,2021-02-07,49394,Sunday
1801,C,17,2021-02-07T13:44:37-05:00[America/New_York],2021-02-07T13:44:54-05:00[America/New_York],Yes,2021-02-07,49477,Sunday
1801,<A>,49,2021-02-07T13:44:54-05:00[America/New_York],2021-02-07T13:45:43-05:00[America/New_York],Yes,2021-02-07,49494,Sunday
1801,B,17,2021-02-07T13:45:43-05:00[America/New_York],2021-02-07T13:46:00-05:00[America/New_York],NA,2021-02-07,49543,Sunday
1801,C,17,2021-02-07T13:46:00-05:00[America/New_York],2021-02-07T13:46:17-05:00[America/New_York],NA,2021-02-07,49560,Sunday
1801,<A>,44,2021-02-07T13:46:17-05:00[America/New_York],2021-02-07T13:47:01-05:00[America/New_York],Yes,2021-02-07,49577,Sunday
1801,B,17,2021-02-07T13:47:01-05:00[America/New_York],2021-02-07T13:47:18-05:00[America/New_York],NA,2021-02-07,49621,Sunday
1801,C,17,2021-02-07T13:47:18-05:00[America/New_York],2021-02-07T13:47:35-05:00[America/New_York],NA,2021-02-07,49638,Sunday
1801,<A>,46,2021-02-07T13:47:35-05:00[America/New_York],2021-02-07T13:48:21-05:00[America/New_York],Yes,2021-02-07,49655,Sunday
1801,B,17,2021-02-07T13:48:21-05:00[America/New_York],2021-02-07T13:48:38-05:00[America/New_York],NA,2021-02-07,49701,Sunday
1801,<A>,46,2021-02-07T13:48:38-05:00[America/New_York],2021-02-07T13:49:24-05:00[America/New_York],Yes,2021-02-07,49718,Sunday
1801,C,17,2021-02-07T13:49:24-05:00[America/New_York],2021-02-07T13:49:41-05:00[America/New_York],NA,2021-02-07,49764,Sunday
1801,<A>,46,2021-02-07T13:49:41-05:00[America/New_York],2021-02-07T13:50:27-05:00[America/New_York],Yes,2021-02-07,49781,Sunday
1801,B,17,2021-02-07T13:50:27-05:00[America/New_York],2021-02-07T13:50:44-05:00[America/New_York],NA,2021-02-07,49827,Sunday
1801,C,17,2021-02-07T13:50:44-05:00[America/New_York],2021-02-07T13:51:01-05:00[America/New_York],NA,2021-02-07,49844,Sunday
1801,<A>,55,2021-02-07T13:51:01-05:00[America/New_York],2021-02-07T13:51:56-05:00[America/New_York],Yes,2021-02-07,49861,Sunday
1801,B,16,2021-02-07T13:51:56-05:00[America/New_York],2021-02-07T13:52:12-05:00[America/New_York],NA,2021-02-07,49916,Sunday
1801,C,17,2021-02-07T13:52:12-05:00[America/New_York],2021-02-07T13:52:29-05:00[America/New_York],NA,2021-02-07,49932,Sunday
1801,<A>,48,2021-02-07T13:52:29-05:00[America/New_York],2021-02-07T13:53:17-05:00[America/New_York],Yes,2021-02-07,49949,Sunday
1801,B,18,2021-02-07T13:53:17-05:00[America/New_York],2021-02-07T13:53:35-05:00[America/New_York],Yes,2021-02-07,49997,Sunday
1801,<A>,51,2021-02-07T13:53:35-05:00[America/New_York],2021-02-07T13:54:26-05:00[America/New_York],Yes,2021-02-07,50015,Sunday
1801,B,18,2021-02-07T13:54:26-05:00[America/New_York],2021-02-07T13:54:44-05:00[America/New_York],Yes,2021-02-07,50066,Sunday
1801,C,25,2021-02-07T13:54:44-05:00[America/New_York],2021-02-07T13:55:09-05:00[America/New_York],NA,2021-02-07,50084,Sunday
1801,<A>,104,2021-02-07T13:55:09-05:00[America/New_York],2021-02-07T13:56:53-05:00[America/New_York],NA,2021-02-07,50109,Sunday
1801,C,20,2021-02-07T13:56:53-05:00[America/New_York],2021-02-07T13:57:13-05:00[America/New_York],Yes,2021-02-07,50213,Sunday
1801,<A>,49,2021-02-07T13:57:13-05:00[America/New_York],2021-02-07T13:58:02-05:00[America/New_York],Yes,2021-02-07,50233,Sunday
1801,B,22,2021-02-07T13:58:02-05:00[America/New_York],2021-02-07T13:58:24-05:00[America/New_York],NA,2021-02-07,50282,Sunday
1801,C,20,2021-02-07T13:58:24-05:00[America/New_York],2021-02-07T13:58:44-05:00[America/New_York],Yes,2021-02-07,50304,Sunday
1801,<A>,58,2021-02-07T13:58:44-05:00[America/New_York],2021-02-07T13:59:42-05:00[America/New_York],Yes,2021-02-07,50324,Sunday
1801,B,21,2021-02-07T13:59:42-05:00[America/New_York],2021-02-07T14:00:03-05:00[America/New_York],Yes,2021-02-07,50382,Sunday
1801,<A>,50,2021-02-07T14:00:03-05:00[America/New_York],2021-02-07T14:00:53-05:00[America/New_York],Yes,2021-02-07,50403,Sunday
1801,C,23,2021-02-07T14:00:53-05:00[America/New_York],2021-02-07T14:01:16-05:00[America/New_York],Yes,2021-02-07,50453,Sunday
1801,<A>,43,2021-02-07T14:01:16-05:00[America/New_York],2021-02-07T14:01:59-05:00[America/New_York],Yes,2021-02-07,50476,Sunday
1801,B,15,2021-02-07T14:01:59-05:00[America/New_York],2021-02-07T14:02:14-05:00[America/New_York],Yes,2021-02-07,50519,Sunday
1801,C,22,2021-02-07T14:02:14-05:00[America/New_York],2021-02-07T14:02:36-05:00[America/New_York],Yes,2021-02-07,50534,Sunday
1801,<A>,58,2021-02-07T14:02:36-05:00[America/New_York],2021-02-07T14:03:34-05:00[America/New_York],Yes,2021-02-07,50556,Sunday
1801,C,18,2021-02-07T14:03:34-05:00[America/New_York],2021-02-07T14:03:52-05:00[America/New_York],Yes,2021-02-07,50614,Sunday
1801,<A>,45,2021-02-07T14:03:52-05:00[America/New_York],2021-02-07T14:04:37-05:00[America/New_York],Yes,2021-02-07,50632,Sunday
1801,B,19,2021-02-07T14:04:37-05:00[America/New_York],2021-02-07T14:04:56-05:00[America/New_York],Yes,2021-02-07,50677,Sunday
1801,C,15,2021-02-07T14:04:56-05:00[America/New_York],2021-02-07T14:05:11-05:00[America/New_York],Yes,2021-02-07,50696,Sunday
1801,<A>,47,2021-02-07T14:05:11-05:00[America/New_York],2021-02-07T14:05:58-05:00[America/New_York],Yes,2021-02-07,50711,Sunday
1801,C,20,2021-02-07T14:05:58-05:00[America/New_York],2021-02-07T14:06:18-05:00[America/New_York],Yes,2021-02-07,50758,Sunday
1801,<A>,53,2021-02-07T14:06:18-05:00[America/New_York],2021-02-07T14:07:11-05:00[America/New_York],NA,2021-02-07,50778,Sunday
1801,B,17,2021-02-07T14:07:11-05:00[America/New_York],2021-02-07T14:07:28-05:00[America/New_York],NA,2021-02-07,50831,Sunday
1801,C,20,2021-02-07T14:07:28-05:00[America/New_York],2021-02-07T14:07:48-05:00[America/New_York],NA,2021-02-07,50848,Sunday
1801,<A>,49,2021-02-07T14:07:48-05:00[America/New_York],2021-02-07T14:08:37-05:00[America/New_York],Yes,2021-02-07,50868,Sunday
1801,B,15,2021-02-07T14:08:37-05:00[America/New_York],2021-02-07T14:08:52-05:00[America/New_York],Yes,2021-02-07,50917,Sunday
1801,C,21,2021-02-07T14:08:52-05:00[America/New_York],2021-02-07T14:09:13-05:00[America/New_York],NA,2021-02-07,50932,Sunday
1801,<A>,54,2021-02-07T14:09:13-05:00[America/New_York],2021-02-07T14:10:07-05:00[America/New_York],Yes,2021-02-07,50953,Sunday
1801,B,17,2021-02-07T14:10:07-05:00[America/New_York],2021-02-07T14:10:24-05:00[America/New_York],NA,2021-02-07,51007,Sunday
1801,C,18,2021-02-07T14:10:24-05:00[America/New_York],2021-02-07T14:10:42-05:00[America/New_York],NA,2021-02-07,51024,Sunday
1801,<A>,45,2021-02-07T14:10:42-05:00[America/New_York],2021-02-07T14:11:27-05:00[America/New_York],Yes,2021-02-07,51042,Sunday
1801,C,16,2021-02-07T14:11:27-05:00[America/New_York],2021-02-07T14:11:43-05:00[America/New_York],NA,2021-02-07,51087,Sunday
1801,<A>,44,2021-02-07T14:11:43-05:00[America/New_York],2021-02-07T14:12:27-05:00[America/New_York],Yes,2021-02-07,51103,Sunday
1801,B,15,2021-02-07T14:12:27-05:00[America/New_York],2021-02-07T14:12:42-05:00[America/New_York],Yes,2021-02-07,51147,Sunday
1801,C,16,2021-02-07T14:12:42-05:00[America/New_York],2021-02-07T14:12:58-05:00[America/New_York],NA,2021-02-07,51162,Sunday
1801,<A>,50,2021-02-07T14:12:58-05:00[America/New_York],2021-02-07T14:13:48-05:00[America/New_York],Yes,2021-02-07,51178,Sunday
1801,B,24,2021-02-07T14:13:48-05:00[America/New_York],2021-02-07T14:14:12-05:00[America/New_York],Yes,2021-02-07,51228,Sunday
1801,C,20,2021-02-07T14:14:12-05:00[America/New_York],2021-02-07T14:14:32-05:00[America/New_York],Yes,2021-02-07,51252,Sunday
1801,<A>,51,2021-02-07T14:14:32-05:00[America/New_York],2021-02-07T14:15:23-05:00[America/New_York],NA,2021-02-07,51272,Sunday
1801,B,19,2021-02-07T14:15:23-05:00[America/New_York],2021-02-07T14:15:42-05:00[America/New_York],Yes,2021-02-07,51323,Sunday
1801,C,18,2021-02-07T14:15:42-05:00[America/New_York],2021-02-07T14:16:00-05:00[America/New_York],Yes,2021-02-07,51342,Sunday
1801,<A>,43,2021-02-07T14:16:00-05:00[America/New_York],2021-02-07T14:16:43-05:00[America/New_York],Yes,2021-02-07,51360,Sunday
1801,B,15,2021-02-07T14:16:43-05:00[America/New_York],2021-02-07T14:16:58-05:00[America/New_York],Yes,2021-02-07,51403,Sunday
1801,C,21,2021-02-07T14:16:58-05:00[America/New_York],2021-02-07T14:17:19-05:00[America/New_York],Yes,2021-02-07,51418,Sunday
1801,<A>,42,2021-02-07T14:17:19-05:00[America/New_York],2021-02-07T14:18:01-05:00[America/New_York],Yes,2021-02-07,51439,Sunday
1801,C,15,2021-02-07T14:18:01-05:00[America/New_York],2021-02-07T14:18:16-05:00[America/New_York],Yes,2021-02-07,51481,Sunday
1801,<A>,43,2021-02-07T14:18:16-05:00[America/New_York],2021-02-07T14:18:59-05:00[America/New_York],Yes,2021-02-07,51496,Sunday
1801,B,21,2021-02-07T14:18:59-05:00[America/New_York],2021-02-07T14:19:20-05:00[America/New_York],Yes,2021-02-07,51539,Sunday
1801,C,22,2021-02-07T14:19:20-05:00[America/New_York],2021-02-07T14:19:42-05:00[America/New_York],Yes,2021-02-07,51560,Sunday
1801,<A>,48,2021-02-07T14:19:42-05:00[America/New_York],2021-02-07T14:20:30-05:00[America/New_York],Yes,2021-02-07,51582,Sunday
1801,B,16,2021-02-07T14:20:30-05:00[America/New_York],2021-02-07T14:20:46-05:00[America/New_York],Yes,2021-02-07,51630,Sunday
1801,C,17,2021-02-07T14:20:46-05:00[America/New_York],2021-02-07T14:21:03-05:00[America/New_York],Yes,2021-02-07,51646,Sunday
1801,<A>,43,2021-02-07T14:21:03-05:00[America/New_York],2021-02-07T14:21:46-05:00[America/New_York],Yes,2021-02-07,51663,Sunday
1801,C,18,2021-02-07T14:21:46-05:00[America/New_York],2021-02-07T14:22:04-05:00[America/New_York],Yes,2021-02-07,51706,Sunday
1801,<A>,129,2021-02-07T14:22:04-05:00[America/New_York],2021-02-07T14:24:13-05:00[America/New_York],NA,2021-02-07,51724,Sunday
1801,B,18,2021-02-07T14:24:13-05:00[America/New_York],2021-02-07T14:24:31-05:00[America/New_York],NA,2021-02-07,51853,Sunday
1801,<A>,82,2021-02-07T14:24:31-05:00[America/New_York],2021-02-07T14:25:53-05:00[America/New_York],NA,2021-02-07,51871,Sunday
1801,B,18,2021-02-07T14:25:53-05:00[America/New_York],2021-02-07T14:26:11-05:00[America/New_York],NA,2021-02-07,51953,Sunday
1801,C,19,2021-02-07T14:26:11-05:00[America/New_York],2021-02-07T14:26:30-05:00[America/New_York],Yes,2021-02-07,51971,Sunday
1801,<A>,64,2021-02-07T14:26:30-05:00[America/New_York],2021-02-07T14:27:34-05:00[America/New_York],NA,2021-02-07,51990,Sunday
1801,C,16,2021-02-07T14:27:34-05:00[America/New_York],2021-02-07T14:27:50-05:00[America/New_York],Yes,2021-02-07,52054,Sunday
1801,<A>,43,2021-02-07T14:27:50-05:00[America/New_York],2021-02-07T14:28:33-05:00[America/New_York],Yes,2021-02-07,52070,Sunday
1801,C,18,2021-02-07T14:28:33-05:00[America/New_York],2021-02-07T14:28:51-05:00[America/New_York],NA,2021-02-07,52113,Sunday
1801,<A>,39,2021-02-07T14:28:51-05:00[America/New_York],2021-02-07T14:29:30-05:00[America/New_York],Yes,2021-02-07,52131,Sunday
1801,B,18,2021-02-07T14:29:30-05:00[America/New_York],2021-02-07T14:29:48-05:00[America/New_York],NA,2021-02-07,52170,Sunday
1801,<A>,78,2021-02-07T14:29:48-05:00[America/New_York],2021-02-07T14:31:06-05:00[America/New_York],NA,2021-02-07,52188,Sunday
1801,B,17,2021-02-07T14:31:06-05:00[America/New_York],2021-02-07T14:31:23-05:00[America/New_York],NA,2021-02-07,52266,Sunday
1801,<A>,48,2021-02-07T14:31:23-05:00[America/New_York],2021-02-07T14:32:11-05:00[America/New_York],Yes,2021-02-07,52283,Sunday
1801,B,17,2021-02-07T14:32:11-05:00[America/New_York],2021-02-07T14:32:28-05:00[America/New_York],NA,2021-02-07,52331,Sunday
1801,C,16,2021-02-07T14:32:28-05:00[America/New_York],2021-02-07T14:32:44-05:00[America/New_York],NA,2021-02-07,52348,Sunday
1801,<A>,56,2021-02-07T14:32:44-05:00[America/New_York],2021-02-07T14:33:40-05:00[America/New_York],Yes,2021-02-07,52364,Sunday
1801,B,16,2021-02-07T14:33:40-05:00[America/New_York],2021-02-07T14:33:56-05:00[America/New_York],NA,2021-02-07,52420,Sunday
1801,C,16,2021-02-07T14:33:56-05:00[America/New_York],2021-02-07T14:34:12-05:00[America/New_York],NA,2021-02-07,52436,Sunday
1801,<A>,41,2021-02-07T14:34:12-05:00[America/New_York],2021-02-07T14:34:53-05:00[America/New_York],Yes,2021-02-07,52452,Sunday
1801,B,17,2021-02-07T14:34:53-05:00[America/New_York],2021-02-07T14:35:10-05:00[America/New_York],NA,2021-02-07,52493,Sunday
1801,C,16,2021-02-07T14:35:10-05:00[America/New_York],2021-02-07T14:35:26-05:00[America/New_York],NA,2021-02-07,52510,Sunday
1801,<A>,70,2021-02-07T14:35:26-05:00[America/New_York],2021-02-07T14:36:36-05:00[America/New_York],Yes,2021-02-07,52526,Sunday
1801,B,15,2021-02-07T14:36:36-05:00[America/New_York],2021-02-07T14:36:51-05:00[America/New_York],Yes,2021-02-07,52596,Sunday
1801,C,16,2021-02-07T14:36:51-05:00[America/New_York],2021-02-07T14:37:07-05:00[America/New_York],NA,2021-02-07,52611,Sunday
1801,<A>,40,2021-02-07T14:37:07-05:00[America/New_York],2021-02-07T14:37:47-05:00[America/New_York],Yes,2021-02-07,52627,Sunday
1801,B,17,2021-02-07T14:37:47-05:00[America/New_York],2021-02-07T14:38:04-05:00[America/New_York],NA,2021-02-07,52667,Sunday
1801,C,16,2021-02-07T14:38:04-05:00[America/New_York],2021-02-07T14:38:20-05:00[America/New_York],NA,2021-02-07,52684,Sunday
1801,<A>,75,2021-02-07T14:38:20-05:00[America/New_York],2021-02-07T14:39:35-05:00[America/New_York],Yes,2021-02-07,52700,Sunday
1801,B,17,2021-02-07T14:39:35-05:00[America/New_York],2021-02-07T14:39:52-05:00[America/New_York],Yes,2021-02-07,52775,Sunday
1801,C,26,2021-02-07T14:39:52-05:00[America/New_York],2021-02-07T14:40:18-05:00[America/New_York],NA,2021-02-07,52792,Sunday
1801,<A>,48,2021-02-07T14:40:18-05:00[America/New_York],2021-02-07T14:41:06-05:00[America/New_York],Yes,2021-02-07,52818,Sunday
1801,B,16,2021-02-07T14:41:06-05:00[America/New_York],2021-02-07T14:41:22-05:00[America/New_York],Yes,2021-02-07,52866,Sunday
1801,<A>,49,2021-02-07T14:41:22-05:00[America/New_York],2021-02-07T14:42:11-05:00[America/New_York],Yes,2021-02-07,52882,Sunday
1801,C,19,2021-02-07T14:42:11-05:00[America/New_York],2021-02-07T14:42:30-05:00[America/New_York],Yes,2021-02-07,52931,Sunday
1801,<A>,42,2021-02-07T14:42:30-05:00[America/New_York],2021-02-07T14:43:12-05:00[America/New_York],NA,2021-02-07,52950,Sunday
1801,B,17,2021-02-07T14:43:12-05:00[America/New_York],2021-02-07T14:43:29-05:00[America/New_York],Yes,2021-02-07,52992,Sunday
1801,C,16,2021-02-07T14:43:29-05:00[America/New_York],2021-02-07T14:43:45-05:00[America/New_York],Yes,2021-02-07,53009,Sunday
1801,<A>,56,2021-02-07T14:43:45-05:00[America/New_York],2021-02-07T14:44:41-05:00[America/New_York],Yes,2021-02-07,53025,Sunday
1801,B,15,2021-02-07T14:44:41-05:00[America/New_York],2021-02-07T14:44:56-05:00[America/New_York],Yes,2021-02-07,53081,Sunday
1801,C,17,2021-02-07T14:44:56-05:00[America/New_York],2021-02-07T14:45:13-05:00[America/New_York],Yes,2021-02-07,53096,Sunday
1801,<A>,53,2021-02-07T14:45:13-05:00[America/New_York],2021-02-07T14:46:06-05:00[America/New_York],Yes,2021-02-07,53113,Sunday
1801,B,17,2021-02-07T14:46:06-05:00[America/New_York],2021-02-07T14:46:23-05:00[America/New_York],Yes,2021-02-07,53166,Sunday
1801,<A>,51,2021-02-07T14:46:23-05:00[America/New_York],2021-02-07T14:47:14-05:00[America/New_York],Yes,2021-02-07,53183,Sunday
1801,C,19,2021-02-07T14:47:14-05:00[America/New_York],2021-02-07T14:47:33-05:00[America/New_York],Yes,2021-02-07,53234,Sunday
1801,<A>,45,2021-02-07T14:47:33-05:00[America/New_York],2021-02-07T14:48:18-05:00[America/New_York],Yes,2021-02-07,53253,Sunday
1801,B,21,2021-02-07T14:48:18-05:00[America/New_York],2021-02-07T14:48:39-05:00[America/New_York],Yes,2021-02-07,53298,Sunday
1801,<A>,53,2021-02-07T14:48:39-05:00[America/New_York],2021-02-07T14:49:32-05:00[America/New_York],Yes,2021-02-07,53319,Sunday
1801,B,20,2021-02-07T14:49:32-05:00[America/New_York],2021-02-07T14:49:52-05:00[America/New_York],Yes,2021-02-07,53372,Sunday
1801,C,24,2021-02-07T14:49:52-05:00[America/New_York],2021-02-07T14:50:16-05:00[America/New_York],NA,2021-02-07,53392,Sunday
1801,<A>,55,2021-02-07T14:50:16-05:00[America/New_York],2021-02-07T14:51:11-05:00[America/New_York],Yes,2021-02-07,53416,Sunday
1801,B,16,2021-02-07T14:51:11-05:00[America/New_York],2021-02-07T14:51:27-05:00[America/New_York],Yes,2021-02-07,53471,Sunday
1801,C,24,2021-02-07T14:51:27-05:00[America/New_York],2021-02-07T14:51:51-05:00[America/New_York],NA,2021-02-07,53487,Sunday
1801,<A>,52,2021-02-07T14:51:51-05:00[America/New_York],2021-02-07T14:52:43-05:00[America/New_York],Yes,2021-02-07,53511,Sunday
1801,B,19,2021-02-07T14:52:43-05:00[America/New_York],2021-02-07T14:53:02-05:00[America/New_York],NA,2021-02-07,53563,Sunday
1801,C,16,2021-02-07T14:53:02-05:00[America/New_York],2021-02-07T14:53:18-05:00[America/New_York],Yes,2021-02-07,53582,Sunday
1801,<A>,45,2021-02-07T14:53:18-05:00[America/New_York],2021-02-07T14:54:03-05:00[America/New_York],Yes,2021-02-07,53598,Sunday
1801,C,18,2021-02-07T14:54:03-05:00[America/New_York],2021-02-07T14:54:21-05:00[America/New_York],Yes,2021-02-07,53643,Sunday
1801,<A>,47,2021-02-07T14:54:21-05:00[America/New_York],2021-02-07T14:55:08-05:00[America/New_York],Yes,2021-02-07,53661,Sunday
1801,B,15,2021-02-07T14:55:08-05:00[America/New_York],2021-02-07T14:55:23-05:00[America/New_York],Yes,2021-02-07,53708,Sunday
1801,C,22,2021-02-07T14:55:23-05:00[America/New_York],2021-02-07T14:55:45-05:00[America/New_York],NA,2021-02-07,53723,Sunday
1801,<A>,59,2021-02-07T14:55:45-05:00[America/New_York],2021-02-07T14:56:44-05:00[America/New_York],Yes,2021-02-07,53745,Sunday
1801,B,18,2021-02-07T14:56:44-05:00[America/New_York],2021-02-07T14:57:02-05:00[America/New_York],NA,2021-02-07,53804,Sunday
1801,C,23,2021-02-07T14:57:02-05:00[America/New_York],2021-02-07T14:57:25-05:00[America/New_York],NA,2021-02-07,53822,Sunday
1801,<A>,43,2021-02-07T14:57:25-05:00[America/New_York],2021-02-07T14:58:08-05:00[America/New_York],Yes,2021-02-07,53845,Sunday
1801,B,18,2021-02-07T14:58:08-05:00[America/New_York],2021-02-07T14:58:26-05:00[America/New_York],NA,2021-02-07,53888,Sunday
1801,C,22,2021-02-07T14:58:26-05:00[America/New_York],2021-02-07T14:58:48-05:00[America/New_York],Yes,2021-02-07,53906,Sunday
1801,<A>,73,2021-02-07T14:58:48-05:00[America/New_York],2021-02-07T15:00:01-05:00[America/New_York],NA,2021-02-07,53928,Sunday
1801,C,15,2021-02-07T15:00:01-05:00[America/New_York],2021-02-07T15:00:16-05:00[America/New_York],Yes,2021-02-07,54001,Sunday
1801,<A>,56,2021-02-07T15:00:16-05:00[America/New_York],2021-02-07T15:01:12-05:00[America/New_York],Yes,2021-02-07,54016,Sunday
1801,B,29,2021-02-07T15:01:12-05:00[America/New_York],2021-02-07T15:01:41-05:00[America/New_York],NA,2021-02-07,54072,Sunday
1801,<A>,40,2021-02-07T15:01:41-05:00[America/New_York],2021-02-07T15:02:21-05:00[America/New_York],Yes,2021-02-07,54101,Sunday
1801,B,17,2021-02-07T15:02:21-05:00[America/New_York],2021-02-07T15:02:38-05:00[America/New_York],Yes,2021-02-07,54141,Sunday
1801,C,19,2021-02-07T15:02:38-05:00[America/New_York],2021-02-07T15:02:57-05:00[America/New_York],Yes,2021-02-07,54158,Sunday
1801,<A>,47,2021-02-07T15:02:57-05:00[America/New_York],2021-02-07T15:03:44-05:00[America/New_York],Yes,2021-02-07,54177,Sunday
1801,B,19,2021-02-07T15:03:44-05:00[America/New_York],2021-02-07T15:04:03-05:00[America/New_York],Yes,2021-02-07,54224,Sunday
1801,C,18,2021-02-07T15:04:03-05:00[America/New_York],2021-02-07T15:04:21-05:00[America/New_York],Yes,2021-02-07,54243,Sunday
1801,<A>,50,2021-02-07T15:04:21-05:00[America/New_York],2021-02-07T15:05:11-05:00[America/New_York],Yes,2021-02-07,54261,Sunday
1801,C,20,2021-02-07T15:05:11-05:00[America/New_York],2021-02-07T15:05:31-05:00[America/New_York],Yes,2021-02-07,54311,Sunday
1801,<A>,40,2021-02-07T15:05:31-05:00[America/New_York],2021-02-07T15:06:11-05:00[America/New_York],Yes,2021-02-07,54331,Sunday
1801,B,16,2021-02-07T15:06:11-05:00[America/New_York],2021-02-07T15:06:27-05:00[America/New_York],Yes,2021-02-07,54371,Sunday
1801,C,21,2021-02-07T15:06:27-05:00[America/New_York],2021-02-07T15:06:48-05:00[America/New_York],Yes,2021-02-07,54387,Sunday
1801,<A>,108,2021-02-07T15:06:48-05:00[America/New_York],2021-02-07T15:08:36-05:00[America/New_York],NA,2021-02-07,54408,Sunday
1801,C,17,2021-02-07T15:08:36-05:00[America/New_York],2021-02-07T15:08:53-05:00[America/New_York],Yes,2021-02-07,54516,Sunday
1801,<A>,50,2021-02-07T15:08:53-05:00[America/New_York],2021-02-07T15:09:43-05:00[America/New_York],Yes,2021-02-07,54533,Sunday
1801,B,19,2021-02-07T15:09:43-05:00[America/New_York],2021-02-07T15:10:02-05:00[America/New_York],NA,2021-02-07,54583,Sunday
1801,<A>,55,2021-02-07T15:10:02-05:00[America/New_York],2021-02-07T15:10:57-05:00[America/New_York],Yes,2021-02-07,54602,Sunday
1801,B,19,2021-02-07T15:10:57-05:00[America/New_York],2021-02-07T15:11:16-05:00[America/New_York],NA,2021-02-07,54657,Sunday
1801,C,19,2021-02-07T15:11:16-05:00[America/New_York],2021-02-07T15:11:35-05:00[America/New_York],Yes,2021-02-07,54676,Sunday
1801,<A>,50,2021-02-07T15:11:35-05:00[America/New_York],2021-02-07T15:12:25-05:00[America/New_York],Yes,2021-02-07,54695,Sunday
1801,B,16,2021-02-07T15:12:25-05:00[America/New_York],2021-02-07T15:12:41-05:00[America/New_York],NA,2021-02-07,54745,Sunday
1801,C,16,2021-02-07T15:12:41-05:00[America/New_York],2021-02-07T15:12:57-05:00[America/New_York],Yes,2021-02-07,54761,Sunday
1801,<A>,54,2021-02-07T15:12:57-05:00[America/New_York],2021-02-07T15:13:51-05:00[America/New_York],Yes,2021-02-07,54777,Sunday
1801,B,17,2021-02-07T15:13:51-05:00[America/New_York],2021-02-07T15:14:08-05:00[America/New_York],NA,2021-02-07,54831,Sunday
1801,C,16,2021-02-07T15:14:08-05:00[America/New_York],2021-02-07T15:14:24-05:00[America/New_York],Yes,2021-02-07,54848,Sunday
1801,<A>,95,2021-02-07T15:14:24-05:00[America/New_York],2021-02-07T15:15:59-05:00[America/New_York],NA,2021-02-07,54864,Sunday
1801,C,20,2021-02-07T15:15:59-05:00[America/New_York],2021-02-07T15:16:19-05:00[America/New_York],Yes,2021-02-07,54959,Sunday
1801,<A>,103,2021-02-07T15:16:19-05:00[America/New_York],2021-02-07T15:18:02-05:00[America/New_York],NA,2021-02-07,54979,Sunday
1801,C,25,2021-02-07T15:18:02-05:00[America/New_York],2021-02-07T15:18:27-05:00[America/New_York],NA,2021-02-07,55082,Sunday
1801,<A>,50,2021-02-07T15:18:27-05:00[America/New_York],2021-02-07T15:19:17-05:00[America/New_York],Yes,2021-02-07,55107,Sunday
1801,B,26,2021-02-07T15:19:17-05:00[America/New_York],2021-02-07T15:19:43-05:00[America/New_York],NA,2021-02-07,55157,Sunday
1801,C,20,2021-02-07T15:19:43-05:00[America/New_York],2021-02-07T15:20:03-05:00[America/New_York],Yes,2021-02-07,55183,Sunday
1801,<A>,81,2021-02-07T15:20:03-05:00[America/New_York],2021-02-07T15:21:24-05:00[America/New_York],NA,2021-02-07,55203,Sunday
1801,B,15,2021-02-07T15:21:24-05:00[America/New_York],2021-02-07T15:21:39-05:00[America/New_York],Yes,2021-02-07,55284,Sunday
1801,C,22,2021-02-07T15:21:39-05:00[America/New_York],2021-02-07T15:22:01-05:00[America/New_York],Yes,2021-02-07,55299,Sunday
1801,<A>,49,2021-02-07T15:22:01-05:00[America/New_York],2021-02-07T15:22:50-05:00[America/New_York],Yes,2021-02-07,55321,Sunday
1801,B,24,2021-02-07T15:22:50-05:00[America/New_York],2021-02-07T15:23:14-05:00[America/New_York],NA,2021-02-07,55370,Sunday
1801,<A>,42,2021-02-07T15:23:14-05:00[America/New_York],2021-02-07T15:23:56-05:00[America/New_York],Yes,2021-02-07,55394,Sunday
1801,B,16,2021-02-07T15:23:56-05:00[America/New_York],2021-02-07T15:24:12-05:00[America/New_York],Yes,2021-02-07,55436,Sunday
1801,C,25,2021-02-07T15:24:12-05:00[America/New_York],2021-02-07T15:24:37-05:00[America/New_York],NA,2021-02-07,55452,Sunday
1801,<A>,50,2021-02-07T15:24:37-05:00[America/New_York],2021-02-07T15:25:27-05:00[America/New_York],Yes,2021-02-07,55477,Sunday
1801,B,19,2021-02-07T15:25:27-05:00[America/New_York],2021-02-07T15:25:46-05:00[America/New_York],NA,2021-02-07,55527,Sunday
1801,C,25,2021-02-07T15:25:46-05:00[America/New_York],2021-02-07T15:26:11-05:00[America/New_York],NA,2021-02-07,55546,Sunday
1801,<A>,49,2021-02-07T15:26:11-05:00[America/New_York],2021-02-07T15:27:00-05:00[America/New_York],Yes,2021-02-07,55571,Sunday
1801,B,19,2021-02-07T15:27:00-05:00[America/New_York],2021-02-07T15:27:19-05:00[America/New_York],NA,2021-02-07,55620,Sunday
1801,C,16,2021-02-07T15:27:19-05:00[America/New_York],2021-02-07T15:27:35-05:00[America/New_York],Yes,2021-02-07,55639,Sunday
1801,<A>,47,2021-02-07T15:27:35-05:00[America/New_York],2021-02-07T15:28:22-05:00[America/New_York],Yes,2021-02-07,55655,Sunday
1801,B,25,2021-02-07T15:28:22-05:00[America/New_York],2021-02-07T15:28:47-05:00[America/New_York],Yes,2021-02-07,55702,Sunday
1801,C,25,2021-02-07T15:28:47-05:00[America/New_York],2021-02-07T15:29:12-05:00[America/New_York],NA,2021-02-07,55727,Sunday
1801,<A>,50,2021-02-07T15:29:12-05:00[America/New_York],2021-02-07T15:30:02-05:00[America/New_York],NA,2021-02-07,55752,Sunday
1801,B,20,2021-02-07T15:30:02-05:00[America/New_York],2021-02-07T15:30:22-05:00[America/New_York],Yes,2021-02-07,55802,Sunday
1801,C,16,2021-02-07T15:30:22-05:00[America/New_York],2021-02-07T15:30:38-05:00[America/New_York],Yes,2021-02-07,55822,Sunday
1801,<A>,54,2021-02-07T15:30:38-05:00[America/New_York],2021-02-07T15:31:32-05:00[America/New_York],Yes,2021-02-07,55838,Sunday
1801,C,24,2021-02-07T15:31:32-05:00[America/New_York],2021-02-07T15:31:56-05:00[America/New_York],Yes,2021-02-07,55892,Sunday
1801,<A>,49,2021-02-07T15:31:56-05:00[America/New_York],2021-02-07T15:32:45-05:00[America/New_York],Yes,2021-02-07,55916,Sunday
1801,C,15,2021-02-07T15:32:45-05:00[America/New_York],2021-02-07T15:33:00-05:00[America/New_York],Yes,2021-02-07,55965,Sunday
1801,<A>,49,2021-02-07T15:33:00-05:00[America/New_York],2021-02-07T15:33:49-05:00[America/New_York],NA,2021-02-07,55980,Sunday
1801,B,18,2021-02-07T15:33:49-05:00[America/New_York],2021-02-07T15:34:07-05:00[America/New_York],Yes,2021-02-07,56029,Sunday
1801,C,17,2021-02-07T15:34:07-05:00[America/New_York],2021-02-07T15:34:24-05:00[America/New_York],Yes,2021-02-07,56047,Sunday
1801,<A>,46,2021-02-07T15:34:24-05:00[America/New_York],2021-02-07T15:35:10-05:00[America/New_York],Yes,2021-02-07,56064,Sunday
1801,B,16,2021-02-07T15:35:10-05:00[America/New_York],2021-02-07T15:35:26-05:00[America/New_York],Yes,2021-02-07,56110,Sunday
1801,C,24,2021-02-07T15:35:26-05:00[America/New_York],2021-02-07T15:35:50-05:00[America/New_York],NA,2021-02-07,56126,Sunday
1801,<A>,84,2021-02-07T15:35:50-05:00[America/New_York],2021-02-07T15:37:14-05:00[America/New_York],NA,2021-02-07,56150,Sunday
1801,C,19,2021-02-07T15:37:14-05:00[America/New_York],2021-02-07T15:37:33-05:00[America/New_York],Yes,2021-02-07,56234,Sunday
1801,<A>,41,2021-02-07T15:37:33-05:00[America/New_York],2021-02-07T15:38:14-05:00[America/New_York],Yes,2021-02-07,56253,Sunday
1801,B,17,2021-02-07T15:38:14-05:00[America/New_York],2021-02-07T15:38:31-05:00[America/New_York],Yes,2021-02-07,56294,Sunday
1801,C,19,2021-02-07T15:38:31-05:00[America/New_York],2021-02-07T15:38:50-05:00[America/New_York],Yes,2021-02-07,56311,Sunday
1801,<A>,61,2021-02-07T15:38:50-05:00[America/New_York],2021-02-07T15:39:51-05:00[America/New_York],Yes,2021-02-07,56330,Sunday
1801,B,19,2021-02-07T15:39:51-05:00[America/New_York],2021-02-07T15:40:10-05:00[America/New_York],NA,2021-02-07,56391,Sunday
1801,C,25,2021-02-07T15:40:10-05:00[America/New_York],2021-02-07T15:40:35-05:00[America/New_York],NA,2021-02-07,56410,Sunday
1801,<A>,51,2021-02-07T15:40:35-05:00[America/New_York],2021-02-07T15:41:26-05:00[America/New_York],NA,2021-02-07,56435,Sunday
1801,B,17,2021-02-07T15:41:26-05:00[America/New_York],2021-02-07T15:41:43-05:00[America/New_York],NA,2021-02-07,56486,Sunday
1801,<A>,50,2021-02-07T15:41:43-05:00[America/New_York],2021-02-07T15:42:33-05:00[America/New_York],Yes,2021-02-07,56503,Sunday
1801,B,17,2021-02-07T15:42:33-05:00[America/New_York],2021-02-07T15:42:50-05:00[America/New_York],NA,2021-02-07,56553,Sunday
1801,C,15,2021-02-07T15:42:50-05:00[America/New_York],2021-02-07T15:43:05-05:00[America/New_York],Yes,2021-02-07,56570,Sunday
1801,<A>,53,2021-02-07T15:43:05-05:00[America/New_York],2021-02-07T15:43:58-05:00[America/New_York],Yes,2021-02-07,56585,Sunday
1801,B,17,2021-02-07T15:43:58-05:00[America/New_York],2021-02-07T15:44:15-05:00[America/New_York],NA,2021-02-07,56638,Sunday
1801,C,23,2021-02-07T15:44:15-05:00[America/New_York],2021-02-07T15:44:38-05:00[America/New_York],Yes,2021-02-07,56655,Sunday
1801,<A>,55,2021-02-07T15:44:38-05:00[America/New_York],2021-02-07T15:45:33-05:00[America/New_York],NA,2021-02-07,56678,Sunday
1801,B,17,2021-02-07T15:45:33-05:00[America/New_York],2021-02-07T15:45:50-05:00[America/New_York],NA,2021-02-07,56733,Sunday
1801,C,20,2021-02-07T15:45:50-05:00[America/New_York],2021-02-07T15:46:10-05:00[America/New_York],Yes,2021-02-07,56750,Sunday
1801,<A>,46,2021-02-07T15:46:10-05:00[America/New_York],2021-02-07T15:46:56-05:00[America/New_York],NA,2021-02-07,56770,Sunday
1801,B,23,2021-02-07T15:46:56-05:00[America/New_York],2021-02-07T15:47:19-05:00[America/New_York],Yes,2021-02-07,56816,Sunday
1801,C,20,2021-02-07T15:47:19-05:00[America/New_York],2021-02-07T15:47:39-05:00[America/New_York],Yes,2021-02-07,56839,Sunday
1801,<A>,48,2021-02-07T15:47:39-05:00[America/New_York],2021-02-07T15:48:27-05:00[America/New_York],Yes,2021-02-07,56859,Sunday
1801,B,25,2021-02-07T15:48:27-05:00[America/New_York],2021-02-07T15:48:52-05:00[America/New_York],Yes,2021-02-07,56907,Sunday
1801,<A>,52,2021-02-07T15:48:52-05:00[America/New_York],2021-02-07T15:49:44-05:00[America/New_York],Yes,2021-02-07,56932,Sunday
1801,C,16,2021-02-07T15:49:44-05:00[America/New_York],2021-02-07T15:50:00-05:00[America/New_York],Yes,2021-02-07,56984,Sunday
1801,<A>,42,2021-02-07T15:50:00-05:00[America/New_York],2021-02-07T15:50:42-05:00[America/New_York],NA,2021-02-07,57000,Sunday
1801,B,30,2021-02-07T15:50:42-05:00[America/New_York],2021-02-07T15:51:12-05:00[America/New_York],Yes,2021-02-07,57042,Sunday
1801,C,21,2021-02-07T15:51:12-05:00[America/New_York],2021-02-07T15:51:33-05:00[America/New_York],NA,2021-02-07,57072,Sunday
1801,<A>,44,2021-02-07T15:51:33-05:00[America/New_York],2021-02-07T15:52:17-05:00[America/New_York],NA,2021-02-07,57093,Sunday
1801,C,18,2021-02-07T15:52:17-05:00[America/New_York],2021-02-07T15:52:35-05:00[America/New_York],Yes,2021-02-07,57137,Sunday
1801,<A>,54,2021-02-07T15:52:35-05:00[America/New_York],2021-02-07T15:53:29-05:00[America/New_York],Yes,2021-02-07,57155,Sunday
1801,C,24,2021-02-07T15:53:29-05:00[America/New_York],2021-02-07T15:53:53-05:00[America/New_York],NA,2021-02-07,57209,Sunday
1801,<A>,40,2021-02-07T15:53:53-05:00[America/New_York],2021-02-07T15:54:33-05:00[America/New_York],Yes,2021-02-07,57233,Sunday
1801,B,16,2021-02-07T15:54:33-05:00[America/New_York],2021-02-07T15:54:49-05:00[America/New_York],Yes,2021-02-07,57273,Sunday
1801,C,21,2021-02-07T15:54:49-05:00[America/New_York],2021-02-07T15:55:10-05:00[America/New_York],NA,2021-02-07,57289,Sunday
1801,<A>,49,2021-02-07T15:55:10-05:00[America/New_York],2021-02-07T15:55:59-05:00[America/New_York],Yes,2021-02-07,57310,Sunday
1801,B,18,2021-02-07T15:55:59-05:00[America/New_York],2021-02-07T15:56:17-05:00[America/New_York],Yes,2021-02-07,57359,Sunday
1801,C,23,2021-02-07T15:56:17-05:00[America/New_York],2021-02-07T15:56:40-05:00[America/New_York],NA,2021-02-07,57377,Sunday
1801,<A>,48,2021-02-07T15:56:40-05:00[America/New_York],2021-02-07T15:57:28-05:00[America/New_York],Yes,2021-02-07,57400,Sunday
1801,B,17,2021-02-07T15:57:28-05:00[America/New_York],2021-02-07T15:57:45-05:00[America/New_York],Yes,2021-02-07,57448,Sunday
1801,C,21,2021-02-07T15:57:45-05:00[America/New_York],2021-02-07T15:58:06-05:00[America/New_York],Yes,2021-02-07,57465,Sunday
1801,<A>,47,2021-02-07T15:58:06-05:00[America/New_York],2021-02-07T15:58:53-05:00[America/New_York],Yes,2021-02-07,57486,Sunday
1801,B,15,2021-02-07T15:58:53-05:00[America/New_York],2021-02-07T15:59:08-05:00[America/New_York],Yes,2021-02-07,57533,Sunday
1801,<A>,39,2021-02-07T15:59:08-05:00[America/New_York],2021-02-07T15:59:47-05:00[America/New_York],Yes,2021-02-07,57548,Sunday
1801,B,20,2021-02-07T15:59:47-05:00[America/New_York],2021-02-07T16:00:07-05:00[America/New_York],Yes,2021-02-07,57587,Sunday
1801,C,16,2021-02-07T16:00:07-05:00[America/New_York],2021-02-07T16:00:23-05:00[America/New_York],Yes,2021-02-07,57607,Sunday
1801,<A>,54,2021-02-07T16:00:23-05:00[America/New_York],2021-02-07T16:01:17-05:00[America/New_York],Yes,2021-02-07,57623,Sunday
1801,B,23,2021-02-07T16:01:17-05:00[America/New_York],2021-02-07T16:01:40-05:00[America/New_York],Yes,2021-02-07,57677,Sunday
1801,<A>,52,2021-02-07T16:01:40-05:00[America/New_York],2021-02-07T16:02:32-05:00[America/New_York],Yes,2021-02-07,57700,Sunday
1801,B,18,2021-02-07T16:02:32-05:00[America/New_York],2021-02-07T16:02:50-05:00[America/New_York],Yes,2021-02-07,57752,Sunday
1801,<A>,49,2021-02-07T16:02:50-05:00[America/New_York],2021-02-07T16:03:39-05:00[America/New_York],Yes,2021-02-07,57770,Sunday
1801,B,15,2021-02-07T16:03:39-05:00[America/New_York],2021-02-07T16:03:54-05:00[America/New_York],Yes,2021-02-07,57819,Sunday
1801,C,24,2021-02-07T16:03:54-05:00[America/New_York],2021-02-07T16:04:18-05:00[America/New_York],NA,2021-02-07,57834,Sunday
1801,<A>,56,2021-02-07T16:04:18-05:00[America/New_York],2021-02-07T16:05:14-05:00[America/New_York],Yes,2021-02-07,57858,Sunday
1801,B,16,2021-02-07T16:05:14-05:00[America/New_York],2021-02-07T16:05:30-05:00[America/New_York],Yes,2021-02-07,57914,Sunday
1801,C,24,2021-02-07T16:05:30-05:00[America/New_York],2021-02-07T16:05:54-05:00[America/New_York],NA,2021-02-07,57930,Sunday
1801,<A>,45,2021-02-07T16:05:54-05:00[America/New_York],2021-02-07T16:06:39-05:00[America/New_York],Yes,2021-02-07,57954,Sunday
1801,B,18,2021-02-07T16:06:39-05:00[America/New_York],2021-02-07T16:06:57-05:00[America/New_York],NA,2021-02-07,57999,Sunday
1801,C,24,2021-02-07T16:06:57-05:00[America/New_York],2021-02-07T16:07:21-05:00[America/New_York],NA,2021-02-07,58017,Sunday
1801,<A>,45,2021-02-07T16:07:21-05:00[America/New_York],2021-02-07T16:08:06-05:00[America/New_York],Yes,2021-02-07,58041,Sunday
1801,B,29,2021-02-07T16:08:06-05:00[America/New_York],2021-02-07T16:08:35-05:00[America/New_York],NA,2021-02-07,58086,Sunday
1801,C,22,2021-02-07T16:08:35-05:00[America/New_York],2021-02-07T16:08:57-05:00[America/New_York],Yes,2021-02-07,58115,Sunday
1801,<A>,51,2021-02-07T16:08:57-05:00[America/New_York],2021-02-07T16:09:48-05:00[America/New_York],NA,2021-02-07,58137,Sunday
1801,C,15,2021-02-07T16:09:48-05:00[America/New_York],2021-02-07T16:10:03-05:00[America/New_York],Yes,2021-02-07,58188,Sunday
1801,<A>,78,2021-02-07T16:10:03-05:00[America/New_York],2021-02-07T16:11:21-05:00[America/New_York],Yes,2021-02-07,58203,Sunday
1801,B,22,2021-02-07T16:11:21-05:00[America/New_York],2021-02-07T16:11:43-05:00[America/New_York],Yes,2021-02-07,58281,Sunday
1801,C,16,2021-02-07T16:11:43-05:00[America/New_York],2021-02-07T16:11:59-05:00[America/New_York],Yes,2021-02-07,58303,Sunday
1801,<A>,48,2021-02-07T16:11:59-05:00[America/New_York],2021-02-07T16:12:47-05:00[America/New_York],Yes,2021-02-07,58319,Sunday
1801,B,15,2021-02-07T16:12:47-05:00[America/New_York],2021-02-07T16:13:02-05:00[America/New_York],Yes,2021-02-07,58367,Sunday
1801,C,19,2021-02-07T16:13:02-05:00[America/New_York],2021-02-07T16:13:21-05:00[America/New_York],Yes,2021-02-07,58382,Sunday
1801,<A>,49,2021-02-07T16:13:21-05:00[America/New_York],2021-02-07T16:14:10-05:00[America/New_York],Yes,2021-02-07,58401,Sunday
1801,B,27,2021-02-07T16:14:10-05:00[America/New_York],2021-02-07T16:14:37-05:00[America/New_York],NA,2021-02-07,58450,Sunday
1801,C,23,2021-02-07T16:14:37-05:00[America/New_York],2021-02-07T16:15:00-05:00[America/New_York],NA,2021-02-07,58477,Sunday
1801,<A>,47,2021-02-07T16:15:00-05:00[America/New_York],2021-02-07T16:15:47-05:00[America/New_York],NA,2021-02-07,58500,Sunday
1801,B,16,2021-02-07T16:15:47-05:00[America/New_York],2021-02-07T16:16:03-05:00[America/New_York],Yes,2021-02-07,58547,Sunday
1801,C,18,2021-02-07T16:16:03-05:00[America/New_York],2021-02-07T16:16:21-05:00[America/New_York],Yes,2021-02-07,58563,Sunday
1801,<A>,53,2021-02-07T16:16:21-05:00[America/New_York],2021-02-07T16:17:14-05:00[America/New_York],Yes,2021-02-07,58581,Sunday
1801,B,17,2021-02-07T16:17:14-05:00[America/New_York],2021-02-07T16:17:31-05:00[America/New_York],Yes,2021-02-07,58634,Sunday
1801,C,22,2021-02-07T16:17:31-05:00[America/New_York],2021-02-07T16:17:53-05:00[America/New_York],Yes,2021-02-07,58651,Sunday
1801,<A>,49,2021-02-07T16:17:53-05:00[America/New_York],2021-02-07T16:18:42-05:00[America/New_York],Yes,2021-02-07,58673,Sunday
1801,B,17,2021-02-07T16:18:42-05:00[America/New_York],2021-02-07T16:18:59-05:00[America/New_York],Yes,2021-02-07,58722,Sunday
1801,<A>,51,2021-02-07T16:18:59-05:00[America/New_York],2021-02-07T16:19:50-05:00[America/New_York],Yes,2021-02-07,58739,Sunday
1801,B,18,2021-02-07T16:19:50-05:00[America/New_York],2021-02-07T16:20:08-05:00[America/New_York],NA,2021-02-07,58790,Sunday
1801,C,16,2021-02-07T16:20:08-05:00[America/New_York],2021-02-07T16:20:24-05:00[America/New_York],Yes,2021-02-07,58808,Sunday
1801,<A>,58,2021-02-07T16:20:24-05:00[America/New_York],2021-02-07T16:21:22-05:00[America/New_York],Yes,2021-02-07,58824,Sunday
1801,B,18,2021-02-07T16:21:22-05:00[America/New_York],2021-02-07T16:21:40-05:00[America/New_York],NA,2021-02-07,58882,Sunday
1801,C,22,2021-02-07T16:21:40-05:00[America/New_York],2021-02-07T16:22:02-05:00[America/New_York],Yes,2021-02-07,58900,Sunday
1801,<A>,55,2021-02-07T16:22:02-05:00[America/New_York],2021-02-07T16:22:57-05:00[America/New_York],NA,2021-02-07,58922,Sunday
1801,B,16,2021-02-07T16:22:57-05:00[America/New_York],2021-02-07T16:23:13-05:00[America/New_York],NA,2021-02-07,58977,Sunday
1801,C,23,2021-02-07T16:23:13-05:00[America/New_York],2021-02-07T16:23:36-05:00[America/New_York],NA,2021-02-07,58993,Sunday
1801,<A>,49,2021-02-07T16:23:36-05:00[America/New_York],2021-02-07T16:24:25-05:00[America/New_York],Yes,2021-02-07,59016,Sunday
1801,B,17,2021-02-07T16:24:25-05:00[America/New_York],2021-02-07T16:24:42-05:00[America/New_York],NA,2021-02-07,59065,Sunday
1801,C,21,2021-02-07T16:24:42-05:00[America/New_York],2021-02-07T16:25:03-05:00[America/New_York],NA,2021-02-07,59082,Sunday
1801,<A>,44,2021-02-07T16:25:03-05:00[America/New_York],2021-02-07T16:25:47-05:00[America/New_York],Yes,2021-02-07,59103,Sunday
1801,B,29,2021-02-07T16:25:47-05:00[America/New_York],2021-02-07T16:26:16-05:00[America/New_York],NA,2021-02-07,59147,Sunday
1801,C,17,2021-02-07T16:26:16-05:00[America/New_York],2021-02-07T16:26:33-05:00[America/New_York],Yes,2021-02-07,59176,Sunday
1801,<A>,49,2021-02-07T16:26:33-05:00[America/New_York],2021-02-07T16:27:22-05:00[America/New_York],NA,2021-02-07,59193,Sunday
1801,B,16,2021-02-07T16:27:22-05:00[America/New_York],2021-02-07T16:27:38-05:00[America/New_York],Yes,2021-02-07,59242,Sunday
1801,C,23,2021-02-07T16:27:38-05:00[America/New_York],2021-02-07T16:28:01-05:00[America/New_York],NA,2021-02-07,59258,Sunday
1801,<A>,52,2021-02-07T16:28:01-05:00[America/New_York],2021-02-07T16:28:53-05:00[America/New_York],Yes,2021-02-07,59281,Sunday
1801,B,18,2021-02-07T16:28:53-05:00[America/New_York],2021-02-07T16:29:11-05:00[America/New_York],Yes,2021-02-07,59333,Sunday
1801,C,17,2021-02-07T16:29:11-05:00[America/New_York],2021-02-07T16:29:28-05:00[America/New_York],Yes,2021-02-07,59351,Sunday
1801,<A>,50,2021-02-07T16:29:28-05:00[America/New_York],2021-02-07T16:30:18-05:00[America/New_York],Yes,2021-02-07,59368,Sunday
1801,C,23,2021-02-07T16:30:18-05:00[America/New_York],2021-02-07T16:30:41-05:00[America/New_York],NA,2021-02-07,59418,Sunday
1801,<A>,48,2021-02-07T16:30:41-05:00[America/New_York],2021-02-07T16:31:29-05:00[America/New_York],Yes,2021-02-07,59441,Sunday
1801,B,23,2021-02-07T16:31:29-05:00[America/New_York],2021-02-07T16:31:52-05:00[America/New_York],Yes,2021-02-07,59489,Sunday
1801,C,15,2021-02-07T16:31:52-05:00[America/New_York],2021-02-07T16:32:07-05:00[America/New_York],Yes,2021-02-07,59512,Sunday
1801,<A>,96,2021-02-07T16:32:07-05:00[America/New_York],2021-02-07T16:33:43-05:00[America/New_York],NA,2021-02-07,59527,Sunday
1801,B,16,2021-02-07T16:33:43-05:00[America/New_York],2021-02-07T16:33:59-05:00[America/New_York],Yes,2021-02-07,59623,Sunday
1801,<A>,39,2021-02-07T16:33:59-05:00[America/New_York],2021-02-07T16:34:38-05:00[America/New_York],Yes,2021-02-07,59639,Sunday
1801,B,20,2021-02-07T16:34:38-05:00[America/New_York],2021-02-07T16:34:58-05:00[America/New_York],Yes,2021-02-07,59678,Sunday
1801,C,21,2021-02-07T16:34:58-05:00[America/New_York],2021-02-07T16:35:19-05:00[America/New_York],Yes,2021-02-07,59698,Sunday
1801,<A>,49,2021-02-07T16:35:19-05:00[America/New_York],2021-02-07T16:36:08-05:00[America/New_York],Yes,2021-02-07,59719,Sunday
1801,B,18,2021-02-07T16:36:08-05:00[America/New_York],2021-02-07T16:36:26-05:00[America/New_York],Yes,2021-02-07,59768,Sunday
1801,<A>,52,2021-02-07T16:36:26-05:00[America/New_York],2021-02-07T16:37:18-05:00[America/New_York],Yes,2021-02-07,59786,Sunday
1801,B,16,2021-02-07T16:37:18-05:00[America/New_York],2021-02-07T16:37:34-05:00[America/New_York],NA,2021-02-07,59838,Sunday
1801,C,17,2021-02-07T16:37:34-05:00[America/New_York],2021-02-07T16:37:51-05:00[America/New_York],Yes,2021-02-07,59854,Sunday
1801,<A>,43,2021-02-07T16:37:51-05:00[America/New_York],2021-02-07T16:38:34-05:00[America/New_York],Yes,2021-02-07,59871,Sunday
1801,B,17,2021-02-07T16:38:34-05:00[America/New_York],2021-02-07T16:38:51-05:00[America/New_York],NA,2021-02-07,59914,Sunday
1801,C,15,2021-02-07T16:38:51-05:00[America/New_York],2021-02-07T16:39:06-05:00[America/New_York],Yes,2021-02-07,59931,Sunday
1801,<A>,46,2021-02-07T16:39:06-05:00[America/New_York],2021-02-07T16:39:52-05:00[America/New_York],Yes,2021-02-07,59946,Sunday
1801,B,17,2021-02-07T16:39:52-05:00[America/New_York],2021-02-07T16:40:09-05:00[America/New_York],NA,2021-02-07,59992,Sunday
1801,C,19,2021-02-07T16:40:09-05:00[America/New_York],2021-02-07T16:40:28-05:00[America/New_York],NA,2021-02-07,60009,Sunday
1801,<A>,55,2021-02-07T16:40:28-05:00[America/New_York],2021-02-07T16:41:23-05:00[America/New_York],Yes,2021-02-07,60028,Sunday
1801,B,17,2021-02-07T16:41:23-05:00[America/New_York],2021-02-07T16:41:40-05:00[America/New_York],NA,2021-02-07,60083,Sunday
1801,C,16,2021-02-07T16:41:40-05:00[America/New_York],2021-02-07T16:41:56-05:00[America/New_York],NA,2021-02-07,60100,Sunday
1801,<A>,51,2021-02-07T16:41:56-05:00[America/New_York],2021-02-07T16:42:47-05:00[America/New_York],Yes,2021-02-07,60116,Sunday
1801,B,17,2021-02-07T16:42:47-05:00[America/New_York],2021-02-07T16:43:04-05:00[America/New_York],NA,2021-02-07,60167,Sunday
1801,C,16,2021-02-07T16:43:04-05:00[America/New_York],2021-02-07T16:43:20-05:00[America/New_York],NA,2021-02-07,60184,Sunday
1801,<A>,48,2021-02-07T16:43:20-05:00[America/New_York],2021-02-07T16:44:08-05:00[America/New_York],Yes,2021-02-07,60200,Sunday
1801,B,17,2021-02-07T16:44:08-05:00[America/New_York],2021-02-07T16:44:25-05:00[America/New_York],NA,2021-02-07,60248,Sunday
1801,C,16,2021-02-07T16:44:25-05:00[America/New_York],2021-02-07T16:44:41-05:00[America/New_York],NA,2021-02-07,60265,Sunday
1801,<A>,49,2021-02-07T16:44:41-05:00[America/New_York],2021-02-07T16:45:30-05:00[America/New_York],Yes,2021-02-07,60281,Sunday
1801,B,16,2021-02-07T16:45:30-05:00[America/New_York],2021-02-07T16:45:46-05:00[America/New_York],NA,2021-02-07,60330,Sunday
1801,C,16,2021-02-07T16:45:46-05:00[America/New_York],2021-02-07T16:46:02-05:00[America/New_York],NA,2021-02-07,60346,Sunday
1801,<A>,53,2021-02-07T16:46:02-05:00[America/New_York],2021-02-07T16:46:55-05:00[America/New_York],Yes,2021-02-07,60362,Sunday
1801,B,16,2021-02-07T16:46:55-05:00[America/New_York],2021-02-07T16:47:11-05:00[America/New_York],NA,2021-02-07,60415,Sunday
1801,<A>,42,2021-02-07T16:47:11-05:00[America/New_York],2021-02-07T16:47:53-05:00[America/New_York],Yes,2021-02-07,60431,Sunday
1801,B,19,2021-02-07T16:47:53-05:00[America/New_York],2021-02-07T16:48:12-05:00[America/New_York],Yes,2021-02-07,60473,Sunday
1801,C,24,2021-02-07T16:48:12-05:00[America/New_York],2021-02-07T16:48:36-05:00[America/New_York],NA,2021-02-07,60492,Sunday
1801,<A>,49,2021-02-07T16:48:36-05:00[America/New_York],2021-02-07T16:49:25-05:00[America/New_York],Yes,2021-02-07,60516,Sunday
1801,B,21,2021-02-07T16:49:25-05:00[America/New_York],2021-02-07T16:49:46-05:00[America/New_York],Yes,2021-02-07,60565,Sunday
1801,C,22,2021-02-07T16:49:46-05:00[America/New_York],2021-02-07T16:50:08-05:00[America/New_York],Yes,2021-02-07,60586,Sunday
1801,<A>,44,2021-02-07T16:50:08-05:00[America/New_York],2021-02-07T16:50:52-05:00[America/New_York],Yes,2021-02-07,60608,Sunday
1801,B,24,2021-02-07T16:50:52-05:00[America/New_York],2021-02-07T16:51:16-05:00[America/New_York],NA,2021-02-07,60652,Sunday
1801,C,22,2021-02-07T16:51:16-05:00[America/New_York],2021-02-07T16:51:38-05:00[America/New_York],Yes,2021-02-07,60676,Sunday
1801,<A>,51,2021-02-07T16:51:38-05:00[America/New_York],2021-02-07T16:52:29-05:00[America/New_York],NA,2021-02-07,60698,Sunday
1801,B,24,2021-02-07T16:52:29-05:00[America/New_York],2021-02-07T16:52:53-05:00[America/New_York],NA,2021-02-07,60749,Sunday
1801,C,18,2021-02-07T16:52:53-05:00[America/New_York],2021-02-07T16:53:11-05:00[America/New_York],Yes,2021-02-07,60773,Sunday
1801,<A>,56,2021-02-07T16:53:11-05:00[America/New_York],2021-02-07T16:54:07-05:00[America/New_York],NA,2021-02-07,60791,Sunday
1801,C,18,2021-02-07T16:54:07-05:00[America/New_York],2021-02-07T16:54:25-05:00[America/New_York],Yes,2021-02-07,60847,Sunday
1801,<A>,48,2021-02-07T16:54:25-05:00[America/New_York],2021-02-07T16:55:13-05:00[America/New_York],Yes,2021-02-07,60865,Sunday
1801,B,21,2021-02-07T16:55:13-05:00[America/New_York],2021-02-07T16:55:34-05:00[America/New_York],NA,2021-02-07,60913,Sunday
1801,C,22,2021-02-07T16:55:34-05:00[America/New_York],2021-02-07T16:55:56-05:00[America/New_York],Yes,2021-02-07,60934,Sunday
1801,<A>,49,2021-02-07T16:55:56-05:00[America/New_York],2021-02-07T16:56:45-05:00[America/New_York],Yes,2021-02-07,60956,Sunday
1801,B,16,2021-02-07T16:56:45-05:00[America/New_York],2021-02-07T16:57:01-05:00[America/New_York],Yes,2021-02-07,61005,Sunday
1801,C,17,2021-02-07T16:57:01-05:00[America/New_York],2021-02-07T16:57:18-05:00[America/New_York],Yes,2021-02-07,61021,Sunday
1801,<A>,44,2021-02-07T16:57:18-05:00[America/New_York],2021-02-07T16:58:02-05:00[America/New_York],Yes,2021-02-07,61038,Sunday
1801,B,17,2021-02-07T16:58:02-05:00[America/New_York],2021-02-07T16:58:19-05:00[America/New_York],NA,2021-02-07,61082,Sunday
1801,<A>,39,2021-02-07T16:58:19-05:00[America/New_York],2021-02-07T16:58:58-05:00[America/New_York],Yes,2021-02-07,61099,Sunday
1801,B,20,2021-02-07T16:58:58-05:00[America/New_York],2021-02-07T16:59:18-05:00[America/New_York],Yes,2021-02-07,61138,Sunday
1801,C,17,2021-02-07T16:59:18-05:00[America/New_York],2021-02-07T16:59:35-05:00[America/New_York],Yes,2021-02-07,61158,Sunday
1801,<A>,52,2021-02-07T16:59:35-05:00[America/New_York],2021-02-07T17:00:27-05:00[America/New_York],Yes,2021-02-07,61175,Sunday
1801,B,25,2021-02-07T17:00:27-05:00[America/New_York],2021-02-07T17:00:52-05:00[America/New_York],Yes,2021-02-07,61227,Sunday
1801,C,21,2021-02-07T17:00:52-05:00[America/New_York],2021-02-07T17:01:13-05:00[America/New_York],NA,2021-02-07,61252,Sunday
1801,<A>,49,2021-02-07T17:01:13-05:00[America/New_York],2021-02-07T17:02:02-05:00[America/New_York],NA,2021-02-07,61273,Sunday
1801,B,15,2021-02-07T17:02:02-05:00[America/New_York],2021-02-07T17:02:17-05:00[America/New_York],Yes,2021-02-07,61322,Sunday
1801,C,22,2021-02-07T17:02:17-05:00[America/New_York],2021-02-07T17:02:39-05:00[America/New_York],NA,2021-02-07,61337,Sunday
1801,<A>,47,2021-02-07T17:02:39-05:00[America/New_York],2021-02-07T17:03:26-05:00[America/New_York],Yes,2021-02-07,61359,Sunday
1801,B,21,2021-02-07T17:03:26-05:00[America/New_York],2021-02-07T17:03:47-05:00[America/New_York],Yes,2021-02-07,61406,Sunday
1801,C,16,2021-02-07T17:03:47-05:00[America/New_York],2021-02-07T17:04:03-05:00[America/New_York],Yes,2021-02-07,61427,Sunday
1801,<A>,49,2021-02-07T17:04:03-05:00[America/New_York],2021-02-07T17:04:52-05:00[America/New_York],Yes,2021-02-07,61443,Sunday
1801,B,19,2021-02-07T17:04:52-05:00[America/New_York],2021-02-07T17:05:11-05:00[America/New_York],Yes,2021-02-07,61492,Sunday
1801,C,15,2021-02-07T17:05:11-05:00[America/New_York],2021-02-07T17:05:26-05:00[America/New_York],Yes,2021-02-07,61511,Sunday
1801,<A>,49,2021-02-07T17:05:26-05:00[America/New_York],2021-02-07T17:06:15-05:00[America/New_York],Yes,2021-02-07,61526,Sunday
1801,B,26,2021-02-07T17:06:15-05:00[America/New_York],2021-02-07T17:06:41-05:00[America/New_York],NA,2021-02-07,61575,Sunday
1801,C,20,2021-02-07T17:06:41-05:00[America/New_York],2021-02-07T17:07:01-05:00[America/New_York],Yes,2021-02-07,61601,Sunday
1801,<A>,51,2021-02-07T17:07:01-05:00[America/New_York],2021-02-07T17:07:52-05:00[America/New_York],NA,2021-02-07,61621,Sunday
1801,B,17,2021-02-07T17:07:52-05:00[America/New_York],2021-02-07T17:08:09-05:00[America/New_York],Yes,2021-02-07,61672,Sunday
1801,C,25,2021-02-07T17:08:09-05:00[America/New_York],2021-02-07T17:08:34-05:00[America/New_York],NA,2021-02-07,61689,Sunday
1801,<A>,55,2021-02-07T17:08:34-05:00[America/New_York],2021-02-07T17:09:29-05:00[America/New_York],NA,2021-02-07,61714,Sunday
1801,C,20,2021-02-07T17:09:29-05:00[America/New_York],2021-02-07T17:09:49-05:00[America/New_York],Yes,2021-02-07,61769,Sunday
1801,<A>,48,2021-02-07T17:09:49-05:00[America/New_York],2021-02-07T17:10:37-05:00[America/New_York],Yes,2021-02-07,61789,Sunday
1801,C,25,2021-02-07T17:10:37-05:00[America/New_York],2021-02-07T17:11:02-05:00[America/New_York],NA,2021-02-07,61837,Sunday
1801,<A>,51,2021-02-07T17:11:02-05:00[America/New_York],2021-02-07T17:11:53-05:00[America/New_York],NA,2021-02-07,61862,Sunday
1801,B,16,2021-02-07T17:11:53-05:00[America/New_York],2021-02-07T17:12:09-05:00[America/New_York],NA,2021-02-07,61913,Sunday
1801,C,15,2021-02-07T17:12:09-05:00[America/New_York],2021-02-07T17:12:24-05:00[America/New_York],Yes,2021-02-07,61929,Sunday
1801,<A>,53,2021-02-07T17:12:24-05:00[America/New_York],2021-02-07T17:13:17-05:00[America/New_York],Yes,2021-02-07,61944,Sunday
1801,B,16,2021-02-07T17:13:17-05:00[America/New_York],2021-02-07T17:13:33-05:00[America/New_York],NA,2021-02-07,61997,Sunday
1801,C,25,2021-02-07T17:13:33-05:00[America/New_York],2021-02-07T17:13:58-05:00[America/New_York],NA,2021-02-07,62013,Sunday
1801,<A>,54,2021-02-07T17:13:58-05:00[America/New_York],2021-02-07T17:14:52-05:00[America/New_York],NA,2021-02-07,62038,Sunday
1801,B,16,2021-02-07T17:14:52-05:00[America/New_York],2021-02-07T17:15:08-05:00[America/New_York],NA,2021-02-07,62092,Sunday
1801,C,16,2021-02-07T17:15:08-05:00[America/New_York],2021-02-07T17:15:24-05:00[America/New_York],Yes,2021-02-07,62108,Sunday
1801,<A>,52,2021-02-07T17:15:24-05:00[America/New_York],2021-02-07T17:16:16-05:00[America/New_York],Yes,2021-02-07,62124,Sunday
1801,B,18,2021-02-07T17:16:16-05:00[America/New_York],2021-02-07T17:16:34-05:00[America/New_York],NA,2021-02-07,62176,Sunday
1801,C,15,2021-02-07T17:16:34-05:00[America/New_York],2021-02-07T17:16:49-05:00[America/New_York],Yes,2021-02-07,62194,Sunday
1801,<A>,69,2021-02-07T17:16:49-05:00[America/New_York],2021-02-07T17:17:58-05:00[America/New_York],NA,2021-02-07,62209,Sunday
1801,B,21,2021-02-07T17:17:58-05:00[America/New_York],2021-02-07T17:18:19-05:00[America/New_York],NA,2021-02-07,62278,Sunday
1801,C,18,2021-02-07T17:18:19-05:00[America/New_York],2021-02-07T17:18:37-05:00[America/New_York],NA,2021-02-07,62299,Sunday
1801,<A>,51,2021-02-07T17:18:37-05:00[America/New_York],2021-02-07T17:19:28-05:00[America/New_York],Yes,2021-02-07,62317,Sunday
1801,B,16,2021-02-07T17:19:28-05:00[America/New_York],2021-02-07T17:19:44-05:00[America/New_York],Yes,2021-02-07,62368,Sunday
1801,C,22,2021-02-07T17:19:44-05:00[America/New_York],2021-02-07T17:20:06-05:00[America/New_York],Yes,2021-02-07,62384,Sunday
1801,<A>,50,2021-02-07T17:20:06-05:00[America/New_York],2021-02-07T17:20:56-05:00[America/New_York],Yes,2021-02-07,62406,Sunday
1801,B,23,2021-02-07T17:20:56-05:00[America/New_York],2021-02-07T17:21:19-05:00[America/New_York],Yes,2021-02-07,62456,Sunday
1801,C,15,2021-02-07T17:21:19-05:00[America/New_York],2021-02-07T17:21:34-05:00[America/New_York],Yes,2021-02-07,62479,Sunday
1801,<A>,57,2021-02-07T17:21:34-05:00[America/New_York],2021-02-07T17:22:31-05:00[America/New_York],NA,2021-02-07,62494,Sunday
1801,B,15,2021-02-07T17:22:31-05:00[America/New_York],2021-02-07T17:22:46-05:00[America/New_York],Yes,2021-02-07,62551,Sunday
1801,C,18,2021-02-07T17:22:46-05:00[America/New_York],2021-02-07T17:23:04-05:00[America/New_York],Yes,2021-02-07,62566,Sunday
1801,<A>,56,2021-02-07T17:23:04-05:00[America/New_York],2021-02-07T17:24:00-05:00[America/New_York],Yes,2021-02-07,62584,Sunday
1801,B,21,2021-02-07T17:24:00-05:00[America/New_York],2021-02-07T17:24:21-05:00[America/New_York],NA,2021-02-07,62640,Sunday
1801,C,24,2021-02-07T17:24:21-05:00[America/New_York],2021-02-07T17:24:45-05:00[America/New_York],NA,2021-02-07,62661,Sunday
1801,<A>,50,2021-02-07T17:24:45-05:00[America/New_York],2021-02-07T17:25:35-05:00[America/New_York],NA,2021-02-07,62685,Sunday
1801,B,20,2021-02-07T17:25:35-05:00[America/New_York],2021-02-07T17:25:55-05:00[America/New_York],NA,2021-02-07,62735,Sunday
1801,C,26,2021-02-07T17:25:55-05:00[America/New_York],2021-02-07T17:26:21-05:00[America/New_York],NA,2021-02-07,62755,Sunday
1801,<A>,50,2021-02-07T17:26:21-05:00[America/New_York],2021-02-07T17:27:11-05:00[America/New_York],Yes,2021-02-07,62781,Sunday
1801,B,20,2021-02-07T17:27:11-05:00[America/New_York],2021-02-07T17:27:31-05:00[America/New_York],NA,2021-02-07,62831,Sunday
1801,C,25,2021-02-07T17:27:31-05:00[America/New_York],2021-02-07T17:27:56-05:00[America/New_York],NA,2021-02-07,62851,Sunday
1801,<A>,52,2021-02-07T17:27:56-05:00[America/New_York],2021-02-07T17:28:48-05:00[America/New_York],NA,2021-02-07,62876,Sunday
1801,B,25,2021-02-07T17:28:48-05:00[America/New_York],2021-02-07T17:29:13-05:00[America/New_York],Yes,2021-02-07,62928,Sunday
1801,C,25,2021-02-07T17:29:13-05:00[America/New_York],2021-02-07T17:29:38-05:00[America/New_York],NA,2021-02-07,62953,Sunday
1801,<A>,49,2021-02-07T17:29:38-05:00[America/New_York],2021-02-07T17:30:27-05:00[America/New_York],NA,2021-02-07,62978,Sunday
1801,B,16,2021-02-07T17:30:27-05:00[America/New_York],2021-02-07T17:30:43-05:00[America/New_York],Yes,2021-02-07,63027,Sunday
1801,C,16,2021-02-07T17:30:43-05:00[America/New_York],2021-02-07T17:30:59-05:00[America/New_York],Yes,2021-02-07,63043,Sunday
1801,<A>,45,2021-02-07T17:30:59-05:00[America/New_York],2021-02-07T17:31:44-05:00[America/New_York],Yes,2021-02-07,63059,Sunday
1801,B,15,2021-02-07T17:31:44-05:00[America/New_York],2021-02-07T17:31:59-05:00[America/New_York],Yes,2021-02-07,63104,Sunday
1801,C,27,2021-02-07T17:31:59-05:00[America/New_York],2021-02-07T17:32:26-05:00[America/New_York],NA,2021-02-07,63119,Sunday
1801,<A>,61,2021-02-07T17:32:26-05:00[America/New_York],2021-02-07T17:33:27-05:00[America/New_York],NA,2021-02-07,63146,Sunday
1801,B,18,2021-02-07T17:33:27-05:00[America/New_York],2021-02-07T17:33:45-05:00[America/New_York],Yes,2021-02-07,63207,Sunday
1801,C,26,2021-02-07T17:33:45-05:00[America/New_York],2021-02-07T17:34:11-05:00[America/New_York],Yes,2021-02-07,63225,Sunday
1801,<A>,53,2021-02-07T17:34:11-05:00[America/New_York],2021-02-07T17:35:04-05:00[America/New_York],Yes,2021-02-07,63251,Sunday
1801,B,17,2021-02-07T17:35:04-05:00[America/New_York],2021-02-07T17:35:21-05:00[America/New_York],Yes,2021-02-07,63304,Sunday
1801,C,20,2021-02-07T17:35:21-05:00[America/New_York],2021-02-07T17:35:41-05:00[America/New_York],Yes,2021-02-07,63321,Sunday
1801,<A>,48,2021-02-07T17:35:41-05:00[America/New_York],2021-02-07T17:36:29-05:00[America/New_York],Yes,2021-02-07,63341,Sunday
1801,B,16,2021-02-07T17:36:29-05:00[America/New_York],2021-02-07T17:36:45-05:00[America/New_York],Yes,2021-02-07,63389,Sunday
1801,C,18,2021-02-07T17:36:45-05:00[America/New_York],2021-02-07T17:37:03-05:00[America/New_York],Yes,2021-02-07,63405,Sunday
1801,<A>,66,2021-02-07T17:37:03-05:00[America/New_York],2021-02-07T17:38:09-05:00[America/New_York],NA,2021-02-07,63423,Sunday
1801,C,20,2021-02-07T17:38:09-05:00[America/New_York],2021-02-07T17:38:29-05:00[America/New_York],Yes,2021-02-07,63489,Sunday
1801,<A>,44,2021-02-07T17:38:29-05:00[America/New_York],2021-02-07T17:39:13-05:00[America/New_York],Yes,2021-02-07,63509,Sunday
1801,B,16,2021-02-07T17:39:13-05:00[America/New_York],2021-02-07T17:39:29-05:00[America/New_York],Yes,2021-02-07,63553,Sunday
1801,<A>,58,2021-02-07T17:39:29-05:00[America/New_York],2021-02-07T17:40:27-05:00[America/New_York],Yes,2021-02-07,63569,Sunday
1801,B,19,2021-02-07T17:40:27-05:00[America/New_York],2021-02-07T17:40:46-05:00[America/New_York],Yes,2021-02-07,63627,Sunday
1801,C,20,2021-02-07T17:40:46-05:00[America/New_York],2021-02-07T17:41:06-05:00[America/New_York],Yes,2021-02-07,63646,Sunday
1801,<A>,58,2021-02-07T17:41:06-05:00[America/New_York],2021-02-07T17:42:04-05:00[America/New_York],Yes,2021-02-07,63666,Sunday
1801,B,18,2021-02-07T17:42:04-05:00[America/New_York],2021-02-07T17:42:22-05:00[America/New_York],NA,2021-02-07,63724,Sunday
1801,C,15,2021-02-07T17:42:22-05:00[America/New_York],2021-02-07T17:42:37-05:00[America/New_York],Yes,2021-02-07,63742,Sunday
1801,<A>,53,2021-02-07T17:42:37-05:00[America/New_York],2021-02-07T17:43:30-05:00[America/New_York],Yes,2021-02-07,63757,Sunday
1801,B,15,2021-02-07T17:43:30-05:00[America/New_York],2021-02-07T17:43:45-05:00[America/New_York],Yes,2021-02-07,63810,Sunday
1801,<A>,56,2021-02-07T17:43:45-05:00[America/New_York],2021-02-07T17:44:41-05:00[America/New_York],Yes,2021-02-07,63825,Sunday
1801,C,17,2021-02-07T17:44:41-05:00[America/New_York],2021-02-07T17:44:58-05:00[America/New_York],Yes,2021-02-07,63881,Sunday
1801,<A>,45,2021-02-07T17:44:58-05:00[America/New_York],2021-02-07T17:45:43-05:00[America/New_York],Yes,2021-02-07,63898,Sunday
1801,B,15,2021-02-07T17:45:43-05:00[America/New_York],2021-02-07T17:45:58-05:00[America/New_York],Yes,2021-02-07,63943,Sunday
1801,C,24,2021-02-07T17:45:58-05:00[America/New_York],2021-02-07T17:46:22-05:00[America/New_York],Yes,2021-02-07,63958,Sunday
1801,<A>,48,2021-02-07T17:46:22-05:00[America/New_York],2021-02-07T17:47:10-05:00[America/New_York],Yes,2021-02-07,63982,Sunday
1801,B,15,2021-02-07T17:47:10-05:00[America/New_York],2021-02-07T17:47:25-05:00[America/New_York],Yes,2021-02-07,64030,Sunday
1801,C,25,2021-02-07T17:47:25-05:00[America/New_York],2021-02-07T17:47:50-05:00[America/New_York],NA,2021-02-07,64045,Sunday
1801,<A>,58,2021-02-07T17:47:50-05:00[America/New_York],2021-02-07T17:48:48-05:00[America/New_York],Yes,2021-02-07,64070,Sunday
1801,C,21,2021-02-07T17:48:48-05:00[America/New_York],2021-02-07T17:49:09-05:00[America/New_York],Yes,2021-02-07,64128,Sunday
1801,<A>,63,2021-02-07T17:49:09-05:00[America/New_York],2021-02-07T17:50:12-05:00[America/New_York],Yes,2021-02-07,64149,Sunday
1801,B,18,2021-02-07T17:50:12-05:00[America/New_York],2021-02-07T17:50:30-05:00[America/New_York],NA,2021-02-07,64212,Sunday
1801,C,18,2021-02-07T17:50:30-05:00[America/New_York],2021-02-07T17:50:48-05:00[America/New_York],Yes,2021-02-07,64230,Sunday
1801,<A>,48,2021-02-07T17:50:48-05:00[America/New_York],2021-02-07T17:51:36-05:00[America/New_York],Yes,2021-02-07,64248,Sunday
1801,B,18,2021-02-07T17:51:36-05:00[America/New_York],2021-02-07T17:51:54-05:00[America/New_York],NA,2021-02-07,64296,Sunday
1801,<A>,50,2021-02-07T17:51:54-05:00[America/New_York],2021-02-07T17:52:44-05:00[America/New_York],Yes,2021-02-07,64314,Sunday
1801,B,18,2021-02-07T17:52:44-05:00[America/New_York],2021-02-07T17:53:02-05:00[America/New_York],NA,2021-02-07,64364,Sunday
1801,C,18,2021-02-07T17:53:02-05:00[America/New_York],2021-02-07T17:53:20-05:00[America/New_York],NA,2021-02-07,64382,Sunday
1801,<A>,60,2021-02-07T17:53:20-05:00[America/New_York],2021-02-07T17:54:20-05:00[America/New_York],Yes,2021-02-07,64400,Sunday
1801,B,18,2021-02-07T17:54:20-05:00[America/New_York],2021-02-07T17:54:38-05:00[America/New_York],NA,2021-02-07,64460,Sunday
1801,C,15,2021-02-07T17:54:38-05:00[America/New_York],2021-02-07T17:54:53-05:00[America/New_York],NA,2021-02-07,64478,Sunday
1801,<A>,62,2021-02-07T17:54:53-05:00[America/New_York],2021-02-07T17:55:55-05:00[America/New_York],Yes,2021-02-07,64493,Sunday
1801,B,20,2021-02-07T17:55:55-05:00[America/New_York],2021-02-07T17:56:15-05:00[America/New_York],Yes,2021-02-07,64555,Sunday
1801,C,20,2021-02-07T17:56:15-05:00[America/New_York],2021-02-07T17:56:35-05:00[America/New_York],Yes,2021-02-07,64575,Sunday
1801,<A>,51,2021-02-07T17:56:35-05:00[America/New_York],2021-02-07T17:57:26-05:00[America/New_York],Yes,2021-02-07,64595,Sunday
1801,B,17,2021-02-07T17:57:26-05:00[America/New_York],2021-02-07T17:57:43-05:00[America/New_York],Yes,2021-02-07,64646,Sunday
1801,C,19,2021-02-07T17:57:43-05:00[America/New_York],2021-02-07T17:58:02-05:00[America/New_York],Yes,2021-02-07,64663,Sunday
1801,<A>,51,2021-02-07T17:58:02-05:00[America/New_York],2021-02-07T17:58:53-05:00[America/New_York],Yes,2021-02-07,64682,Sunday
1801,C,18,2021-02-07T17:58:53-05:00[America/New_York],2021-02-07T17:59:11-05:00[America/New_York],Yes,2021-02-07,64733,Sunday
1801,<A>,38,2021-02-07T17:59:11-05:00[America/New_York],2021-02-07T17:59:49-05:00[America/New_York],NA,2021-02-07,64751,Sunday
1801,B,20,2021-02-07T17:59:49-05:00[America/New_York],2021-02-07T18:00:09-05:00[America/New_York],NA,2021-02-07,64789,Sunday
1801,C,24,2021-02-07T18:00:09-05:00[America/New_York],2021-02-07T18:00:33-05:00[America/New_York],Yes,2021-02-07,64809,Sunday
1801,<A>,49,2021-02-07T18:00:33-05:00[America/New_York],2021-02-07T18:01:22-05:00[America/New_York],NA,2021-02-07,64833,Sunday
1801,B,16,2021-02-07T18:01:22-05:00[America/New_York],2021-02-07T18:01:38-05:00[America/New_York],NA,2021-02-07,64882,Sunday
1801,C,28,2021-02-07T18:01:38-05:00[America/New_York],2021-02-07T18:02:06-05:00[America/New_York],NA,2021-02-07,64898,Sunday
1801,<A>,51,2021-02-07T18:02:06-05:00[America/New_York],2021-02-07T18:02:57-05:00[America/New_York],NA,2021-02-07,64926,Sunday
1801,B,22,2021-02-07T18:02:57-05:00[America/New_York],2021-02-07T18:03:19-05:00[America/New_York],NA,2021-02-07,64977,Sunday
1801,C,18,2021-02-07T18:03:19-05:00[America/New_York],2021-02-07T18:03:37-05:00[America/New_York],Yes,2021-02-07,64999,Sunday
1801,<A>,63,2021-02-07T18:03:37-05:00[America/New_York],2021-02-07T18:04:40-05:00[America/New_York],NA,2021-02-07,65017,Sunday
1801,B,16,2021-02-07T18:04:40-05:00[America/New_York],2021-02-07T18:04:56-05:00[America/New_York],NA,2021-02-07,65080,Sunday
1801,C,16,2021-02-07T18:04:56-05:00[America/New_York],2021-02-07T18:05:12-05:00[America/New_York],Yes,2021-02-07,65096,Sunday
1801,<A>,48,2021-02-07T18:05:12-05:00[America/New_York],2021-02-07T18:06:00-05:00[America/New_York],Yes,2021-02-07,65112,Sunday
1801,B,18,2021-02-07T18:06:00-05:00[America/New_York],2021-02-07T18:06:18-05:00[America/New_York],NA,2021-02-07,65160,Sunday
1801,C,20,2021-02-07T18:06:18-05:00[America/New_York],2021-02-07T18:06:38-05:00[America/New_York],Yes,2021-02-07,65178,Sunday
1801,<A>,47,2021-02-07T18:06:38-05:00[America/New_York],2021-02-07T18:07:25-05:00[America/New_York],Yes,2021-02-07,65198,Sunday
1801,B,18,2021-02-07T18:07:25-05:00[America/New_York],2021-02-07T18:07:43-05:00[America/New_York],NA,2021-02-07,65245,Sunday
1801,<A>,40,2021-02-07T18:07:43-05:00[America/New_York],2021-02-07T18:08:23-05:00[America/New_York],Yes,2021-02-07,65263,Sunday
1801,C,22,2021-02-07T18:08:23-05:00[America/New_York],2021-02-07T18:08:45-05:00[America/New_York],NA,2021-02-07,65303,Sunday
1801,<A>,54,2021-02-07T18:08:45-05:00[America/New_York],2021-02-07T18:09:39-05:00[America/New_York],Yes,2021-02-07,65325,Sunday
1801,B,18,2021-02-07T18:09:39-05:00[America/New_York],2021-02-07T18:09:57-05:00[America/New_York],NA,2021-02-07,65379,Sunday
1801,C,22,2021-02-07T18:09:57-05:00[America/New_York],2021-02-07T18:10:19-05:00[America/New_York],NA,2021-02-07,65397,Sunday
1801,<A>,49,2021-02-07T18:10:19-05:00[America/New_York],2021-02-07T18:11:08-05:00[America/New_York],Yes,2021-02-07,65419,Sunday
1801,B,20,2021-02-07T18:11:08-05:00[America/New_York],2021-02-07T18:11:28-05:00[America/New_York],Yes,2021-02-07,65468,Sunday
1801,C,20,2021-02-07T18:11:28-05:00[America/New_York],2021-02-07T18:11:48-05:00[America/New_York],Yes,2021-02-07,65488,Sunday
1801,<A>,51,2021-02-07T18:11:48-05:00[America/New_York],2021-02-07T18:12:39-05:00[America/New_York],Yes,2021-02-07,65508,Sunday
1801,B,19,2021-02-07T18:12:39-05:00[America/New_York],2021-02-07T18:12:58-05:00[America/New_York],Yes,2021-02-07,65559,Sunday
1801,C,21,2021-02-07T18:12:58-05:00[America/New_York],2021-02-07T18:13:19-05:00[America/New_York],Yes,2021-02-07,65578,Sunday
1801,<A>,60,2021-02-07T18:13:19-05:00[America/New_York],2021-02-07T18:14:19-05:00[America/New_York],NA,2021-02-07,65599,Sunday
1801,B,21,2021-02-07T18:14:19-05:00[America/New_York],2021-02-07T18:14:40-05:00[America/New_York],Yes,2021-02-07,65659,Sunday
1801,C,18,2021-02-07T18:14:40-05:00[America/New_York],2021-02-07T18:14:58-05:00[America/New_York],Yes,2021-02-07,65680,Sunday
1801,<A>,57,2021-02-07T18:14:58-05:00[America/New_York],2021-02-07T18:15:55-05:00[America/New_York],Yes,2021-02-07,65698,Sunday
1801,B,21,2021-02-07T18:15:55-05:00[America/New_York],2021-02-07T18:16:16-05:00[America/New_York],Yes,2021-02-07,65755,Sunday
1801,C,21,2021-02-07T18:16:16-05:00[America/New_York],2021-02-07T18:16:37-05:00[America/New_York],Yes,2021-02-07,65776,Sunday
1801,<A>,55,2021-02-07T18:16:37-05:00[America/New_York],2021-02-07T18:17:32-05:00[America/New_York],Yes,2021-02-07,65797,Sunday
1801,B,20,2021-02-07T18:17:32-05:00[America/New_York],2021-02-07T18:17:52-05:00[America/New_York],NA,2021-02-07,65852,Sunday
1801,<A>,59,2021-02-07T18:17:52-05:00[America/New_York],2021-02-07T18:18:51-05:00[America/New_York],Yes,2021-02-07,65872,Sunday
1801,B,20,2021-02-07T18:18:51-05:00[America/New_York],2021-02-07T18:19:11-05:00[America/New_York],NA,2021-02-07,65931,Sunday
1801,C,22,2021-02-07T18:19:11-05:00[America/New_York],2021-02-07T18:19:33-05:00[America/New_York],Yes,2021-02-07,65951,Sunday
1801,<A>,52,2021-02-07T18:19:33-05:00[America/New_York],2021-02-07T18:20:25-05:00[America/New_York],NA,2021-02-07,65973,Sunday
1801,B,24,2021-02-07T18:20:25-05:00[America/New_York],2021-02-07T18:20:49-05:00[America/New_York],Yes,2021-02-07,66025,Sunday
1801,C,25,2021-02-07T18:20:49-05:00[America/New_York],2021-02-07T18:21:14-05:00[America/New_York],NA,2021-02-07,66049,Sunday
1801,<A>,50,2021-02-07T18:21:14-05:00[America/New_York],2021-02-07T18:22:04-05:00[America/New_York],NA,2021-02-07,66074,Sunday
1801,B,17,2021-02-07T18:22:04-05:00[America/New_York],2021-02-07T18:22:21-05:00[America/New_York],Yes,2021-02-07,66124,Sunday
1801,<A>,58,2021-02-07T18:22:21-05:00[America/New_York],2021-02-07T18:23:19-05:00[America/New_York],Yes,2021-02-07,66141,Sunday
1801,B,19,2021-02-07T18:23:19-05:00[America/New_York],2021-02-07T18:23:38-05:00[America/New_York],Yes,2021-02-07,66199,Sunday
1801,C,23,2021-02-07T18:23:38-05:00[America/New_York],2021-02-07T18:24:01-05:00[America/New_York],NA,2021-02-07,66218,Sunday
1801,<A>,44,2021-02-07T18:24:01-05:00[America/New_York],2021-02-07T18:24:45-05:00[America/New_York],Yes,2021-02-07,66241,Sunday
1801,B,26,2021-02-07T18:24:45-05:00[America/New_York],2021-02-07T18:25:11-05:00[America/New_York],Yes,2021-02-07,66285,Sunday
1801,C,19,2021-02-07T18:25:11-05:00[America/New_York],2021-02-07T18:25:30-05:00[America/New_York],Yes,2021-02-07,66311,Sunday
1801,<A>,52,2021-02-07T18:25:30-05:00[America/New_York],2021-02-07T18:26:22-05:00[America/New_York],Yes,2021-02-07,66330,Sunday
1801,B,17,2021-02-07T18:26:22-05:00[America/New_York],2021-02-07T18:26:39-05:00[America/New_York],Yes,2021-02-07,66382,Sunday
1801,<A>,46,2021-02-07T18:26:39-05:00[America/New_York],2021-02-07T18:27:25-05:00[America/New_York],Yes,2021-02-07,66399,Sunday
1801,B,24,2021-02-07T18:27:25-05:00[America/New_York],2021-02-07T18:27:49-05:00[America/New_York],Yes,2021-02-07,66445,Sunday
1801,C,17,2021-02-07T18:27:49-05:00[America/New_York],2021-02-07T18:28:06-05:00[America/New_York],Yes,2021-02-07,66469,Sunday
1801,<A>,51,2021-02-07T18:28:06-05:00[America/New_York],2021-02-07T18:28:57-05:00[America/New_York],Yes,2021-02-07,66486,Sunday
1801,C,23,2021-02-07T18:28:57-05:00[America/New_York],2021-02-07T18:29:20-05:00[America/New_York],NA,2021-02-07,66537,Sunday
1801,<A>,47,2021-02-07T18:29:20-05:00[America/New_York],2021-02-07T18:30:07-05:00[America/New_York],Yes,2021-02-07,66560,Sunday
1801,B,21,2021-02-07T18:30:07-05:00[America/New_York],2021-02-07T18:30:28-05:00[America/New_York],NA,2021-02-07,66607,Sunday
1801,C,21,2021-02-07T18:30:28-05:00[America/New_York],2021-02-07T18:30:49-05:00[America/New_York],Yes,2021-02-07,66628,Sunday
1801,<A>,54,2021-02-07T18:30:49-05:00[America/New_York],2021-02-07T18:31:43-05:00[America/New_York],Yes,2021-02-07,66649,Sunday
1801,B,17,2021-02-07T18:31:43-05:00[America/New_York],2021-02-07T18:32:00-05:00[America/New_York],Yes,2021-02-07,66703,Sunday
1801,C,23,2021-02-07T18:32:00-05:00[America/New_York],2021-02-07T18:32:23-05:00[America/New_York],NA,2021-02-07,66720,Sunday
1801,<A>,47,2021-02-07T18:32:23-05:00[America/New_York],2021-02-07T18:33:10-05:00[America/New_York],Yes,2021-02-07,66743,Sunday
1801,B,17,2021-02-07T18:33:10-05:00[America/New_York],2021-02-07T18:33:27-05:00[America/New_York],NA,2021-02-07,66790,Sunday
1801,C,16,2021-02-07T18:33:27-05:00[America/New_York],2021-02-07T18:33:43-05:00[America/New_York],Yes,2021-02-07,66807,Sunday
1801,<A>,59,2021-02-07T18:33:43-05:00[America/New_York],2021-02-07T18:34:42-05:00[America/New_York],Yes,2021-02-07,66823,Sunday
1801,B,21,2021-02-07T18:34:42-05:00[America/New_York],2021-02-07T18:35:03-05:00[America/New_York],Yes,2021-02-07,66882,Sunday
1801,C,15,2021-02-07T18:35:03-05:00[America/New_York],2021-02-07T18:35:18-05:00[America/New_York],Yes,2021-02-07,66903,Sunday
1801,<A>,48,2021-02-07T18:35:18-05:00[America/New_York],2021-02-07T18:36:06-05:00[America/New_York],Yes,2021-02-07,66918,Sunday
1801,C,19,2021-02-07T18:36:06-05:00[America/New_York],2021-02-07T18:36:25-05:00[America/New_York],Yes,2021-02-07,66966,Sunday
1801,<A>,41,2021-02-07T18:36:25-05:00[America/New_York],2021-02-07T18:37:06-05:00[America/New_York],Yes,2021-02-07,66985,Sunday
1801,B,26,2021-02-07T18:37:06-05:00[America/New_York],2021-02-07T18:37:32-05:00[America/New_York],Yes,2021-02-07,67026,Sunday
1801,C,18,2021-02-07T18:37:32-05:00[America/New_York],2021-02-07T18:37:50-05:00[America/New_York],Yes,2021-02-07,67052,Sunday
1801,<A>,41,2021-02-07T18:37:50-05:00[America/New_York],2021-02-07T18:38:31-05:00[America/New_York],Yes,2021-02-07,67070,Sunday
1801,B,22,2021-02-07T18:38:31-05:00[America/New_York],2021-02-07T18:38:53-05:00[America/New_York],Yes,2021-02-07,67111,Sunday
1801,C,22,2021-02-07T18:38:53-05:00[America/New_York],2021-02-07T18:39:15-05:00[America/New_York],Yes,2021-02-07,67133,Sunday
1801,<A>,52,2021-02-07T18:39:15-05:00[America/New_York],2021-02-07T18:40:07-05:00[America/New_York],Yes,2021-02-07,67155,Sunday
1801,B,21,2021-02-07T18:40:07-05:00[America/New_York],2021-02-07T18:40:28-05:00[America/New_York],Yes,2021-02-07,67207,Sunday
1801,C,16,2021-02-07T18:40:28-05:00[America/New_York],2021-02-07T18:40:44-05:00[America/New_York],Yes,2021-02-07,67228,Sunday
1801,<A>,46,2021-02-07T18:40:44-05:00[America/New_York],2021-02-07T18:41:30-05:00[America/New_York],Yes,2021-02-07,67244,Sunday
1801,B,15,2021-02-07T18:41:30-05:00[America/New_York],2021-02-07T18:41:45-05:00[America/New_York],Yes,2021-02-07,67290,Sunday
1801,C,15,2021-02-07T18:41:45-05:00[America/New_York],2021-02-07T18:42:00-05:00[America/New_York],Yes,2021-02-07,67305,Sunday
1801,<A>,45,2021-02-07T18:42:00-05:00[America/New_York],2021-02-07T18:42:45-05:00[America/New_York],Yes,2021-02-07,67320,Sunday
1801,B,17,2021-02-07T18:42:45-05:00[America/New_York],2021-02-07T18:43:02-05:00[America/New_York],Yes,2021-02-07,67365,Sunday
1801,C,17,2021-02-07T18:43:02-05:00[America/New_York],2021-02-07T18:43:19-05:00[America/New_York],Yes,2021-02-07,67382,Sunday
1801,<A>,64,2021-02-07T18:43:19-05:00[America/New_York],2021-02-07T18:44:23-05:00[America/New_York],Yes,2021-02-07,67399,Sunday
1801,B,17,2021-02-07T18:44:23-05:00[America/New_York],2021-02-07T18:44:40-05:00[America/New_York],Yes,2021-02-07,67463,Sunday
1801,C,24,2021-02-07T18:44:40-05:00[America/New_York],2021-02-07T18:45:04-05:00[America/New_York],Yes,2021-02-07,67480,Sunday
1801,<A>,45,2021-02-07T18:45:04-05:00[America/New_York],2021-02-07T18:45:49-05:00[America/New_York],Yes,2021-02-07,67504,Sunday
1801,B,18,2021-02-07T18:45:49-05:00[America/New_York],2021-02-07T18:46:07-05:00[America/New_York],Yes,2021-02-07,67549,Sunday
1801,C,22,2021-02-07T18:46:07-05:00[America/New_York],2021-02-07T18:46:29-05:00[America/New_York],Yes,2021-02-07,67567,Sunday
1801,<A>,51,2021-02-07T18:46:29-05:00[America/New_York],2021-02-07T18:47:20-05:00[America/New_York],Yes,2021-02-07,67589,Sunday
1801,B,15,2021-02-07T18:47:20-05:00[America/New_York],2021-02-07T18:47:35-05:00[America/New_York],Yes,2021-02-07,67640,Sunday
1801,C,21,2021-02-07T18:47:35-05:00[America/New_York],2021-02-07T18:47:56-05:00[America/New_York],Yes,2021-02-07,67655,Sunday
1801,<A>,44,2021-02-07T18:47:56-05:00[America/New_York],2021-02-07T18:48:40-05:00[America/New_York],Yes,2021-02-07,67676,Sunday
1801,B,18,2021-02-07T18:48:40-05:00[America/New_York],2021-02-07T18:48:58-05:00[America/New_York],NA,2021-02-07,67720,Sunday
1801,C,15,2021-02-07T18:48:58-05:00[America/New_York],2021-02-07T18:49:13-05:00[America/New_York],Yes,2021-02-07,67738,Sunday
1801,<A>,75,2021-02-07T18:49:13-05:00[America/New_York],2021-02-07T18:50:28-05:00[America/New_York],Yes,2021-02-07,67753,Sunday
1801,C,24,2021-02-07T18:50:28-05:00[America/New_York],2021-02-07T18:50:52-05:00[America/New_York],NA,2021-02-07,67828,Sunday
1801,<A>,47,2021-02-07T18:50:52-05:00[America/New_York],2021-02-07T18:51:39-05:00[America/New_York],Yes,2021-02-07,67852,Sunday
1801,B,18,2021-02-07T18:51:39-05:00[America/New_York],2021-02-07T18:51:57-05:00[America/New_York],NA,2021-02-07,67899,Sunday
1801,C,15,2021-02-07T18:51:57-05:00[America/New_York],2021-02-07T18:52:12-05:00[America/New_York],Yes,2021-02-07,67917,Sunday
1801,<A>,45,2021-02-07T18:52:12-05:00[America/New_York],2021-02-07T18:52:57-05:00[America/New_York],Yes,2021-02-07,67932,Sunday
1801,B,15,2021-02-07T18:52:57-05:00[America/New_York],2021-02-07T18:53:12-05:00[America/New_York],Yes,2021-02-07,67977,Sunday
1801,<A>,52,2021-02-07T18:53:12-05:00[America/New_York],2021-02-07T18:54:04-05:00[America/New_York],Yes,2021-02-07,67992,Sunday
1801,C,15,2021-02-07T18:54:04-05:00[America/New_York],2021-02-07T18:54:19-05:00[America/New_York],Yes,2021-02-07,68044,Sunday
1801,<A>,39,2021-02-07T18:54:19-05:00[America/New_York],2021-02-07T18:54:58-05:00[America/New_York],Yes,2021-02-07,68059,Sunday
1801,B,17,2021-02-07T18:54:58-05:00[America/New_York],2021-02-07T18:55:15-05:00[America/New_York],NA,2021-02-07,68098,Sunday
1801,C,19,2021-02-07T18:55:15-05:00[America/New_York],2021-02-07T18:55:34-05:00[America/New_York],NA,2021-02-07,68115,Sunday
1801,<A>,48,2021-02-07T18:55:34-05:00[America/New_York],2021-02-07T18:56:22-05:00[America/New_York],Yes,2021-02-07,68134,Sunday
1801,B,18,2021-02-07T18:56:22-05:00[America/New_York],2021-02-07T18:56:40-05:00[America/New_York],NA,2021-02-07,68182,Sunday
1801,C,16,2021-02-07T18:56:40-05:00[America/New_York],2021-02-07T18:56:56-05:00[America/New_York],NA,2021-02-07,68200,Sunday
1801,<A>,82,2021-02-07T18:56:56-05:00[America/New_York],2021-02-07T18:58:18-05:00[America/New_York],Yes,2021-02-07,68216,Sunday
1801,B,18,2021-02-07T18:58:18-05:00[America/New_York],2021-02-07T18:58:36-05:00[America/New_York],NA,2021-02-07,68298,Sunday
1801,C,15,2021-02-07T18:58:36-05:00[America/New_York],2021-02-07T18:58:51-05:00[America/New_York],NA,2021-02-07,68316,Sunday
1801,<A>,49,2021-02-07T18:58:51-05:00[America/New_York],2021-02-07T18:59:40-05:00[America/New_York],Yes,2021-02-07,68331,Sunday
1801,B,18,2021-02-07T18:59:40-05:00[America/New_York],2021-02-07T18:59:58-05:00[America/New_York],NA,2021-02-07,68380,Sunday
1801,C,16,2021-02-07T18:59:58-05:00[America/New_York],2021-02-07T19:00:14-05:00[America/New_York],NA,2021-02-07,68398,Sunday
1801,<A>,50,2021-02-07T19:00:14-05:00[America/New_York],2021-02-07T19:01:04-05:00[America/New_York],Yes,2021-02-07,68414,Sunday
1801,B,18,2021-02-07T19:01:04-05:00[America/New_York],2021-02-07T19:01:22-05:00[America/New_York],NA,2021-02-07,68464,Sunday
1801,C,16,2021-02-07T19:01:22-05:00[America/New_York],2021-02-07T19:01:38-05:00[America/New_York],NA,2021-02-07,68482,Sunday
1801,<A>,51,2021-02-07T19:01:38-05:00[America/New_York],2021-02-07T19:02:29-05:00[America/New_York],Yes,2021-02-07,68498,Sunday
1801,C,16,2021-02-07T19:02:29-05:00[America/New_York],2021-02-07T19:02:45-05:00[America/New_York],NA,2021-02-07,68549,Sunday
1801,<A>,51,2021-02-07T19:02:45-05:00[America/New_York],2021-02-07T19:03:36-05:00[America/New_York],Yes,2021-02-07,68565,Sunday
1801,B,18,2021-02-07T19:03:36-05:00[America/New_York],2021-02-07T19:03:54-05:00[America/New_York],NA,2021-02-07,68616,Sunday
1801,C,15,2021-02-07T19:03:54-05:00[America/New_York],2021-02-07T19:04:09-05:00[America/New_York],NA,2021-02-07,68634,Sunday
1801,<A>,58,2021-02-07T19:04:09-05:00[America/New_York],2021-02-07T19:05:07-05:00[America/New_York],Yes,2021-02-07,68649,Sunday
1801,C,16,2021-02-07T19:05:07-05:00[America/New_York],2021-02-07T19:05:23-05:00[America/New_York],NA,2021-02-07,68707,Sunday
1801,<A>,50,2021-02-07T19:05:23-05:00[America/New_York],2021-02-07T19:06:13-05:00[America/New_York],Yes,2021-02-07,68723,Sunday
1801,B,18,2021-02-07T19:06:13-05:00[America/New_York],2021-02-07T19:06:31-05:00[America/New_York],NA,2021-02-07,68773,Sunday
1801,C,16,2021-02-07T19:06:31-05:00[America/New_York],2021-02-07T19:06:47-05:00[America/New_York],NA,2021-02-07,68791,Sunday
1801,<A>,105,2021-02-07T19:06:47-05:00[America/New_York],2021-02-07T19:08:32-05:00[America/New_York],NA,2021-02-07,68807,Sunday
1801,C,15,2021-02-07T19:08:32-05:00[America/New_York],2021-02-07T19:08:47-05:00[America/New_York],Yes,2021-02-07,68912,Sunday
1801,<A>,85,2021-02-07T19:08:47-05:00[America/New_York],2021-02-07T19:10:12-05:00[America/New_York],NA,2021-02-07,68927,Sunday
1801,B,18,2021-02-07T19:10:12-05:00[America/New_York],2021-02-07T19:10:30-05:00[America/New_York],Yes,2021-02-07,69012,Sunday
1801,C,26,2021-02-07T19:10:30-05:00[America/New_York],2021-02-07T19:10:56-05:00[America/New_York],Yes,2021-02-07,69030,Sunday
1801,<A>,38,2021-02-07T19:10:56-05:00[America/New_York],2021-02-07T19:11:34-05:00[America/New_York],NA,2021-02-07,69056,Sunday
1801,B,16,2021-02-07T19:11:34-05:00[America/New_York],2021-02-07T19:11:50-05:00[America/New_York],Yes,2021-02-07,69094,Sunday
1801,<A>,79,2021-02-07T19:11:50-05:00[America/New_York],2021-02-07T19:13:09-05:00[America/New_York],NA,2021-02-07,69110,Sunday
1801,B,16,2021-02-07T19:13:09-05:00[America/New_York],2021-02-07T19:13:25-05:00[America/New_York],Yes,2021-02-07,69189,Sunday
1801,C,20,2021-02-07T19:13:25-05:00[America/New_York],2021-02-07T19:13:45-05:00[America/New_York],Yes,2021-02-07,69205,Sunday
1801,<A>,75,2021-02-07T19:13:45-05:00[America/New_York],2021-02-07T19:15:00-05:00[America/New_York],NA,2021-02-07,69225,Sunday
1801,B,15,2021-02-07T19:15:00-05:00[America/New_York],2021-02-07T19:15:15-05:00[America/New_York],Yes,2021-02-07,69300,Sunday
1801,C,21,2021-02-07T19:15:15-05:00[America/New_York],2021-02-07T19:15:36-05:00[America/New_York],Yes,2021-02-07,69315,Sunday
1801,<A>,61,2021-02-07T19:15:36-05:00[America/New_York],2021-02-07T19:16:37-05:00[America/New_York],Yes,2021-02-07,69336,Sunday
1801,B,17,2021-02-07T19:16:37-05:00[America/New_York],2021-02-07T19:16:54-05:00[America/New_York],NA,2021-02-07,69397,Sunday
1801,C,15,2021-02-07T19:16:54-05:00[America/New_York],2021-02-07T19:17:09-05:00[America/New_York],Yes,2021-02-07,69414,Sunday
1801,<A>,68,2021-02-07T19:17:09-05:00[America/New_York],2021-02-07T19:18:17-05:00[America/New_York],NA,2021-02-07,69429,Sunday
1801,B,16,2021-02-07T19:18:17-05:00[America/New_York],2021-02-07T19:18:33-05:00[America/New_York],NA,2021-02-07,69497,Sunday
1801,C,15,2021-02-07T19:18:33-05:00[America/New_York],2021-02-07T19:18:48-05:00[America/New_York],Yes,2021-02-07,69513,Sunday
1801,<A>,49,2021-02-07T19:18:48-05:00[America/New_York],2021-02-07T19:19:37-05:00[America/New_York],Yes,2021-02-07,69528,Sunday
1801,C,15,2021-02-07T19:19:37-05:00[America/New_York],2021-02-07T19:19:52-05:00[America/New_York],Yes,2021-02-07,69577,Sunday
1801,<A>,42,2021-02-07T19:19:52-05:00[America/New_York],2021-02-07T19:20:34-05:00[America/New_York],Yes,2021-02-07,69592,Sunday
1801,B,15,2021-02-07T19:20:34-05:00[America/New_York],2021-02-07T19:20:49-05:00[America/New_York],Yes,2021-02-07,69634,Sunday
1801,<A>,62,2021-02-07T19:20:49-05:00[America/New_York],2021-02-07T19:21:51-05:00[America/New_York],NA,2021-02-07,69649,Sunday
1801,B,15,2021-02-07T19:21:51-05:00[America/New_York],2021-02-07T19:22:06-05:00[America/New_York],Yes,2021-02-07,69711,Sunday
1801,C,19,2021-02-07T19:22:06-05:00[America/New_York],2021-02-07T19:22:25-05:00[America/New_York],NA,2021-02-07,69726,Sunday
1801,<A>,45,2021-02-07T19:22:25-05:00[America/New_York],2021-02-07T19:23:10-05:00[America/New_York],Yes,2021-02-07,69745,Sunday
1801,B,17,2021-02-07T19:23:10-05:00[America/New_York],2021-02-07T19:23:27-05:00[America/New_York],NA,2021-02-07,69790,Sunday
1801,<A>,47,2021-02-07T19:23:27-05:00[America/New_York],2021-02-07T19:24:14-05:00[America/New_York],Yes,2021-02-07,69807,Sunday
1801,B,17,2021-02-07T19:24:14-05:00[America/New_York],2021-02-07T19:24:31-05:00[America/New_York],NA,2021-02-07,69854,Sunday
1801,C,17,2021-02-07T19:24:31-05:00[America/New_York],2021-02-07T19:24:48-05:00[America/New_York],NA,2021-02-07,69871,Sunday
1801,<A>,58,2021-02-07T19:24:48-05:00[America/New_York],2021-02-07T19:25:46-05:00[America/New_York],Yes,2021-02-07,69888,Sunday
1801,B,17,2021-02-07T19:25:46-05:00[America/New_York],2021-02-07T19:26:03-05:00[America/New_York],NA,2021-02-07,69946,Sunday
1801,C,17,2021-02-07T19:26:03-05:00[America/New_York],2021-02-07T19:26:20-05:00[America/New_York],NA,2021-02-07,69963,Sunday
1801,<A>,70,2021-02-07T19:26:20-05:00[America/New_York],2021-02-07T19:27:30-05:00[America/New_York],Yes,2021-02-07,69980,Sunday
1801,B,16,2021-02-07T19:27:30-05:00[America/New_York],2021-02-07T19:27:46-05:00[America/New_York],NA,2021-02-07,70050,Sunday
1801,C,17,2021-02-07T19:27:46-05:00[America/New_York],2021-02-07T19:28:03-05:00[America/New_York],NA,2021-02-07,70066,Sunday
1801,<A>,43,2021-02-07T19:28:03-05:00[America/New_York],2021-02-07T19:28:46-05:00[America/New_York],Yes,2021-02-07,70083,Sunday
1801,C,17,2021-02-07T19:28:46-05:00[America/New_York],2021-02-07T19:29:03-05:00[America/New_York],NA,2021-02-07,70126,Sunday
1801,<A>,47,2021-02-07T19:29:03-05:00[America/New_York],2021-02-07T19:29:50-05:00[America/New_York],Yes,2021-02-07,70143,Sunday
1801,B,16,2021-02-07T19:29:50-05:00[America/New_York],2021-02-07T19:30:06-05:00[America/New_York],NA,2021-02-07,70190,Sunday
1801,C,16,2021-02-07T19:30:06-05:00[America/New_York],2021-02-07T19:30:22-05:00[America/New_York],NA,2021-02-07,70206,Sunday
1801,<A>,56,2021-02-07T19:30:22-05:00[America/New_York],2021-02-07T19:31:18-05:00[America/New_York],Yes,2021-02-07,70222,Sunday
1801,B,15,2021-02-07T19:31:18-05:00[America/New_York],2021-02-07T19:31:33-05:00[America/New_York],NA,2021-02-07,70278,Sunday
1801,C,16,2021-02-07T19:31:33-05:00[America/New_York],2021-02-07T19:31:49-05:00[America/New_York],NA,2021-02-07,70293,Sunday
1801,<A>,54,2021-02-07T19:31:49-05:00[America/New_York],2021-02-07T19:32:43-05:00[America/New_York],Yes,2021-02-07,70309,Sunday
1801,C,16,2021-02-07T19:32:43-05:00[America/New_York],2021-02-07T19:32:59-05:00[America/New_York],Yes,2021-02-07,70363,Sunday
1801,<A>,42,2021-02-07T19:32:59-05:00[America/New_York],2021-02-07T19:33:41-05:00[America/New_York],NA,2021-02-07,70379,Sunday
1801,B,17,2021-02-07T19:33:41-05:00[America/New_York],2021-02-07T19:33:58-05:00[America/New_York],Yes,2021-02-07,70421,Sunday
1801,<A>,39,2021-02-07T19:33:58-05:00[America/New_York],2021-02-07T19:34:37-05:00[America/New_York],Yes,2021-02-07,70438,Sunday
1801,B,16,2021-02-07T19:34:37-05:00[America/New_York],2021-02-07T19:34:53-05:00[America/New_York],Yes,2021-02-07,70477,Sunday
1801,C,17,2021-02-07T19:34:53-05:00[America/New_York],2021-02-07T19:35:10-05:00[America/New_York],Yes,2021-02-07,70493,Sunday
1801,<A>,50,2021-02-07T19:35:10-05:00[America/New_York],2021-02-07T19:36:00-05:00[America/New_York],Yes,2021-02-07,70510,Sunday
1801,B,17,2021-02-07T19:36:00-05:00[America/New_York],2021-02-07T19:36:17-05:00[America/New_York],Yes,2021-02-07,70560,Sunday
1801,C,16,2021-02-07T19:36:17-05:00[America/New_York],2021-02-07T19:36:33-05:00[America/New_York],Yes,2021-02-07,70577,Sunday
1801,<A>,46,2021-02-07T19:36:33-05:00[America/New_York],2021-02-07T19:37:19-05:00[America/New_York],Yes,2021-02-07,70593,Sunday
1801,B,16,2021-02-07T19:37:19-05:00[America/New_York],2021-02-07T19:37:35-05:00[America/New_York],Yes,2021-02-07,70639,Sunday
1801,<A>,47,2021-02-07T19:37:35-05:00[America/New_York],2021-02-07T19:38:22-05:00[America/New_York],Yes,2021-02-07,70655,Sunday
1801,B,15,2021-02-07T19:38:22-05:00[America/New_York],2021-02-07T19:38:37-05:00[America/New_York],Yes,2021-02-07,70702,Sunday
1801,C,16,2021-02-07T19:38:37-05:00[America/New_York],2021-02-07T19:38:53-05:00[America/New_York],Yes,2021-02-07,70717,Sunday
1801,<A>,43,2021-02-07T19:38:53-05:00[America/New_York],2021-02-07T19:39:36-05:00[America/New_York],Yes,2021-02-07,70733,Sunday
1801,B,22,2021-02-07T19:39:36-05:00[America/New_York],2021-02-07T19:39:58-05:00[America/New_York],NA,2021-02-07,70776,Sunday
1801,C,17,2021-02-07T19:39:58-05:00[America/New_York],2021-02-07T19:40:15-05:00[America/New_York],Yes,2021-02-07,70798,Sunday
1801,<A>,64,2021-02-07T19:40:15-05:00[America/New_York],2021-02-07T19:41:19-05:00[America/New_York],NA,2021-02-07,70815,Sunday
1801,B,15,2021-02-07T19:41:19-05:00[America/New_York],2021-02-07T19:41:34-05:00[America/New_York],Yes,2021-02-07,70879,Sunday
1801,C,16,2021-02-07T19:41:34-05:00[America/New_York],2021-02-07T19:41:50-05:00[America/New_York],Yes,2021-02-07,70894,Sunday
1801,<A>,49,2021-02-07T19:41:50-05:00[America/New_York],2021-02-07T19:42:39-05:00[America/New_York],Yes,2021-02-07,70910,Sunday
1801,B,18,2021-02-07T19:42:39-05:00[America/New_York],2021-02-07T19:42:57-05:00[America/New_York],NA,2021-02-07,70959,Sunday
1801,<A>,42,2021-02-07T19:42:57-05:00[America/New_York],2021-02-07T19:43:39-05:00[America/New_York],Yes,2021-02-07,70977,Sunday
1801,B,15,2021-02-07T19:43:39-05:00[America/New_York],2021-02-07T19:43:54-05:00[America/New_York],NA,2021-02-07,71019,Sunday
1801,<A>,49,2021-02-07T19:43:54-05:00[America/New_York],2021-02-07T19:44:43-05:00[America/New_York],Yes,2021-02-07,71034,Sunday
1801,B,15,2021-02-07T19:44:43-05:00[America/New_York],2021-02-07T19:44:58-05:00[America/New_York],NA,2021-02-07,71083,Sunday
1801,<A>,57,2021-02-07T19:44:58-05:00[America/New_York],2021-02-07T19:45:55-05:00[America/New_York],Yes,2021-02-07,71098,Sunday
1801,B,16,2021-02-07T19:45:55-05:00[America/New_York],2021-02-07T19:46:11-05:00[America/New_York],NA,2021-02-07,71155,Sunday
1801,<A>,45,2021-02-07T19:46:11-05:00[America/New_York],2021-02-07T19:46:56-05:00[America/New_York],Yes,2021-02-07,71171,Sunday
1801,C,18,2021-02-07T19:46:56-05:00[America/New_York],2021-02-07T19:47:14-05:00[America/New_York],Yes,2021-02-07,71216,Sunday
1801,<A>,57,2021-02-07T19:47:14-05:00[America/New_York],2021-02-07T19:48:11-05:00[America/New_York],NA,2021-02-07,71234,Sunday
1801,B,16,2021-02-07T19:48:11-05:00[America/New_York],2021-02-07T19:48:27-05:00[America/New_York],NA,2021-02-07,71291,Sunday
1801,C,22,2021-02-07T19:48:27-05:00[America/New_York],2021-02-07T19:48:49-05:00[America/New_York],NA,2021-02-07,71307,Sunday
1801,<A>,114,2021-02-07T19:48:49-05:00[America/New_York],2021-02-07T19:50:43-05:00[America/New_York],NA,2021-02-07,71329,Sunday
1801,B,15,2021-02-07T19:50:43-05:00[America/New_York],2021-02-07T19:50:58-05:00[America/New_York],NA,2021-02-07,71443,Sunday
1801,<A>,51,2021-02-07T19:50:58-05:00[America/New_York],2021-02-07T19:51:49-05:00[America/New_York],Yes,2021-02-07,71458,Sunday
1801,B,16,2021-02-07T19:51:49-05:00[America/New_York],2021-02-07T19:52:05-05:00[America/New_York],NA,2021-02-07,71509,Sunday
1801,C,16,2021-02-07T19:52:05-05:00[America/New_York],2021-02-07T19:52:21-05:00[America/New_York],Yes,2021-02-07,71525,Sunday
1801,<A>,43,2021-02-07T19:52:21-05:00[America/New_York],2021-02-07T19:53:04-05:00[America/New_York],Yes,2021-02-07,71541,Sunday
1801,B,16,2021-02-07T19:53:04-05:00[America/New_York],2021-02-07T19:53:20-05:00[America/New_York],NA,2021-02-07,71584,Sunday
1801,C,18,2021-02-07T19:53:20-05:00[America/New_York],2021-02-07T19:53:38-05:00[America/New_York],Yes,2021-02-07,71600,Sunday
1801,<A>,59,2021-02-07T19:53:38-05:00[America/New_York],2021-02-07T19:54:37-05:00[America/New_York],Yes,2021-02-07,71618,Sunday
1801,B,21,2021-02-07T19:54:37-05:00[America/New_York],2021-02-07T19:54:58-05:00[America/New_York],Yes,2021-02-07,71677,Sunday
1801,C,23,2021-02-07T19:54:58-05:00[America/New_York],2021-02-07T19:55:21-05:00[America/New_York],NA,2021-02-07,71698,Sunday
1801,<A>,50,2021-02-07T19:55:21-05:00[America/New_York],2021-02-07T19:56:11-05:00[America/New_York],NA,2021-02-07,71721,Sunday
1801,C,18,2021-02-07T19:56:11-05:00[America/New_York],2021-02-07T19:56:29-05:00[America/New_York],Yes,2021-02-07,71771,Sunday
1801,<A>,53,2021-02-07T19:56:29-05:00[America/New_York],2021-02-07T19:57:22-05:00[America/New_York],Yes,2021-02-07,71789,Sunday
1801,B,15,2021-02-07T19:57:22-05:00[America/New_York],2021-02-07T19:57:37-05:00[America/New_York],Yes,2021-02-07,71842,Sunday
1801,C,18,2021-02-07T19:57:37-05:00[America/New_York],2021-02-07T19:57:55-05:00[America/New_York],Yes,2021-02-07,71857,Sunday
1801,<A>,43,2021-02-07T19:57:55-05:00[America/New_York],2021-02-07T19:58:38-05:00[America/New_York],Yes,2021-02-07,71875,Sunday
1801,B,15,2021-02-07T19:58:38-05:00[America/New_York],2021-02-07T19:58:53-05:00[America/New_York],Yes,2021-02-07,71918,Sunday
1801,C,18,2021-02-07T19:58:53-05:00[America/New_York],2021-02-07T19:59:11-05:00[America/New_York],Yes,2021-02-07,71933,Sunday
1801,<A>,50,2021-02-07T19:59:11-05:00[America/New_York],2021-02-07T20:00:01-05:00[America/New_York],Yes,2021-02-07,71951,Sunday
1801,C,23,2021-02-07T20:00:01-05:00[America/New_York],2021-02-07T20:00:24-05:00[America/New_York],Yes,2021-02-07,72001,Sunday
1801,<A>,43,2021-02-07T20:00:24-05:00[America/New_York],2021-02-07T20:01:07-05:00[America/New_York],Yes,2021-02-07,72024,Sunday
1801,B,15,2021-02-07T20:01:07-05:00[America/New_York],2021-02-07T20:01:22-05:00[America/New_York],Yes,2021-02-07,72067,Sunday
1801,<A>,40,2021-02-07T20:01:22-05:00[America/New_York],2021-02-07T20:02:02-05:00[America/New_York],Yes,2021-02-07,72082,Sunday
1801,C,24,2021-02-07T20:02:02-05:00[America/New_York],2021-02-07T20:02:26-05:00[America/New_York],NA,2021-02-07,72122,Sunday
1801,<A>,46,2021-02-07T20:02:26-05:00[America/New_York],2021-02-07T20:03:12-05:00[America/New_York],NA,2021-02-07,72146,Sunday
1801,B,20,2021-02-07T20:03:12-05:00[America/New_York],2021-02-07T20:03:32-05:00[America/New_York],Yes,2021-02-07,72192,Sunday
1801,<A>,43,2021-02-07T20:03:32-05:00[America/New_York],2021-02-07T20:04:15-05:00[America/New_York],Yes,2021-02-07,72212,Sunday
1801,C,15,2021-02-07T20:04:15-05:00[America/New_York],2021-02-07T20:04:30-05:00[America/New_York],Yes,2021-02-07,72255,Sunday
1801,<A>,41,2021-02-07T20:04:30-05:00[America/New_York],2021-02-07T20:05:11-05:00[America/New_York],Yes,2021-02-07,72270,Sunday
1801,B,22,2021-02-07T20:05:11-05:00[America/New_York],2021-02-07T20:05:33-05:00[America/New_York],NA,2021-02-07,72311,Sunday
1801,C,15,2021-02-07T20:05:33-05:00[America/New_York],2021-02-07T20:05:48-05:00[America/New_York],Yes,2021-02-07,72333,Sunday
1801,<A>,47,2021-02-07T20:05:48-05:00[America/New_York],2021-02-07T20:06:35-05:00[America/New_York],Yes,2021-02-07,72348,Sunday
1801,B,20,2021-02-07T20:06:35-05:00[America/New_York],2021-02-07T20:06:55-05:00[America/New_York],Yes,2021-02-07,72395,Sunday
1801,C,24,2021-02-07T20:06:55-05:00[America/New_York],2021-02-07T20:07:19-05:00[America/New_York],NA,2021-02-07,72415,Sunday
1801,<A>,47,2021-02-07T20:07:19-05:00[America/New_York],2021-02-07T20:08:06-05:00[America/New_York],Yes,2021-02-07,72439,Sunday
1801,B,19,2021-02-07T20:08:06-05:00[America/New_York],2021-02-07T20:08:25-05:00[America/New_York],NA,2021-02-07,72486,Sunday
1801,C,20,2021-02-07T20:08:25-05:00[America/New_York],2021-02-07T20:08:45-05:00[America/New_York],Yes,2021-02-07,72505,Sunday
1801,<A>,40,2021-02-07T20:08:45-05:00[America/New_York],2021-02-07T20:09:25-05:00[America/New_York],Yes,2021-02-07,72525,Sunday
1801,C,21,2021-02-07T20:09:25-05:00[America/New_York],2021-02-07T20:09:46-05:00[America/New_York],Yes,2021-02-07,72565,Sunday
1801,<A>,41,2021-02-07T20:09:46-05:00[America/New_York],2021-02-07T20:10:27-05:00[America/New_York],Yes,2021-02-07,72586,Sunday
1801,C,18,2021-02-07T20:10:27-05:00[America/New_York],2021-02-07T20:10:45-05:00[America/New_York],Yes,2021-02-07,72627,Sunday
1801,<A>,44,2021-02-07T20:10:45-05:00[America/New_York],2021-02-07T20:11:29-05:00[America/New_York],Yes,2021-02-07,72645,Sunday
1801,B,15,2021-02-07T20:11:29-05:00[America/New_York],2021-02-07T20:11:44-05:00[America/New_York],Yes,2021-02-07,72689,Sunday
1801,<A>,40,2021-02-07T20:11:44-05:00[America/New_York],2021-02-07T20:12:24-05:00[America/New_York],Yes,2021-02-07,72704,Sunday
1801,B,15,2021-02-07T20:12:24-05:00[America/New_York],2021-02-07T20:12:39-05:00[America/New_York],Yes,2021-02-07,72744,Sunday
1801,C,16,2021-02-07T20:12:39-05:00[America/New_York],2021-02-07T20:12:55-05:00[America/New_York],Yes,2021-02-07,72759,Sunday
1801,<A>,117,2021-02-07T20:12:55-05:00[America/New_York],2021-02-07T20:14:52-05:00[America/New_York],NA,2021-02-07,72775,Sunday
1801,B,17,2021-02-07T20:14:52-05:00[America/New_York],2021-02-07T20:15:09-05:00[America/New_York],NA,2021-02-07,72892,Sunday
1801,C,17,2021-02-07T20:15:09-05:00[America/New_York],2021-02-07T20:15:26-05:00[America/New_York],Yes,2021-02-07,72909,Sunday
1801,<A>,46,2021-02-07T20:15:26-05:00[America/New_York],2021-02-07T20:16:12-05:00[America/New_York],Yes,2021-02-07,72926,Sunday
1801,B,17,2021-02-07T20:16:12-05:00[America/New_York],2021-02-07T20:16:29-05:00[America/New_York],NA,2021-02-07,72972,Sunday
1801,C,17,2021-02-07T20:16:29-05:00[America/New_York],2021-02-07T20:16:46-05:00[America/New_York],Yes,2021-02-07,72989,Sunday
1801,<A>,147,2021-02-07T20:16:46-05:00[America/New_York],2021-02-07T20:19:13-05:00[America/New_York],Yes,2021-02-07,73006,Sunday
1801,C,18,2021-02-07T20:19:13-05:00[America/New_York],2021-02-07T20:19:31-05:00[America/New_York],Yes,2021-02-07,73153,Sunday
1801,<A>,60,2021-02-07T20:19:31-05:00[America/New_York],2021-02-07T20:20:31-05:00[America/New_York],Yes,2021-02-07,73171,Sunday
1801,B,15,2021-02-07T20:20:31-05:00[America/New_York],2021-02-07T20:20:46-05:00[America/New_York],Yes,2021-02-07,73231,Sunday
1801,C,18,2021-02-07T20:20:46-05:00[America/New_York],2021-02-07T20:21:04-05:00[America/New_York],NA,2021-02-07,73246,Sunday
1801,<A>,50,2021-02-07T20:21:04-05:00[America/New_York],2021-02-07T20:21:54-05:00[America/New_York],Yes,2021-02-07,73264,Sunday
1801,B,15,2021-02-07T20:21:54-05:00[America/New_York],2021-02-07T20:22:09-05:00[America/New_York],Yes,2021-02-07,73314,Sunday
1801,C,16,2021-02-07T20:22:09-05:00[America/New_York],2021-02-07T20:22:25-05:00[America/New_York],NA,2021-02-07,73329,Sunday
1801,<A>,45,2021-02-07T20:22:25-05:00[America/New_York],2021-02-07T20:23:10-05:00[America/New_York],Yes,2021-02-07,73345,Sunday
1801,B,15,2021-02-07T20:23:10-05:00[America/New_York],2021-02-07T20:23:25-05:00[America/New_York],Yes,2021-02-07,73390,Sunday
1801,C,16,2021-02-07T20:23:25-05:00[America/New_York],2021-02-07T20:23:41-05:00[America/New_York],NA,2021-02-07,73405,Sunday
1801,<A>,50,2021-02-07T20:23:41-05:00[America/New_York],2021-02-07T20:24:31-05:00[America/New_York],Yes,2021-02-07,73421,Sunday
1801,B,16,2021-02-07T20:24:31-05:00[America/New_York],2021-02-07T20:24:47-05:00[America/New_York],NA,2021-02-07,73471,Sunday
1801,C,16,2021-02-07T20:24:47-05:00[America/New_York],2021-02-07T20:25:03-05:00[America/New_York],NA,2021-02-07,73487,Sunday
1801,<A>,88,2021-02-07T20:25:03-05:00[America/New_York],2021-02-07T20:26:31-05:00[America/New_York],NA,2021-02-07,73503,Sunday
1801,B,15,2021-02-07T20:26:31-05:00[America/New_York],2021-02-07T20:26:46-05:00[America/New_York],NA,2021-02-07,73591,Sunday
1801,<A>,86,2021-02-07T20:26:46-05:00[America/New_York],2021-02-07T20:28:12-05:00[America/New_York],NA,2021-02-07,73606,Sunday
1801,B,16,2021-02-07T20:28:12-05:00[America/New_York],2021-02-07T20:28:28-05:00[America/New_York],NA,2021-02-07,73692,Sunday
1801,<A>,51,2021-02-07T20:28:28-05:00[America/New_York],2021-02-07T20:29:19-05:00[America/New_York],Yes,2021-02-07,73708,Sunday
1801,B,16,2021-02-07T20:29:19-05:00[America/New_York],2021-02-07T20:29:35-05:00[America/New_York],NA,2021-02-07,73759,Sunday
1801,C,16,2021-02-07T20:29:35-05:00[America/New_York],2021-02-07T20:29:51-05:00[America/New_York],NA,2021-02-07,73775,Sunday
1801,<A>,43,2021-02-07T20:29:51-05:00[America/New_York],2021-02-07T20:30:34-05:00[America/New_York],Yes,2021-02-07,73791,Sunday
1801,B,15,2021-02-07T20:30:34-05:00[America/New_York],2021-02-07T20:30:49-05:00[America/New_York],NA,2021-02-07,73834,Sunday
1801,<A>,59,2021-02-07T20:30:49-05:00[America/New_York],2021-02-07T20:31:48-05:00[America/New_York],Yes,2021-02-07,73849,Sunday
1801,B,16,2021-02-07T20:31:48-05:00[America/New_York],2021-02-07T20:32:04-05:00[America/New_York],NA,2021-02-07,73908,Sunday
1801,C,16,2021-02-07T20:32:04-05:00[America/New_York],2021-02-07T20:32:20-05:00[America/New_York],NA,2021-02-07,73924,Sunday
1801,<A>,51,2021-02-07T20:32:20-05:00[America/New_York],2021-02-07T20:33:11-05:00[America/New_York],Yes,2021-02-07,73940,Sunday
1801,B,16,2021-02-07T20:33:11-05:00[America/New_York],2021-02-07T20:33:27-05:00[America/New_York],NA,2021-02-07,73991,Sunday
1801,C,16,2021-02-07T20:33:27-05:00[America/New_York],2021-02-07T20:33:43-05:00[America/New_York],NA,2021-02-07,74007,Sunday
1801,<A>,53,2021-02-07T20:33:43-05:00[America/New_York],2021-02-07T20:34:36-05:00[America/New_York],Yes,2021-02-07,74023,Sunday
1801,B,15,2021-02-07T20:34:36-05:00[America/New_York],2021-02-07T20:34:51-05:00[America/New_York],NA,2021-02-07,74076,Sunday
1801,<A>,65,2021-02-07T20:34:51-05:00[America/New_York],2021-02-07T20:35:56-05:00[America/New_York],Yes,2021-02-07,74091,Sunday
1801,B,16,2021-02-07T20:35:56-05:00[America/New_York],2021-02-07T20:36:12-05:00[America/New_York],NA,2021-02-07,74156,Sunday
1801,C,16,2021-02-07T20:36:12-05:00[America/New_York],2021-02-07T20:36:28-05:00[America/New_York],NA,2021-02-07,74172,Sunday
1801,<A>,44,2021-02-07T20:36:28-05:00[America/New_York],2021-02-07T20:37:12-05:00[America/New_York],Yes,2021-02-07,74188,Sunday
1801,B,16,2021-02-07T20:37:12-05:00[America/New_York],2021-02-07T20:37:28-05:00[America/New_York],NA,2021-02-07,74232,Sunday
1801,<A>,248,2021-02-07T20:37:28-05:00[America/New_York],2021-02-07T20:41:36-05:00[America/New_York],Yes,2021-02-07,74248,Sunday
1801,C,16,2021-02-07T20:41:36-05:00[America/New_York],2021-02-07T20:41:52-05:00[America/New_York],NA,2021-02-07,74496,Sunday
1801,<A>,198,2021-02-07T20:41:52-05:00[America/New_York],2021-02-07T20:45:10-05:00[America/New_York],NA,2021-02-07,74512,Sunday
1801,B,15,2021-02-07T20:45:10-05:00[America/New_York],2021-02-07T20:45:25-05:00[America/New_York],NA,2021-02-07,74710,Sunday
1801,C,16,2021-02-07T20:45:25-05:00[America/New_York],2021-02-07T20:45:41-05:00[America/New_York],NA,2021-02-07,74725,Sunday
1801,<A>,50,2021-02-07T20:45:41-05:00[America/New_York],2021-02-07T20:46:31-05:00[America/New_York],Yes,2021-02-07,74741,Sunday
1801,B,15,2021-02-07T20:46:31-05:00[America/New_York],2021-02-07T20:46:46-05:00[America/New_York],Yes,2021-02-07,74791,Sunday
1801,C,16,2021-02-07T20:46:46-05:00[America/New_York],2021-02-07T20:47:02-05:00[America/New_York],NA,2021-02-07,74806,Sunday
1801,<A>,80,2021-02-07T20:47:02-05:00[America/New_York],2021-02-07T20:48:22-05:00[America/New_York],Yes,2021-02-07,74822,Sunday
1801,C,16,2021-02-07T20:48:22-05:00[America/New_York],2021-02-07T20:48:38-05:00[America/New_York],NA,2021-02-07,74902,Sunday
1801,<A>,52,2021-02-07T20:48:38-05:00[America/New_York],2021-02-07T20:49:30-05:00[America/New_York],Yes,2021-02-07,74918,Sunday
1801,C,16,2021-02-07T20:49:30-05:00[America/New_York],2021-02-07T20:49:46-05:00[America/New_York],NA,2021-02-07,74970,Sunday
1801,<A>,47,2021-02-07T20:49:46-05:00[America/New_York],2021-02-07T20:50:33-05:00[America/New_York],Yes,2021-02-07,74986,Sunday
1801,B,17,2021-02-07T20:50:33-05:00[America/New_York],2021-02-07T20:50:50-05:00[America/New_York],NA,2021-02-07,75033,Sunday
1801,<A>,58,2021-02-07T20:50:50-05:00[America/New_York],2021-02-07T20:51:48-05:00[America/New_York],Yes,2021-02-07,75050,Sunday
1801,C,16,2021-02-07T20:51:48-05:00[America/New_York],2021-02-07T20:52:04-05:00[America/New_York],NA,2021-02-07,75108,Sunday
1801,<A>,52,2021-02-07T20:52:04-05:00[America/New_York],2021-02-07T20:52:56-05:00[America/New_York],Yes,2021-02-07,75124,Sunday
1801,B,15,2021-02-07T20:52:56-05:00[America/New_York],2021-02-07T20:53:11-05:00[America/New_York],Yes,2021-02-07,75176,Sunday
1801,C,16,2021-02-07T20:53:11-05:00[America/New_York],2021-02-07T20:53:27-05:00[America/New_York],NA,2021-02-07,75191,Sunday
1801,<A>,64,2021-02-07T20:53:27-05:00[America/New_York],2021-02-07T20:54:31-05:00[America/New_York],Yes,2021-02-07,75207,Sunday
1801,C,16,2021-02-07T20:54:31-05:00[America/New_York],2021-02-07T20:54:47-05:00[America/New_York],NA,2021-02-07,75271,Sunday
1801,<A>,39,2021-02-07T20:54:47-05:00[America/New_York],2021-02-07T20:55:26-05:00[America/New_York],Yes,2021-02-07,75287,Sunday
1801,B,17,2021-02-07T20:55:26-05:00[America/New_York],2021-02-07T20:55:43-05:00[America/New_York],NA,2021-02-07,75326,Sunday
1801,C,15,2021-02-07T20:55:43-05:00[America/New_York],2021-02-07T20:55:58-05:00[America/New_York],NA,2021-02-07,75343,Sunday
1801,<A>,43,2021-02-07T20:55:58-05:00[America/New_York],2021-02-07T20:56:41-05:00[America/New_York],Yes,2021-02-07,75358,Sunday
1801,B,17,2021-02-07T20:56:41-05:00[America/New_York],2021-02-07T20:56:58-05:00[America/New_York],NA,2021-02-07,75401,Sunday
1801,C,15,2021-02-07T20:56:58-05:00[America/New_York],2021-02-07T20:57:13-05:00[America/New_York],NA,2021-02-07,75418,Sunday
1801,<A>,47,2021-02-07T20:57:13-05:00[America/New_York],2021-02-07T20:58:00-05:00[America/New_York],Yes,2021-02-07,75433,Sunday
1801,B,15,2021-02-07T20:58:00-05:00[America/New_York],2021-02-07T20:58:15-05:00[America/New_York],Yes,2021-02-07,75480,Sunday
1801,C,16,2021-02-07T20:58:15-05:00[America/New_York],2021-02-07T20:58:31-05:00[America/New_York],NA,2021-02-07,75495,Sunday
1801,<A>,48,2021-02-07T20:58:31-05:00[America/New_York],2021-02-07T20:59:19-05:00[America/New_York],Yes,2021-02-07,75511,Sunday
1801,C,16,2021-02-07T20:59:19-05:00[America/New_York],2021-02-07T20:59:35-05:00[America/New_York],NA,2021-02-07,75559,Sunday
1801,<A>,47,2021-02-07T20:59:35-05:00[America/New_York],2021-02-07T21:00:22-05:00[America/New_York],Yes,2021-02-07,75575,Sunday
1801,B,17,2021-02-07T21:00:22-05:00[America/New_York],2021-02-07T21:00:39-05:00[America/New_York],NA,2021-02-07,75622,Sunday
1801,<A>,65,2021-02-07T21:00:39-05:00[America/New_York],2021-02-07T21:01:44-05:00[America/New_York],Yes,2021-02-07,75639,Sunday
1801,C,15,2021-02-07T21:01:44-05:00[America/New_York],2021-02-07T21:01:59-05:00[America/New_York],NA,2021-02-07,75704,Sunday
1801,<A>,41,2021-02-07T21:01:59-05:00[America/New_York],2021-02-07T21:02:40-05:00[America/New_York],Yes,2021-02-07,75719,Sunday
1801,B,17,2021-02-07T21:02:40-05:00[America/New_York],2021-02-07T21:02:57-05:00[America/New_York],NA,2021-02-07,75760,Sunday
1801,<A>,47,2021-02-07T21:02:57-05:00[America/New_York],2021-02-07T21:03:44-05:00[America/New_York],Yes,2021-02-07,75777,Sunday
1801,C,16,2021-02-07T21:03:44-05:00[America/New_York],2021-02-07T21:04:00-05:00[America/New_York],NA,2021-02-07,75824,Sunday
1801,<A>,144,2021-02-07T21:04:00-05:00[America/New_York],2021-02-07T21:06:24-05:00[America/New_York],Yes,2021-02-07,75840,Sunday
1801,B,15,2021-02-07T21:06:24-05:00[America/New_York],2021-02-07T21:06:39-05:00[America/New_York],NA,2021-02-07,75984,Sunday
1801,C,16,2021-02-07T21:06:39-05:00[America/New_York],2021-02-07T21:06:55-05:00[America/New_York],NA,2021-02-07,75999,Sunday
1801,<A>,44,2021-02-07T21:06:55-05:00[America/New_York],2021-02-07T21:07:39-05:00[America/New_York],Yes,2021-02-07,76015,Sunday
1801,C,15,2021-02-07T21:07:39-05:00[America/New_York],2021-02-07T21:07:54-05:00[America/New_York],NA,2021-02-07,76059,Sunday
1801,<A>,45,2021-02-07T21:07:54-05:00[America/New_York],2021-02-07T21:08:39-05:00[America/New_York],Yes,2021-02-07,76074,Sunday
1801,B,16,2021-02-07T21:08:39-05:00[America/New_York],2021-02-07T21:08:55-05:00[America/New_York],NA,2021-02-07,76119,Sunday
1801,C,16,2021-02-07T21:08:55-05:00[America/New_York],2021-02-07T21:09:11-05:00[America/New_York],NA,2021-02-07,76135,Sunday
1801,<A>,78,2021-02-07T21:09:11-05:00[America/New_York],2021-02-07T21:10:29-05:00[America/New_York],Yes,2021-02-07,76151,Sunday
1801,B,16,2021-02-07T21:10:29-05:00[America/New_York],2021-02-07T21:10:45-05:00[America/New_York],NA,2021-02-07,76229,Sunday
1801,<A>,139,2021-02-07T21:10:45-05:00[America/New_York],2021-02-07T21:13:04-05:00[America/New_York],Yes,2021-02-07,76245,Sunday
1801,B,15,2021-02-07T21:13:04-05:00[America/New_York],2021-02-07T21:13:19-05:00[America/New_York],NA,2021-02-07,76384,Sunday
1801,C,16,2021-02-07T21:13:19-05:00[America/New_York],2021-02-07T21:13:35-05:00[America/New_York],NA,2021-02-07,76399,Sunday
1801,<A>,49,2021-02-07T21:13:35-05:00[America/New_York],2021-02-07T21:14:24-05:00[America/New_York],Yes,2021-02-07,76415,Sunday
1801,C,16,2021-02-07T21:14:24-05:00[America/New_York],2021-02-07T21:14:40-05:00[America/New_York],NA,2021-02-07,76464,Sunday
1801,<A>,48,2021-02-07T21:14:40-05:00[America/New_York],2021-02-07T21:15:28-05:00[America/New_York],Yes,2021-02-07,76480,Sunday
1801,B,16,2021-02-07T21:15:28-05:00[America/New_York],2021-02-07T21:15:44-05:00[America/New_York],NA,2021-02-07,76528,Sunday
1801,<A>,49,2021-02-07T21:15:44-05:00[America/New_York],2021-02-07T21:16:33-05:00[America/New_York],Yes,2021-02-07,76544,Sunday
1801,B,15,2021-02-07T21:16:33-05:00[America/New_York],2021-02-07T21:16:48-05:00[America/New_York],NA,2021-02-07,76593,Sunday
1801,C,16,2021-02-07T21:16:48-05:00[America/New_York],2021-02-07T21:17:04-05:00[America/New_York],NA,2021-02-07,76608,Sunday
1801,<A>,74,2021-02-07T21:17:04-05:00[America/New_York],2021-02-07T21:18:18-05:00[America/New_York],Yes,2021-02-07,76624,Sunday
1801,C,16,2021-02-07T21:18:18-05:00[America/New_York],2021-02-07T21:18:34-05:00[America/New_York],NA,2021-02-07,76698,Sunday
1801,<A>,53,2021-02-07T21:18:34-05:00[America/New_York],2021-02-07T21:19:27-05:00[America/New_York],Yes,2021-02-07,76714,Sunday
1801,C,16,2021-02-07T21:19:27-05:00[America/New_York],2021-02-07T21:19:43-05:00[America/New_York],NA,2021-02-07,76767,Sunday
1801,<A>,44,2021-02-07T21:19:43-05:00[America/New_York],2021-02-07T21:20:27-05:00[America/New_York],Yes,2021-02-07,76783,Sunday
1801,C,15,2021-02-07T21:20:27-05:00[America/New_York],2021-02-07T21:20:42-05:00[America/New_York],NA,2021-02-07,76827,Sunday
1801,<A>,51,2021-02-07T21:20:42-05:00[America/New_York],2021-02-07T21:21:33-05:00[America/New_York],Yes,2021-02-07,76842,Sunday
1801,C,16,2021-02-07T21:21:33-05:00[America/New_York],2021-02-07T21:21:49-05:00[America/New_York],NA,2021-02-07,76893,Sunday
1801,<A>,63,2021-02-07T21:21:49-05:00[America/New_York],2021-02-07T21:22:52-05:00[America/New_York],Yes,2021-02-07,76909,Sunday
1801,C,16,2021-02-07T21:22:52-05:00[America/New_York],2021-02-07T21:23:08-05:00[America/New_York],NA,2021-02-07,76972,Sunday
1801,<A>,55,2021-02-07T21:23:08-05:00[America/New_York],2021-02-07T21:24:03-05:00[America/New_York],Yes,2021-02-07,76988,Sunday
1801,B,16,2021-02-07T21:24:03-05:00[America/New_York],2021-02-07T21:24:19-05:00[America/New_York],NA,2021-02-07,77043,Sunday
1801,<A>,82,2021-02-07T21:24:19-05:00[America/New_York],2021-02-07T21:25:41-05:00[America/New_York],Yes,2021-02-07,77059,Sunday
1801,C,15,2021-02-07T21:25:41-05:00[America/New_York],2021-02-07T21:25:56-05:00[America/New_York],NA,2021-02-07,77141,Sunday
1801,<A>,88,2021-02-07T21:25:56-05:00[America/New_York],2021-02-07T21:27:24-05:00[America/New_York],NA,2021-02-07,77156,Sunday
1801,C,15,2021-02-07T21:27:24-05:00[America/New_York],2021-02-07T21:27:39-05:00[America/New_York],NA,2021-02-07,77244,Sunday
1801,<A>,41,2021-02-07T21:27:39-05:00[America/New_York],2021-02-07T21:28:20-05:00[America/New_York],Yes,2021-02-07,77259,Sunday
1801,C,16,2021-02-07T21:28:20-05:00[America/New_York],2021-02-07T21:28:36-05:00[America/New_York],NA,2021-02-07,77300,Sunday
1801,<A>,54,2021-02-07T21:28:36-05:00[America/New_York],2021-02-07T21:29:30-05:00[America/New_York],Yes,2021-02-07,77316,Sunday
1801,C,15,2021-02-07T21:29:30-05:00[America/New_York],2021-02-07T21:29:45-05:00[America/New_York],NA,2021-02-07,77370,Sunday
1801,<A>,41,2021-02-07T21:29:45-05:00[America/New_York],2021-02-07T21:30:26-05:00[America/New_York],Yes,2021-02-07,77385,Sunday
1801,B,16,2021-02-07T21:30:26-05:00[America/New_York],2021-02-07T21:30:42-05:00[America/New_York],NA,2021-02-07,77426,Sunday
1801,C,15,2021-02-07T21:30:42-05:00[America/New_York],2021-02-07T21:30:57-05:00[America/New_York],NA,2021-02-07,77442,Sunday
1801,<A>,65,2021-02-07T21:30:57-05:00[America/New_York],2021-02-07T21:32:02-05:00[America/New_York],Yes,2021-02-07,77457,Sunday
1801,C,15,2021-02-07T21:32:02-05:00[America/New_York],2021-02-07T21:32:17-05:00[America/New_York],NA,2021-02-07,77522,Sunday
1801,<A>,47,2021-02-07T21:32:17-05:00[America/New_York],2021-02-07T21:33:04-05:00[America/New_York],Yes,2021-02-07,77537,Sunday
1801,B,15,2021-02-07T21:33:04-05:00[America/New_York],2021-02-07T21:33:19-05:00[America/New_York],NA,2021-02-07,77584,Sunday
1801,C,16,2021-02-07T21:33:19-05:00[America/New_York],2021-02-07T21:33:35-05:00[America/New_York],NA,2021-02-07,77599,Sunday
1801,<A>,51,2021-02-07T21:33:35-05:00[America/New_York],2021-02-07T21:34:26-05:00[America/New_York],Yes,2021-02-07,77615,Sunday
1801,C,16,2021-02-07T21:34:26-05:00[America/New_York],2021-02-07T21:34:42-05:00[America/New_York],NA,2021-02-07,77666,Sunday
1801,<A>,43,2021-02-07T21:34:42-05:00[America/New_York],2021-02-07T21:35:25-05:00[America/New_York],Yes,2021-02-07,77682,Sunday
1801,B,15,2021-02-07T21:35:25-05:00[America/New_York],2021-02-07T21:35:40-05:00[America/New_York],NA,2021-02-07,77725,Sunday
1801,C,16,2021-02-07T21:35:40-05:00[America/New_York],2021-02-07T21:35:56-05:00[America/New_York],NA,2021-02-07,77740,Sunday
1801,<A>,49,2021-02-07T21:35:56-05:00[America/New_York],2021-02-07T21:36:45-05:00[America/New_York],Yes,2021-02-07,77756,Sunday
1801,C,16,2021-02-07T21:36:45-05:00[America/New_York],2021-02-07T21:37:01-05:00[America/New_York],NA,2021-02-07,77805,Sunday
1801,<A>,75,2021-02-07T21:37:01-05:00[America/New_York],2021-02-07T21:38:16-05:00[America/New_York],NA,2021-02-07,77821,Sunday
1801,B,16,2021-02-07T21:38:16-05:00[America/New_York],2021-02-07T21:38:32-05:00[America/New_York],NA,2021-02-07,77896,Sunday
1801,C,16,2021-02-07T21:38:32-05:00[America/New_York],2021-02-07T21:38:48-05:00[America/New_York],NA,2021-02-07,77912,Sunday
1801,<A>,39,2021-02-07T21:38:48-05:00[America/New_York],2021-02-07T21:39:27-05:00[America/New_York],Yes,2021-02-07,77928,Sunday
1801,C,16,2021-02-07T21:39:27-05:00[America/New_York],2021-02-07T21:39:43-05:00[America/New_York],NA,2021-02-07,77967,Sunday
1801,<A>,39,2021-02-07T21:39:43-05:00[America/New_York],2021-02-07T21:40:22-05:00[America/New_York],Yes,2021-02-07,77983,Sunday
1801,B,16,2021-02-07T21:40:22-05:00[America/New_York],2021-02-07T21:40:38-05:00[America/New_York],NA,2021-02-07,78022,Sunday
1801,C,16,2021-02-07T21:40:38-05:00[America/New_York],2021-02-07T21:40:54-05:00[America/New_York],NA,2021-02-07,78038,Sunday
1801,<A>,115,2021-02-07T21:40:54-05:00[America/New_York],2021-02-07T21:42:49-05:00[America/New_York],NA,2021-02-07,78054,Sunday
1801,C,15,2021-02-07T21:42:49-05:00[America/New_York],2021-02-07T21:43:04-05:00[America/New_York],NA,2021-02-07,78169,Sunday
1801,<A>,44,2021-02-07T21:43:04-05:00[America/New_York],2021-02-07T21:43:48-05:00[America/New_York],Yes,2021-02-07,78184,Sunday
1801,B,16,2021-02-07T21:43:48-05:00[America/New_York],2021-02-07T21:44:04-05:00[America/New_York],NA,2021-02-07,78228,Sunday
1801,C,15,2021-02-07T21:44:04-05:00[America/New_York],2021-02-07T21:44:19-05:00[America/New_York],NA,2021-02-07,78244,Sunday
1801,<A>,65,2021-02-07T21:44:19-05:00[America/New_York],2021-02-07T21:45:24-05:00[America/New_York],Yes,2021-02-07,78259,Sunday
1801,C,16,2021-02-07T21:45:24-05:00[America/New_York],2021-02-07T21:45:40-05:00[America/New_York],NA,2021-02-07,78324,Sunday
1801,<A>,39,2021-02-07T21:45:40-05:00[America/New_York],2021-02-07T21:46:19-05:00[America/New_York],Yes,2021-02-07,78340,Sunday
1801,C,16,2021-02-07T21:46:19-05:00[America/New_York],2021-02-07T21:46:35-05:00[America/New_York],NA,2021-02-07,78379,Sunday
1801,<A>,41,2021-02-07T21:46:35-05:00[America/New_York],2021-02-07T21:47:16-05:00[America/New_York],Yes,2021-02-07,78395,Sunday
1801,B,16,2021-02-07T21:47:16-05:00[America/New_York],2021-02-07T21:47:32-05:00[America/New_York],NA,2021-02-07,78436,Sunday
1801,C,15,2021-02-07T21:47:32-05:00[America/New_York],2021-02-07T21:47:47-05:00[America/New_York],NA,2021-02-07,78452,Sunday
1801,<A>,108,2021-02-07T21:47:47-05:00[America/New_York],2021-02-07T21:49:35-05:00[America/New_York],NA,2021-02-07,78467,Sunday
1801,C,16,2021-02-07T21:49:35-05:00[America/New_York],2021-02-07T21:49:51-05:00[America/New_York],NA,2021-02-07,78575,Sunday
1801,<A>,43,2021-02-07T21:49:51-05:00[America/New_York],2021-02-07T21:50:34-05:00[America/New_York],Yes,2021-02-07,78591,Sunday
1801,B,16,2021-02-07T21:50:34-05:00[America/New_York],2021-02-07T21:50:50-05:00[America/New_York],NA,2021-02-07,78634,Sunday
1801,C,15,2021-02-07T21:50:50-05:00[America/New_York],2021-02-07T21:51:05-05:00[America/New_York],NA,2021-02-07,78650,Sunday
1801,<A>,48,2021-02-07T21:51:05-05:00[America/New_York],2021-02-07T21:51:53-05:00[America/New_York],Yes,2021-02-07,78665,Sunday
1801,B,16,2021-02-07T21:51:53-05:00[America/New_York],2021-02-07T21:52:09-05:00[America/New_York],NA,2021-02-07,78713,Sunday
1801,<A>,50,2021-02-07T21:52:09-05:00[America/New_York],2021-02-07T21:52:59-05:00[America/New_York],Yes,2021-02-07,78729,Sunday
1801,B,15,2021-02-07T21:52:59-05:00[America/New_York],2021-02-07T21:53:14-05:00[America/New_York],NA,2021-02-07,78779,Sunday
1801,C,16,2021-02-07T21:53:14-05:00[America/New_York],2021-02-07T21:53:30-05:00[America/New_York],NA,2021-02-07,78794,Sunday
1801,<A>,46,2021-02-07T21:53:30-05:00[America/New_York],2021-02-07T21:54:16-05:00[America/New_York],Yes,2021-02-07,78810,Sunday
1801,C,15,2021-02-07T21:54:16-05:00[America/New_York],2021-02-07T21:54:31-05:00[America/New_York],NA,2021-02-07,78856,Sunday
1801,<A>,43,2021-02-07T21:54:31-05:00[America/New_York],2021-02-07T21:55:14-05:00[America/New_York],Yes,2021-02-07,78871,Sunday
1801,B,15,2021-02-07T21:55:14-05:00[America/New_York],2021-02-07T21:55:29-05:00[America/New_York],NA,2021-02-07,78914,Sunday
1801,<A>,39,2021-02-07T21:55:29-05:00[America/New_York],2021-02-07T21:56:08-05:00[America/New_York],Yes,2021-02-07,78929,Sunday
1801,B,16,2021-02-07T21:56:08-05:00[America/New_York],2021-02-07T21:56:24-05:00[America/New_York],NA,2021-02-07,78968,Sunday
1801,C,15,2021-02-07T21:56:24-05:00[America/New_York],2021-02-07T21:56:39-05:00[America/New_York],NA,2021-02-07,78984,Sunday
1801,<A>,45,2021-02-07T21:56:39-05:00[America/New_York],2021-02-07T21:57:24-05:00[America/New_York],Yes,2021-02-07,78999,Sunday
1801,B,15,2021-02-07T21:57:24-05:00[America/New_York],2021-02-07T21:57:39-05:00[America/New_York],NA,2021-02-07,79044,Sunday
1801,C,16,2021-02-07T21:57:39-05:00[America/New_York],2021-02-07T21:57:55-05:00[America/New_York],NA,2021-02-07,79059,Sunday
1801,<A>,72,2021-02-07T21:57:55-05:00[America/New_York],2021-02-07T21:59:07-05:00[America/New_York],Yes,2021-02-07,79075,Sunday
1801,B,16,2021-02-07T21:59:07-05:00[America/New_York],2021-02-07T21:59:23-05:00[America/New_York],NA,2021-02-07,79147,Sunday
1801,C,16,2021-02-07T21:59:23-05:00[America/New_York],2021-02-07T21:59:39-05:00[America/New_York],NA,2021-02-07,79163,Sunday
1801,<A>,46,2021-02-07T21:59:39-05:00[America/New_York],2021-02-07T22:00:25-05:00[America/New_York],Yes,2021-02-07,79179,Sunday
1801,B,16,2021-02-07T22:00:25-05:00[America/New_York],2021-02-07T22:00:41-05:00[America/New_York],NA,2021-02-07,79225,Sunday
1801,C,15,2021-02-07T22:00:41-05:00[America/New_York],2021-02-07T22:00:56-05:00[America/New_York],NA,2021-02-07,79241,Sunday
1801,<A>,44,2021-02-07T22:00:56-05:00[America/New_York],2021-02-07T22:01:40-05:00[America/New_York],Yes,2021-02-07,79256,Sunday
1801,B,16,2021-02-07T22:01:40-05:00[America/New_York],2021-02-07T22:01:56-05:00[America/New_York],NA,2021-02-07,79300,Sunday
1801,C,16,2021-02-07T22:01:56-05:00[America/New_York],2021-02-07T22:02:12-05:00[America/New_York],NA,2021-02-07,79316,Sunday
1801,<A>,43,2021-02-07T22:02:12-05:00[America/New_York],2021-02-07T22:02:55-05:00[America/New_York],Yes,2021-02-07,79332,Sunday
1801,C,15,2021-02-07T22:02:55-05:00[America/New_York],2021-02-07T22:03:10-05:00[America/New_York],NA,2021-02-07,79375,Sunday
1801,<A>,39,2021-02-07T22:03:10-05:00[America/New_York],2021-02-07T22:03:49-05:00[America/New_York],Yes,2021-02-07,79390,Sunday
1801,B,16,2021-02-07T22:03:49-05:00[America/New_York],2021-02-07T22:04:05-05:00[America/New_York],NA,2021-02-07,79429,Sunday
1801,C,15,2021-02-07T22:04:05-05:00[America/New_York],2021-02-07T22:04:20-05:00[America/New_York],NA,2021-02-07,79445,Sunday
1801,<A>,108,2021-02-07T22:04:20-05:00[America/New_York],2021-02-07T22:06:08-05:00[America/New_York],NA,2021-02-07,79460,Sunday
1801,C,16,2021-02-07T22:06:08-05:00[America/New_York],2021-02-07T22:06:24-05:00[America/New_York],NA,2021-02-07,79568,Sunday
1801,<A>,39,2021-02-07T22:06:24-05:00[America/New_York],2021-02-07T22:07:03-05:00[America/New_York],Yes,2021-02-07,79584,Sunday
1801,B,16,2021-02-07T22:07:03-05:00[America/New_York],2021-02-07T22:07:19-05:00[America/New_York],NA,2021-02-07,79623,Sunday
1801,C,16,2021-02-07T22:07:19-05:00[America/New_York],2021-02-07T22:07:35-05:00[America/New_York],Yes,2021-02-07,79639,Sunday
1801,<A>,80,2021-02-07T22:07:35-05:00[America/New_York],2021-02-07T22:08:55-05:00[America/New_York],NA,2021-02-07,79655,Sunday
1801,C,15,2021-02-07T22:08:55-05:00[America/New_York],2021-02-07T22:09:10-05:00[America/New_York],Yes,2021-02-07,79735,Sunday
1801,<A>,61,2021-02-07T22:09:10-05:00[America/New_York],2021-02-07T22:10:11-05:00[America/New_York],Yes,2021-02-07,79750,Sunday
1801,C,15,2021-02-07T22:10:11-05:00[America/New_York],2021-02-07T22:10:26-05:00[America/New_York],Yes,2021-02-07,79811,Sunday
1801,<A>,42,2021-02-07T22:10:26-05:00[America/New_York],2021-02-07T22:11:08-05:00[America/New_York],NA,2021-02-07,79826,Sunday
1801,B,19,2021-02-07T22:11:08-05:00[America/New_York],2021-02-07T22:11:27-05:00[America/New_York],Yes,2021-02-07,79868,Sunday
1801,C,20,2021-02-07T22:11:27-05:00[America/New_York],2021-02-07T22:11:47-05:00[America/New_York],Yes,2021-02-07,79887,Sunday
1801,<A>,39,2021-02-07T22:11:47-05:00[America/New_York],2021-02-07T22:12:26-05:00[America/New_York],Yes,2021-02-07,79907,Sunday
1801,B,15,2021-02-07T22:12:26-05:00[America/New_York],2021-02-07T22:12:41-05:00[America/New_York],Yes,2021-02-07,79946,Sunday
1801,<A>,45,2021-02-07T22:12:41-05:00[America/New_York],2021-02-07T22:13:26-05:00[America/New_York],Yes,2021-02-07,79961,Sunday
1801,C,18,2021-02-07T22:13:26-05:00[America/New_York],2021-02-07T22:13:44-05:00[America/New_York],Yes,2021-02-07,80006,Sunday
1801,<A>,60,2021-02-07T22:13:44-05:00[America/New_York],2021-02-07T22:14:44-05:00[America/New_York],NA,2021-02-07,80024,Sunday
1801,C,17,2021-02-07T22:14:44-05:00[America/New_York],2021-02-07T22:15:01-05:00[America/New_York],Yes,2021-02-07,80084,Sunday
1801,<A>,41,2021-02-07T22:15:01-05:00[America/New_York],2021-02-07T22:15:42-05:00[America/New_York],Yes,2021-02-07,80101,Sunday
1801,B,19,2021-02-07T22:15:42-05:00[America/New_York],2021-02-07T22:16:01-05:00[America/New_York],Yes,2021-02-07,80142,Sunday
1801,<A>,39,2021-02-07T22:16:01-05:00[America/New_York],2021-02-07T22:16:40-05:00[America/New_York],Yes,2021-02-07,80161,Sunday
1801,B,15,2021-02-07T22:16:40-05:00[America/New_York],2021-02-07T22:16:55-05:00[America/New_York],Yes,2021-02-07,80200,Sunday
1801,<A>,62,2021-02-07T22:16:55-05:00[America/New_York],2021-02-07T22:17:57-05:00[America/New_York],Yes,2021-02-07,80215,Sunday
1801,C,15,2021-02-07T22:17:57-05:00[America/New_York],2021-02-07T22:18:12-05:00[America/New_York],Yes,2021-02-07,80277,Sunday
1801,<A>,48,2021-02-07T22:18:12-05:00[America/New_York],2021-02-07T22:19:00-05:00[America/New_York],Yes,2021-02-07,80292,Sunday
1801,B,18,2021-02-07T22:19:00-05:00[America/New_York],2021-02-07T22:19:18-05:00[America/New_York],Yes,2021-02-07,80340,Sunday
1801,C,15,2021-02-07T22:19:18-05:00[America/New_York],2021-02-07T22:19:33-05:00[America/New_York],Yes,2021-02-07,80358,Sunday
1801,<A>,42,2021-02-07T22:19:33-05:00[America/New_York],2021-02-07T22:20:15-05:00[America/New_York],Yes,2021-02-07,80373,Sunday
1801,C,15,2021-02-07T22:20:15-05:00[America/New_York],2021-02-07T22:20:30-05:00[America/New_York],Yes,2021-02-07,80415,Sunday
1801,<A>,55,2021-02-07T22:20:30-05:00[America/New_York],2021-02-07T22:21:25-05:00[America/New_York],NA,2021-02-07,80430,Sunday
1801,B,16,2021-02-07T22:21:25-05:00[America/New_York],2021-02-07T22:21:41-05:00[America/New_York],Yes,2021-02-07,80485,Sunday
1801,<A>,53,2021-02-07T22:21:41-05:00[America/New_York],2021-02-07T22:22:34-05:00[America/New_York],Yes,2021-02-07,80501,Sunday
1801,B,16,2021-02-07T22:22:34-05:00[America/New_York],2021-02-07T22:22:50-05:00[America/New_York],NA,2021-02-07,80554,Sunday
1801,C,21,2021-02-07T22:22:50-05:00[America/New_York],2021-02-07T22:23:11-05:00[America/New_York],Yes,2021-02-07,80570,Sunday
1801,<A>,60,2021-02-07T22:23:11-05:00[America/New_York],2021-02-07T22:24:11-05:00[America/New_York],Yes,2021-02-07,80591,Sunday
1801,B,16,2021-02-07T22:24:11-05:00[America/New_York],2021-02-07T22:24:27-05:00[America/New_York],NA,2021-02-07,80651,Sunday
1801,C,15,2021-02-07T22:24:27-05:00[America/New_York],2021-02-07T22:24:42-05:00[America/New_York],Yes,2021-02-07,80667,Sunday
1801,<A>,64,2021-02-07T22:24:42-05:00[America/New_York],2021-02-07T22:25:46-05:00[America/New_York],NA,2021-02-07,80682,Sunday
1801,B,17,2021-02-07T22:25:46-05:00[America/New_York],2021-02-07T22:26:03-05:00[America/New_York],NA,2021-02-07,80746,Sunday
1801,C,15,2021-02-07T22:26:03-05:00[America/New_York],2021-02-07T22:26:18-05:00[America/New_York],Yes,2021-02-07,80763,Sunday
1801,<A>,44,2021-02-07T22:26:18-05:00[America/New_York],2021-02-07T22:27:02-05:00[America/New_York],Yes,2021-02-07,80778,Sunday
1801,B,17,2021-02-07T22:27:02-05:00[America/New_York],2021-02-07T22:27:19-05:00[America/New_York],NA,2021-02-07,80822,Sunday
1801,C,15,2021-02-07T22:27:19-05:00[America/New_York],2021-02-07T22:27:34-05:00[America/New_York],Yes,2021-02-07,80839,Sunday
1801,<A>,42,2021-02-07T22:27:34-05:00[America/New_York],2021-02-07T22:28:16-05:00[America/New_York],Yes,2021-02-07,80854,Sunday
1801,C,15,2021-02-07T22:28:16-05:00[America/New_York],2021-02-07T22:28:31-05:00[America/New_York],Yes,2021-02-07,80896,Sunday
1801,<A>,42,2021-02-07T22:28:31-05:00[America/New_York],2021-02-07T22:29:13-05:00[America/New_York],NA,2021-02-07,80911,Sunday
1801,C,16,2021-02-07T22:29:13-05:00[America/New_York],2021-02-07T22:29:29-05:00[America/New_York],Yes,2021-02-07,80953,Sunday
1801,<A>,66,2021-02-07T22:29:29-05:00[America/New_York],2021-02-07T22:30:35-05:00[America/New_York],Yes,2021-02-07,80969,Sunday
1801,C,15,2021-02-07T22:30:35-05:00[America/New_York],2021-02-07T22:30:50-05:00[America/New_York],Yes,2021-02-07,81035,Sunday
1801,<A>,55,2021-02-07T22:30:50-05:00[America/New_York],2021-02-07T22:31:45-05:00[America/New_York],Yes,2021-02-07,81050,Sunday
1801,B,15,2021-02-07T22:31:45-05:00[America/New_York],2021-02-07T22:32:00-05:00[America/New_York],Yes,2021-02-07,81105,Sunday
1801,C,18,2021-02-07T22:32:00-05:00[America/New_York],2021-02-07T22:32:18-05:00[America/New_York],Yes,2021-02-07,81120,Sunday
1801,<A>,56,2021-02-07T22:32:18-05:00[America/New_York],2021-02-07T22:33:14-05:00[America/New_York],Yes,2021-02-07,81138,Sunday
1801,B,15,2021-02-07T22:33:14-05:00[America/New_York],2021-02-07T22:33:29-05:00[America/New_York],Yes,2021-02-07,81194,Sunday
1801,C,21,2021-02-07T22:33:29-05:00[America/New_York],2021-02-07T22:33:50-05:00[America/New_York],Yes,2021-02-07,81209,Sunday
1801,<A>,52,2021-02-07T22:33:50-05:00[America/New_York],2021-02-07T22:34:42-05:00[America/New_York],Yes,2021-02-07,81230,Sunday
1801,B,20,2021-02-07T22:34:42-05:00[America/New_York],2021-02-07T22:35:02-05:00[America/New_York],Yes,2021-02-07,81282,Sunday
1801,C,16,2021-02-07T22:35:02-05:00[America/New_York],2021-02-07T22:35:18-05:00[America/New_York],Yes,2021-02-07,81302,Sunday
1801,<A>,45,2021-02-07T22:35:18-05:00[America/New_York],2021-02-07T22:36:03-05:00[America/New_York],Yes,2021-02-07,81318,Sunday
1801,B,19,2021-02-07T22:36:03-05:00[America/New_York],2021-02-07T22:36:22-05:00[America/New_York],NA,2021-02-07,81363,Sunday
1801,C,15,2021-02-07T22:36:22-05:00[America/New_York],2021-02-07T22:36:37-05:00[America/New_York],Yes,2021-02-07,81382,Sunday
1801,<A>,68,2021-02-07T22:36:37-05:00[America/New_York],2021-02-07T22:37:45-05:00[America/New_York],Yes,2021-02-07,81397,Sunday
1801,B,17,2021-02-07T22:37:45-05:00[America/New_York],2021-02-07T22:38:02-05:00[America/New_York],NA,2021-02-07,81465,Sunday
1801,C,15,2021-02-07T22:38:02-05:00[America/New_York],2021-02-07T22:38:17-05:00[America/New_York],Yes,2021-02-07,81482,Sunday
1801,<A>,50,2021-02-07T22:38:17-05:00[America/New_York],2021-02-07T22:39:07-05:00[America/New_York],Yes,2021-02-07,81497,Sunday
1801,C,20,2021-02-07T22:39:07-05:00[America/New_York],2021-02-07T22:39:27-05:00[America/New_York],Yes,2021-02-07,81547,Sunday
1801,<A>,52,2021-02-07T22:39:27-05:00[America/New_York],2021-02-07T22:40:19-05:00[America/New_York],Yes,2021-02-07,81567,Sunday
1801,B,17,2021-02-07T22:40:19-05:00[America/New_York],2021-02-07T22:40:36-05:00[America/New_York],NA,2021-02-07,81619,Sunday
1801,C,19,2021-02-07T22:40:36-05:00[America/New_York],2021-02-07T22:40:55-05:00[America/New_York],Yes,2021-02-07,81636,Sunday
1801,<A>,44,2021-02-07T22:40:55-05:00[America/New_York],2021-02-07T22:41:39-05:00[America/New_York],Yes,2021-02-07,81655,Sunday
1801,B,17,2021-02-07T22:41:39-05:00[America/New_York],2021-02-07T22:41:56-05:00[America/New_York],NA,2021-02-07,81699,Sunday
1801,C,25,2021-02-07T22:41:56-05:00[America/New_York],2021-02-07T22:42:21-05:00[America/New_York],NA,2021-02-07,81716,Sunday
1801,<A>,57,2021-02-07T22:42:21-05:00[America/New_York],2021-02-07T22:43:18-05:00[America/New_York],Yes,2021-02-07,81741,Sunday
1801,B,17,2021-02-07T22:43:18-05:00[America/New_York],2021-02-07T22:43:35-05:00[America/New_York],NA,2021-02-07,81798,Sunday
1801,C,19,2021-02-07T22:43:35-05:00[America/New_York],2021-02-07T22:43:54-05:00[America/New_York],Yes,2021-02-07,81815,Sunday
1801,<A>,48,2021-02-07T22:43:54-05:00[America/New_York],2021-02-07T22:44:42-05:00[America/New_York],Yes,2021-02-07,81834,Sunday
1801,B,15,2021-02-07T22:44:42-05:00[America/New_York],2021-02-07T22:44:57-05:00[America/New_York],Yes,2021-02-07,81882,Sunday
1801,C,20,2021-02-07T22:44:57-05:00[America/New_York],2021-02-07T22:45:17-05:00[America/New_York],NA,2021-02-07,81897,Sunday
1801,<A>,56,2021-02-07T22:45:17-05:00[America/New_York],2021-02-07T22:46:13-05:00[America/New_York],Yes,2021-02-07,81917,Sunday
1801,B,17,2021-02-07T22:46:13-05:00[America/New_York],2021-02-07T22:46:30-05:00[America/New_York],NA,2021-02-07,81973,Sunday
1801,C,20,2021-02-07T22:46:30-05:00[America/New_York],2021-02-07T22:46:50-05:00[America/New_York],NA,2021-02-07,81990,Sunday
1801,<A>,46,2021-02-07T22:46:50-05:00[America/New_York],2021-02-07T22:47:36-05:00[America/New_York],Yes,2021-02-07,82010,Sunday
1801,B,17,2021-02-07T22:47:36-05:00[America/New_York],2021-02-07T22:47:53-05:00[America/New_York],NA,2021-02-07,82056,Sunday
1801,C,18,2021-02-07T22:47:53-05:00[America/New_York],2021-02-07T22:48:11-05:00[America/New_York],NA,2021-02-07,82073,Sunday
1801,<A>,54,2021-02-07T22:48:11-05:00[America/New_York],2021-02-07T22:49:05-05:00[America/New_York],Yes,2021-02-07,82091,Sunday
1801,B,16,2021-02-07T22:49:05-05:00[America/New_York],2021-02-07T22:49:21-05:00[America/New_York],Yes,2021-02-07,82145,Sunday
1801,C,23,2021-02-07T22:49:21-05:00[America/New_York],2021-02-07T22:49:44-05:00[America/New_York],Yes,2021-02-07,82161,Sunday
1801,<A>,69,2021-02-07T22:49:44-05:00[America/New_York],2021-02-07T22:50:53-05:00[America/New_York],NA,2021-02-07,82184,Sunday
1801,C,17,2021-02-07T22:50:53-05:00[America/New_York],2021-02-07T22:51:10-05:00[America/New_York],Yes,2021-02-07,82253,Sunday
1801,<A>,40,2021-02-07T22:51:10-05:00[America/New_York],2021-02-07T22:51:50-05:00[America/New_York],Yes,2021-02-07,82270,Sunday
1801,B,16,2021-02-07T22:51:50-05:00[America/New_York],2021-02-07T22:52:06-05:00[America/New_York],Yes,2021-02-07,82310,Sunday
1801,C,15,2021-02-07T22:52:06-05:00[America/New_York],2021-02-07T22:52:21-05:00[America/New_York],Yes,2021-02-07,82326,Sunday
1801,<A>,48,2021-02-07T22:52:21-05:00[America/New_York],2021-02-07T22:53:09-05:00[America/New_York],Yes,2021-02-07,82341,Sunday
1801,B,15,2021-02-07T22:53:09-05:00[America/New_York],2021-02-07T22:53:24-05:00[America/New_York],Yes,2021-02-07,82389,Sunday
1801,C,16,2021-02-07T22:53:24-05:00[America/New_York],2021-02-07T22:53:40-05:00[America/New_York],Yes,2021-02-07,82404,Sunday
1801,<A>,55,2021-02-07T22:53:40-05:00[America/New_York],2021-02-07T22:54:35-05:00[America/New_York],Yes,2021-02-07,82420,Sunday
1801,B,18,2021-02-07T22:54:35-05:00[America/New_York],2021-02-07T22:54:53-05:00[America/New_York],Yes,2021-02-07,82475,Sunday
1801,C,15,2021-02-07T22:54:53-05:00[America/New_York],2021-02-07T22:55:08-05:00[America/New_York],Yes,2021-02-07,82493,Sunday
1801,<A>,50,2021-02-07T22:55:08-05:00[America/New_York],2021-02-07T22:55:58-05:00[America/New_York],Yes,2021-02-07,82508,Sunday
1801,B,24,2021-02-07T22:55:58-05:00[America/New_York],2021-02-07T22:56:22-05:00[America/New_York],NA,2021-02-07,82558,Sunday
1801,C,16,2021-02-07T22:56:22-05:00[America/New_York],2021-02-07T22:56:38-05:00[America/New_York],Yes,2021-02-07,82582,Sunday
1801,<A>,56,2021-02-07T22:56:38-05:00[America/New_York],2021-02-07T22:57:34-05:00[America/New_York],Yes,2021-02-07,82598,Sunday
1801,B,20,2021-02-07T22:57:34-05:00[America/New_York],2021-02-07T22:57:54-05:00[America/New_York],Yes,2021-02-07,82654,Sunday
1801,C,15,2021-02-07T22:57:54-05:00[America/New_York],2021-02-07T22:58:09-05:00[America/New_York],Yes,2021-02-07,82674,Sunday
1801,<A>,42,2021-02-07T22:58:09-05:00[America/New_York],2021-02-07T22:58:51-05:00[America/New_York],Yes,2021-02-07,82689,Sunday
1801,B,16,2021-02-07T22:58:51-05:00[America/New_York],2021-02-07T22:59:07-05:00[America/New_York],Yes,2021-02-07,82731,Sunday
1801,C,17,2021-02-07T22:59:07-05:00[America/New_York],2021-02-07T22:59:24-05:00[America/New_York],Yes,2021-02-07,82747,Sunday
1801,<A>,51,2021-02-07T22:59:24-05:00[America/New_York],2021-02-07T23:00:15-05:00[America/New_York],Yes,2021-02-07,82764,Sunday
1801,B,15,2021-02-07T23:00:15-05:00[America/New_York],2021-02-07T23:00:30-05:00[America/New_York],Yes,2021-02-07,82815,Sunday
1801,<A>,39,2021-02-07T23:00:30-05:00[America/New_York],2021-02-07T23:01:09-05:00[America/New_York],Yes,2021-02-07,82830,Sunday
1801,C,16,2021-02-07T23:01:09-05:00[America/New_York],2021-02-07T23:01:25-05:00[America/New_York],Yes,2021-02-07,82869,Sunday
1801,<A>,42,2021-02-07T23:01:25-05:00[America/New_York],2021-02-07T23:02:07-05:00[America/New_York],Yes,2021-02-07,82885,Sunday
1801,B,17,2021-02-07T23:02:07-05:00[America/New_York],2021-02-07T23:02:24-05:00[America/New_York],NA,2021-02-07,82927,Sunday
1801,C,17,2021-02-07T23:02:24-05:00[America/New_York],2021-02-07T23:02:41-05:00[America/New_York],Yes,2021-02-07,82944,Sunday
1801,<A>,63,2021-02-07T23:02:41-05:00[America/New_York],2021-02-07T23:03:44-05:00[America/New_York],Yes,2021-02-07,82961,Sunday
1801,B,15,2021-02-07T23:03:44-05:00[America/New_York],2021-02-07T23:03:59-05:00[America/New_York],Yes,2021-02-07,83024,Sunday
1801,<A>,39,2021-02-07T23:03:59-05:00[America/New_York],2021-02-07T23:04:38-05:00[America/New_York],Yes,2021-02-07,83039,Sunday
1801,C,15,2021-02-07T23:04:38-05:00[America/New_York],2021-02-07T23:04:53-05:00[America/New_York],Yes,2021-02-07,83078,Sunday
1801,<A>,43,2021-02-07T23:04:53-05:00[America/New_York],2021-02-07T23:05:36-05:00[America/New_York],Yes,2021-02-07,83093,Sunday
1801,B,18,2021-02-07T23:05:36-05:00[America/New_York],2021-02-07T23:05:54-05:00[America/New_York],NA,2021-02-07,83136,Sunday
1801,C,19,2021-02-07T23:05:54-05:00[America/New_York],2021-02-07T23:06:13-05:00[America/New_York],NA,2021-02-07,83154,Sunday
1801,<A>,48,2021-02-07T23:06:13-05:00[America/New_York],2021-02-07T23:07:01-05:00[America/New_York],Yes,2021-02-07,83173,Sunday
1801,C,18,2021-02-07T23:07:01-05:00[America/New_York],2021-02-07T23:07:19-05:00[America/New_York],NA,2021-02-07,83221,Sunday
1801,<A>,55,2021-02-07T23:07:19-05:00[America/New_York],2021-02-07T23:08:14-05:00[America/New_York],Yes,2021-02-07,83239,Sunday
1801,B,15,2021-02-07T23:08:14-05:00[America/New_York],2021-02-07T23:08:29-05:00[America/New_York],Yes,2021-02-07,83294,Sunday
1801,<A>,49,2021-02-07T23:08:29-05:00[America/New_York],2021-02-07T23:09:18-05:00[America/New_York],Yes,2021-02-07,83309,Sunday
1801,B,16,2021-02-07T23:09:18-05:00[America/New_York],2021-02-07T23:09:34-05:00[America/New_York],Yes,2021-02-07,83358,Sunday
1801,<A>,42,2021-02-07T23:09:34-05:00[America/New_York],2021-02-07T23:10:16-05:00[America/New_York],Yes,2021-02-07,83374,Sunday
1801,C,16,2021-02-07T23:10:16-05:00[America/New_York],2021-02-07T23:10:32-05:00[America/New_York],NA,2021-02-07,83416,Sunday
1801,<A>,49,2021-02-07T23:10:32-05:00[America/New_York],2021-02-07T23:11:21-05:00[America/New_York],Yes,2021-02-07,83432,Sunday
1801,C,15,2021-02-07T23:11:21-05:00[America/New_York],2021-02-07T23:11:36-05:00[America/New_York],NA,2021-02-07,83481,Sunday
1801,<A>,45,2021-02-07T23:11:36-05:00[America/New_York],2021-02-07T23:12:21-05:00[America/New_York],Yes,2021-02-07,83496,Sunday
1801,B,18,2021-02-07T23:12:21-05:00[America/New_York],2021-02-07T23:12:39-05:00[America/New_York],NA,2021-02-07,83541,Sunday
1801,C,15,2021-02-07T23:12:39-05:00[America/New_York],2021-02-07T23:12:54-05:00[America/New_York],NA,2021-02-07,83559,Sunday
1801,<A>,78,2021-02-07T23:12:54-05:00[America/New_York],2021-02-07T23:14:12-05:00[America/New_York],Yes,2021-02-07,83574,Sunday
1801,B,16,2021-02-07T23:14:12-05:00[America/New_York],2021-02-07T23:14:28-05:00[America/New_York],Yes,2021-02-07,83652,Sunday
1801,C,16,2021-02-07T23:14:28-05:00[America/New_York],2021-02-07T23:14:44-05:00[America/New_York],NA,2021-02-07,83668,Sunday
1801,<A>,71,2021-02-07T23:14:44-05:00[America/New_York],2021-02-07T23:15:55-05:00[America/New_York],NA,2021-02-07,83684,Sunday
1801,B,16,2021-02-07T23:15:55-05:00[America/New_York],2021-02-07T23:16:11-05:00[America/New_York],Yes,2021-02-07,83755,Sunday
1801,<A>,51,2021-02-07T23:16:11-05:00[America/New_York],2021-02-07T23:17:02-05:00[America/New_York],Yes,2021-02-07,83771,Sunday
1801,C,16,2021-02-07T23:17:02-05:00[America/New_York],2021-02-07T23:17:18-05:00[America/New_York],NA,2021-02-07,83822,Sunday
1801,<A>,52,2021-02-07T23:17:18-05:00[America/New_York],2021-02-07T23:18:10-05:00[America/New_York],Yes,2021-02-07,83838,Sunday
1801,B,15,2021-02-07T23:18:10-05:00[America/New_York],2021-02-07T23:18:25-05:00[America/New_York],Yes,2021-02-07,83890,Sunday
1801,<A>,50,2021-02-07T23:18:25-05:00[America/New_York],2021-02-07T23:19:15-05:00[America/New_York],Yes,2021-02-07,83905,Sunday
1801,B,17,2021-02-07T23:19:15-05:00[America/New_York],2021-02-07T23:19:32-05:00[America/New_York],Yes,2021-02-07,83955,Sunday
1801,C,16,2021-02-07T23:19:32-05:00[America/New_York],2021-02-07T23:19:48-05:00[America/New_York],NA,2021-02-07,83972,Sunday
1801,<A>,117,2021-02-07T23:19:48-05:00[America/New_York],2021-02-07T23:21:45-05:00[America/New_York],NA,2021-02-07,83988,Sunday
1801,B,15,2021-02-07T23:21:45-05:00[America/New_York],2021-02-07T23:22:00-05:00[America/New_York],Yes,2021-02-07,84105,Sunday
1801,<A>,39,2021-02-07T23:22:00-05:00[America/New_York],2021-02-07T23:22:39-05:00[America/New_York],Yes,2021-02-07,84120,Sunday
1801,B,17,2021-02-07T23:22:39-05:00[America/New_York],2021-02-07T23:22:56-05:00[America/New_York],Yes,2021-02-07,84159,Sunday
1801,C,16,2021-02-07T23:22:56-05:00[America/New_York],2021-02-07T23:23:12-05:00[America/New_York],NA,2021-02-07,84176,Sunday
1801,<A>,44,2021-02-07T23:23:12-05:00[America/New_York],2021-02-07T23:23:56-05:00[America/New_York],Yes,2021-02-07,84192,Sunday
1801,C,16,2021-02-07T23:23:56-05:00[America/New_York],2021-02-07T23:24:12-05:00[America/New_York],NA,2021-02-07,84236,Sunday
1801,<A>,41,2021-02-07T23:24:12-05:00[America/New_York],2021-02-07T23:24:53-05:00[America/New_York],Yes,2021-02-07,84252,Sunday
1801,B,16,2021-02-07T23:24:53-05:00[America/New_York],2021-02-07T23:25:09-05:00[America/New_York],Yes,2021-02-07,84293,Sunday
1801,C,17,2021-02-07T23:25:09-05:00[America/New_York],2021-02-07T23:25:26-05:00[America/New_York],NA,2021-02-07,84309,Sunday
1801,<A>,145,2021-02-07T23:25:26-05:00[America/New_York],2021-02-07T23:27:51-05:00[America/New_York],Yes,2021-02-07,84326,Sunday
1801,B,17,2021-02-07T23:27:51-05:00[America/New_York],2021-02-07T23:28:08-05:00[America/New_York],Yes,2021-02-07,84471,Sunday
1801,C,15,2021-02-07T23:28:08-05:00[America/New_York],2021-02-07T23:28:23-05:00[America/New_York],NA,2021-02-07,84488,Sunday
1801,<A>,43,2021-02-07T23:28:23-05:00[America/New_York],2021-02-07T23:29:06-05:00[America/New_York],Yes,2021-02-07,84503,Sunday
1801,C,16,2021-02-07T23:29:06-05:00[America/New_York],2021-02-07T23:29:22-05:00[America/New_York],NA,2021-02-07,84546,Sunday
1801,<A>,44,2021-02-07T23:29:22-05:00[America/New_York],2021-02-07T23:30:06-05:00[America/New_York],Yes,2021-02-07,84562,Sunday
1801,B,18,2021-02-07T23:30:06-05:00[America/New_York],2021-02-07T23:30:24-05:00[America/New_York],NA,2021-02-07,84606,Sunday
1801,<A>,115,2021-02-07T23:30:24-05:00[America/New_York],2021-02-07T23:32:19-05:00[America/New_York],NA,2021-02-07,84624,Sunday
1801,B,16,2021-02-07T23:32:19-05:00[America/New_York],2021-02-07T23:32:35-05:00[America/New_York],Yes,2021-02-07,84739,Sunday
1801,<A>,66,2021-02-07T23:32:35-05:00[America/New_York],2021-02-07T23:33:41-05:00[America/New_York],Yes,2021-02-07,84755,Sunday
1801,C,16,2021-02-07T23:33:41-05:00[America/New_York],2021-02-07T23:33:57-05:00[America/New_York],NA,2021-02-07,84821,Sunday
1801,<A>,54,2021-02-07T23:33:57-05:00[America/New_York],2021-02-07T23:34:51-05:00[America/New_York],Yes,2021-02-07,84837,Sunday
1801,C,15,2021-02-07T23:34:51-05:00[America/New_York],2021-02-07T23:35:06-05:00[America/New_York],NA,2021-02-07,84891,Sunday
1801,<A>,40,2021-02-07T23:35:06-05:00[America/New_York],2021-02-07T23:35:46-05:00[America/New_York],Yes,2021-02-07,84906,Sunday
1801,B,15,2021-02-07T23:35:46-05:00[America/New_York],2021-02-07T23:36:01-05:00[America/New_York],Yes,2021-02-07,84946,Sunday
1801,<A>,180,2021-02-07T23:36:01-05:00[America/New_York],2021-02-07T23:39:01-05:00[America/New_York],NA,2021-02-07,84961,Sunday
1801,B,17,2021-02-07T23:39:01-05:00[America/New_York],2021-02-07T23:39:18-05:00[America/New_York],NA,2021-02-07,85141,Sunday
1801,C,15,2021-02-07T23:39:18-05:00[America/New_York],2021-02-07T23:39:33-05:00[America/New_York],NA,2021-02-07,85158,Sunday
1801,<A>,54,2021-02-07T23:39:33-05:00[America/New_York],2021-02-07T23:40:27-05:00[America/New_York],Yes,2021-02-07,85173,Sunday
1801,B,16,2021-02-07T23:40:27-05:00[America/New_York],2021-02-07T23:40:43-05:00[America/New_York],NA,2021-02-07,85227,Sunday
1801,C,16,2021-02-07T23:40:43-05:00[America/New_York],2021-02-07T23:40:59-05:00[America/New_York],NA,2021-02-07,85243,Sunday
1801,<A>,73,2021-02-07T23:40:59-05:00[America/New_York],2021-02-07T23:42:12-05:00[America/New_York],NA,2021-02-07,85259,Sunday
1801,B,15,2021-02-07T23:42:12-05:00[America/New_York],2021-02-07T23:42:27-05:00[America/New_York],Yes,2021-02-07,85332,Sunday
1801,<A>,87,2021-02-07T23:42:27-05:00[America/New_York],2021-02-07T23:43:54-05:00[America/New_York],NA,2021-02-07,85347,Sunday
1801,B,15,2021-02-07T23:43:54-05:00[America/New_York],2021-02-07T23:44:09-05:00[America/New_York],Yes,2021-02-07,85434,Sunday
1801,<A>,61,2021-02-07T23:44:09-05:00[America/New_York],2021-02-07T23:45:10-05:00[America/New_York],Yes,2021-02-07,85449,Sunday
1801,B,15,2021-02-07T23:45:10-05:00[America/New_York],2021-02-07T23:45:25-05:00[America/New_York],Yes,2021-02-07,85510,Sunday
1801,C,16,2021-02-07T23:45:25-05:00[America/New_York],2021-02-07T23:45:41-05:00[America/New_York],NA,2021-02-07,85525,Sunday
1801,<A>,68,2021-02-07T23:45:41-05:00[America/New_York],2021-02-07T23:46:49-05:00[America/New_York],NA,2021-02-07,85541,Sunday
1801,B,17,2021-02-07T23:46:49-05:00[America/New_York],2021-02-07T23:47:06-05:00[America/New_York],NA,2021-02-07,85609,Sunday
1801,C,15,2021-02-07T23:47:06-05:00[America/New_York],2021-02-07T23:47:21-05:00[America/New_York],NA,2021-02-07,85626,Sunday
1801,<A>,44,2021-02-07T23:47:21-05:00[America/New_York],2021-02-07T23:48:05-05:00[America/New_York],Yes,2021-02-07,85641,Sunday
1801,B,15,2021-02-07T23:48:05-05:00[America/New_York],2021-02-07T23:48:20-05:00[America/New_York],Yes,2021-02-07,85685,Sunday
1801,C,16,2021-02-07T23:48:20-05:00[America/New_York],2021-02-07T23:48:36-05:00[America/New_York],NA,2021-02-07,85700,Sunday
1801,<A>,66,2021-02-07T23:48:36-05:00[America/New_York],2021-02-07T23:49:42-05:00[America/New_York],Yes,2021-02-07,85716,Sunday
1801,C,16,2021-02-07T23:49:42-05:00[America/New_York],2021-02-07T23:49:58-05:00[America/New_York],NA,2021-02-07,85782,Sunday
1801,<A>,156,2021-02-07T23:49:58-05:00[America/New_York],2021-02-07T23:52:34-05:00[America/New_York],Yes,2021-02-07,85798,Sunday
1801,B,15,2021-02-07T23:52:34-05:00[America/New_York],2021-02-07T23:52:49-05:00[America/New_York],Yes,2021-02-07,85954,Sunday
1801,C,16,2021-02-07T23:52:49-05:00[America/New_York],2021-02-07T23:53:05-05:00[America/New_York],NA,2021-02-07,85969,Sunday
1801,<A>,49,2021-02-07T23:53:05-05:00[America/New_York],2021-02-07T23:53:54-05:00[America/New_York],Yes,2021-02-07,85985,Sunday
1801,B,15,2021-02-07T23:53:54-05:00[America/New_York],2021-02-07T23:54:09-05:00[America/New_York],Yes,2021-02-07,86034,Sunday
1801,C,16,2021-02-07T23:54:09-05:00[America/New_York],2021-02-07T23:54:25-05:00[America/New_York],NA,2021-02-07,86049,Sunday
1801,<A>,153,2021-02-07T23:54:25-05:00[America/New_York],2021-02-07T23:56:58-05:00[America/New_York],Yes,2021-02-07,86065,Sunday
1801,B,15,2021-02-07T23:56:58-05:00[America/New_York],2021-02-07T23:57:13-05:00[America/New_York],Yes,2021-02-07,86218,Sunday
1801,<A>,62,2021-02-07T23:57:13-05:00[America/New_York],2021-02-07T23:58:15-05:00[America/New_York],Yes,2021-02-07,86233,Sunday
1801,B,15,2021-02-07T23:58:15-05:00[America/New_York],2021-02-07T23:58:30-05:00[America/New_York],NA,2021-02-07,86295,Sunday
1801,<A>,89,2021-02-07T23:58:30-05:00[America/New_York],2021-02-07T23:59:59-05:00[America/New_York],NA,2021-02-07,86310,Sunday
1802,B,14,2021-02-07T00:00:12-05:00[America/New_York],2021-02-07T00:00:26-05:00[America/New_York],Yes,2021-02-07,12,Sunday
1802,<A>,31,2021-02-07T00:00:26-05:00[America/New_York],2021-02-07T00:00:57-05:00[America/New_York],Yes,2021-02-07,26,Sunday
1802,B,15,2021-02-07T00:00:57-05:00[America/New_York],2021-02-07T00:01:12-05:00[America/New_York],NA,2021-02-07,57,Sunday
1802,<A>,26,2021-02-07T00:01:12-05:00[America/New_York],2021-02-07T00:01:38-05:00[America/New_York],Yes,2021-02-07,72,Sunday
1802,B,15,2021-02-07T00:01:38-05:00[America/New_York],2021-02-07T00:01:53-05:00[America/New_York],NA,2021-02-07,98,Sunday
1802,<A>,28,2021-02-07T00:01:53-05:00[America/New_York],2021-02-07T00:02:21-05:00[America/New_York],Yes,2021-02-07,113,Sunday
1802,B,15,2021-02-07T00:02:21-05:00[America/New_York],2021-02-07T00:02:36-05:00[America/New_York],NA,2021-02-07,141,Sunday
1802,<A>,26,2021-02-07T00:02:36-05:00[America/New_York],2021-02-07T00:03:02-05:00[America/New_York],Yes,2021-02-07,156,Sunday
1802,B,16,2021-02-07T00:03:02-05:00[America/New_York],2021-02-07T00:03:18-05:00[America/New_York],NA,2021-02-07,182,Sunday
1802,<A>,26,2021-02-07T00:03:18-05:00[America/New_York],2021-02-07T00:03:44-05:00[America/New_York],Yes,2021-02-07,198,Sunday
1802,B,16,2021-02-07T00:03:44-05:00[America/New_York],2021-02-07T00:04:00-05:00[America/New_York],NA,2021-02-07,224,Sunday
1802,<A>,27,2021-02-07T00:04:00-05:00[America/New_York],2021-02-07T00:04:27-05:00[America/New_York],Yes,2021-02-07,240,Sunday
1802,B,19,2021-02-07T00:04:27-05:00[America/New_York],2021-02-07T00:04:46-05:00[America/New_York],NA,2021-02-07,267,Sunday
1802,<A>,26,2021-02-07T00:04:46-05:00[America/New_York],2021-02-07T00:05:12-05:00[America/New_York],Yes,2021-02-07,286,Sunday
1802,B,19,2021-02-07T00:05:12-05:00[America/New_York],2021-02-07T00:05:31-05:00[America/New_York],NA,2021-02-07,312,Sunday
1802,<A>,26,2021-02-07T00:05:31-05:00[America/New_York],2021-02-07T00:05:57-05:00[America/New_York],Yes,2021-02-07,331,Sunday
1802,B,21,2021-02-07T00:05:57-05:00[America/New_York],2021-02-07T00:06:18-05:00[America/New_York],NA,2021-02-07,357,Sunday
1802,<A>,26,2021-02-07T00:06:18-05:00[America/New_York],2021-02-07T00:06:44-05:00[America/New_York],Yes,2021-02-07,378,Sunday
1802,B,21,2021-02-07T00:06:44-05:00[America/New_York],2021-02-07T00:07:05-05:00[America/New_York],NA,2021-02-07,404,Sunday
1802,<A>,26,2021-02-07T00:07:05-05:00[America/New_York],2021-02-07T00:07:31-05:00[America/New_York],Yes,2021-02-07,425,Sunday
1802,B,22,2021-02-07T00:07:31-05:00[America/New_York],2021-02-07T00:07:53-05:00[America/New_York],NA,2021-02-07,451,Sunday
1802,<A>,26,2021-02-07T00:07:53-05:00[America/New_York],2021-02-07T00:08:19-05:00[America/New_York],Yes,2021-02-07,473,Sunday
1802,B,21,2021-02-07T00:08:19-05:00[America/New_York],2021-02-07T00:08:40-05:00[America/New_York],NA,2021-02-07,499,Sunday
1802,<A>,27,2021-02-07T00:08:40-05:00[America/New_York],2021-02-07T00:09:07-05:00[America/New_York],Yes,2021-02-07,520,Sunday
1802,B,23,2021-02-07T00:09:07-05:00[America/New_York],2021-02-07T00:09:30-05:00[America/New_York],NA,2021-02-07,547,Sunday
1802,<A>,30,2021-02-07T00:09:30-05:00[America/New_York],2021-02-07T00:10:00-05:00[America/New_York],Yes,2021-02-07,570,Sunday
1802,B,23,2021-02-07T00:10:00-05:00[America/New_York],2021-02-07T00:10:23-05:00[America/New_York],NA,2021-02-07,600,Sunday
1802,<A>,26,2021-02-07T00:10:23-05:00[America/New_York],2021-02-07T00:10:49-05:00[America/New_York],Yes,2021-02-07,623,Sunday
1802,B,23,2021-02-07T00:10:49-05:00[America/New_York],2021-02-07T00:11:12-05:00[America/New_York],NA,2021-02-07,649,Sunday
1802,<A>,28,2021-02-07T00:11:12-05:00[America/New_York],2021-02-07T00:11:40-05:00[America/New_York],Yes,2021-02-07,672,Sunday
1802,B,23,2021-02-07T00:11:40-05:00[America/New_York],2021-02-07T00:12:03-05:00[America/New_York],NA,2021-02-07,700,Sunday
1802,<A>,26,2021-02-07T00:12:03-05:00[America/New_York],2021-02-07T00:12:29-05:00[America/New_York],Yes,2021-02-07,723,Sunday
1802,B,23,2021-02-07T00:12:29-05:00[America/New_York],2021-02-07T00:12:52-05:00[America/New_York],NA,2021-02-07,749,Sunday
1802,<A>,29,2021-02-07T00:12:52-05:00[America/New_York],2021-02-07T00:13:21-05:00[America/New_York],Yes,2021-02-07,772,Sunday
1802,B,23,2021-02-07T00:13:21-05:00[America/New_York],2021-02-07T00:13:44-05:00[America/New_York],NA,2021-02-07,801,Sunday
1802,<A>,27,2021-02-07T00:13:44-05:00[America/New_York],2021-02-07T00:14:11-05:00[America/New_York],Yes,2021-02-07,824,Sunday
1802,B,23,2021-02-07T00:14:11-05:00[America/New_York],2021-02-07T00:14:34-05:00[America/New_York],NA,2021-02-07,851,Sunday
1802,<A>,26,2021-02-07T00:14:34-05:00[America/New_York],2021-02-07T00:15:00-05:00[America/New_York],Yes,2021-02-07,874,Sunday
1802,B,23,2021-02-07T00:15:00-05:00[America/New_York],2021-02-07T00:15:23-05:00[America/New_York],NA,2021-02-07,900,Sunday
1802,<A>,26,2021-02-07T00:15:23-05:00[America/New_York],2021-02-07T00:15:49-05:00[America/New_York],Yes,2021-02-07,923,Sunday
1802,B,23,2021-02-07T00:15:49-05:00[America/New_York],2021-02-07T00:16:12-05:00[America/New_York],NA,2021-02-07,949,Sunday
1802,<A>,26,2021-02-07T00:16:12-05:00[America/New_York],2021-02-07T00:16:38-05:00[America/New_York],Yes,2021-02-07,972,Sunday
1802,B,23,2021-02-07T00:16:38-05:00[America/New_York],2021-02-07T00:17:01-05:00[America/New_York],NA,2021-02-07,998,Sunday
1802,<A>,26,2021-02-07T00:17:01-05:00[America/New_York],2021-02-07T00:17:27-05:00[America/New_York],Yes,2021-02-07,1021,Sunday
1802,B,23,2021-02-07T00:17:27-05:00[America/New_York],2021-02-07T00:17:50-05:00[America/New_York],NA,2021-02-07,1047,Sunday
1802,<A>,26,2021-02-07T00:17:50-05:00[America/New_York],2021-02-07T00:18:16-05:00[America/New_York],Yes,2021-02-07,1070,Sunday
1802,B,23,2021-02-07T00:18:16-05:00[America/New_York],2021-02-07T00:18:39-05:00[America/New_York],NA,2021-02-07,1096,Sunday
1802,<A>,28,2021-02-07T00:18:39-05:00[America/New_York],2021-02-07T00:19:07-05:00[America/New_York],Yes,2021-02-07,1119,Sunday
1802,B,23,2021-02-07T00:19:07-05:00[America/New_York],2021-02-07T00:19:30-05:00[America/New_York],NA,2021-02-07,1147,Sunday
1802,<A>,26,2021-02-07T00:19:30-05:00[America/New_York],2021-02-07T00:19:56-05:00[America/New_York],Yes,2021-02-07,1170,Sunday
1802,B,23,2021-02-07T00:19:56-05:00[America/New_York],2021-02-07T00:20:19-05:00[America/New_York],NA,2021-02-07,1196,Sunday
1802,<A>,30,2021-02-07T00:20:19-05:00[America/New_York],2021-02-07T00:20:49-05:00[America/New_York],Yes,2021-02-07,1219,Sunday
1802,B,23,2021-02-07T00:20:49-05:00[America/New_York],2021-02-07T00:21:12-05:00[America/New_York],NA,2021-02-07,1249,Sunday
1802,<A>,36,2021-02-07T00:21:12-05:00[America/New_York],2021-02-07T00:21:48-05:00[America/New_York],Yes,2021-02-07,1272,Sunday
1802,B,23,2021-02-07T00:21:48-05:00[America/New_York],2021-02-07T00:22:11-05:00[America/New_York],NA,2021-02-07,1308,Sunday
1802,<A>,26,2021-02-07T00:22:11-05:00[America/New_York],2021-02-07T00:22:37-05:00[America/New_York],Yes,2021-02-07,1331,Sunday
1802,B,23,2021-02-07T00:22:37-05:00[America/New_York],2021-02-07T00:23:00-05:00[America/New_York],NA,2021-02-07,1357,Sunday
1802,<A>,34,2021-02-07T00:23:00-05:00[America/New_York],2021-02-07T00:23:34-05:00[America/New_York],Yes,2021-02-07,1380,Sunday
1802,B,23,2021-02-07T00:23:34-05:00[America/New_York],2021-02-07T00:23:57-05:00[America/New_York],NA,2021-02-07,1414,Sunday
1802,<A>,26,2021-02-07T00:23:57-05:00[America/New_York],2021-02-07T00:24:23-05:00[America/New_York],Yes,2021-02-07,1437,Sunday
1802,B,23,2021-02-07T00:24:23-05:00[America/New_York],2021-02-07T00:24:46-05:00[America/New_York],NA,2021-02-07,1463,Sunday
1802,<A>,33,2021-02-07T00:24:46-05:00[America/New_York],2021-02-07T00:25:19-05:00[America/New_York],Yes,2021-02-07,1486,Sunday
1802,B,23,2021-02-07T00:25:19-05:00[America/New_York],2021-02-07T00:25:42-05:00[America/New_York],NA,2021-02-07,1519,Sunday
1802,<A>,26,2021-02-07T00:25:42-05:00[America/New_York],2021-02-07T00:26:08-05:00[America/New_York],Yes,2021-02-07,1542,Sunday
1802,B,23,2021-02-07T00:26:08-05:00[America/New_York],2021-02-07T00:26:31-05:00[America/New_York],NA,2021-02-07,1568,Sunday
1802,<A>,26,2021-02-07T00:26:31-05:00[America/New_York],2021-02-07T00:26:57-05:00[America/New_York],Yes,2021-02-07,1591,Sunday
1802,B,23,2021-02-07T00:26:57-05:00[America/New_York],2021-02-07T00:27:20-05:00[America/New_York],NA,2021-02-07,1617,Sunday
1802,<A>,30,2021-02-07T00:27:20-05:00[America/New_York],2021-02-07T00:27:50-05:00[America/New_York],Yes,2021-02-07,1640,Sunday
1802,B,23,2021-02-07T00:27:50-05:00[America/New_York],2021-02-07T00:28:13-05:00[America/New_York],NA,2021-02-07,1670,Sunday
1802,<A>,29,2021-02-07T00:28:13-05:00[America/New_York],2021-02-07T00:28:42-05:00[America/New_York],Yes,2021-02-07,1693,Sunday
1802,B,23,2021-02-07T00:28:42-05:00[America/New_York],2021-02-07T00:29:05-05:00[America/New_York],NA,2021-02-07,1722,Sunday
1802,<A>,26,2021-02-07T00:29:05-05:00[America/New_York],2021-02-07T00:29:31-05:00[America/New_York],Yes,2021-02-07,1745,Sunday
1802,B,23,2021-02-07T00:29:31-05:00[America/New_York],2021-02-07T00:29:54-05:00[America/New_York],NA,2021-02-07,1771,Sunday
1802,<A>,27,2021-02-07T00:29:54-05:00[America/New_York],2021-02-07T00:30:21-05:00[America/New_York],Yes,2021-02-07,1794,Sunday
1802,B,23,2021-02-07T00:30:21-05:00[America/New_York],2021-02-07T00:30:44-05:00[America/New_York],NA,2021-02-07,1821,Sunday
1802,<A>,26,2021-02-07T00:30:44-05:00[America/New_York],2021-02-07T00:31:10-05:00[America/New_York],Yes,2021-02-07,1844,Sunday
1802,B,23,2021-02-07T00:31:10-05:00[America/New_York],2021-02-07T00:31:33-05:00[America/New_York],NA,2021-02-07,1870,Sunday
1802,<A>,27,2021-02-07T00:31:33-05:00[America/New_York],2021-02-07T00:32:00-05:00[America/New_York],Yes,2021-02-07,1893,Sunday
1802,B,23,2021-02-07T00:32:00-05:00[America/New_York],2021-02-07T00:32:23-05:00[America/New_York],NA,2021-02-07,1920,Sunday
1802,<A>,26,2021-02-07T00:32:23-05:00[America/New_York],2021-02-07T00:32:49-05:00[America/New_York],Yes,2021-02-07,1943,Sunday
1802,B,23,2021-02-07T00:32:49-05:00[America/New_York],2021-02-07T00:33:12-05:00[America/New_York],NA,2021-02-07,1969,Sunday
1802,<A>,27,2021-02-07T00:33:12-05:00[America/New_York],2021-02-07T00:33:39-05:00[America/New_York],Yes,2021-02-07,1992,Sunday
1802,B,23,2021-02-07T00:33:39-05:00[America/New_York],2021-02-07T00:34:02-05:00[America/New_York],NA,2021-02-07,2019,Sunday
1802,<A>,26,2021-02-07T00:34:02-05:00[America/New_York],2021-02-07T00:34:28-05:00[America/New_York],Yes,2021-02-07,2042,Sunday
1802,B,23,2021-02-07T00:34:28-05:00[America/New_York],2021-02-07T00:34:51-05:00[America/New_York],NA,2021-02-07,2068,Sunday
1802,<A>,26,2021-02-07T00:34:51-05:00[America/New_York],2021-02-07T00:35:17-05:00[America/New_York],Yes,2021-02-07,2091,Sunday
1802,B,23,2021-02-07T00:35:17-05:00[America/New_York],2021-02-07T00:35:40-05:00[America/New_York],NA,2021-02-07,2117,Sunday
1802,<A>,28,2021-02-07T00:35:40-05:00[America/New_York],2021-02-07T00:36:08-05:00[America/New_York],Yes,2021-02-07,2140,Sunday
1802,B,23,2021-02-07T00:36:08-05:00[America/New_York],2021-02-07T00:36:31-05:00[America/New_York],NA,2021-02-07,2168,Sunday
1802,<A>,26,2021-02-07T00:36:31-05:00[America/New_York],2021-02-07T00:36:57-05:00[America/New_York],Yes,2021-02-07,2191,Sunday
1802,B,23,2021-02-07T00:36:57-05:00[America/New_York],2021-02-07T00:37:20-05:00[America/New_York],NA,2021-02-07,2217,Sunday
1802,<A>,29,2021-02-07T00:37:20-05:00[America/New_York],2021-02-07T00:37:49-05:00[America/New_York],Yes,2021-02-07,2240,Sunday
1802,B,23,2021-02-07T00:37:49-05:00[America/New_York],2021-02-07T00:38:12-05:00[America/New_York],NA,2021-02-07,2269,Sunday
1802,<A>,26,2021-02-07T00:38:12-05:00[America/New_York],2021-02-07T00:38:38-05:00[America/New_York],Yes,2021-02-07,2292,Sunday
1802,B,23,2021-02-07T00:38:38-05:00[America/New_York],2021-02-07T00:39:01-05:00[America/New_York],NA,2021-02-07,2318,Sunday
1802,<A>,29,2021-02-07T00:39:01-05:00[America/New_York],2021-02-07T00:39:30-05:00[America/New_York],Yes,2021-02-07,2341,Sunday
1802,B,23,2021-02-07T00:39:30-05:00[America/New_York],2021-02-07T00:39:53-05:00[America/New_York],NA,2021-02-07,2370,Sunday
1802,<A>,26,2021-02-07T00:39:53-05:00[America/New_York],2021-02-07T00:40:19-05:00[America/New_York],Yes,2021-02-07,2393,Sunday
1802,B,23,2021-02-07T00:40:19-05:00[America/New_York],2021-02-07T00:40:42-05:00[America/New_York],NA,2021-02-07,2419,Sunday
1802,<A>,27,2021-02-07T00:40:42-05:00[America/New_York],2021-02-07T00:41:09-05:00[America/New_York],Yes,2021-02-07,2442,Sunday
1802,B,23,2021-02-07T00:41:09-05:00[America/New_York],2021-02-07T00:41:32-05:00[America/New_York],NA,2021-02-07,2469,Sunday
1802,<A>,26,2021-02-07T00:41:32-05:00[America/New_York],2021-02-07T00:41:58-05:00[America/New_York],Yes,2021-02-07,2492,Sunday
1802,B,23,2021-02-07T00:41:58-05:00[America/New_York],2021-02-07T00:42:21-05:00[America/New_York],NA,2021-02-07,2518,Sunday
1802,<A>,26,2021-02-07T00:42:21-05:00[America/New_York],2021-02-07T00:42:47-05:00[America/New_York],Yes,2021-02-07,2541,Sunday
1802,B,23,2021-02-07T00:42:47-05:00[America/New_York],2021-02-07T00:43:10-05:00[America/New_York],NA,2021-02-07,2567,Sunday
1802,<A>,26,2021-02-07T00:43:10-05:00[America/New_York],2021-02-07T00:43:36-05:00[America/New_York],Yes,2021-02-07,2590,Sunday
1802,B,23,2021-02-07T00:43:36-05:00[America/New_York],2021-02-07T00:43:59-05:00[America/New_York],NA,2021-02-07,2616,Sunday
1802,<A>,26,2021-02-07T00:43:59-05:00[America/New_York],2021-02-07T00:44:25-05:00[America/New_York],Yes,2021-02-07,2639,Sunday
1802,B,23,2021-02-07T00:44:25-05:00[America/New_York],2021-02-07T00:44:48-05:00[America/New_York],NA,2021-02-07,2665,Sunday
1802,<A>,26,2021-02-07T00:44:48-05:00[America/New_York],2021-02-07T00:45:14-05:00[America/New_York],Yes,2021-02-07,2688,Sunday
1802,B,23,2021-02-07T00:45:14-05:00[America/New_York],2021-02-07T00:45:37-05:00[America/New_York],NA,2021-02-07,2714,Sunday
1802,<A>,27,2021-02-07T00:45:37-05:00[America/New_York],2021-02-07T00:46:04-05:00[America/New_York],Yes,2021-02-07,2737,Sunday
1802,B,23,2021-02-07T00:46:04-05:00[America/New_York],2021-02-07T00:46:27-05:00[America/New_York],NA,2021-02-07,2764,Sunday
1802,<A>,26,2021-02-07T00:46:27-05:00[America/New_York],2021-02-07T00:46:53-05:00[America/New_York],Yes,2021-02-07,2787,Sunday
1802,B,23,2021-02-07T00:46:53-05:00[America/New_York],2021-02-07T00:47:16-05:00[America/New_York],NA,2021-02-07,2813,Sunday
1802,<A>,26,2021-02-07T00:47:16-05:00[America/New_York],2021-02-07T00:47:42-05:00[America/New_York],Yes,2021-02-07,2836,Sunday
1802,B,23,2021-02-07T00:47:42-05:00[America/New_York],2021-02-07T00:48:05-05:00[America/New_York],NA,2021-02-07,2862,Sunday
1802,<A>,26,2021-02-07T00:48:05-05:00[America/New_York],2021-02-07T00:48:31-05:00[America/New_York],Yes,2021-02-07,2885,Sunday
1802,B,23,2021-02-07T00:48:31-05:00[America/New_York],2021-02-07T00:48:54-05:00[America/New_York],NA,2021-02-07,2911,Sunday
1802,<A>,29,2021-02-07T00:48:54-05:00[America/New_York],2021-02-07T00:49:23-05:00[America/New_York],Yes,2021-02-07,2934,Sunday
1802,B,23,2021-02-07T00:49:23-05:00[America/New_York],2021-02-07T00:49:46-05:00[America/New_York],NA,2021-02-07,2963,Sunday
1802,<A>,27,2021-02-07T00:49:46-05:00[America/New_York],2021-02-07T00:50:13-05:00[America/New_York],Yes,2021-02-07,2986,Sunday
1802,B,23,2021-02-07T00:50:13-05:00[America/New_York],2021-02-07T00:50:36-05:00[America/New_York],NA,2021-02-07,3013,Sunday
1802,<A>,26,2021-02-07T00:50:36-05:00[America/New_York],2021-02-07T00:51:02-05:00[America/New_York],Yes,2021-02-07,3036,Sunday
1802,B,23,2021-02-07T00:51:02-05:00[America/New_York],2021-02-07T00:51:25-05:00[America/New_York],NA,2021-02-07,3062,Sunday
1802,<A>,26,2021-02-07T00:51:25-05:00[America/New_York],2021-02-07T00:51:51-05:00[America/New_York],Yes,2021-02-07,3085,Sunday
1802,B,23,2021-02-07T00:51:51-05:00[America/New_York],2021-02-07T00:52:14-05:00[America/New_York],NA,2021-02-07,3111,Sunday
1802,<A>,26,2021-02-07T00:52:14-05:00[America/New_York],2021-02-07T00:52:40-05:00[America/New_York],Yes,2021-02-07,3134,Sunday
1802,B,23,2021-02-07T00:52:40-05:00[America/New_York],2021-02-07T00:53:03-05:00[America/New_York],NA,2021-02-07,3160,Sunday
1802,<A>,26,2021-02-07T00:53:03-05:00[America/New_York],2021-02-07T00:53:29-05:00[America/New_York],Yes,2021-02-07,3183,Sunday
1802,B,23,2021-02-07T00:53:29-05:00[America/New_York],2021-02-07T00:53:52-05:00[America/New_York],NA,2021-02-07,3209,Sunday
1802,<A>,29,2021-02-07T00:53:52-05:00[America/New_York],2021-02-07T00:54:21-05:00[America/New_York],Yes,2021-02-07,3232,Sunday
1802,B,23,2021-02-07T00:54:21-05:00[America/New_York],2021-02-07T00:54:44-05:00[America/New_York],NA,2021-02-07,3261,Sunday
1802,<A>,26,2021-02-07T00:54:44-05:00[America/New_York],2021-02-07T00:55:10-05:00[America/New_York],Yes,2021-02-07,3284,Sunday
1802,B,23,2021-02-07T00:55:10-05:00[America/New_York],2021-02-07T00:55:33-05:00[America/New_York],NA,2021-02-07,3310,Sunday
1802,<A>,28,2021-02-07T00:55:33-05:00[America/New_York],2021-02-07T00:56:01-05:00[America/New_York],Yes,2021-02-07,3333,Sunday
1802,B,23,2021-02-07T00:56:01-05:00[America/New_York],2021-02-07T00:56:24-05:00[America/New_York],NA,2021-02-07,3361,Sunday
1802,<A>,26,2021-02-07T00:56:24-05:00[America/New_York],2021-02-07T00:56:50-05:00[America/New_York],Yes,2021-02-07,3384,Sunday
1802,B,23,2021-02-07T00:56:50-05:00[America/New_York],2021-02-07T00:57:13-05:00[America/New_York],NA,2021-02-07,3410,Sunday
1802,<A>,29,2021-02-07T00:57:13-05:00[America/New_York],2021-02-07T00:57:42-05:00[America/New_York],Yes,2021-02-07,3433,Sunday
1802,B,23,2021-02-07T00:57:42-05:00[America/New_York],2021-02-07T00:58:05-05:00[America/New_York],NA,2021-02-07,3462,Sunday
1802,<A>,28,2021-02-07T00:58:05-05:00[America/New_York],2021-02-07T00:58:33-05:00[America/New_York],Yes,2021-02-07,3485,Sunday
1802,B,23,2021-02-07T00:58:33-05:00[America/New_York],2021-02-07T00:58:56-05:00[America/New_York],NA,2021-02-07,3513,Sunday
1802,<A>,26,2021-02-07T00:58:56-05:00[America/New_York],2021-02-07T00:59:22-05:00[America/New_York],Yes,2021-02-07,3536,Sunday
1802,B,23,2021-02-07T00:59:22-05:00[America/New_York],2021-02-07T00:59:45-05:00[America/New_York],NA,2021-02-07,3562,Sunday
1802,<A>,26,2021-02-07T00:59:45-05:00[America/New_York],2021-02-07T01:00:11-05:00[America/New_York],Yes,2021-02-07,3585,Sunday
1802,B,23,2021-02-07T01:00:11-05:00[America/New_York],2021-02-07T01:00:34-05:00[America/New_York],NA,2021-02-07,3611,Sunday
1802,<A>,26,2021-02-07T01:00:34-05:00[America/New_York],2021-02-07T01:01:00-05:00[America/New_York],Yes,2021-02-07,3634,Sunday
1802,B,23,2021-02-07T01:01:00-05:00[America/New_York],2021-02-07T01:01:23-05:00[America/New_York],NA,2021-02-07,3660,Sunday
1802,<A>,26,2021-02-07T01:01:23-05:00[America/New_York],2021-02-07T01:01:49-05:00[America/New_York],Yes,2021-02-07,3683,Sunday
1802,B,23,2021-02-07T01:01:49-05:00[America/New_York],2021-02-07T01:02:12-05:00[America/New_York],NA,2021-02-07,3709,Sunday
1802,<A>,26,2021-02-07T01:02:12-05:00[America/New_York],2021-02-07T01:02:38-05:00[America/New_York],Yes,2021-02-07,3732,Sunday
1802,B,23,2021-02-07T01:02:38-05:00[America/New_York],2021-02-07T01:03:01-05:00[America/New_York],NA,2021-02-07,3758,Sunday
1802,<A>,26,2021-02-07T01:03:01-05:00[America/New_York],2021-02-07T01:03:27-05:00[America/New_York],Yes,2021-02-07,3781,Sunday
1802,B,23,2021-02-07T01:03:27-05:00[America/New_York],2021-02-07T01:03:50-05:00[America/New_York],NA,2021-02-07,3807,Sunday
1802,<A>,28,2021-02-07T01:03:50-05:00[America/New_York],2021-02-07T01:04:18-05:00[America/New_York],Yes,2021-02-07,3830,Sunday
1802,B,23,2021-02-07T01:04:18-05:00[America/New_York],2021-02-07T01:04:41-05:00[America/New_York],NA,2021-02-07,3858,Sunday
1802,<A>,26,2021-02-07T01:04:41-05:00[America/New_York],2021-02-07T01:05:07-05:00[America/New_York],Yes,2021-02-07,3881,Sunday
1802,B,23,2021-02-07T01:05:07-05:00[America/New_York],2021-02-07T01:05:30-05:00[America/New_York],NA,2021-02-07,3907,Sunday
1802,<A>,26,2021-02-07T01:05:30-05:00[America/New_York],2021-02-07T01:05:56-05:00[America/New_York],Yes,2021-02-07,3930,Sunday
1802,B,23,2021-02-07T01:05:56-05:00[America/New_York],2021-02-07T01:06:19-05:00[America/New_York],NA,2021-02-07,3956,Sunday
1802,<A>,26,2021-02-07T01:06:19-05:00[America/New_York],2021-02-07T01:06:45-05:00[America/New_York],Yes,2021-02-07,3979,Sunday
1802,B,23,2021-02-07T01:06:45-05:00[America/New_York],2021-02-07T01:07:08-05:00[America/New_York],NA,2021-02-07,4005,Sunday
1802,<A>,34,2021-02-07T01:07:08-05:00[America/New_York],2021-02-07T01:07:42-05:00[America/New_York],Yes,2021-02-07,4028,Sunday
1802,B,15,2021-02-07T01:07:42-05:00[America/New_York],2021-02-07T01:07:57-05:00[America/New_York],NA,2021-02-07,4062,Sunday
1802,<A>,26,2021-02-07T01:07:57-05:00[America/New_York],2021-02-07T01:08:23-05:00[America/New_York],Yes,2021-02-07,4077,Sunday
1802,B,15,2021-02-07T01:08:23-05:00[America/New_York],2021-02-07T01:08:38-05:00[America/New_York],NA,2021-02-07,4103,Sunday
1802,<A>,26,2021-02-07T01:08:38-05:00[America/New_York],2021-02-07T01:09:04-05:00[America/New_York],Yes,2021-02-07,4118,Sunday
1802,B,16,2021-02-07T01:09:04-05:00[America/New_York],2021-02-07T01:09:20-05:00[America/New_York],NA,2021-02-07,4144,Sunday
1802,<A>,26,2021-02-07T01:09:20-05:00[America/New_York],2021-02-07T01:09:46-05:00[America/New_York],Yes,2021-02-07,4160,Sunday
1802,B,16,2021-02-07T01:09:46-05:00[America/New_York],2021-02-07T01:10:02-05:00[America/New_York],NA,2021-02-07,4186,Sunday
1802,<A>,26,2021-02-07T01:10:02-05:00[America/New_York],2021-02-07T01:10:28-05:00[America/New_York],Yes,2021-02-07,4202,Sunday
1802,B,16,2021-02-07T01:10:28-05:00[America/New_York],2021-02-07T01:10:44-05:00[America/New_York],NA,2021-02-07,4228,Sunday
1802,<A>,26,2021-02-07T01:10:44-05:00[America/New_York],2021-02-07T01:11:10-05:00[America/New_York],Yes,2021-02-07,4244,Sunday
1802,B,19,2021-02-07T01:11:10-05:00[America/New_York],2021-02-07T01:11:29-05:00[America/New_York],NA,2021-02-07,4270,Sunday
1802,<A>,30,2021-02-07T01:11:29-05:00[America/New_York],2021-02-07T01:11:59-05:00[America/New_York],Yes,2021-02-07,4289,Sunday
1802,B,19,2021-02-07T01:11:59-05:00[America/New_York],2021-02-07T01:12:18-05:00[America/New_York],NA,2021-02-07,4319,Sunday
1802,<A>,28,2021-02-07T01:12:18-05:00[America/New_York],2021-02-07T01:12:46-05:00[America/New_York],Yes,2021-02-07,4338,Sunday
1802,B,21,2021-02-07T01:12:46-05:00[America/New_York],2021-02-07T01:13:07-05:00[America/New_York],NA,2021-02-07,4366,Sunday
1802,<A>,26,2021-02-07T01:13:07-05:00[America/New_York],2021-02-07T01:13:33-05:00[America/New_York],Yes,2021-02-07,4387,Sunday
1802,B,21,2021-02-07T01:13:33-05:00[America/New_York],2021-02-07T01:13:54-05:00[America/New_York],NA,2021-02-07,4413,Sunday
1802,<A>,26,2021-02-07T01:13:54-05:00[America/New_York],2021-02-07T01:14:20-05:00[America/New_York],Yes,2021-02-07,4434,Sunday
1802,B,22,2021-02-07T01:14:20-05:00[America/New_York],2021-02-07T01:14:42-05:00[America/New_York],NA,2021-02-07,4460,Sunday
1802,<A>,26,2021-02-07T01:14:42-05:00[America/New_York],2021-02-07T01:15:08-05:00[America/New_York],Yes,2021-02-07,4482,Sunday
1802,B,22,2021-02-07T01:15:08-05:00[America/New_York],2021-02-07T01:15:30-05:00[America/New_York],NA,2021-02-07,4508,Sunday
1802,<A>,26,2021-02-07T01:15:30-05:00[America/New_York],2021-02-07T01:15:56-05:00[America/New_York],Yes,2021-02-07,4530,Sunday
1802,B,23,2021-02-07T01:15:56-05:00[America/New_York],2021-02-07T01:16:19-05:00[America/New_York],NA,2021-02-07,4556,Sunday
1802,<A>,27,2021-02-07T01:16:19-05:00[America/New_York],2021-02-07T01:16:46-05:00[America/New_York],Yes,2021-02-07,4579,Sunday
1802,B,23,2021-02-07T01:16:46-05:00[America/New_York],2021-02-07T01:17:09-05:00[America/New_York],NA,2021-02-07,4606,Sunday
1802,<A>,26,2021-02-07T01:17:09-05:00[America/New_York],2021-02-07T01:17:35-05:00[America/New_York],Yes,2021-02-07,4629,Sunday
1802,B,15,2021-02-07T01:17:35-05:00[America/New_York],2021-02-07T01:17:50-05:00[America/New_York],NA,2021-02-07,4655,Sunday
1802,<A>,29,2021-02-07T01:17:50-05:00[America/New_York],2021-02-07T01:18:19-05:00[America/New_York],Yes,2021-02-07,4670,Sunday
1802,B,15,2021-02-07T01:18:19-05:00[America/New_York],2021-02-07T01:18:34-05:00[America/New_York],NA,2021-02-07,4699,Sunday
1802,<A>,26,2021-02-07T01:18:34-05:00[America/New_York],2021-02-07T01:19:00-05:00[America/New_York],Yes,2021-02-07,4714,Sunday
1802,B,16,2021-02-07T01:19:00-05:00[America/New_York],2021-02-07T01:19:16-05:00[America/New_York],NA,2021-02-07,4740,Sunday
1802,<A>,29,2021-02-07T01:19:16-05:00[America/New_York],2021-02-07T01:19:45-05:00[America/New_York],Yes,2021-02-07,4756,Sunday
1802,B,16,2021-02-07T01:19:45-05:00[America/New_York],2021-02-07T01:20:01-05:00[America/New_York],NA,2021-02-07,4785,Sunday
1802,<A>,26,2021-02-07T01:20:01-05:00[America/New_York],2021-02-07T01:20:27-05:00[America/New_York],Yes,2021-02-07,4801,Sunday
1802,B,19,2021-02-07T01:20:27-05:00[America/New_York],2021-02-07T01:20:46-05:00[America/New_York],NA,2021-02-07,4827,Sunday
1802,<A>,26,2021-02-07T01:20:46-05:00[America/New_York],2021-02-07T01:21:12-05:00[America/New_York],Yes,2021-02-07,4846,Sunday
1802,B,19,2021-02-07T01:21:12-05:00[America/New_York],2021-02-07T01:21:31-05:00[America/New_York],NA,2021-02-07,4872,Sunday
1802,<A>,26,2021-02-07T01:21:31-05:00[America/New_York],2021-02-07T01:21:57-05:00[America/New_York],Yes,2021-02-07,4891,Sunday
1802,B,21,2021-02-07T01:21:57-05:00[America/New_York],2021-02-07T01:22:18-05:00[America/New_York],NA,2021-02-07,4917,Sunday
1802,<A>,26,2021-02-07T01:22:18-05:00[America/New_York],2021-02-07T01:22:44-05:00[America/New_York],Yes,2021-02-07,4938,Sunday
1802,B,21,2021-02-07T01:22:44-05:00[America/New_York],2021-02-07T01:23:05-05:00[America/New_York],NA,2021-02-07,4964,Sunday
1802,<A>,28,2021-02-07T01:23:05-05:00[America/New_York],2021-02-07T01:23:33-05:00[America/New_York],Yes,2021-02-07,4985,Sunday
1802,B,22,2021-02-07T01:23:33-05:00[America/New_York],2021-02-07T01:23:55-05:00[America/New_York],NA,2021-02-07,5013,Sunday
1802,<A>,26,2021-02-07T01:23:55-05:00[America/New_York],2021-02-07T01:24:21-05:00[America/New_York],Yes,2021-02-07,5035,Sunday
1802,B,22,2021-02-07T01:24:21-05:00[America/New_York],2021-02-07T01:24:43-05:00[America/New_York],NA,2021-02-07,5061,Sunday
1802,<A>,26,2021-02-07T01:24:43-05:00[America/New_York],2021-02-07T01:25:09-05:00[America/New_York],Yes,2021-02-07,5083,Sunday
1802,B,23,2021-02-07T01:25:09-05:00[America/New_York],2021-02-07T01:25:32-05:00[America/New_York],NA,2021-02-07,5109,Sunday
1802,<A>,26,2021-02-07T01:25:32-05:00[America/New_York],2021-02-07T01:25:58-05:00[America/New_York],Yes,2021-02-07,5132,Sunday
1802,B,23,2021-02-07T01:25:58-05:00[America/New_York],2021-02-07T01:26:21-05:00[America/New_York],NA,2021-02-07,5158,Sunday
1802,<A>,35,2021-02-07T01:26:21-05:00[America/New_York],2021-02-07T01:26:56-05:00[America/New_York],Yes,2021-02-07,5181,Sunday
1802,B,23,2021-02-07T01:26:56-05:00[America/New_York],2021-02-07T01:27:19-05:00[America/New_York],NA,2021-02-07,5216,Sunday
1802,<A>,28,2021-02-07T01:27:19-05:00[America/New_York],2021-02-07T01:27:47-05:00[America/New_York],Yes,2021-02-07,5239,Sunday
1802,B,23,2021-02-07T01:27:47-05:00[America/New_York],2021-02-07T01:28:10-05:00[America/New_York],NA,2021-02-07,5267,Sunday
1802,<A>,30,2021-02-07T01:28:10-05:00[America/New_York],2021-02-07T01:28:40-05:00[America/New_York],Yes,2021-02-07,5290,Sunday
1802,B,23,2021-02-07T01:28:40-05:00[America/New_York],2021-02-07T01:29:03-05:00[America/New_York],NA,2021-02-07,5320,Sunday
1802,<A>,26,2021-02-07T01:29:03-05:00[America/New_York],2021-02-07T01:29:29-05:00[America/New_York],Yes,2021-02-07,5343,Sunday
1802,B,23,2021-02-07T01:29:29-05:00[America/New_York],2021-02-07T01:29:52-05:00[America/New_York],NA,2021-02-07,5369,Sunday
1802,<A>,26,2021-02-07T01:29:52-05:00[America/New_York],2021-02-07T01:30:18-05:00[America/New_York],Yes,2021-02-07,5392,Sunday
1802,B,23,2021-02-07T01:30:18-05:00[America/New_York],2021-02-07T01:30:41-05:00[America/New_York],NA,2021-02-07,5418,Sunday
1802,<A>,27,2021-02-07T01:30:41-05:00[America/New_York],2021-02-07T01:31:08-05:00[America/New_York],Yes,2021-02-07,5441,Sunday
1802,B,23,2021-02-07T01:31:08-05:00[America/New_York],2021-02-07T01:31:31-05:00[America/New_York],NA,2021-02-07,5468,Sunday
1802,<A>,26,2021-02-07T01:31:31-05:00[America/New_York],2021-02-07T01:31:57-05:00[America/New_York],Yes,2021-02-07,5491,Sunday
1802,B,23,2021-02-07T01:31:57-05:00[America/New_York],2021-02-07T01:32:20-05:00[America/New_York],NA,2021-02-07,5517,Sunday
1802,<A>,26,2021-02-07T01:32:20-05:00[America/New_York],2021-02-07T01:32:46-05:00[America/New_York],Yes,2021-02-07,5540,Sunday
1802,B,23,2021-02-07T01:32:46-05:00[America/New_York],2021-02-07T01:33:09-05:00[America/New_York],NA,2021-02-07,5566,Sunday
1802,<A>,26,2021-02-07T01:33:09-05:00[America/New_York],2021-02-07T01:33:35-05:00[America/New_York],Yes,2021-02-07,5589,Sunday
1802,B,15,2021-02-07T01:33:35-05:00[America/New_York],2021-02-07T01:33:50-05:00[America/New_York],NA,2021-02-07,5615,Sunday
1802,<A>,26,2021-02-07T01:33:50-05:00[America/New_York],2021-02-07T01:34:16-05:00[America/New_York],Yes,2021-02-07,5630,Sunday
1802,B,15,2021-02-07T01:34:16-05:00[America/New_York],2021-02-07T01:34:31-05:00[America/New_York],NA,2021-02-07,5656,Sunday
1802,<A>,26,2021-02-07T01:34:31-05:00[America/New_York],2021-02-07T01:34:57-05:00[America/New_York],Yes,2021-02-07,5671,Sunday
1802,B,16,2021-02-07T01:34:57-05:00[America/New_York],2021-02-07T01:35:13-05:00[America/New_York],NA,2021-02-07,5697,Sunday
1802,<A>,29,2021-02-07T01:35:13-05:00[America/New_York],2021-02-07T01:35:42-05:00[America/New_York],Yes,2021-02-07,5713,Sunday
1802,B,16,2021-02-07T01:35:42-05:00[America/New_York],2021-02-07T01:35:58-05:00[America/New_York],NA,2021-02-07,5742,Sunday
1802,<A>,26,2021-02-07T01:35:58-05:00[America/New_York],2021-02-07T01:36:24-05:00[America/New_York],Yes,2021-02-07,5758,Sunday
1802,B,19,2021-02-07T01:36:24-05:00[America/New_York],2021-02-07T01:36:43-05:00[America/New_York],NA,2021-02-07,5784,Sunday
1802,<A>,26,2021-02-07T01:36:43-05:00[America/New_York],2021-02-07T01:37:09-05:00[America/New_York],Yes,2021-02-07,5803,Sunday
1802,B,19,2021-02-07T01:37:09-05:00[America/New_York],2021-02-07T01:37:28-05:00[America/New_York],NA,2021-02-07,5829,Sunday
1802,<A>,26,2021-02-07T01:37:28-05:00[America/New_York],2021-02-07T01:37:54-05:00[America/New_York],Yes,2021-02-07,5848,Sunday
1802,B,21,2021-02-07T01:37:54-05:00[America/New_York],2021-02-07T01:38:15-05:00[America/New_York],NA,2021-02-07,5874,Sunday
1802,<A>,29,2021-02-07T01:38:15-05:00[America/New_York],2021-02-07T01:38:44-05:00[America/New_York],Yes,2021-02-07,5895,Sunday
1802,B,21,2021-02-07T01:38:44-05:00[America/New_York],2021-02-07T01:39:05-05:00[America/New_York],NA,2021-02-07,5924,Sunday
1802,<A>,26,2021-02-07T01:39:05-05:00[America/New_York],2021-02-07T01:39:31-05:00[America/New_York],Yes,2021-02-07,5945,Sunday
1802,B,22,2021-02-07T01:39:31-05:00[America/New_York],2021-02-07T01:39:53-05:00[America/New_York],NA,2021-02-07,5971,Sunday
1802,<A>,26,2021-02-07T01:39:53-05:00[America/New_York],2021-02-07T01:40:19-05:00[America/New_York],Yes,2021-02-07,5993,Sunday
1802,B,22,2021-02-07T01:40:19-05:00[America/New_York],2021-02-07T01:40:41-05:00[America/New_York],NA,2021-02-07,6019,Sunday
1802,<A>,27,2021-02-07T01:40:41-05:00[America/New_York],2021-02-07T01:41:08-05:00[America/New_York],Yes,2021-02-07,6041,Sunday
1802,B,23,2021-02-07T01:41:08-05:00[America/New_York],2021-02-07T01:41:31-05:00[America/New_York],NA,2021-02-07,6068,Sunday
1802,<A>,26,2021-02-07T01:41:31-05:00[America/New_York],2021-02-07T01:41:57-05:00[America/New_York],Yes,2021-02-07,6091,Sunday
1802,B,23,2021-02-07T01:41:57-05:00[America/New_York],2021-02-07T01:42:20-05:00[America/New_York],NA,2021-02-07,6117,Sunday
1802,<A>,26,2021-02-07T01:42:20-05:00[America/New_York],2021-02-07T01:42:46-05:00[America/New_York],Yes,2021-02-07,6140,Sunday
1802,B,23,2021-02-07T01:42:46-05:00[America/New_York],2021-02-07T01:43:09-05:00[America/New_York],NA,2021-02-07,6166,Sunday
1802,<A>,26,2021-02-07T01:43:09-05:00[America/New_York],2021-02-07T01:43:35-05:00[America/New_York],Yes,2021-02-07,6189,Sunday
1802,B,23,2021-02-07T01:43:35-05:00[America/New_York],2021-02-07T01:43:58-05:00[America/New_York],NA,2021-02-07,6215,Sunday
1802,<A>,27,2021-02-07T01:43:58-05:00[America/New_York],2021-02-07T01:44:25-05:00[America/New_York],Yes,2021-02-07,6238,Sunday
1802,B,23,2021-02-07T01:44:25-05:00[America/New_York],2021-02-07T01:44:48-05:00[America/New_York],NA,2021-02-07,6265,Sunday
1802,<A>,26,2021-02-07T01:44:48-05:00[America/New_York],2021-02-07T01:45:14-05:00[America/New_York],Yes,2021-02-07,6288,Sunday
1802,B,23,2021-02-07T01:45:14-05:00[America/New_York],2021-02-07T01:45:37-05:00[America/New_York],NA,2021-02-07,6314,Sunday
1802,<A>,29,2021-02-07T01:45:37-05:00[America/New_York],2021-02-07T01:46:06-05:00[America/New_York],Yes,2021-02-07,6337,Sunday
1802,B,23,2021-02-07T01:46:06-05:00[America/New_York],2021-02-07T01:46:29-05:00[America/New_York],NA,2021-02-07,6366,Sunday
1802,<A>,27,2021-02-07T01:46:29-05:00[America/New_York],2021-02-07T01:46:56-05:00[America/New_York],Yes,2021-02-07,6389,Sunday
1802,B,23,2021-02-07T01:46:56-05:00[America/New_York],2021-02-07T01:47:19-05:00[America/New_York],NA,2021-02-07,6416,Sunday
1802,<A>,29,2021-02-07T01:47:19-05:00[America/New_York],2021-02-07T01:47:48-05:00[America/New_York],Yes,2021-02-07,6439,Sunday
1802,B,23,2021-02-07T01:47:48-05:00[America/New_York],2021-02-07T01:48:11-05:00[America/New_York],NA,2021-02-07,6468,Sunday
1802,<A>,26,2021-02-07T01:48:11-05:00[America/New_York],2021-02-07T01:48:37-05:00[America/New_York],Yes,2021-02-07,6491,Sunday
1802,B,23,2021-02-07T01:48:37-05:00[America/New_York],2021-02-07T01:49:00-05:00[America/New_York],NA,2021-02-07,6517,Sunday
1802,<A>,26,2021-02-07T01:49:00-05:00[America/New_York],2021-02-07T01:49:26-05:00[America/New_York],Yes,2021-02-07,6540,Sunday
1802,B,23,2021-02-07T01:49:26-05:00[America/New_York],2021-02-07T01:49:49-05:00[America/New_York],NA,2021-02-07,6566,Sunday
1802,<A>,26,2021-02-07T01:49:49-05:00[America/New_York],2021-02-07T01:50:15-05:00[America/New_York],Yes,2021-02-07,6589,Sunday
1802,B,23,2021-02-07T01:50:15-05:00[America/New_York],2021-02-07T01:50:38-05:00[America/New_York],NA,2021-02-07,6615,Sunday
1802,<A>,26,2021-02-07T01:50:38-05:00[America/New_York],2021-02-07T01:51:04-05:00[America/New_York],Yes,2021-02-07,6638,Sunday
1802,B,23,2021-02-07T01:51:04-05:00[America/New_York],2021-02-07T01:51:27-05:00[America/New_York],NA,2021-02-07,6664,Sunday
1802,<A>,26,2021-02-07T01:51:27-05:00[America/New_York],2021-02-07T01:51:53-05:00[America/New_York],Yes,2021-02-07,6687,Sunday
1802,B,23,2021-02-07T01:51:53-05:00[America/New_York],2021-02-07T01:52:16-05:00[America/New_York],NA,2021-02-07,6713,Sunday
1802,<A>,28,2021-02-07T01:52:16-05:00[America/New_York],2021-02-07T01:52:44-05:00[America/New_York],Yes,2021-02-07,6736,Sunday
1802,B,23,2021-02-07T01:52:44-05:00[America/New_York],2021-02-07T01:53:07-05:00[America/New_York],NA,2021-02-07,6764,Sunday
1802,<A>,29,2021-02-07T01:53:07-05:00[America/New_York],2021-02-07T01:53:36-05:00[America/New_York],Yes,2021-02-07,6787,Sunday
1802,B,23,2021-02-07T01:53:36-05:00[America/New_York],2021-02-07T01:53:59-05:00[America/New_York],NA,2021-02-07,6816,Sunday
1802,<A>,26,2021-02-07T01:53:59-05:00[America/New_York],2021-02-07T01:54:25-05:00[America/New_York],Yes,2021-02-07,6839,Sunday
1802,B,23,2021-02-07T01:54:25-05:00[America/New_York],2021-02-07T01:54:48-05:00[America/New_York],NA,2021-02-07,6865,Sunday
1802,<A>,26,2021-02-07T01:54:48-05:00[America/New_York],2021-02-07T01:55:14-05:00[America/New_York],Yes,2021-02-07,6888,Sunday
1802,B,23,2021-02-07T01:55:14-05:00[America/New_York],2021-02-07T01:55:37-05:00[America/New_York],NA,2021-02-07,6914,Sunday
1802,<A>,26,2021-02-07T01:55:37-05:00[America/New_York],2021-02-07T01:56:03-05:00[America/New_York],Yes,2021-02-07,6937,Sunday
1802,B,23,2021-02-07T01:56:03-05:00[America/New_York],2021-02-07T01:56:26-05:00[America/New_York],NA,2021-02-07,6963,Sunday
1802,<A>,26,2021-02-07T01:56:26-05:00[America/New_York],2021-02-07T01:56:52-05:00[America/New_York],Yes,2021-02-07,6986,Sunday
1802,B,23,2021-02-07T01:56:52-05:00[America/New_York],2021-02-07T01:57:15-05:00[America/New_York],NA,2021-02-07,7012,Sunday
1802,<A>,26,2021-02-07T01:57:15-05:00[America/New_York],2021-02-07T01:57:41-05:00[America/New_York],Yes,2021-02-07,7035,Sunday
1802,B,23,2021-02-07T01:57:41-05:00[America/New_York],2021-02-07T01:58:04-05:00[America/New_York],NA,2021-02-07,7061,Sunday
1802,<A>,26,2021-02-07T01:58:04-05:00[America/New_York],2021-02-07T01:58:30-05:00[America/New_York],Yes,2021-02-07,7084,Sunday
1802,B,23,2021-02-07T01:58:30-05:00[America/New_York],2021-02-07T01:58:53-05:00[America/New_York],NA,2021-02-07,7110,Sunday
1802,<A>,26,2021-02-07T01:58:53-05:00[America/New_York],2021-02-07T01:59:19-05:00[America/New_York],Yes,2021-02-07,7133,Sunday
1802,B,23,2021-02-07T01:59:19-05:00[America/New_York],2021-02-07T01:59:42-05:00[America/New_York],NA,2021-02-07,7159,Sunday
1802,<A>,26,2021-02-07T01:59:42-05:00[America/New_York],2021-02-07T02:00:08-05:00[America/New_York],Yes,2021-02-07,7182,Sunday
1802,B,23,2021-02-07T02:00:08-05:00[America/New_York],2021-02-07T02:00:31-05:00[America/New_York],NA,2021-02-07,7208,Sunday
1802,<A>,26,2021-02-07T02:00:31-05:00[America/New_York],2021-02-07T02:00:57-05:00[America/New_York],Yes,2021-02-07,7231,Sunday
1802,B,23,2021-02-07T02:00:57-05:00[America/New_York],2021-02-07T02:01:20-05:00[America/New_York],NA,2021-02-07,7257,Sunday
1802,<A>,26,2021-02-07T02:01:20-05:00[America/New_York],2021-02-07T02:01:46-05:00[America/New_York],Yes,2021-02-07,7280,Sunday
1802,B,23,2021-02-07T02:01:46-05:00[America/New_York],2021-02-07T02:02:09-05:00[America/New_York],NA,2021-02-07,7306,Sunday
1802,<A>,26,2021-02-07T02:02:09-05:00[America/New_York],2021-02-07T02:02:35-05:00[America/New_York],Yes,2021-02-07,7329,Sunday
1802,B,23,2021-02-07T02:02:35-05:00[America/New_York],2021-02-07T02:02:58-05:00[America/New_York],NA,2021-02-07,7355,Sunday
1802,<A>,26,2021-02-07T02:02:58-05:00[America/New_York],2021-02-07T02:03:24-05:00[America/New_York],Yes,2021-02-07,7378,Sunday
1802,B,23,2021-02-07T02:03:24-05:00[America/New_York],2021-02-07T02:03:47-05:00[America/New_York],NA,2021-02-07,7404,Sunday
1802,<A>,26,2021-02-07T02:03:47-05:00[America/New_York],2021-02-07T02:04:13-05:00[America/New_York],Yes,2021-02-07,7427,Sunday
1802,B,23,2021-02-07T02:04:13-05:00[America/New_York],2021-02-07T02:04:36-05:00[America/New_York],NA,2021-02-07,7453,Sunday
1802,<A>,26,2021-02-07T02:04:36-05:00[America/New_York],2021-02-07T02:05:02-05:00[America/New_York],Yes,2021-02-07,7476,Sunday
1802,B,15,2021-02-07T02:05:02-05:00[America/New_York],2021-02-07T02:05:17-05:00[America/New_York],NA,2021-02-07,7502,Sunday
1802,<A>,26,2021-02-07T02:05:17-05:00[America/New_York],2021-02-07T02:05:43-05:00[America/New_York],Yes,2021-02-07,7517,Sunday
1802,B,15,2021-02-07T02:05:43-05:00[America/New_York],2021-02-07T02:05:58-05:00[America/New_York],NA,2021-02-07,7543,Sunday
1802,<A>,26,2021-02-07T02:05:58-05:00[America/New_York],2021-02-07T02:06:24-05:00[America/New_York],Yes,2021-02-07,7558,Sunday
1802,B,16,2021-02-07T02:06:24-05:00[America/New_York],2021-02-07T02:06:40-05:00[America/New_York],NA,2021-02-07,7584,Sunday
1802,<A>,26,2021-02-07T02:06:40-05:00[America/New_York],2021-02-07T02:07:06-05:00[America/New_York],Yes,2021-02-07,7600,Sunday
1802,B,16,2021-02-07T02:07:06-05:00[America/New_York],2021-02-07T02:07:22-05:00[America/New_York],NA,2021-02-07,7626,Sunday
1802,<A>,26,2021-02-07T02:07:22-05:00[America/New_York],2021-02-07T02:07:48-05:00[America/New_York],Yes,2021-02-07,7642,Sunday
1802,B,19,2021-02-07T02:07:48-05:00[America/New_York],2021-02-07T02:08:07-05:00[America/New_York],NA,2021-02-07,7668,Sunday
1802,<A>,26,2021-02-07T02:08:07-05:00[America/New_York],2021-02-07T02:08:33-05:00[America/New_York],Yes,2021-02-07,7687,Sunday
1802,B,19,2021-02-07T02:08:33-05:00[America/New_York],2021-02-07T02:08:52-05:00[America/New_York],NA,2021-02-07,7713,Sunday
1802,<A>,28,2021-02-07T02:08:52-05:00[America/New_York],2021-02-07T02:09:20-05:00[America/New_York],Yes,2021-02-07,7732,Sunday
1802,B,21,2021-02-07T02:09:20-05:00[America/New_York],2021-02-07T02:09:41-05:00[America/New_York],NA,2021-02-07,7760,Sunday
1802,<A>,29,2021-02-07T02:09:41-05:00[America/New_York],2021-02-07T02:10:10-05:00[America/New_York],Yes,2021-02-07,7781,Sunday
1802,B,21,2021-02-07T02:10:10-05:00[America/New_York],2021-02-07T02:10:31-05:00[America/New_York],NA,2021-02-07,7810,Sunday
1802,<A>,26,2021-02-07T02:10:31-05:00[America/New_York],2021-02-07T02:10:57-05:00[America/New_York],Yes,2021-02-07,7831,Sunday
1802,B,22,2021-02-07T02:10:57-05:00[America/New_York],2021-02-07T02:11:19-05:00[America/New_York],NA,2021-02-07,7857,Sunday
1802,<A>,29,2021-02-07T02:11:19-05:00[America/New_York],2021-02-07T02:11:48-05:00[America/New_York],Yes,2021-02-07,7879,Sunday
1802,B,22,2021-02-07T02:11:48-05:00[America/New_York],2021-02-07T02:12:10-05:00[America/New_York],NA,2021-02-07,7908,Sunday
1802,<A>,30,2021-02-07T02:12:10-05:00[America/New_York],2021-02-07T02:12:40-05:00[America/New_York],Yes,2021-02-07,7930,Sunday
1802,B,23,2021-02-07T02:12:40-05:00[America/New_York],2021-02-07T02:13:03-05:00[America/New_York],NA,2021-02-07,7960,Sunday
1802,<A>,26,2021-02-07T02:13:03-05:00[America/New_York],2021-02-07T02:13:29-05:00[America/New_York],Yes,2021-02-07,7983,Sunday
1802,B,23,2021-02-07T02:13:29-05:00[America/New_York],2021-02-07T02:13:52-05:00[America/New_York],NA,2021-02-07,8009,Sunday
1802,<A>,26,2021-02-07T02:13:52-05:00[America/New_York],2021-02-07T02:14:18-05:00[America/New_York],Yes,2021-02-07,8032,Sunday
1802,B,23,2021-02-07T02:14:18-05:00[America/New_York],2021-02-07T02:14:41-05:00[America/New_York],NA,2021-02-07,8058,Sunday
1802,<A>,26,2021-02-07T02:14:41-05:00[America/New_York],2021-02-07T02:15:07-05:00[America/New_York],Yes,2021-02-07,8081,Sunday
1802,B,23,2021-02-07T02:15:07-05:00[America/New_York],2021-02-07T02:15:30-05:00[America/New_York],NA,2021-02-07,8107,Sunday
1802,<A>,26,2021-02-07T02:15:30-05:00[America/New_York],2021-02-07T02:15:56-05:00[America/New_York],Yes,2021-02-07,8130,Sunday
1802,B,23,2021-02-07T02:15:56-05:00[America/New_York],2021-02-07T02:16:19-05:00[America/New_York],NA,2021-02-07,8156,Sunday
1802,<A>,26,2021-02-07T02:16:19-05:00[America/New_York],2021-02-07T02:16:45-05:00[America/New_York],Yes,2021-02-07,8179,Sunday
1802,B,23,2021-02-07T02:16:45-05:00[America/New_York],2021-02-07T02:17:08-05:00[America/New_York],NA,2021-02-07,8205,Sunday
1802,<A>,26,2021-02-07T02:17:08-05:00[America/New_York],2021-02-07T02:17:34-05:00[America/New_York],Yes,2021-02-07,8228,Sunday
1802,B,23,2021-02-07T02:17:34-05:00[America/New_York],2021-02-07T02:17:57-05:00[America/New_York],NA,2021-02-07,8254,Sunday
1802,<A>,26,2021-02-07T02:17:57-05:00[America/New_York],2021-02-07T02:18:23-05:00[America/New_York],Yes,2021-02-07,8277,Sunday
1802,B,23,2021-02-07T02:18:23-05:00[America/New_York],2021-02-07T02:18:46-05:00[America/New_York],NA,2021-02-07,8303,Sunday
1802,<A>,26,2021-02-07T02:18:46-05:00[America/New_York],2021-02-07T02:19:12-05:00[America/New_York],Yes,2021-02-07,8326,Sunday
1802,B,23,2021-02-07T02:19:12-05:00[America/New_York],2021-02-07T02:19:35-05:00[America/New_York],NA,2021-02-07,8352,Sunday
1802,<A>,26,2021-02-07T02:19:35-05:00[America/New_York],2021-02-07T02:20:01-05:00[America/New_York],Yes,2021-02-07,8375,Sunday
1802,B,23,2021-02-07T02:20:01-05:00[America/New_York],2021-02-07T02:20:24-05:00[America/New_York],NA,2021-02-07,8401,Sunday
1802,<A>,26,2021-02-07T02:20:24-05:00[America/New_York],2021-02-07T02:20:50-05:00[America/New_York],Yes,2021-02-07,8424,Sunday
1802,B,15,2021-02-07T02:20:50-05:00[America/New_York],2021-02-07T02:21:05-05:00[America/New_York],NA,2021-02-07,8450,Sunday
1802,<A>,26,2021-02-07T02:21:05-05:00[America/New_York],2021-02-07T02:21:31-05:00[America/New_York],Yes,2021-02-07,8465,Sunday
1802,B,15,2021-02-07T02:21:31-05:00[America/New_York],2021-02-07T02:21:46-05:00[America/New_York],NA,2021-02-07,8491,Sunday
1802,<A>,26,2021-02-07T02:21:46-05:00[America/New_York],2021-02-07T02:22:12-05:00[America/New_York],Yes,2021-02-07,8506,Sunday
1802,B,16,2021-02-07T02:22:12-05:00[America/New_York],2021-02-07T02:22:28-05:00[America/New_York],NA,2021-02-07,8532,Sunday
1802,<A>,29,2021-02-07T02:22:28-05:00[America/New_York],2021-02-07T02:22:57-05:00[America/New_York],Yes,2021-02-07,8548,Sunday
1802,B,16,2021-02-07T02:22:57-05:00[America/New_York],2021-02-07T02:23:13-05:00[America/New_York],NA,2021-02-07,8577,Sunday
1802,<A>,26,2021-02-07T02:23:13-05:00[America/New_York],2021-02-07T02:23:39-05:00[America/New_York],Yes,2021-02-07,8593,Sunday
1802,B,19,2021-02-07T02:23:39-05:00[America/New_York],2021-02-07T02:23:58-05:00[America/New_York],NA,2021-02-07,8619,Sunday
1802,<A>,26,2021-02-07T02:23:58-05:00[America/New_York],2021-02-07T02:24:24-05:00[America/New_York],Yes,2021-02-07,8638,Sunday
1802,B,19,2021-02-07T02:24:24-05:00[America/New_York],2021-02-07T02:24:43-05:00[America/New_York],NA,2021-02-07,8664,Sunday
1802,<A>,26,2021-02-07T02:24:43-05:00[America/New_York],2021-02-07T02:25:09-05:00[America/New_York],Yes,2021-02-07,8683,Sunday
1802,B,21,2021-02-07T02:25:09-05:00[America/New_York],2021-02-07T02:25:30-05:00[America/New_York],NA,2021-02-07,8709,Sunday
1802,<A>,26,2021-02-07T02:25:30-05:00[America/New_York],2021-02-07T02:25:56-05:00[America/New_York],Yes,2021-02-07,8730,Sunday
1802,B,21,2021-02-07T02:25:56-05:00[America/New_York],2021-02-07T02:26:17-05:00[America/New_York],NA,2021-02-07,8756,Sunday
1802,<A>,28,2021-02-07T02:26:17-05:00[America/New_York],2021-02-07T02:26:45-05:00[America/New_York],Yes,2021-02-07,8777,Sunday
1802,B,22,2021-02-07T02:26:45-05:00[America/New_York],2021-02-07T02:27:07-05:00[America/New_York],NA,2021-02-07,8805,Sunday
1802,<A>,26,2021-02-07T02:27:07-05:00[America/New_York],2021-02-07T02:27:33-05:00[America/New_York],Yes,2021-02-07,8827,Sunday
1802,B,22,2021-02-07T02:27:33-05:00[America/New_York],2021-02-07T02:27:55-05:00[America/New_York],NA,2021-02-07,8853,Sunday
1802,<A>,26,2021-02-07T02:27:55-05:00[America/New_York],2021-02-07T02:28:21-05:00[America/New_York],Yes,2021-02-07,8875,Sunday
1802,B,23,2021-02-07T02:28:21-05:00[America/New_York],2021-02-07T02:28:44-05:00[America/New_York],NA,2021-02-07,8901,Sunday
1802,<A>,26,2021-02-07T02:28:44-05:00[America/New_York],2021-02-07T02:29:10-05:00[America/New_York],Yes,2021-02-07,8924,Sunday
1802,B,23,2021-02-07T02:29:10-05:00[America/New_York],2021-02-07T02:29:33-05:00[America/New_York],NA,2021-02-07,8950,Sunday
1802,<A>,26,2021-02-07T02:29:33-05:00[America/New_York],2021-02-07T02:29:59-05:00[America/New_York],Yes,2021-02-07,8973,Sunday
1802,B,15,2021-02-07T02:29:59-05:00[America/New_York],2021-02-07T02:30:14-05:00[America/New_York],NA,2021-02-07,8999,Sunday
1802,<A>,26,2021-02-07T02:30:14-05:00[America/New_York],2021-02-07T02:30:40-05:00[America/New_York],Yes,2021-02-07,9014,Sunday
1802,B,15,2021-02-07T02:30:40-05:00[America/New_York],2021-02-07T02:30:55-05:00[America/New_York],NA,2021-02-07,9040,Sunday
1802,<A>,27,2021-02-07T02:30:55-05:00[America/New_York],2021-02-07T02:31:22-05:00[America/New_York],Yes,2021-02-07,9055,Sunday
1802,B,16,2021-02-07T02:31:22-05:00[America/New_York],2021-02-07T02:31:38-05:00[America/New_York],NA,2021-02-07,9082,Sunday
1802,<A>,26,2021-02-07T02:31:38-05:00[America/New_York],2021-02-07T02:32:04-05:00[America/New_York],Yes,2021-02-07,9098,Sunday
1802,B,16,2021-02-07T02:32:04-05:00[America/New_York],2021-02-07T02:32:20-05:00[America/New_York],NA,2021-02-07,9124,Sunday
1802,<A>,26,2021-02-07T02:32:20-05:00[America/New_York],2021-02-07T02:32:46-05:00[America/New_York],Yes,2021-02-07,9140,Sunday
1802,B,16,2021-02-07T02:32:46-05:00[America/New_York],2021-02-07T02:33:02-05:00[America/New_York],NA,2021-02-07,9166,Sunday
1802,<A>,27,2021-02-07T02:33:02-05:00[America/New_York],2021-02-07T02:33:29-05:00[America/New_York],Yes,2021-02-07,9182,Sunday
1802,B,19,2021-02-07T02:33:29-05:00[America/New_York],2021-02-07T02:33:48-05:00[America/New_York],NA,2021-02-07,9209,Sunday
1802,<A>,26,2021-02-07T02:33:48-05:00[America/New_York],2021-02-07T02:34:14-05:00[America/New_York],Yes,2021-02-07,9228,Sunday
1802,B,19,2021-02-07T02:34:14-05:00[America/New_York],2021-02-07T02:34:33-05:00[America/New_York],NA,2021-02-07,9254,Sunday
1802,<A>,29,2021-02-07T02:34:33-05:00[America/New_York],2021-02-07T02:35:02-05:00[America/New_York],Yes,2021-02-07,9273,Sunday
1802,B,21,2021-02-07T02:35:02-05:00[America/New_York],2021-02-07T02:35:23-05:00[America/New_York],NA,2021-02-07,9302,Sunday
1802,<A>,26,2021-02-07T02:35:23-05:00[America/New_York],2021-02-07T02:35:49-05:00[America/New_York],Yes,2021-02-07,9323,Sunday
1802,B,21,2021-02-07T02:35:49-05:00[America/New_York],2021-02-07T02:36:10-05:00[America/New_York],NA,2021-02-07,9349,Sunday
1802,<A>,26,2021-02-07T02:36:10-05:00[America/New_York],2021-02-07T02:36:36-05:00[America/New_York],Yes,2021-02-07,9370,Sunday
1802,B,22,2021-02-07T02:36:36-05:00[America/New_York],2021-02-07T02:36:58-05:00[America/New_York],NA,2021-02-07,9396,Sunday
1802,<A>,26,2021-02-07T02:36:58-05:00[America/New_York],2021-02-07T02:37:24-05:00[America/New_York],Yes,2021-02-07,9418,Sunday
1802,B,22,2021-02-07T02:37:24-05:00[America/New_York],2021-02-07T02:37:46-05:00[America/New_York],NA,2021-02-07,9444,Sunday
1802,<A>,26,2021-02-07T02:37:46-05:00[America/New_York],2021-02-07T02:38:12-05:00[America/New_York],Yes,2021-02-07,9466,Sunday
1802,B,23,2021-02-07T02:38:12-05:00[America/New_York],2021-02-07T02:38:35-05:00[America/New_York],NA,2021-02-07,9492,Sunday
1802,<A>,26,2021-02-07T02:38:35-05:00[America/New_York],2021-02-07T02:39:01-05:00[America/New_York],Yes,2021-02-07,9515,Sunday
1802,B,23,2021-02-07T02:39:01-05:00[America/New_York],2021-02-07T02:39:24-05:00[America/New_York],NA,2021-02-07,9541,Sunday
1802,<A>,26,2021-02-07T02:39:24-05:00[America/New_York],2021-02-07T02:39:50-05:00[America/New_York],Yes,2021-02-07,9564,Sunday
1802,B,15,2021-02-07T02:39:50-05:00[America/New_York],2021-02-07T02:40:05-05:00[America/New_York],NA,2021-02-07,9590,Sunday
1802,<A>,26,2021-02-07T02:40:05-05:00[America/New_York],2021-02-07T02:40:31-05:00[America/New_York],Yes,2021-02-07,9605,Sunday
1802,B,15,2021-02-07T02:40:31-05:00[America/New_York],2021-02-07T02:40:46-05:00[America/New_York],NA,2021-02-07,9631,Sunday
1802,<A>,26,2021-02-07T02:40:46-05:00[America/New_York],2021-02-07T02:41:12-05:00[America/New_York],Yes,2021-02-07,9646,Sunday
1802,B,16,2021-02-07T02:41:12-05:00[America/New_York],2021-02-07T02:41:28-05:00[America/New_York],NA,2021-02-07,9672,Sunday
1802,<A>,26,2021-02-07T02:41:28-05:00[America/New_York],2021-02-07T02:41:54-05:00[America/New_York],Yes,2021-02-07,9688,Sunday
1802,B,16,2021-02-07T02:41:54-05:00[America/New_York],2021-02-07T02:42:10-05:00[America/New_York],NA,2021-02-07,9714,Sunday
1802,<A>,26,2021-02-07T02:42:10-05:00[America/New_York],2021-02-07T02:42:36-05:00[America/New_York],Yes,2021-02-07,9730,Sunday
1802,B,19,2021-02-07T02:42:36-05:00[America/New_York],2021-02-07T02:42:55-05:00[America/New_York],NA,2021-02-07,9756,Sunday
1802,<A>,26,2021-02-07T02:42:55-05:00[America/New_York],2021-02-07T02:43:21-05:00[America/New_York],Yes,2021-02-07,9775,Sunday
1802,B,19,2021-02-07T02:43:21-05:00[America/New_York],2021-02-07T02:43:40-05:00[America/New_York],NA,2021-02-07,9801,Sunday
1802,<A>,26,2021-02-07T02:43:40-05:00[America/New_York],2021-02-07T02:44:06-05:00[America/New_York],Yes,2021-02-07,9820,Sunday
1802,B,21,2021-02-07T02:44:06-05:00[America/New_York],2021-02-07T02:44:27-05:00[America/New_York],NA,2021-02-07,9846,Sunday
1802,<A>,26,2021-02-07T02:44:27-05:00[America/New_York],2021-02-07T02:44:53-05:00[America/New_York],Yes,2021-02-07,9867,Sunday
1802,B,21,2021-02-07T02:44:53-05:00[America/New_York],2021-02-07T02:45:14-05:00[America/New_York],NA,2021-02-07,9893,Sunday
1802,<A>,26,2021-02-07T02:45:14-05:00[America/New_York],2021-02-07T02:45:40-05:00[America/New_York],Yes,2021-02-07,9914,Sunday
1802,B,22,2021-02-07T02:45:40-05:00[America/New_York],2021-02-07T02:46:02-05:00[America/New_York],NA,2021-02-07,9940,Sunday
1802,<A>,26,2021-02-07T02:46:02-05:00[America/New_York],2021-02-07T02:46:28-05:00[America/New_York],Yes,2021-02-07,9962,Sunday
1802,B,22,2021-02-07T02:46:28-05:00[America/New_York],2021-02-07T02:46:50-05:00[America/New_York],NA,2021-02-07,9988,Sunday
1802,<A>,31,2021-02-07T02:46:50-05:00[America/New_York],2021-02-07T02:47:21-05:00[America/New_York],Yes,2021-02-07,10010,Sunday
1802,B,23,2021-02-07T02:47:21-05:00[America/New_York],2021-02-07T02:47:44-05:00[America/New_York],NA,2021-02-07,10041,Sunday
1802,<A>,26,2021-02-07T02:47:44-05:00[America/New_York],2021-02-07T02:48:10-05:00[America/New_York],Yes,2021-02-07,10064,Sunday
1802,B,23,2021-02-07T02:48:10-05:00[America/New_York],2021-02-07T02:48:33-05:00[America/New_York],NA,2021-02-07,10090,Sunday
1802,<A>,26,2021-02-07T02:48:33-05:00[America/New_York],2021-02-07T02:48:59-05:00[America/New_York],Yes,2021-02-07,10113,Sunday
1802,B,15,2021-02-07T02:48:59-05:00[America/New_York],2021-02-07T02:49:14-05:00[America/New_York],NA,2021-02-07,10139,Sunday
1802,<A>,26,2021-02-07T02:49:14-05:00[America/New_York],2021-02-07T02:49:40-05:00[America/New_York],Yes,2021-02-07,10154,Sunday
1802,B,15,2021-02-07T02:49:40-05:00[America/New_York],2021-02-07T02:49:55-05:00[America/New_York],NA,2021-02-07,10180,Sunday
1802,<A>,26,2021-02-07T02:49:55-05:00[America/New_York],2021-02-07T02:50:21-05:00[America/New_York],Yes,2021-02-07,10195,Sunday
1802,B,15,2021-02-07T02:50:21-05:00[America/New_York],2021-02-07T02:50:36-05:00[America/New_York],NA,2021-02-07,10221,Sunday
1802,<A>,26,2021-02-07T02:50:36-05:00[America/New_York],2021-02-07T02:51:02-05:00[America/New_York],Yes,2021-02-07,10236,Sunday
1802,B,16,2021-02-07T02:51:02-05:00[America/New_York],2021-02-07T02:51:18-05:00[America/New_York],NA,2021-02-07,10262,Sunday
1802,<A>,26,2021-02-07T02:51:18-05:00[America/New_York],2021-02-07T02:51:44-05:00[America/New_York],Yes,2021-02-07,10278,Sunday
1802,B,16,2021-02-07T02:51:44-05:00[America/New_York],2021-02-07T02:52:00-05:00[America/New_York],NA,2021-02-07,10304,Sunday
1802,<A>,26,2021-02-07T02:52:00-05:00[America/New_York],2021-02-07T02:52:26-05:00[America/New_York],Yes,2021-02-07,10320,Sunday
1802,B,19,2021-02-07T02:52:26-05:00[America/New_York],2021-02-07T02:52:45-05:00[America/New_York],NA,2021-02-07,10346,Sunday
1802,<A>,26,2021-02-07T02:52:45-05:00[America/New_York],2021-02-07T02:53:11-05:00[America/New_York],Yes,2021-02-07,10365,Sunday
1802,B,19,2021-02-07T02:53:11-05:00[America/New_York],2021-02-07T02:53:30-05:00[America/New_York],NA,2021-02-07,10391,Sunday
1802,<A>,26,2021-02-07T02:53:30-05:00[America/New_York],2021-02-07T02:53:56-05:00[America/New_York],Yes,2021-02-07,10410,Sunday
1802,B,21,2021-02-07T02:53:56-05:00[America/New_York],2021-02-07T02:54:17-05:00[America/New_York],NA,2021-02-07,10436,Sunday
1802,<A>,26,2021-02-07T02:54:17-05:00[America/New_York],2021-02-07T02:54:43-05:00[America/New_York],Yes,2021-02-07,10457,Sunday
1802,B,21,2021-02-07T02:54:43-05:00[America/New_York],2021-02-07T02:55:04-05:00[America/New_York],NA,2021-02-07,10483,Sunday
1802,<A>,26,2021-02-07T02:55:04-05:00[America/New_York],2021-02-07T02:55:30-05:00[America/New_York],Yes,2021-02-07,10504,Sunday
1802,B,22,2021-02-07T02:55:30-05:00[America/New_York],2021-02-07T02:55:52-05:00[America/New_York],NA,2021-02-07,10530,Sunday
1802,<A>,26,2021-02-07T02:55:52-05:00[America/New_York],2021-02-07T02:56:18-05:00[America/New_York],Yes,2021-02-07,10552,Sunday
1802,B,22,2021-02-07T02:56:18-05:00[America/New_York],2021-02-07T02:56:40-05:00[America/New_York],NA,2021-02-07,10578,Sunday
1802,<A>,26,2021-02-07T02:56:40-05:00[America/New_York],2021-02-07T02:57:06-05:00[America/New_York],Yes,2021-02-07,10600,Sunday
1802,B,23,2021-02-07T02:57:06-05:00[America/New_York],2021-02-07T02:57:29-05:00[America/New_York],NA,2021-02-07,10626,Sunday
1802,<A>,26,2021-02-07T02:57:29-05:00[America/New_York],2021-02-07T02:57:55-05:00[America/New_York],Yes,2021-02-07,10649,Sunday
1802,B,23,2021-02-07T02:57:55-05:00[America/New_York],2021-02-07T02:58:18-05:00[America/New_York],NA,2021-02-07,10675,Sunday
1802,<A>,29,2021-02-07T02:58:18-05:00[America/New_York],2021-02-07T02:58:47-05:00[America/New_York],Yes,2021-02-07,10698,Sunday
1802,B,23,2021-02-07T02:58:47-05:00[America/New_York],2021-02-07T02:59:10-05:00[America/New_York],NA,2021-02-07,10727,Sunday
1802,<A>,29,2021-02-07T02:59:10-05:00[America/New_York],2021-02-07T02:59:39-05:00[America/New_York],Yes,2021-02-07,10750,Sunday
1802,B,23,2021-02-07T02:59:39-05:00[America/New_York],2021-02-07T03:00:02-05:00[America/New_York],NA,2021-02-07,10779,Sunday
1802,<A>,26,2021-02-07T03:00:02-05:00[America/New_York],2021-02-07T03:00:28-05:00[America/New_York],Yes,2021-02-07,10802,Sunday
1802,B,23,2021-02-07T03:00:28-05:00[America/New_York],2021-02-07T03:00:51-05:00[America/New_York],NA,2021-02-07,10828,Sunday
1802,<A>,26,2021-02-07T03:00:51-05:00[America/New_York],2021-02-07T03:01:17-05:00[America/New_York],Yes,2021-02-07,10851,Sunday
1802,B,23,2021-02-07T03:01:17-05:00[America/New_York],2021-02-07T03:01:40-05:00[America/New_York],NA,2021-02-07,10877,Sunday
1802,<A>,26,2021-02-07T03:01:40-05:00[America/New_York],2021-02-07T03:02:06-05:00[America/New_York],Yes,2021-02-07,10900,Sunday
1802,B,23,2021-02-07T03:02:06-05:00[America/New_York],2021-02-07T03:02:29-05:00[America/New_York],NA,2021-02-07,10926,Sunday
1802,<A>,26,2021-02-07T03:02:29-05:00[America/New_York],2021-02-07T03:02:55-05:00[America/New_York],Yes,2021-02-07,10949,Sunday
1802,B,23,2021-02-07T03:02:55-05:00[America/New_York],2021-02-07T03:03:18-05:00[America/New_York],NA,2021-02-07,10975,Sunday
1802,<A>,26,2021-02-07T03:03:18-05:00[America/New_York],2021-02-07T03:03:44-05:00[America/New_York],Yes,2021-02-07,10998,Sunday
1802,B,23,2021-02-07T03:03:44-05:00[America/New_York],2021-02-07T03:04:07-05:00[America/New_York],NA,2021-02-07,11024,Sunday
1802,<A>,26,2021-02-07T03:04:07-05:00[America/New_York],2021-02-07T03:04:33-05:00[America/New_York],Yes,2021-02-07,11047,Sunday
1802,B,23,2021-02-07T03:04:33-05:00[America/New_York],2021-02-07T03:04:56-05:00[America/New_York],NA,2021-02-07,11073,Sunday
1802,<A>,26,2021-02-07T03:04:56-05:00[America/New_York],2021-02-07T03:05:22-05:00[America/New_York],Yes,2021-02-07,11096,Sunday
1802,B,23,2021-02-07T03:05:22-05:00[America/New_York],2021-02-07T03:05:45-05:00[America/New_York],NA,2021-02-07,11122,Sunday
1802,<A>,32,2021-02-07T03:05:45-05:00[America/New_York],2021-02-07T03:06:17-05:00[America/New_York],Yes,2021-02-07,11145,Sunday
1802,B,15,2021-02-07T03:06:17-05:00[America/New_York],2021-02-07T03:06:32-05:00[America/New_York],NA,2021-02-07,11177,Sunday
1802,<A>,26,2021-02-07T03:06:32-05:00[America/New_York],2021-02-07T03:06:58-05:00[America/New_York],Yes,2021-02-07,11192,Sunday
1802,B,15,2021-02-07T03:06:58-05:00[America/New_York],2021-02-07T03:07:13-05:00[America/New_York],NA,2021-02-07,11218,Sunday
1802,<A>,26,2021-02-07T03:07:13-05:00[America/New_York],2021-02-07T03:07:39-05:00[America/New_York],Yes,2021-02-07,11233,Sunday
1802,B,15,2021-02-07T03:07:39-05:00[America/New_York],2021-02-07T03:07:54-05:00[America/New_York],NA,2021-02-07,11259,Sunday
1802,<A>,29,2021-02-07T03:07:54-05:00[America/New_York],2021-02-07T03:08:23-05:00[America/New_York],Yes,2021-02-07,11274,Sunday
1802,B,16,2021-02-07T03:08:23-05:00[America/New_York],2021-02-07T03:08:39-05:00[America/New_York],NA,2021-02-07,11303,Sunday
1802,<A>,26,2021-02-07T03:08:39-05:00[America/New_York],2021-02-07T03:09:05-05:00[America/New_York],Yes,2021-02-07,11319,Sunday
1802,B,16,2021-02-07T03:09:05-05:00[America/New_York],2021-02-07T03:09:21-05:00[America/New_York],NA,2021-02-07,11345,Sunday
1802,<A>,26,2021-02-07T03:09:21-05:00[America/New_York],2021-02-07T03:09:47-05:00[America/New_York],Yes,2021-02-07,11361,Sunday
1802,B,19,2021-02-07T03:09:47-05:00[America/New_York],2021-02-07T03:10:06-05:00[America/New_York],NA,2021-02-07,11387,Sunday
1802,<A>,26,2021-02-07T03:10:06-05:00[America/New_York],2021-02-07T03:10:32-05:00[America/New_York],Yes,2021-02-07,11406,Sunday
1802,B,19,2021-02-07T03:10:32-05:00[America/New_York],2021-02-07T03:10:51-05:00[America/New_York],NA,2021-02-07,11432,Sunday
1802,<A>,26,2021-02-07T03:10:51-05:00[America/New_York],2021-02-07T03:11:17-05:00[America/New_York],Yes,2021-02-07,11451,Sunday
1802,B,21,2021-02-07T03:11:17-05:00[America/New_York],2021-02-07T03:11:38-05:00[America/New_York],NA,2021-02-07,11477,Sunday
1802,<A>,26,2021-02-07T03:11:38-05:00[America/New_York],2021-02-07T03:12:04-05:00[America/New_York],Yes,2021-02-07,11498,Sunday
1802,B,21,2021-02-07T03:12:04-05:00[America/New_York],2021-02-07T03:12:25-05:00[America/New_York],NA,2021-02-07,11524,Sunday
1802,<A>,26,2021-02-07T03:12:25-05:00[America/New_York],2021-02-07T03:12:51-05:00[America/New_York],Yes,2021-02-07,11545,Sunday
1802,B,22,2021-02-07T03:12:51-05:00[America/New_York],2021-02-07T03:13:13-05:00[America/New_York],NA,2021-02-07,11571,Sunday
1802,<A>,26,2021-02-07T03:13:13-05:00[America/New_York],2021-02-07T03:13:39-05:00[America/New_York],Yes,2021-02-07,11593,Sunday
1802,B,22,2021-02-07T03:13:39-05:00[America/New_York],2021-02-07T03:14:01-05:00[America/New_York],NA,2021-02-07,11619,Sunday
1802,<A>,26,2021-02-07T03:14:01-05:00[America/New_York],2021-02-07T03:14:27-05:00[America/New_York],Yes,2021-02-07,11641,Sunday
1802,B,23,2021-02-07T03:14:27-05:00[America/New_York],2021-02-07T03:14:50-05:00[America/New_York],NA,2021-02-07,11667,Sunday
1802,<A>,26,2021-02-07T03:14:50-05:00[America/New_York],2021-02-07T03:15:16-05:00[America/New_York],Yes,2021-02-07,11690,Sunday
1802,B,23,2021-02-07T03:15:16-05:00[America/New_York],2021-02-07T03:15:39-05:00[America/New_York],NA,2021-02-07,11716,Sunday
1802,<A>,26,2021-02-07T03:15:39-05:00[America/New_York],2021-02-07T03:16:05-05:00[America/New_York],Yes,2021-02-07,11739,Sunday
1802,B,15,2021-02-07T03:16:05-05:00[America/New_York],2021-02-07T03:16:20-05:00[America/New_York],NA,2021-02-07,11765,Sunday
1802,<A>,26,2021-02-07T03:16:20-05:00[America/New_York],2021-02-07T03:16:46-05:00[America/New_York],Yes,2021-02-07,11780,Sunday
1802,B,15,2021-02-07T03:16:46-05:00[America/New_York],2021-02-07T03:17:01-05:00[America/New_York],NA,2021-02-07,11806,Sunday
1802,<A>,26,2021-02-07T03:17:01-05:00[America/New_York],2021-02-07T03:17:27-05:00[America/New_York],Yes,2021-02-07,11821,Sunday
1802,B,16,2021-02-07T03:17:27-05:00[America/New_York],2021-02-07T03:17:43-05:00[America/New_York],NA,2021-02-07,11847,Sunday
1802,<A>,26,2021-02-07T03:17:43-05:00[America/New_York],2021-02-07T03:18:09-05:00[America/New_York],Yes,2021-02-07,11863,Sunday
1802,B,16,2021-02-07T03:18:09-05:00[America/New_York],2021-02-07T03:18:25-05:00[America/New_York],NA,2021-02-07,11889,Sunday
1802,<A>,39,2021-02-07T03:18:25-05:00[America/New_York],2021-02-07T03:19:04-05:00[America/New_York],Yes,2021-02-07,11905,Sunday
1802,B,19,2021-02-07T03:19:04-05:00[America/New_York],2021-02-07T03:19:23-05:00[America/New_York],NA,2021-02-07,11944,Sunday
1802,<A>,26,2021-02-07T03:19:23-05:00[America/New_York],2021-02-07T03:19:49-05:00[America/New_York],Yes,2021-02-07,11963,Sunday
1802,B,19,2021-02-07T03:19:49-05:00[America/New_York],2021-02-07T03:20:08-05:00[America/New_York],NA,2021-02-07,11989,Sunday
1802,<A>,26,2021-02-07T03:20:08-05:00[America/New_York],2021-02-07T03:20:34-05:00[America/New_York],Yes,2021-02-07,12008,Sunday
1802,B,21,2021-02-07T03:20:34-05:00[America/New_York],2021-02-07T03:20:55-05:00[America/New_York],NA,2021-02-07,12034,Sunday
1802,<A>,26,2021-02-07T03:20:55-05:00[America/New_York],2021-02-07T03:21:21-05:00[America/New_York],Yes,2021-02-07,12055,Sunday
1802,B,21,2021-02-07T03:21:21-05:00[America/New_York],2021-02-07T03:21:42-05:00[America/New_York],NA,2021-02-07,12081,Sunday
1802,<A>,29,2021-02-07T03:21:42-05:00[America/New_York],2021-02-07T03:22:11-05:00[America/New_York],Yes,2021-02-07,12102,Sunday
1802,B,22,2021-02-07T03:22:11-05:00[America/New_York],2021-02-07T03:22:33-05:00[America/New_York],NA,2021-02-07,12131,Sunday
1802,<A>,26,2021-02-07T03:22:33-05:00[America/New_York],2021-02-07T03:22:59-05:00[America/New_York],Yes,2021-02-07,12153,Sunday
1802,B,22,2021-02-07T03:22:59-05:00[America/New_York],2021-02-07T03:23:21-05:00[America/New_York],NA,2021-02-07,12179,Sunday
1802,<A>,26,2021-02-07T03:23:21-05:00[America/New_York],2021-02-07T03:23:47-05:00[America/New_York],Yes,2021-02-07,12201,Sunday
1802,B,23,2021-02-07T03:23:47-05:00[America/New_York],2021-02-07T03:24:10-05:00[America/New_York],NA,2021-02-07,12227,Sunday
1802,<A>,26,2021-02-07T03:24:10-05:00[America/New_York],2021-02-07T03:24:36-05:00[America/New_York],Yes,2021-02-07,12250,Sunday
1802,B,23,2021-02-07T03:24:36-05:00[America/New_York],2021-02-07T03:24:59-05:00[America/New_York],NA,2021-02-07,12276,Sunday
1802,<A>,26,2021-02-07T03:24:59-05:00[America/New_York],2021-02-07T03:25:25-05:00[America/New_York],Yes,2021-02-07,12299,Sunday
1802,B,23,2021-02-07T03:25:25-05:00[America/New_York],2021-02-07T03:25:48-05:00[America/New_York],NA,2021-02-07,12325,Sunday
1802,<A>,26,2021-02-07T03:25:48-05:00[America/New_York],2021-02-07T03:26:14-05:00[America/New_York],Yes,2021-02-07,12348,Sunday
1802,B,23,2021-02-07T03:26:14-05:00[America/New_York],2021-02-07T03:26:37-05:00[America/New_York],NA,2021-02-07,12374,Sunday
1802,<A>,26,2021-02-07T03:26:37-05:00[America/New_York],2021-02-07T03:27:03-05:00[America/New_York],Yes,2021-02-07,12397,Sunday
1802,B,23,2021-02-07T03:27:03-05:00[America/New_York],2021-02-07T03:27:26-05:00[America/New_York],NA,2021-02-07,12423,Sunday
1802,<A>,26,2021-02-07T03:27:26-05:00[America/New_York],2021-02-07T03:27:52-05:00[America/New_York],Yes,2021-02-07,12446,Sunday
1802,B,23,2021-02-07T03:27:52-05:00[America/New_York],2021-02-07T03:28:15-05:00[America/New_York],NA,2021-02-07,12472,Sunday
1802,<A>,27,2021-02-07T03:28:15-05:00[America/New_York],2021-02-07T03:28:42-05:00[America/New_York],Yes,2021-02-07,12495,Sunday
1802,B,23,2021-02-07T03:28:42-05:00[America/New_York],2021-02-07T03:29:05-05:00[America/New_York],NA,2021-02-07,12522,Sunday
1802,<A>,26,2021-02-07T03:29:05-05:00[America/New_York],2021-02-07T03:29:31-05:00[America/New_York],Yes,2021-02-07,12545,Sunday
1802,B,23,2021-02-07T03:29:31-05:00[America/New_York],2021-02-07T03:29:54-05:00[America/New_York],NA,2021-02-07,12571,Sunday
1802,<A>,26,2021-02-07T03:29:54-05:00[America/New_York],2021-02-07T03:30:20-05:00[America/New_York],Yes,2021-02-07,12594,Sunday
1802,B,23,2021-02-07T03:30:20-05:00[America/New_York],2021-02-07T03:30:43-05:00[America/New_York],NA,2021-02-07,12620,Sunday
1802,<A>,27,2021-02-07T03:30:43-05:00[America/New_York],2021-02-07T03:31:10-05:00[America/New_York],Yes,2021-02-07,12643,Sunday
1802,B,23,2021-02-07T03:31:10-05:00[America/New_York],2021-02-07T03:31:33-05:00[America/New_York],NA,2021-02-07,12670,Sunday
1802,<A>,26,2021-02-07T03:31:33-05:00[America/New_York],2021-02-07T03:31:59-05:00[America/New_York],Yes,2021-02-07,12693,Sunday
1802,B,15,2021-02-07T03:31:59-05:00[America/New_York],2021-02-07T03:32:14-05:00[America/New_York],NA,2021-02-07,12719,Sunday
1802,<A>,26,2021-02-07T03:32:14-05:00[America/New_York],2021-02-07T03:32:40-05:00[America/New_York],Yes,2021-02-07,12734,Sunday
1802,B,15,2021-02-07T03:32:40-05:00[America/New_York],2021-02-07T03:32:55-05:00[America/New_York],NA,2021-02-07,12760,Sunday
1802,<A>,27,2021-02-07T03:32:55-05:00[America/New_York],2021-02-07T03:33:22-05:00[America/New_York],Yes,2021-02-07,12775,Sunday
1802,B,16,2021-02-07T03:33:22-05:00[America/New_York],2021-02-07T03:33:38-05:00[America/New_York],NA,2021-02-07,12802,Sunday
1802,<A>,26,2021-02-07T03:33:38-05:00[America/New_York],2021-02-07T03:34:04-05:00[America/New_York],Yes,2021-02-07,12818,Sunday
1802,B,16,2021-02-07T03:34:04-05:00[America/New_York],2021-02-07T03:34:20-05:00[America/New_York],NA,2021-02-07,12844,Sunday
1802,<A>,26,2021-02-07T03:34:20-05:00[America/New_York],2021-02-07T03:34:46-05:00[America/New_York],Yes,2021-02-07,12860,Sunday
1802,B,19,2021-02-07T03:34:46-05:00[America/New_York],2021-02-07T03:35:05-05:00[America/New_York],NA,2021-02-07,12886,Sunday
1802,<A>,29,2021-02-07T03:35:05-05:00[America/New_York],2021-02-07T03:35:34-05:00[America/New_York],Yes,2021-02-07,12905,Sunday
1802,B,19,2021-02-07T03:35:34-05:00[America/New_York],2021-02-07T03:35:53-05:00[America/New_York],NA,2021-02-07,12934,Sunday
1802,<A>,26,2021-02-07T03:35:53-05:00[America/New_York],2021-02-07T03:36:19-05:00[America/New_York],Yes,2021-02-07,12953,Sunday
1802,B,21,2021-02-07T03:36:19-05:00[America/New_York],2021-02-07T03:36:40-05:00[America/New_York],NA,2021-02-07,12979,Sunday
1802,<A>,26,2021-02-07T03:36:40-05:00[America/New_York],2021-02-07T03:37:06-05:00[America/New_York],Yes,2021-02-07,13000,Sunday
1802,B,21,2021-02-07T03:37:06-05:00[America/New_York],2021-02-07T03:37:27-05:00[America/New_York],NA,2021-02-07,13026,Sunday
1802,<A>,26,2021-02-07T03:37:27-05:00[America/New_York],2021-02-07T03:37:53-05:00[America/New_York],Yes,2021-02-07,13047,Sunday
1802,B,22,2021-02-07T03:37:53-05:00[America/New_York],2021-02-07T03:38:15-05:00[America/New_York],NA,2021-02-07,13073,Sunday
1802,<A>,26,2021-02-07T03:38:15-05:00[America/New_York],2021-02-07T03:38:41-05:00[America/New_York],Yes,2021-02-07,13095,Sunday
1802,B,22,2021-02-07T03:38:41-05:00[America/New_York],2021-02-07T03:39:03-05:00[America/New_York],NA,2021-02-07,13121,Sunday
1802,<A>,26,2021-02-07T03:39:03-05:00[America/New_York],2021-02-07T03:39:29-05:00[America/New_York],Yes,2021-02-07,13143,Sunday
1802,B,23,2021-02-07T03:39:29-05:00[America/New_York],2021-02-07T03:39:52-05:00[America/New_York],NA,2021-02-07,13169,Sunday
1802,<A>,27,2021-02-07T03:39:52-05:00[America/New_York],2021-02-07T03:40:19-05:00[America/New_York],Yes,2021-02-07,13192,Sunday
1802,B,23,2021-02-07T03:40:19-05:00[America/New_York],2021-02-07T03:40:42-05:00[America/New_York],NA,2021-02-07,13219,Sunday
1802,<A>,26,2021-02-07T03:40:42-05:00[America/New_York],2021-02-07T03:41:08-05:00[America/New_York],Yes,2021-02-07,13242,Sunday
1802,B,15,2021-02-07T03:41:08-05:00[America/New_York],2021-02-07T03:41:23-05:00[America/New_York],NA,2021-02-07,13268,Sunday
1802,<A>,26,2021-02-07T03:41:23-05:00[America/New_York],2021-02-07T03:41:49-05:00[America/New_York],Yes,2021-02-07,13283,Sunday
1802,B,15,2021-02-07T03:41:49-05:00[America/New_York],2021-02-07T03:42:04-05:00[America/New_York],NA,2021-02-07,13309,Sunday
1802,<A>,26,2021-02-07T03:42:04-05:00[America/New_York],2021-02-07T03:42:30-05:00[America/New_York],Yes,2021-02-07,13324,Sunday
1802,B,15,2021-02-07T03:42:30-05:00[America/New_York],2021-02-07T03:42:45-05:00[America/New_York],NA,2021-02-07,13350,Sunday
1802,<A>,26,2021-02-07T03:42:45-05:00[America/New_York],2021-02-07T03:43:11-05:00[America/New_York],Yes,2021-02-07,13365,Sunday
1802,B,16,2021-02-07T03:43:11-05:00[America/New_York],2021-02-07T03:43:27-05:00[America/New_York],NA,2021-02-07,13391,Sunday
1802,<A>,26,2021-02-07T03:43:27-05:00[America/New_York],2021-02-07T03:43:53-05:00[America/New_York],Yes,2021-02-07,13407,Sunday
1802,B,16,2021-02-07T03:43:53-05:00[America/New_York],2021-02-07T03:44:09-05:00[America/New_York],NA,2021-02-07,13433,Sunday
1802,<A>,26,2021-02-07T03:44:09-05:00[America/New_York],2021-02-07T03:44:35-05:00[America/New_York],Yes,2021-02-07,13449,Sunday
1802,B,19,2021-02-07T03:44:35-05:00[America/New_York],2021-02-07T03:44:54-05:00[America/New_York],NA,2021-02-07,13475,Sunday
1802,<A>,26,2021-02-07T03:44:54-05:00[America/New_York],2021-02-07T03:45:20-05:00[America/New_York],Yes,2021-02-07,13494,Sunday
1802,B,19,2021-02-07T03:45:20-05:00[America/New_York],2021-02-07T03:45:39-05:00[America/New_York],NA,2021-02-07,13520,Sunday
1802,<A>,26,2021-02-07T03:45:39-05:00[America/New_York],2021-02-07T03:46:05-05:00[America/New_York],Yes,2021-02-07,13539,Sunday
1802,B,21,2021-02-07T03:46:05-05:00[America/New_York],2021-02-07T03:46:26-05:00[America/New_York],NA,2021-02-07,13565,Sunday
1802,<A>,26,2021-02-07T03:46:26-05:00[America/New_York],2021-02-07T03:46:52-05:00[America/New_York],Yes,2021-02-07,13586,Sunday
1802,B,21,2021-02-07T03:46:52-05:00[America/New_York],2021-02-07T03:47:13-05:00[America/New_York],NA,2021-02-07,13612,Sunday
1802,<A>,29,2021-02-07T03:47:13-05:00[America/New_York],2021-02-07T03:47:42-05:00[America/New_York],Yes,2021-02-07,13633,Sunday
1802,B,22,2021-02-07T03:47:42-05:00[America/New_York],2021-02-07T03:48:04-05:00[America/New_York],NA,2021-02-07,13662,Sunday
1802,<A>,26,2021-02-07T03:48:04-05:00[America/New_York],2021-02-07T03:48:30-05:00[America/New_York],Yes,2021-02-07,13684,Sunday
1802,B,22,2021-02-07T03:48:30-05:00[America/New_York],2021-02-07T03:48:52-05:00[America/New_York],NA,2021-02-07,13710,Sunday
1802,<A>,26,2021-02-07T03:48:52-05:00[America/New_York],2021-02-07T03:49:18-05:00[America/New_York],Yes,2021-02-07,13732,Sunday
1802,B,23,2021-02-07T03:49:18-05:00[America/New_York],2021-02-07T03:49:41-05:00[America/New_York],NA,2021-02-07,13758,Sunday
1802,<A>,28,2021-02-07T03:49:41-05:00[America/New_York],2021-02-07T03:50:09-05:00[America/New_York],Yes,2021-02-07,13781,Sunday
1802,B,23,2021-02-07T03:50:09-05:00[America/New_York],2021-02-07T03:50:32-05:00[America/New_York],NA,2021-02-07,13809,Sunday
1802,<A>,26,2021-02-07T03:50:32-05:00[America/New_York],2021-02-07T03:50:58-05:00[America/New_York],Yes,2021-02-07,13832,Sunday
1802,B,23,2021-02-07T03:50:58-05:00[America/New_York],2021-02-07T03:51:21-05:00[America/New_York],NA,2021-02-07,13858,Sunday
1802,<A>,26,2021-02-07T03:51:21-05:00[America/New_York],2021-02-07T03:51:47-05:00[America/New_York],Yes,2021-02-07,13881,Sunday
1802,B,23,2021-02-07T03:51:47-05:00[America/New_York],2021-02-07T03:52:10-05:00[America/New_York],NA,2021-02-07,13907,Sunday
1802,<A>,26,2021-02-07T03:52:10-05:00[America/New_York],2021-02-07T03:52:36-05:00[America/New_York],Yes,2021-02-07,13930,Sunday
1802,B,15,2021-02-07T03:52:36-05:00[America/New_York],2021-02-07T03:52:51-05:00[America/New_York],NA,2021-02-07,13956,Sunday
1802,<A>,26,2021-02-07T03:52:51-05:00[America/New_York],2021-02-07T03:53:17-05:00[America/New_York],Yes,2021-02-07,13971,Sunday
1802,B,15,2021-02-07T03:53:17-05:00[America/New_York],2021-02-07T03:53:32-05:00[America/New_York],NA,2021-02-07,13997,Sunday
1802,<A>,29,2021-02-07T03:53:32-05:00[America/New_York],2021-02-07T03:54:01-05:00[America/New_York],Yes,2021-02-07,14012,Sunday
1802,B,16,2021-02-07T03:54:01-05:00[America/New_York],2021-02-07T03:54:17-05:00[America/New_York],NA,2021-02-07,14041,Sunday
1802,<A>,26,2021-02-07T03:54:17-05:00[America/New_York],2021-02-07T03:54:43-05:00[America/New_York],Yes,2021-02-07,14057,Sunday
1802,B,16,2021-02-07T03:54:43-05:00[America/New_York],2021-02-07T03:54:59-05:00[America/New_York],NA,2021-02-07,14083,Sunday
1802,<A>,26,2021-02-07T03:54:59-05:00[America/New_York],2021-02-07T03:55:25-05:00[America/New_York],Yes,2021-02-07,14099,Sunday
1802,B,19,2021-02-07T03:55:25-05:00[America/New_York],2021-02-07T03:55:44-05:00[America/New_York],NA,2021-02-07,14125,Sunday
1802,<A>,26,2021-02-07T03:55:44-05:00[America/New_York],2021-02-07T03:56:10-05:00[America/New_York],Yes,2021-02-07,14144,Sunday
1802,B,19,2021-02-07T03:56:10-05:00[America/New_York],2021-02-07T03:56:29-05:00[America/New_York],NA,2021-02-07,14170,Sunday
1802,<A>,26,2021-02-07T03:56:29-05:00[America/New_York],2021-02-07T03:56:55-05:00[America/New_York],Yes,2021-02-07,14189,Sunday
1802,B,21,2021-02-07T03:56:55-05:00[America/New_York],2021-02-07T03:57:16-05:00[America/New_York],NA,2021-02-07,14215,Sunday
1802,<A>,26,2021-02-07T03:57:16-05:00[America/New_York],2021-02-07T03:57:42-05:00[America/New_York],Yes,2021-02-07,14236,Sunday
1802,B,21,2021-02-07T03:57:42-05:00[America/New_York],2021-02-07T03:58:03-05:00[America/New_York],NA,2021-02-07,14262,Sunday
1802,<A>,26,2021-02-07T03:58:03-05:00[America/New_York],2021-02-07T03:58:29-05:00[America/New_York],Yes,2021-02-07,14283,Sunday
1802,B,22,2021-02-07T03:58:29-05:00[America/New_York],2021-02-07T03:58:51-05:00[America/New_York],NA,2021-02-07,14309,Sunday
1802,<A>,26,2021-02-07T03:58:51-05:00[America/New_York],2021-02-07T03:59:17-05:00[America/New_York],Yes,2021-02-07,14331,Sunday
1802,B,22,2021-02-07T03:59:17-05:00[America/New_York],2021-02-07T03:59:39-05:00[America/New_York],NA,2021-02-07,14357,Sunday
1802,<A>,26,2021-02-07T03:59:39-05:00[America/New_York],2021-02-07T04:00:05-05:00[America/New_York],Yes,2021-02-07,14379,Sunday
1802,B,23,2021-02-07T04:00:05-05:00[America/New_York],2021-02-07T04:00:28-05:00[America/New_York],NA,2021-02-07,14405,Sunday
1802,<A>,26,2021-02-07T04:00:28-05:00[America/New_York],2021-02-07T04:00:54-05:00[America/New_York],Yes,2021-02-07,14428,Sunday
1802,B,23,2021-02-07T04:00:54-05:00[America/New_York],2021-02-07T04:01:17-05:00[America/New_York],NA,2021-02-07,14454,Sunday
1802,<A>,26,2021-02-07T04:01:17-05:00[America/New_York],2021-02-07T04:01:43-05:00[America/New_York],Yes,2021-02-07,14477,Sunday
1802,B,23,2021-02-07T04:01:43-05:00[America/New_York],2021-02-07T04:02:06-05:00[America/New_York],NA,2021-02-07,14503,Sunday
1802,<A>,26,2021-02-07T04:02:06-05:00[America/New_York],2021-02-07T04:02:32-05:00[America/New_York],Yes,2021-02-07,14526,Sunday
1802,B,23,2021-02-07T04:02:32-05:00[America/New_York],2021-02-07T04:02:55-05:00[America/New_York],NA,2021-02-07,14552,Sunday
1802,<A>,26,2021-02-07T04:02:55-05:00[America/New_York],2021-02-07T04:03:21-05:00[America/New_York],Yes,2021-02-07,14575,Sunday
1802,B,15,2021-02-07T04:03:21-05:00[America/New_York],2021-02-07T04:03:36-05:00[America/New_York],NA,2021-02-07,14601,Sunday
1802,<A>,26,2021-02-07T04:03:36-05:00[America/New_York],2021-02-07T04:04:02-05:00[America/New_York],Yes,2021-02-07,14616,Sunday
1802,B,15,2021-02-07T04:04:02-05:00[America/New_York],2021-02-07T04:04:17-05:00[America/New_York],NA,2021-02-07,14642,Sunday
1802,<A>,26,2021-02-07T04:04:17-05:00[America/New_York],2021-02-07T04:04:43-05:00[America/New_York],Yes,2021-02-07,14657,Sunday
1802,B,15,2021-02-07T04:04:43-05:00[America/New_York],2021-02-07T04:04:58-05:00[America/New_York],NA,2021-02-07,14683,Sunday
1802,<A>,26,2021-02-07T04:04:58-05:00[America/New_York],2021-02-07T04:05:24-05:00[America/New_York],Yes,2021-02-07,14698,Sunday
1802,B,16,2021-02-07T04:05:24-05:00[America/New_York],2021-02-07T04:05:40-05:00[America/New_York],NA,2021-02-07,14724,Sunday
1802,<A>,26,2021-02-07T04:05:40-05:00[America/New_York],2021-02-07T04:06:06-05:00[America/New_York],Yes,2021-02-07,14740,Sunday
1802,B,16,2021-02-07T04:06:06-05:00[America/New_York],2021-02-07T04:06:22-05:00[America/New_York],NA,2021-02-07,14766,Sunday
1802,<A>,26,2021-02-07T04:06:22-05:00[America/New_York],2021-02-07T04:06:48-05:00[America/New_York],Yes,2021-02-07,14782,Sunday
1802,B,19,2021-02-07T04:06:48-05:00[America/New_York],2021-02-07T04:07:07-05:00[America/New_York],NA,2021-02-07,14808,Sunday
1802,<A>,26,2021-02-07T04:07:07-05:00[America/New_York],2021-02-07T04:07:33-05:00[America/New_York],Yes,2021-02-07,14827,Sunday
1802,B,19,2021-02-07T04:07:33-05:00[America/New_York],2021-02-07T04:07:52-05:00[America/New_York],NA,2021-02-07,14853,Sunday
1802,<A>,26,2021-02-07T04:07:52-05:00[America/New_York],2021-02-07T04:08:18-05:00[America/New_York],Yes,2021-02-07,14872,Sunday
1802,B,21,2021-02-07T04:08:18-05:00[America/New_York],2021-02-07T04:08:39-05:00[America/New_York],NA,2021-02-07,14898,Sunday
1802,<A>,26,2021-02-07T04:08:39-05:00[America/New_York],2021-02-07T04:09:05-05:00[America/New_York],Yes,2021-02-07,14919,Sunday
1802,B,21,2021-02-07T04:09:05-05:00[America/New_York],2021-02-07T04:09:26-05:00[America/New_York],NA,2021-02-07,14945,Sunday
1802,<A>,26,2021-02-07T04:09:26-05:00[America/New_York],2021-02-07T04:09:52-05:00[America/New_York],Yes,2021-02-07,14966,Sunday
1802,B,22,2021-02-07T04:09:52-05:00[America/New_York],2021-02-07T04:10:14-05:00[America/New_York],NA,2021-02-07,14992,Sunday
1802,<A>,26,2021-02-07T04:10:14-05:00[America/New_York],2021-02-07T04:10:40-05:00[America/New_York],Yes,2021-02-07,15014,Sunday
1802,B,22,2021-02-07T04:10:40-05:00[America/New_York],2021-02-07T04:11:02-05:00[America/New_York],NA,2021-02-07,15040,Sunday
1802,<A>,26,2021-02-07T04:11:02-05:00[America/New_York],2021-02-07T04:11:28-05:00[America/New_York],Yes,2021-02-07,15062,Sunday
1802,B,23,2021-02-07T04:11:28-05:00[America/New_York],2021-02-07T04:11:51-05:00[America/New_York],NA,2021-02-07,15088,Sunday
1802,<A>,26,2021-02-07T04:11:51-05:00[America/New_York],2021-02-07T04:12:17-05:00[America/New_York],Yes,2021-02-07,15111,Sunday
1802,B,23,2021-02-07T04:12:17-05:00[America/New_York],2021-02-07T04:12:40-05:00[America/New_York],NA,2021-02-07,15137,Sunday
1802,<A>,26,2021-02-07T04:12:40-05:00[America/New_York],2021-02-07T04:13:06-05:00[America/New_York],Yes,2021-02-07,15160,Sunday
1802,B,23,2021-02-07T04:13:06-05:00[America/New_York],2021-02-07T04:13:29-05:00[America/New_York],NA,2021-02-07,15186,Sunday
1802,<A>,26,2021-02-07T04:13:29-05:00[America/New_York],2021-02-07T04:13:55-05:00[America/New_York],Yes,2021-02-07,15209,Sunday
1802,B,23,2021-02-07T04:13:55-05:00[America/New_York],2021-02-07T04:14:18-05:00[America/New_York],NA,2021-02-07,15235,Sunday
1802,<A>,26,2021-02-07T04:14:18-05:00[America/New_York],2021-02-07T04:14:44-05:00[America/New_York],Yes,2021-02-07,15258,Sunday
1802,B,23,2021-02-07T04:14:44-05:00[America/New_York],2021-02-07T04:15:07-05:00[America/New_York],NA,2021-02-07,15284,Sunday
1802,<A>,26,2021-02-07T04:15:07-05:00[America/New_York],2021-02-07T04:15:33-05:00[America/New_York],Yes,2021-02-07,15307,Sunday
1802,B,23,2021-02-07T04:15:33-05:00[America/New_York],2021-02-07T04:15:56-05:00[America/New_York],NA,2021-02-07,15333,Sunday
1802,<A>,26,2021-02-07T04:15:56-05:00[America/New_York],2021-02-07T04:16:22-05:00[America/New_York],Yes,2021-02-07,15356,Sunday
1802,B,23,2021-02-07T04:16:22-05:00[America/New_York],2021-02-07T04:16:45-05:00[America/New_York],NA,2021-02-07,15382,Sunday
1802,<A>,26,2021-02-07T04:16:45-05:00[America/New_York],2021-02-07T04:17:11-05:00[America/New_York],Yes,2021-02-07,15405,Sunday
1802,B,23,2021-02-07T04:17:11-05:00[America/New_York],2021-02-07T04:17:34-05:00[America/New_York],NA,2021-02-07,15431,Sunday
1802,<A>,26,2021-02-07T04:17:34-05:00[America/New_York],2021-02-07T04:18:00-05:00[America/New_York],Yes,2021-02-07,15454,Sunday
1802,B,23,2021-02-07T04:18:00-05:00[America/New_York],2021-02-07T04:18:23-05:00[America/New_York],NA,2021-02-07,15480,Sunday
1802,<A>,26,2021-02-07T04:18:23-05:00[America/New_York],2021-02-07T04:18:49-05:00[America/New_York],Yes,2021-02-07,15503,Sunday
1802,B,23,2021-02-07T04:18:49-05:00[America/New_York],2021-02-07T04:19:12-05:00[America/New_York],NA,2021-02-07,15529,Sunday
1802,<A>,26,2021-02-07T04:19:12-05:00[America/New_York],2021-02-07T04:19:38-05:00[America/New_York],Yes,2021-02-07,15552,Sunday
1802,B,15,2021-02-07T04:19:38-05:00[America/New_York],2021-02-07T04:19:53-05:00[America/New_York],NA,2021-02-07,15578,Sunday
1802,<A>,26,2021-02-07T04:19:53-05:00[America/New_York],2021-02-07T04:20:19-05:00[America/New_York],Yes,2021-02-07,15593,Sunday
1802,B,15,2021-02-07T04:20:19-05:00[America/New_York],2021-02-07T04:20:34-05:00[America/New_York],NA,2021-02-07,15619,Sunday
1802,<A>,26,2021-02-07T04:20:34-05:00[America/New_York],2021-02-07T04:21:00-05:00[America/New_York],Yes,2021-02-07,15634,Sunday
1802,B,16,2021-02-07T04:21:00-05:00[America/New_York],2021-02-07T04:21:16-05:00[America/New_York],NA,2021-02-07,15660,Sunday
1802,<A>,26,2021-02-07T04:21:16-05:00[America/New_York],2021-02-07T04:21:42-05:00[America/New_York],Yes,2021-02-07,15676,Sunday
1802,B,16,2021-02-07T04:21:42-05:00[America/New_York],2021-02-07T04:21:58-05:00[America/New_York],NA,2021-02-07,15702,Sunday
1802,<A>,26,2021-02-07T04:21:58-05:00[America/New_York],2021-02-07T04:22:24-05:00[America/New_York],Yes,2021-02-07,15718,Sunday
1802,B,19,2021-02-07T04:22:24-05:00[America/New_York],2021-02-07T04:22:43-05:00[America/New_York],NA,2021-02-07,15744,Sunday
1802,<A>,26,2021-02-07T04:22:43-05:00[America/New_York],2021-02-07T04:23:09-05:00[America/New_York],Yes,2021-02-07,15763,Sunday
1802,B,19,2021-02-07T04:23:09-05:00[America/New_York],2021-02-07T04:23:28-05:00[America/New_York],NA,2021-02-07,15789,Sunday
1802,<A>,26,2021-02-07T04:23:28-05:00[America/New_York],2021-02-07T04:23:54-05:00[America/New_York],Yes,2021-02-07,15808,Sunday
1802,B,21,2021-02-07T04:23:54-05:00[America/New_York],2021-02-07T04:24:15-05:00[America/New_York],NA,2021-02-07,15834,Sunday
1802,<A>,26,2021-02-07T04:24:15-05:00[America/New_York],2021-02-07T04:24:41-05:00[America/New_York],Yes,2021-02-07,15855,Sunday
1802,B,21,2021-02-07T04:24:41-05:00[America/New_York],2021-02-07T04:25:02-05:00[America/New_York],NA,2021-02-07,15881,Sunday
1802,<A>,26,2021-02-07T04:25:02-05:00[America/New_York],2021-02-07T04:25:28-05:00[America/New_York],Yes,2021-02-07,15902,Sunday
1802,B,22,2021-02-07T04:25:28-05:00[America/New_York],2021-02-07T04:25:50-05:00[America/New_York],NA,2021-02-07,15928,Sunday
1802,<A>,26,2021-02-07T04:25:50-05:00[America/New_York],2021-02-07T04:26:16-05:00[America/New_York],Yes,2021-02-07,15950,Sunday
1802,B,22,2021-02-07T04:26:16-05:00[America/New_York],2021-02-07T04:26:38-05:00[America/New_York],NA,2021-02-07,15976,Sunday
1802,<A>,26,2021-02-07T04:26:38-05:00[America/New_York],2021-02-07T04:27:04-05:00[America/New_York],Yes,2021-02-07,15998,Sunday
1802,B,23,2021-02-07T04:27:04-05:00[America/New_York],2021-02-07T04:27:27-05:00[America/New_York],NA,2021-02-07,16024,Sunday
1802,<A>,28,2021-02-07T04:27:27-05:00[America/New_York],2021-02-07T04:27:55-05:00[America/New_York],Yes,2021-02-07,16047,Sunday
1802,B,23,2021-02-07T04:27:55-05:00[America/New_York],2021-02-07T04:28:18-05:00[America/New_York],NA,2021-02-07,16075,Sunday
1802,<A>,26,2021-02-07T04:28:18-05:00[America/New_York],2021-02-07T04:28:44-05:00[America/New_York],Yes,2021-02-07,16098,Sunday
1802,B,23,2021-02-07T04:28:44-05:00[America/New_York],2021-02-07T04:29:07-05:00[America/New_York],NA,2021-02-07,16124,Sunday
1802,<A>,26,2021-02-07T04:29:07-05:00[America/New_York],2021-02-07T04:29:33-05:00[America/New_York],Yes,2021-02-07,16147,Sunday
1802,B,23,2021-02-07T04:29:33-05:00[America/New_York],2021-02-07T04:29:56-05:00[America/New_York],NA,2021-02-07,16173,Sunday
1802,<A>,26,2021-02-07T04:29:56-05:00[America/New_York],2021-02-07T04:30:22-05:00[America/New_York],Yes,2021-02-07,16196,Sunday
1802,B,23,2021-02-07T04:30:22-05:00[America/New_York],2021-02-07T04:30:45-05:00[America/New_York],NA,2021-02-07,16222,Sunday
1802,<A>,26,2021-02-07T04:30:45-05:00[America/New_York],2021-02-07T04:31:11-05:00[America/New_York],Yes,2021-02-07,16245,Sunday
1802,B,23,2021-02-07T04:31:11-05:00[America/New_York],2021-02-07T04:31:34-05:00[America/New_York],NA,2021-02-07,16271,Sunday
1802,<A>,26,2021-02-07T04:31:34-05:00[America/New_York],2021-02-07T04:32:00-05:00[America/New_York],Yes,2021-02-07,16294,Sunday
1802,B,23,2021-02-07T04:32:00-05:00[America/New_York],2021-02-07T04:32:23-05:00[America/New_York],NA,2021-02-07,16320,Sunday
1802,<A>,26,2021-02-07T04:32:23-05:00[America/New_York],2021-02-07T04:32:49-05:00[America/New_York],Yes,2021-02-07,16343,Sunday
1802,B,23,2021-02-07T04:32:49-05:00[America/New_York],2021-02-07T04:33:12-05:00[America/New_York],NA,2021-02-07,16369,Sunday
1802,<A>,28,2021-02-07T04:33:12-05:00[America/New_York],2021-02-07T04:33:40-05:00[America/New_York],Yes,2021-02-07,16392,Sunday
1802,B,23,2021-02-07T04:33:40-05:00[America/New_York],2021-02-07T04:34:03-05:00[America/New_York],NA,2021-02-07,16420,Sunday
1802,<A>,26,2021-02-07T04:34:03-05:00[America/New_York],2021-02-07T04:34:29-05:00[America/New_York],Yes,2021-02-07,16443,Sunday
1802,B,23,2021-02-07T04:34:29-05:00[America/New_York],2021-02-07T04:34:52-05:00[America/New_York],NA,2021-02-07,16469,Sunday
1802,<A>,26,2021-02-07T04:34:52-05:00[America/New_York],2021-02-07T04:35:18-05:00[America/New_York],Yes,2021-02-07,16492,Sunday
1802,B,23,2021-02-07T04:35:18-05:00[America/New_York],2021-02-07T04:35:41-05:00[America/New_York],NA,2021-02-07,16518,Sunday
1802,<A>,29,2021-02-07T04:35:41-05:00[America/New_York],2021-02-07T04:36:10-05:00[America/New_York],Yes,2021-02-07,16541,Sunday
1802,B,23,2021-02-07T04:36:10-05:00[America/New_York],2021-02-07T04:36:33-05:00[America/New_York],NA,2021-02-07,16570,Sunday
1802,<A>,26,2021-02-07T04:36:33-05:00[America/New_York],2021-02-07T04:36:59-05:00[America/New_York],Yes,2021-02-07,16593,Sunday
1802,B,23,2021-02-07T04:36:59-05:00[America/New_York],2021-02-07T04:37:22-05:00[America/New_York],NA,2021-02-07,16619,Sunday
1802,<A>,26,2021-02-07T04:37:22-05:00[America/New_York],2021-02-07T04:37:48-05:00[America/New_York],Yes,2021-02-07,16642,Sunday
1802,B,23,2021-02-07T04:37:48-05:00[America/New_York],2021-02-07T04:38:11-05:00[America/New_York],NA,2021-02-07,16668,Sunday
1802,<A>,26,2021-02-07T04:38:11-05:00[America/New_York],2021-02-07T04:38:37-05:00[America/New_York],Yes,2021-02-07,16691,Sunday
1802,B,15,2021-02-07T04:38:37-05:00[America/New_York],2021-02-07T04:38:52-05:00[America/New_York],NA,2021-02-07,16717,Sunday
1802,<A>,26,2021-02-07T04:38:52-05:00[America/New_York],2021-02-07T04:39:18-05:00[America/New_York],Yes,2021-02-07,16732,Sunday
1802,B,15,2021-02-07T04:39:18-05:00[America/New_York],2021-02-07T04:39:33-05:00[America/New_York],NA,2021-02-07,16758,Sunday
1802,<A>,26,2021-02-07T04:39:33-05:00[America/New_York],2021-02-07T04:39:59-05:00[America/New_York],Yes,2021-02-07,16773,Sunday
1802,B,16,2021-02-07T04:39:59-05:00[America/New_York],2021-02-07T04:40:15-05:00[America/New_York],NA,2021-02-07,16799,Sunday
1802,<A>,26,2021-02-07T04:40:15-05:00[America/New_York],2021-02-07T04:40:41-05:00[America/New_York],Yes,2021-02-07,16815,Sunday
1802,B,16,2021-02-07T04:40:41-05:00[America/New_York],2021-02-07T04:40:57-05:00[America/New_York],NA,2021-02-07,16841,Sunday
1802,<A>,26,2021-02-07T04:40:57-05:00[America/New_York],2021-02-07T04:41:23-05:00[America/New_York],Yes,2021-02-07,16857,Sunday
1802,B,19,2021-02-07T04:41:23-05:00[America/New_York],2021-02-07T04:41:42-05:00[America/New_York],NA,2021-02-07,16883,Sunday
1802,<A>,26,2021-02-07T04:41:42-05:00[America/New_York],2021-02-07T04:42:08-05:00[America/New_York],Yes,2021-02-07,16902,Sunday
1802,B,19,2021-02-07T04:42:08-05:00[America/New_York],2021-02-07T04:42:27-05:00[America/New_York],NA,2021-02-07,16928,Sunday
1802,<A>,26,2021-02-07T04:42:27-05:00[America/New_York],2021-02-07T04:42:53-05:00[America/New_York],Yes,2021-02-07,16947,Sunday
1802,B,21,2021-02-07T04:42:53-05:00[America/New_York],2021-02-07T04:43:14-05:00[America/New_York],NA,2021-02-07,16973,Sunday
1802,<A>,26,2021-02-07T04:43:14-05:00[America/New_York],2021-02-07T04:43:40-05:00[America/New_York],Yes,2021-02-07,16994,Sunday
1802,B,21,2021-02-07T04:43:40-05:00[America/New_York],2021-02-07T04:44:01-05:00[America/New_York],NA,2021-02-07,17020,Sunday
1802,<A>,26,2021-02-07T04:44:01-05:00[America/New_York],2021-02-07T04:44:27-05:00[America/New_York],Yes,2021-02-07,17041,Sunday
1802,B,22,2021-02-07T04:44:27-05:00[America/New_York],2021-02-07T04:44:49-05:00[America/New_York],NA,2021-02-07,17067,Sunday
1802,<A>,26,2021-02-07T04:44:49-05:00[America/New_York],2021-02-07T04:45:15-05:00[America/New_York],Yes,2021-02-07,17089,Sunday
1802,B,22,2021-02-07T04:45:15-05:00[America/New_York],2021-02-07T04:45:37-05:00[America/New_York],NA,2021-02-07,17115,Sunday
1802,<A>,26,2021-02-07T04:45:37-05:00[America/New_York],2021-02-07T04:46:03-05:00[America/New_York],Yes,2021-02-07,17137,Sunday
1802,B,23,2021-02-07T04:46:03-05:00[America/New_York],2021-02-07T04:46:26-05:00[America/New_York],NA,2021-02-07,17163,Sunday
1802,<A>,26,2021-02-07T04:46:26-05:00[America/New_York],2021-02-07T04:46:52-05:00[America/New_York],Yes,2021-02-07,17186,Sunday
1802,B,23,2021-02-07T04:46:52-05:00[America/New_York],2021-02-07T04:47:15-05:00[America/New_York],NA,2021-02-07,17212,Sunday
1802,<A>,26,2021-02-07T04:47:15-05:00[America/New_York],2021-02-07T04:47:41-05:00[America/New_York],Yes,2021-02-07,17235,Sunday
1802,B,15,2021-02-07T04:47:41-05:00[America/New_York],2021-02-07T04:47:56-05:00[America/New_York],NA,2021-02-07,17261,Sunday
1802,<A>,26,2021-02-07T04:47:56-05:00[America/New_York],2021-02-07T04:48:22-05:00[America/New_York],Yes,2021-02-07,17276,Sunday
1802,B,15,2021-02-07T04:48:22-05:00[America/New_York],2021-02-07T04:48:37-05:00[America/New_York],NA,2021-02-07,17302,Sunday
1802,<A>,26,2021-02-07T04:48:37-05:00[America/New_York],2021-02-07T04:49:03-05:00[America/New_York],Yes,2021-02-07,17317,Sunday
1802,B,15,2021-02-07T04:49:03-05:00[America/New_York],2021-02-07T04:49:18-05:00[America/New_York],NA,2021-02-07,17343,Sunday
1802,<A>,27,2021-02-07T04:49:18-05:00[America/New_York],2021-02-07T04:49:45-05:00[America/New_York],Yes,2021-02-07,17358,Sunday
1802,B,14,2021-02-07T04:49:45-05:00[America/New_York],2021-02-07T04:49:59-05:00[America/New_York],Yes,2021-02-07,17385,Sunday
1802,<A>,27,2021-02-07T04:49:59-05:00[America/New_York],2021-02-07T04:50:26-05:00[America/New_York],Yes,2021-02-07,17399,Sunday
1802,B,14,2021-02-07T04:50:26-05:00[America/New_York],2021-02-07T04:50:40-05:00[America/New_York],Yes,2021-02-07,17426,Sunday
1802,<A>,26,2021-02-07T04:50:40-05:00[America/New_York],2021-02-07T04:51:06-05:00[America/New_York],Yes,2021-02-07,17440,Sunday
1802,B,15,2021-02-07T04:51:06-05:00[America/New_York],2021-02-07T04:51:21-05:00[America/New_York],Yes,2021-02-07,17466,Sunday
1802,<A>,28,2021-02-07T04:51:21-05:00[America/New_York],2021-02-07T04:51:49-05:00[America/New_York],Yes,2021-02-07,17481,Sunday
1802,B,14,2021-02-07T04:51:49-05:00[America/New_York],2021-02-07T04:52:03-05:00[America/New_York],Yes,2021-02-07,17509,Sunday
1802,<A>,27,2021-02-07T04:52:03-05:00[America/New_York],2021-02-07T04:52:30-05:00[America/New_York],Yes,2021-02-07,17523,Sunday
1802,B,14,2021-02-07T04:52:30-05:00[America/New_York],2021-02-07T04:52:44-05:00[America/New_York],Yes,2021-02-07,17550,Sunday
1802,<A>,27,2021-02-07T04:52:44-05:00[America/New_York],2021-02-07T04:53:11-05:00[America/New_York],Yes,2021-02-07,17564,Sunday
1802,B,14,2021-02-07T04:53:11-05:00[America/New_York],2021-02-07T04:53:25-05:00[America/New_York],Yes,2021-02-07,17591,Sunday
1802,<A>,28,2021-02-07T04:53:25-05:00[America/New_York],2021-02-07T04:53:53-05:00[America/New_York],Yes,2021-02-07,17605,Sunday
1802,B,14,2021-02-07T04:53:53-05:00[America/New_York],2021-02-07T04:54:07-05:00[America/New_York],Yes,2021-02-07,17633,Sunday
1802,<A>,27,2021-02-07T04:54:07-05:00[America/New_York],2021-02-07T04:54:34-05:00[America/New_York],Yes,2021-02-07,17647,Sunday
1802,B,14,2021-02-07T04:54:34-05:00[America/New_York],2021-02-07T04:54:48-05:00[America/New_York],Yes,2021-02-07,17674,Sunday
1802,<A>,29,2021-02-07T04:54:48-05:00[America/New_York],2021-02-07T04:55:17-05:00[America/New_York],Yes,2021-02-07,17688,Sunday
1802,B,14,2021-02-07T04:55:17-05:00[America/New_York],2021-02-07T04:55:31-05:00[America/New_York],Yes,2021-02-07,17717,Sunday
1802,<A>,27,2021-02-07T04:55:31-05:00[America/New_York],2021-02-07T04:55:58-05:00[America/New_York],Yes,2021-02-07,17731,Sunday
1802,B,14,2021-02-07T04:55:58-05:00[America/New_York],2021-02-07T04:56:12-05:00[America/New_York],Yes,2021-02-07,17758,Sunday
1802,<A>,27,2021-02-07T04:56:12-05:00[America/New_York],2021-02-07T04:56:39-05:00[America/New_York],Yes,2021-02-07,17772,Sunday
1802,B,14,2021-02-07T04:56:39-05:00[America/New_York],2021-02-07T04:56:53-05:00[America/New_York],Yes,2021-02-07,17799,Sunday
1802,<A>,26,2021-02-07T04:56:53-05:00[America/New_York],2021-02-07T04:57:19-05:00[America/New_York],Yes,2021-02-07,17813,Sunday
1802,B,15,2021-02-07T04:57:19-05:00[America/New_York],2021-02-07T04:57:34-05:00[America/New_York],Yes,2021-02-07,17839,Sunday
1802,<A>,26,2021-02-07T04:57:34-05:00[America/New_York],2021-02-07T04:58:00-05:00[America/New_York],Yes,2021-02-07,17854,Sunday
1802,B,15,2021-02-07T04:58:00-05:00[America/New_York],2021-02-07T04:58:15-05:00[America/New_York],Yes,2021-02-07,17880,Sunday
1802,<A>,26,2021-02-07T04:58:15-05:00[America/New_York],2021-02-07T04:58:41-05:00[America/New_York],Yes,2021-02-07,17895,Sunday
1802,B,14,2021-02-07T04:58:41-05:00[America/New_York],2021-02-07T04:58:55-05:00[America/New_York],Yes,2021-02-07,17921,Sunday
1802,<A>,27,2021-02-07T04:58:55-05:00[America/New_York],2021-02-07T04:59:22-05:00[America/New_York],Yes,2021-02-07,17935,Sunday
1802,B,14,2021-02-07T04:59:22-05:00[America/New_York],2021-02-07T04:59:36-05:00[America/New_York],Yes,2021-02-07,17962,Sunday
1802,<A>,27,2021-02-07T04:59:36-05:00[America/New_York],2021-02-07T05:00:03-05:00[America/New_York],Yes,2021-02-07,17976,Sunday
1802,B,14,2021-02-07T05:00:03-05:00[America/New_York],2021-02-07T05:00:17-05:00[America/New_York],Yes,2021-02-07,18003,Sunday
1802,<A>,27,2021-02-07T05:00:17-05:00[America/New_York],2021-02-07T05:00:44-05:00[America/New_York],Yes,2021-02-07,18017,Sunday
1802,B,14,2021-02-07T05:00:44-05:00[America/New_York],2021-02-07T05:00:58-05:00[America/New_York],Yes,2021-02-07,18044,Sunday
1802,<A>,26,2021-02-07T05:00:58-05:00[America/New_York],2021-02-07T05:01:24-05:00[America/New_York],Yes,2021-02-07,18058,Sunday
1802,B,15,2021-02-07T05:01:24-05:00[America/New_York],2021-02-07T05:01:39-05:00[America/New_York],Yes,2021-02-07,18084,Sunday
1802,<A>,26,2021-02-07T05:01:39-05:00[America/New_York],2021-02-07T05:02:05-05:00[America/New_York],Yes,2021-02-07,18099,Sunday
1802,B,15,2021-02-07T05:02:05-05:00[America/New_York],2021-02-07T05:02:20-05:00[America/New_York],Yes,2021-02-07,18125,Sunday
1802,<A>,28,2021-02-07T05:02:20-05:00[America/New_York],2021-02-07T05:02:48-05:00[America/New_York],Yes,2021-02-07,18140,Sunday
1802,B,14,2021-02-07T05:02:48-05:00[America/New_York],2021-02-07T05:03:02-05:00[America/New_York],Yes,2021-02-07,18168,Sunday
1802,<A>,27,2021-02-07T05:03:02-05:00[America/New_York],2021-02-07T05:03:29-05:00[America/New_York],Yes,2021-02-07,18182,Sunday
1802,B,15,2021-02-07T05:03:29-05:00[America/New_York],2021-02-07T05:03:44-05:00[America/New_York],Yes,2021-02-07,18209,Sunday
1802,<A>,26,2021-02-07T05:03:44-05:00[America/New_York],2021-02-07T05:04:10-05:00[America/New_York],Yes,2021-02-07,18224,Sunday
1802,B,15,2021-02-07T05:04:10-05:00[America/New_York],2021-02-07T05:04:25-05:00[America/New_York],Yes,2021-02-07,18250,Sunday
1802,<A>,26,2021-02-07T05:04:25-05:00[America/New_York],2021-02-07T05:04:51-05:00[America/New_York],Yes,2021-02-07,18265,Sunday
1802,B,14,2021-02-07T05:04:51-05:00[America/New_York],2021-02-07T05:05:05-05:00[America/New_York],Yes,2021-02-07,18291,Sunday
1802,<A>,27,2021-02-07T05:05:05-05:00[America/New_York],2021-02-07T05:05:32-05:00[America/New_York],Yes,2021-02-07,18305,Sunday
1802,B,14,2021-02-07T05:05:32-05:00[America/New_York],2021-02-07T05:05:46-05:00[America/New_York],Yes,2021-02-07,18332,Sunday
1802,<A>,26,2021-02-07T05:05:46-05:00[America/New_York],2021-02-07T05:06:12-05:00[America/New_York],Yes,2021-02-07,18346,Sunday
1802,B,15,2021-02-07T05:06:12-05:00[America/New_York],2021-02-07T05:06:27-05:00[America/New_York],Yes,2021-02-07,18372,Sunday
1802,<A>,26,2021-02-07T05:06:27-05:00[America/New_York],2021-02-07T05:06:53-05:00[America/New_York],Yes,2021-02-07,18387,Sunday
1802,B,15,2021-02-07T05:06:53-05:00[America/New_York],2021-02-07T05:07:08-05:00[America/New_York],Yes,2021-02-07,18413,Sunday
1802,<A>,29,2021-02-07T05:07:08-05:00[America/New_York],2021-02-07T05:07:37-05:00[America/New_York],Yes,2021-02-07,18428,Sunday
1802,B,14,2021-02-07T05:07:37-05:00[America/New_York],2021-02-07T05:07:51-05:00[America/New_York],Yes,2021-02-07,18457,Sunday
1802,<A>,27,2021-02-07T05:07:51-05:00[America/New_York],2021-02-07T05:08:18-05:00[America/New_York],Yes,2021-02-07,18471,Sunday
1802,B,14,2021-02-07T05:08:18-05:00[America/New_York],2021-02-07T05:08:32-05:00[America/New_York],Yes,2021-02-07,18498,Sunday
1802,<A>,26,2021-02-07T05:08:32-05:00[America/New_York],2021-02-07T05:08:58-05:00[America/New_York],Yes,2021-02-07,18512,Sunday
1802,B,15,2021-02-07T05:08:58-05:00[America/New_York],2021-02-07T05:09:13-05:00[America/New_York],Yes,2021-02-07,18538,Sunday
1802,<A>,26,2021-02-07T05:09:13-05:00[America/New_York],2021-02-07T05:09:39-05:00[America/New_York],Yes,2021-02-07,18553,Sunday
1802,B,15,2021-02-07T05:09:39-05:00[America/New_York],2021-02-07T05:09:54-05:00[America/New_York],Yes,2021-02-07,18579,Sunday
1802,<A>,26,2021-02-07T05:09:54-05:00[America/New_York],2021-02-07T05:10:20-05:00[America/New_York],Yes,2021-02-07,18594,Sunday
1802,B,14,2021-02-07T05:10:20-05:00[America/New_York],2021-02-07T05:10:34-05:00[America/New_York],Yes,2021-02-07,18620,Sunday
1802,<A>,27,2021-02-07T05:10:34-05:00[America/New_York],2021-02-07T05:11:01-05:00[America/New_York],Yes,2021-02-07,18634,Sunday
1802,B,14,2021-02-07T05:11:01-05:00[America/New_York],2021-02-07T05:11:15-05:00[America/New_York],Yes,2021-02-07,18661,Sunday
1802,<A>,27,2021-02-07T05:11:15-05:00[America/New_York],2021-02-07T05:11:42-05:00[America/New_York],Yes,2021-02-07,18675,Sunday
1802,B,14,2021-02-07T05:11:42-05:00[America/New_York],2021-02-07T05:11:56-05:00[America/New_York],NA,2021-02-07,18702,Sunday
1802,<A>,26,2021-02-07T05:11:56-05:00[America/New_York],2021-02-07T05:12:22-05:00[America/New_York],Yes,2021-02-07,18716,Sunday
1802,B,15,2021-02-07T05:12:22-05:00[America/New_York],2021-02-07T05:12:37-05:00[America/New_York],NA,2021-02-07,18742,Sunday
1802,<A>,26,2021-02-07T05:12:37-05:00[America/New_York],2021-02-07T05:13:03-05:00[America/New_York],Yes,2021-02-07,18757,Sunday
1802,B,15,2021-02-07T05:13:03-05:00[America/New_York],2021-02-07T05:13:18-05:00[America/New_York],NA,2021-02-07,18783,Sunday
1802,<A>,26,2021-02-07T05:13:18-05:00[America/New_York],2021-02-07T05:13:44-05:00[America/New_York],Yes,2021-02-07,18798,Sunday
1802,B,14,2021-02-07T05:13:44-05:00[America/New_York],2021-02-07T05:13:58-05:00[America/New_York],Yes,2021-02-07,18824,Sunday
1802,<A>,27,2021-02-07T05:13:58-05:00[America/New_York],2021-02-07T05:14:25-05:00[America/New_York],Yes,2021-02-07,18838,Sunday
1802,B,15,2021-02-07T05:14:25-05:00[America/New_York],2021-02-07T05:14:40-05:00[America/New_York],NA,2021-02-07,18865,Sunday
1802,<A>,29,2021-02-07T05:14:40-05:00[America/New_York],2021-02-07T05:15:09-05:00[America/New_York],Yes,2021-02-07,18880,Sunday
1802,B,14,2021-02-07T05:15:09-05:00[America/New_York],2021-02-07T05:15:23-05:00[America/New_York],Yes,2021-02-07,18909,Sunday
1802,<A>,29,2021-02-07T05:15:23-05:00[America/New_York],2021-02-07T05:15:52-05:00[America/New_York],Yes,2021-02-07,18923,Sunday
1802,B,14,2021-02-07T05:15:52-05:00[America/New_York],2021-02-07T05:16:06-05:00[America/New_York],Yes,2021-02-07,18952,Sunday
1802,<A>,26,2021-02-07T05:16:06-05:00[America/New_York],2021-02-07T05:16:32-05:00[America/New_York],Yes,2021-02-07,18966,Sunday
1802,B,15,2021-02-07T05:16:32-05:00[America/New_York],2021-02-07T05:16:47-05:00[America/New_York],Yes,2021-02-07,18992,Sunday
1802,<A>,26,2021-02-07T05:16:47-05:00[America/New_York],2021-02-07T05:17:13-05:00[America/New_York],Yes,2021-02-07,19007,Sunday
1802,B,15,2021-02-07T05:17:13-05:00[America/New_York],2021-02-07T05:17:28-05:00[America/New_York],Yes,2021-02-07,19033,Sunday
1802,<A>,26,2021-02-07T05:17:28-05:00[America/New_York],2021-02-07T05:17:54-05:00[America/New_York],Yes,2021-02-07,19048,Sunday
1802,B,14,2021-02-07T05:17:54-05:00[America/New_York],2021-02-07T05:18:08-05:00[America/New_York],Yes,2021-02-07,19074,Sunday
1802,<A>,27,2021-02-07T05:18:08-05:00[America/New_York],2021-02-07T05:18:35-05:00[America/New_York],Yes,2021-02-07,19088,Sunday
1802,B,14,2021-02-07T05:18:35-05:00[America/New_York],2021-02-07T05:18:49-05:00[America/New_York],Yes,2021-02-07,19115,Sunday
1802,<A>,26,2021-02-07T05:18:49-05:00[America/New_York],2021-02-07T05:19:15-05:00[America/New_York],Yes,2021-02-07,19129,Sunday
1802,B,15,2021-02-07T05:19:15-05:00[America/New_York],2021-02-07T05:19:30-05:00[America/New_York],Yes,2021-02-07,19155,Sunday
1802,<A>,26,2021-02-07T05:19:30-05:00[America/New_York],2021-02-07T05:19:56-05:00[America/New_York],Yes,2021-02-07,19170,Sunday
1802,B,15,2021-02-07T05:19:56-05:00[America/New_York],2021-02-07T05:20:11-05:00[America/New_York],Yes,2021-02-07,19196,Sunday
1802,<A>,26,2021-02-07T05:20:11-05:00[America/New_York],2021-02-07T05:20:37-05:00[America/New_York],Yes,2021-02-07,19211,Sunday
1802,B,14,2021-02-07T05:20:37-05:00[America/New_York],2021-02-07T05:20:51-05:00[America/New_York],Yes,2021-02-07,19237,Sunday
1802,<A>,27,2021-02-07T05:20:51-05:00[America/New_York],2021-02-07T05:21:18-05:00[America/New_York],Yes,2021-02-07,19251,Sunday
1802,B,14,2021-02-07T05:21:18-05:00[America/New_York],2021-02-07T05:21:32-05:00[America/New_York],Yes,2021-02-07,19278,Sunday
1802,<A>,27,2021-02-07T05:21:32-05:00[America/New_York],2021-02-07T05:21:59-05:00[America/New_York],Yes,2021-02-07,19292,Sunday
1802,B,14,2021-02-07T05:21:59-05:00[America/New_York],2021-02-07T05:22:13-05:00[America/New_York],Yes,2021-02-07,19319,Sunday
1802,<A>,27,2021-02-07T05:22:13-05:00[America/New_York],2021-02-07T05:22:40-05:00[America/New_York],Yes,2021-02-07,19333,Sunday
1802,B,15,2021-02-07T05:22:40-05:00[America/New_York],2021-02-07T05:22:55-05:00[America/New_York],NA,2021-02-07,19360,Sunday
1802,<A>,26,2021-02-07T05:22:55-05:00[America/New_York],2021-02-07T05:23:21-05:00[America/New_York],Yes,2021-02-07,19375,Sunday
1802,B,14,2021-02-07T05:23:21-05:00[America/New_York],2021-02-07T05:23:35-05:00[America/New_York],NA,2021-02-07,19401,Sunday
1802,<A>,34,2021-02-07T05:23:35-05:00[America/New_York],2021-02-07T05:24:09-05:00[America/New_York],Yes,2021-02-07,19415,Sunday
1802,B,14,2021-02-07T05:24:09-05:00[America/New_York],2021-02-07T05:24:23-05:00[America/New_York],Yes,2021-02-07,19449,Sunday
1802,<A>,29,2021-02-07T05:24:23-05:00[America/New_York],2021-02-07T05:24:52-05:00[America/New_York],Yes,2021-02-07,19463,Sunday
1802,B,14,2021-02-07T05:24:52-05:00[America/New_York],2021-02-07T05:25:06-05:00[America/New_York],Yes,2021-02-07,19492,Sunday
1802,<A>,27,2021-02-07T05:25:06-05:00[America/New_York],2021-02-07T05:25:33-05:00[America/New_York],Yes,2021-02-07,19506,Sunday
1802,B,14,2021-02-07T05:25:33-05:00[America/New_York],2021-02-07T05:25:47-05:00[America/New_York],Yes,2021-02-07,19533,Sunday
1802,<A>,26,2021-02-07T05:25:47-05:00[America/New_York],2021-02-07T05:26:13-05:00[America/New_York],Yes,2021-02-07,19547,Sunday
1802,B,15,2021-02-07T05:26:13-05:00[America/New_York],2021-02-07T05:26:28-05:00[America/New_York],Yes,2021-02-07,19573,Sunday
1802,<A>,26,2021-02-07T05:26:28-05:00[America/New_York],2021-02-07T05:26:54-05:00[America/New_York],Yes,2021-02-07,19588,Sunday
1802,B,15,2021-02-07T05:26:54-05:00[America/New_York],2021-02-07T05:27:09-05:00[America/New_York],Yes,2021-02-07,19614,Sunday
1802,<A>,26,2021-02-07T05:27:09-05:00[America/New_York],2021-02-07T05:27:35-05:00[America/New_York],Yes,2021-02-07,19629,Sunday
1802,B,14,2021-02-07T05:27:35-05:00[America/New_York],2021-02-07T05:27:49-05:00[America/New_York],Yes,2021-02-07,19655,Sunday
1802,<A>,27,2021-02-07T05:27:49-05:00[America/New_York],2021-02-07T05:28:16-05:00[America/New_York],Yes,2021-02-07,19669,Sunday
1802,B,14,2021-02-07T05:28:16-05:00[America/New_York],2021-02-07T05:28:30-05:00[America/New_York],Yes,2021-02-07,19696,Sunday
1802,<A>,27,2021-02-07T05:28:30-05:00[America/New_York],2021-02-07T05:28:57-05:00[America/New_York],Yes,2021-02-07,19710,Sunday
1802,B,14,2021-02-07T05:28:57-05:00[America/New_York],2021-02-07T05:29:11-05:00[America/New_York],Yes,2021-02-07,19737,Sunday
1802,<A>,26,2021-02-07T05:29:11-05:00[America/New_York],2021-02-07T05:29:37-05:00[America/New_York],Yes,2021-02-07,19751,Sunday
1802,B,15,2021-02-07T05:29:37-05:00[America/New_York],2021-02-07T05:29:52-05:00[America/New_York],Yes,2021-02-07,19777,Sunday
1802,<A>,26,2021-02-07T05:29:52-05:00[America/New_York],2021-02-07T05:30:18-05:00[America/New_York],Yes,2021-02-07,19792,Sunday
1802,B,15,2021-02-07T05:30:18-05:00[America/New_York],2021-02-07T05:30:33-05:00[America/New_York],Yes,2021-02-07,19818,Sunday
1802,<A>,26,2021-02-07T05:30:33-05:00[America/New_York],2021-02-07T05:30:59-05:00[America/New_York],Yes,2021-02-07,19833,Sunday
1802,B,14,2021-02-07T05:30:59-05:00[America/New_York],2021-02-07T05:31:13-05:00[America/New_York],Yes,2021-02-07,19859,Sunday
1802,<A>,27,2021-02-07T05:31:13-05:00[America/New_York],2021-02-07T05:31:40-05:00[America/New_York],Yes,2021-02-07,19873,Sunday
1802,B,14,2021-02-07T05:31:40-05:00[America/New_York],2021-02-07T05:31:54-05:00[America/New_York],Yes,2021-02-07,19900,Sunday
1802,<A>,28,2021-02-07T05:31:54-05:00[America/New_York],2021-02-07T05:32:22-05:00[America/New_York],Yes,2021-02-07,19914,Sunday
1802,B,14,2021-02-07T05:32:22-05:00[America/New_York],2021-02-07T05:32:36-05:00[America/New_York],Yes,2021-02-07,19942,Sunday
1802,<A>,28,2021-02-07T05:32:36-05:00[America/New_York],2021-02-07T05:33:04-05:00[America/New_York],Yes,2021-02-07,19956,Sunday
1802,B,15,2021-02-07T05:33:04-05:00[America/New_York],2021-02-07T05:33:19-05:00[America/New_York],Yes,2021-02-07,19984,Sunday
1802,<A>,26,2021-02-07T05:33:19-05:00[America/New_York],2021-02-07T05:33:45-05:00[America/New_York],Yes,2021-02-07,19999,Sunday
1802,B,15,2021-02-07T05:33:45-05:00[America/New_York],2021-02-07T05:34:00-05:00[America/New_York],Yes,2021-02-07,20025,Sunday
1802,<A>,27,2021-02-07T05:34:00-05:00[America/New_York],2021-02-07T05:34:27-05:00[America/New_York],Yes,2021-02-07,20040,Sunday
1802,B,14,2021-02-07T05:34:27-05:00[America/New_York],2021-02-07T05:34:41-05:00[America/New_York],Yes,2021-02-07,20067,Sunday
1802,<A>,26,2021-02-07T05:34:41-05:00[America/New_York],2021-02-07T05:35:07-05:00[America/New_York],Yes,2021-02-07,20081,Sunday
1802,B,15,2021-02-07T05:35:07-05:00[America/New_York],2021-02-07T05:35:22-05:00[America/New_York],Yes,2021-02-07,20107,Sunday
1802,<A>,26,2021-02-07T05:35:22-05:00[America/New_York],2021-02-07T05:35:48-05:00[America/New_York],Yes,2021-02-07,20122,Sunday
1802,B,15,2021-02-07T05:35:48-05:00[America/New_York],2021-02-07T05:36:03-05:00[America/New_York],Yes,2021-02-07,20148,Sunday
1802,<A>,26,2021-02-07T05:36:03-05:00[America/New_York],2021-02-07T05:36:29-05:00[America/New_York],Yes,2021-02-07,20163,Sunday
1802,B,14,2021-02-07T05:36:29-05:00[America/New_York],2021-02-07T05:36:43-05:00[America/New_York],Yes,2021-02-07,20189,Sunday
1802,<A>,27,2021-02-07T05:36:43-05:00[America/New_York],2021-02-07T05:37:10-05:00[America/New_York],Yes,2021-02-07,20203,Sunday
1802,B,14,2021-02-07T05:37:10-05:00[America/New_York],2021-02-07T05:37:24-05:00[America/New_York],Yes,2021-02-07,20230,Sunday
1802,<A>,26,2021-02-07T05:37:24-05:00[America/New_York],2021-02-07T05:37:50-05:00[America/New_York],Yes,2021-02-07,20244,Sunday
1802,B,15,2021-02-07T05:37:50-05:00[America/New_York],2021-02-07T05:38:05-05:00[America/New_York],Yes,2021-02-07,20270,Sunday
1802,<A>,26,2021-02-07T05:38:05-05:00[America/New_York],2021-02-07T05:38:31-05:00[America/New_York],Yes,2021-02-07,20285,Sunday
1802,B,15,2021-02-07T05:38:31-05:00[America/New_York],2021-02-07T05:38:46-05:00[America/New_York],NA,2021-02-07,20311,Sunday
1802,<A>,26,2021-02-07T05:38:46-05:00[America/New_York],2021-02-07T05:39:12-05:00[America/New_York],Yes,2021-02-07,20326,Sunday
1802,B,14,2021-02-07T05:39:12-05:00[America/New_York],2021-02-07T05:39:26-05:00[America/New_York],NA,2021-02-07,20352,Sunday
1802,<A>,27,2021-02-07T05:39:26-05:00[America/New_York],2021-02-07T05:39:53-05:00[America/New_York],Yes,2021-02-07,20366,Sunday
1802,B,14,2021-02-07T05:39:53-05:00[America/New_York],2021-02-07T05:40:07-05:00[America/New_York],Yes,2021-02-07,20393,Sunday
1802,<A>,27,2021-02-07T05:40:07-05:00[America/New_York],2021-02-07T05:40:34-05:00[America/New_York],Yes,2021-02-07,20407,Sunday
1802,B,14,2021-02-07T05:40:34-05:00[America/New_York],2021-02-07T05:40:48-05:00[America/New_York],Yes,2021-02-07,20434,Sunday
1802,<A>,26,2021-02-07T05:40:48-05:00[America/New_York],2021-02-07T05:41:14-05:00[America/New_York],Yes,2021-02-07,20448,Sunday
1802,B,15,2021-02-07T05:41:14-05:00[America/New_York],2021-02-07T05:41:29-05:00[America/New_York],NA,2021-02-07,20474,Sunday
1802,<A>,26,2021-02-07T05:41:29-05:00[America/New_York],2021-02-07T05:41:55-05:00[America/New_York],Yes,2021-02-07,20489,Sunday
1802,B,15,2021-02-07T05:41:55-05:00[America/New_York],2021-02-07T05:42:10-05:00[America/New_York],Yes,2021-02-07,20515,Sunday
1802,<A>,26,2021-02-07T05:42:10-05:00[America/New_York],2021-02-07T05:42:36-05:00[America/New_York],Yes,2021-02-07,20530,Sunday
1802,B,14,2021-02-07T05:42:36-05:00[America/New_York],2021-02-07T05:42:50-05:00[America/New_York],Yes,2021-02-07,20556,Sunday
1802,<A>,28,2021-02-07T05:42:50-05:00[America/New_York],2021-02-07T05:43:18-05:00[America/New_York],Yes,2021-02-07,20570,Sunday
1802,B,15,2021-02-07T05:43:18-05:00[America/New_York],2021-02-07T05:43:33-05:00[America/New_York],Yes,2021-02-07,20598,Sunday
1802,<A>,26,2021-02-07T05:43:33-05:00[America/New_York],2021-02-07T05:43:59-05:00[America/New_York],Yes,2021-02-07,20613,Sunday
1802,B,14,2021-02-07T05:43:59-05:00[America/New_York],2021-02-07T05:44:13-05:00[America/New_York],Yes,2021-02-07,20639,Sunday
1802,<A>,27,2021-02-07T05:44:13-05:00[America/New_York],2021-02-07T05:44:40-05:00[America/New_York],Yes,2021-02-07,20653,Sunday
1802,B,14,2021-02-07T05:44:40-05:00[America/New_York],2021-02-07T05:44:54-05:00[America/New_York],Yes,2021-02-07,20680,Sunday
1802,<A>,27,2021-02-07T05:44:54-05:00[America/New_York],2021-02-07T05:45:21-05:00[America/New_York],Yes,2021-02-07,20694,Sunday
1802,B,14,2021-02-07T05:45:21-05:00[America/New_York],2021-02-07T05:45:35-05:00[America/New_York],Yes,2021-02-07,20721,Sunday
1802,<A>,26,2021-02-07T05:45:35-05:00[America/New_York],2021-02-07T05:46:01-05:00[America/New_York],Yes,2021-02-07,20735,Sunday
1802,B,15,2021-02-07T05:46:01-05:00[America/New_York],2021-02-07T05:46:16-05:00[America/New_York],Yes,2021-02-07,20761,Sunday
1802,<A>,26,2021-02-07T05:46:16-05:00[America/New_York],2021-02-07T05:46:42-05:00[America/New_York],Yes,2021-02-07,20776,Sunday
1802,B,15,2021-02-07T05:46:42-05:00[America/New_York],2021-02-07T05:46:57-05:00[America/New_York],Yes,2021-02-07,20802,Sunday
1802,<A>,26,2021-02-07T05:46:57-05:00[America/New_York],2021-02-07T05:47:23-05:00[America/New_York],Yes,2021-02-07,20817,Sunday
1802,B,14,2021-02-07T05:47:23-05:00[America/New_York],2021-02-07T05:47:37-05:00[America/New_York],Yes,2021-02-07,20843,Sunday
1802,<A>,27,2021-02-07T05:47:37-05:00[America/New_York],2021-02-07T05:48:04-05:00[America/New_York],Yes,2021-02-07,20857,Sunday
1802,B,14,2021-02-07T05:48:04-05:00[America/New_York],2021-02-07T05:48:18-05:00[America/New_York],Yes,2021-02-07,20884,Sunday
1802,<A>,27,2021-02-07T05:48:18-05:00[America/New_York],2021-02-07T05:48:45-05:00[America/New_York],Yes,2021-02-07,20898,Sunday
1802,B,14,2021-02-07T05:48:45-05:00[America/New_York],2021-02-07T05:48:59-05:00[America/New_York],Yes,2021-02-07,20925,Sunday
1802,<A>,27,2021-02-07T05:48:59-05:00[America/New_York],2021-02-07T05:49:26-05:00[America/New_York],Yes,2021-02-07,20939,Sunday
1802,B,14,2021-02-07T05:49:26-05:00[America/New_York],2021-02-07T05:49:40-05:00[America/New_York],Yes,2021-02-07,20966,Sunday
1802,<A>,27,2021-02-07T05:49:40-05:00[America/New_York],2021-02-07T05:50:07-05:00[America/New_York],Yes,2021-02-07,20980,Sunday
1802,B,14,2021-02-07T05:50:07-05:00[America/New_York],2021-02-07T05:50:21-05:00[America/New_York],Yes,2021-02-07,21007,Sunday
1802,<A>,30,2021-02-07T05:50:21-05:00[America/New_York],2021-02-07T05:50:51-05:00[America/New_York],Yes,2021-02-07,21021,Sunday
1802,B,14,2021-02-07T05:50:51-05:00[America/New_York],2021-02-07T05:51:05-05:00[America/New_York],Yes,2021-02-07,21051,Sunday
1802,<A>,26,2021-02-07T05:51:05-05:00[America/New_York],2021-02-07T05:51:31-05:00[America/New_York],Yes,2021-02-07,21065,Sunday
1802,B,15,2021-02-07T05:51:31-05:00[America/New_York],2021-02-07T05:51:46-05:00[America/New_York],Yes,2021-02-07,21091,Sunday
1802,<A>,26,2021-02-07T05:51:46-05:00[America/New_York],2021-02-07T05:52:12-05:00[America/New_York],Yes,2021-02-07,21106,Sunday
1802,B,15,2021-02-07T05:52:12-05:00[America/New_York],2021-02-07T05:52:27-05:00[America/New_York],Yes,2021-02-07,21132,Sunday
1802,<A>,26,2021-02-07T05:52:27-05:00[America/New_York],2021-02-07T05:52:53-05:00[America/New_York],Yes,2021-02-07,21147,Sunday
1802,B,14,2021-02-07T05:52:53-05:00[America/New_York],2021-02-07T05:53:07-05:00[America/New_York],Yes,2021-02-07,21173,Sunday
1802,<A>,27,2021-02-07T05:53:07-05:00[America/New_York],2021-02-07T05:53:34-05:00[America/New_York],Yes,2021-02-07,21187,Sunday
1802,B,14,2021-02-07T05:53:34-05:00[America/New_York],2021-02-07T05:53:48-05:00[America/New_York],Yes,2021-02-07,21214,Sunday
1802,<A>,27,2021-02-07T05:53:48-05:00[America/New_York],2021-02-07T05:54:15-05:00[America/New_York],Yes,2021-02-07,21228,Sunday
1802,B,14,2021-02-07T05:54:15-05:00[America/New_York],2021-02-07T05:54:29-05:00[America/New_York],Yes,2021-02-07,21255,Sunday
1802,<A>,26,2021-02-07T05:54:29-05:00[America/New_York],2021-02-07T05:54:55-05:00[America/New_York],Yes,2021-02-07,21269,Sunday
1802,B,15,2021-02-07T05:54:55-05:00[America/New_York],2021-02-07T05:55:10-05:00[America/New_York],Yes,2021-02-07,21295,Sunday
1802,<A>,26,2021-02-07T05:55:10-05:00[America/New_York],2021-02-07T05:55:36-05:00[America/New_York],Yes,2021-02-07,21310,Sunday
1802,B,15,2021-02-07T05:55:36-05:00[America/New_York],2021-02-07T05:55:51-05:00[America/New_York],Yes,2021-02-07,21336,Sunday
1802,<A>,29,2021-02-07T05:55:51-05:00[America/New_York],2021-02-07T05:56:20-05:00[America/New_York],Yes,2021-02-07,21351,Sunday
1802,B,15,2021-02-07T05:56:20-05:00[America/New_York],2021-02-07T05:56:35-05:00[America/New_York],NA,2021-02-07,21380,Sunday
1802,<A>,26,2021-02-07T05:56:35-05:00[America/New_York],2021-02-07T05:57:01-05:00[America/New_York],Yes,2021-02-07,21395,Sunday
1802,B,14,2021-02-07T05:57:01-05:00[America/New_York],2021-02-07T05:57:15-05:00[America/New_York],NA,2021-02-07,21421,Sunday
1802,<A>,27,2021-02-07T05:57:15-05:00[America/New_York],2021-02-07T05:57:42-05:00[America/New_York],Yes,2021-02-07,21435,Sunday
1802,B,14,2021-02-07T05:57:42-05:00[America/New_York],2021-02-07T05:57:56-05:00[America/New_York],Yes,2021-02-07,21462,Sunday
1802,<A>,29,2021-02-07T05:57:56-05:00[America/New_York],2021-02-07T05:58:25-05:00[America/New_York],Yes,2021-02-07,21476,Sunday
1802,B,15,2021-02-07T05:58:25-05:00[America/New_York],2021-02-07T05:58:40-05:00[America/New_York],Yes,2021-02-07,21505,Sunday
1802,<A>,26,2021-02-07T05:58:40-05:00[America/New_York],2021-02-07T05:59:06-05:00[America/New_York],Yes,2021-02-07,21520,Sunday
1802,B,14,2021-02-07T05:59:06-05:00[America/New_York],2021-02-07T05:59:20-05:00[America/New_York],Yes,2021-02-07,21546,Sunday
1802,<A>,30,2021-02-07T05:59:20-05:00[America/New_York],2021-02-07T05:59:50-05:00[America/New_York],Yes,2021-02-07,21560,Sunday
1802,B,15,2021-02-07T05:59:50-05:00[America/New_York],2021-02-07T06:00:05-05:00[America/New_York],Yes,2021-02-07,21590,Sunday
1802,<A>,26,2021-02-07T06:00:05-05:00[America/New_York],2021-02-07T06:00:31-05:00[America/New_York],Yes,2021-02-07,21605,Sunday
1802,B,14,2021-02-07T06:00:31-05:00[America/New_York],2021-02-07T06:00:45-05:00[America/New_York],Yes,2021-02-07,21631,Sunday
1802,<A>,30,2021-02-07T06:00:45-05:00[America/New_York],2021-02-07T06:01:15-05:00[America/New_York],Yes,2021-02-07,21645,Sunday
1802,B,14,2021-02-07T06:01:15-05:00[America/New_York],2021-02-07T06:01:29-05:00[America/New_York],Yes,2021-02-07,21675,Sunday
1802,<A>,27,2021-02-07T06:01:29-05:00[America/New_York],2021-02-07T06:01:56-05:00[America/New_York],Yes,2021-02-07,21689,Sunday
1802,B,14,2021-02-07T06:01:56-05:00[America/New_York],2021-02-07T06:02:10-05:00[America/New_York],Yes,2021-02-07,21716,Sunday
1802,<A>,27,2021-02-07T06:02:10-05:00[America/New_York],2021-02-07T06:02:37-05:00[America/New_York],Yes,2021-02-07,21730,Sunday
1802,B,14,2021-02-07T06:02:37-05:00[America/New_York],2021-02-07T06:02:51-05:00[America/New_York],Yes,2021-02-07,21757,Sunday
1802,<A>,29,2021-02-07T06:02:51-05:00[America/New_York],2021-02-07T06:03:20-05:00[America/New_York],Yes,2021-02-07,21771,Sunday
1802,B,14,2021-02-07T06:03:20-05:00[America/New_York],2021-02-07T06:03:34-05:00[America/New_York],Yes,2021-02-07,21800,Sunday
1802,<A>,26,2021-02-07T06:03:34-05:00[America/New_York],2021-02-07T06:04:00-05:00[America/New_York],Yes,2021-02-07,21814,Sunday
1802,B,15,2021-02-07T06:04:00-05:00[America/New_York],2021-02-07T06:04:15-05:00[America/New_York],Yes,2021-02-07,21840,Sunday
1802,<A>,26,2021-02-07T06:04:15-05:00[America/New_York],2021-02-07T06:04:41-05:00[America/New_York],Yes,2021-02-07,21855,Sunday
1802,B,15,2021-02-07T06:04:41-05:00[America/New_York],2021-02-07T06:04:56-05:00[America/New_York],Yes,2021-02-07,21881,Sunday
1802,<A>,26,2021-02-07T06:04:56-05:00[America/New_York],2021-02-07T06:05:22-05:00[America/New_York],Yes,2021-02-07,21896,Sunday
1802,B,14,2021-02-07T06:05:22-05:00[America/New_York],2021-02-07T06:05:36-05:00[America/New_York],Yes,2021-02-07,21922,Sunday
1802,<A>,27,2021-02-07T06:05:36-05:00[America/New_York],2021-02-07T06:06:03-05:00[America/New_York],Yes,2021-02-07,21936,Sunday
1802,B,14,2021-02-07T06:06:03-05:00[America/New_York],2021-02-07T06:06:17-05:00[America/New_York],Yes,2021-02-07,21963,Sunday
1802,<A>,27,2021-02-07T06:06:17-05:00[America/New_York],2021-02-07T06:06:44-05:00[America/New_York],Yes,2021-02-07,21977,Sunday
1802,B,14,2021-02-07T06:06:44-05:00[America/New_York],2021-02-07T06:06:58-05:00[America/New_York],NA,2021-02-07,22004,Sunday
1802,<A>,26,2021-02-07T06:06:58-05:00[America/New_York],2021-02-07T06:07:24-05:00[America/New_York],Yes,2021-02-07,22018,Sunday
1802,B,15,2021-02-07T06:07:24-05:00[America/New_York],2021-02-07T06:07:39-05:00[America/New_York],NA,2021-02-07,22044,Sunday
1802,<A>,29,2021-02-07T06:07:39-05:00[America/New_York],2021-02-07T06:08:08-05:00[America/New_York],Yes,2021-02-07,22059,Sunday
1802,B,14,2021-02-07T06:08:08-05:00[America/New_York],2021-02-07T06:08:22-05:00[America/New_York],NA,2021-02-07,22088,Sunday
1802,<A>,26,2021-02-07T06:08:22-05:00[America/New_York],2021-02-07T06:08:48-05:00[America/New_York],Yes,2021-02-07,22102,Sunday
1802,B,15,2021-02-07T06:08:48-05:00[America/New_York],2021-02-07T06:09:03-05:00[America/New_York],NA,2021-02-07,22128,Sunday
1802,<A>,26,2021-02-07T06:09:03-05:00[America/New_York],2021-02-07T06:09:29-05:00[America/New_York],Yes,2021-02-07,22143,Sunday
1802,B,15,2021-02-07T06:09:29-05:00[America/New_York],2021-02-07T06:09:44-05:00[America/New_York],Yes,2021-02-07,22169,Sunday
1802,<A>,26,2021-02-07T06:09:44-05:00[America/New_York],2021-02-07T06:10:10-05:00[America/New_York],Yes,2021-02-07,22184,Sunday
1802,B,14,2021-02-07T06:10:10-05:00[America/New_York],2021-02-07T06:10:24-05:00[America/New_York],Yes,2021-02-07,22210,Sunday
1802,<A>,29,2021-02-07T06:10:24-05:00[America/New_York],2021-02-07T06:10:53-05:00[America/New_York],Yes,2021-02-07,22224,Sunday
1802,B,14,2021-02-07T06:10:53-05:00[America/New_York],2021-02-07T06:11:07-05:00[America/New_York],Yes,2021-02-07,22253,Sunday
1802,<A>,27,2021-02-07T06:11:07-05:00[America/New_York],2021-02-07T06:11:34-05:00[America/New_York],Yes,2021-02-07,22267,Sunday
1802,B,14,2021-02-07T06:11:34-05:00[America/New_York],2021-02-07T06:11:48-05:00[America/New_York],Yes,2021-02-07,22294,Sunday
1802,<A>,27,2021-02-07T06:11:48-05:00[America/New_York],2021-02-07T06:12:15-05:00[America/New_York],Yes,2021-02-07,22308,Sunday
1802,B,15,2021-02-07T06:12:15-05:00[America/New_York],2021-02-07T06:12:30-05:00[America/New_York],Yes,2021-02-07,22335,Sunday
1802,<A>,26,2021-02-07T06:12:30-05:00[America/New_York],2021-02-07T06:12:56-05:00[America/New_York],Yes,2021-02-07,22350,Sunday
1802,B,15,2021-02-07T06:12:56-05:00[America/New_York],2021-02-07T06:13:11-05:00[America/New_York],Yes,2021-02-07,22376,Sunday
1802,<A>,29,2021-02-07T06:13:11-05:00[America/New_York],2021-02-07T06:13:40-05:00[America/New_York],Yes,2021-02-07,22391,Sunday
1802,B,14,2021-02-07T06:13:40-05:00[America/New_York],2021-02-07T06:13:54-05:00[America/New_York],Yes,2021-02-07,22420,Sunday
1802,<A>,27,2021-02-07T06:13:54-05:00[America/New_York],2021-02-07T06:14:21-05:00[America/New_York],Yes,2021-02-07,22434,Sunday
1802,B,14,2021-02-07T06:14:21-05:00[America/New_York],2021-02-07T06:14:35-05:00[America/New_York],Yes,2021-02-07,22461,Sunday
1802,<A>,29,2021-02-07T06:14:35-05:00[America/New_York],2021-02-07T06:15:04-05:00[America/New_York],Yes,2021-02-07,22475,Sunday
1802,B,14,2021-02-07T06:15:04-05:00[America/New_York],2021-02-07T06:15:18-05:00[America/New_York],Yes,2021-02-07,22504,Sunday
1802,<A>,27,2021-02-07T06:15:18-05:00[America/New_York],2021-02-07T06:15:45-05:00[America/New_York],Yes,2021-02-07,22518,Sunday
1802,B,17,2021-02-07T06:15:45-05:00[America/New_York],2021-02-07T06:16:02-05:00[America/New_York],Yes,2021-02-07,22545,Sunday
1802,<A>,26,2021-02-07T06:16:02-05:00[America/New_York],2021-02-07T06:16:28-05:00[America/New_York],Yes,2021-02-07,22562,Sunday
1802,B,14,2021-02-07T06:16:28-05:00[America/New_York],2021-02-07T06:16:42-05:00[America/New_York],Yes,2021-02-07,22588,Sunday
1802,<A>,27,2021-02-07T06:16:42-05:00[America/New_York],2021-02-07T06:17:09-05:00[America/New_York],Yes,2021-02-07,22602,Sunday
1802,B,14,2021-02-07T06:17:09-05:00[America/New_York],2021-02-07T06:17:23-05:00[America/New_York],Yes,2021-02-07,22629,Sunday
1802,<A>,27,2021-02-07T06:17:23-05:00[America/New_York],2021-02-07T06:17:50-05:00[America/New_York],Yes,2021-02-07,22643,Sunday
1802,B,14,2021-02-07T06:17:50-05:00[America/New_York],2021-02-07T06:18:04-05:00[America/New_York],Yes,2021-02-07,22670,Sunday
1802,<A>,27,2021-02-07T06:18:04-05:00[America/New_York],2021-02-07T06:18:31-05:00[America/New_York],Yes,2021-02-07,22684,Sunday
1802,B,14,2021-02-07T06:18:31-05:00[America/New_York],2021-02-07T06:18:45-05:00[America/New_York],Yes,2021-02-07,22711,Sunday
1802,<A>,27,2021-02-07T06:18:45-05:00[America/New_York],2021-02-07T06:19:12-05:00[America/New_York],Yes,2021-02-07,22725,Sunday
1802,B,14,2021-02-07T06:19:12-05:00[America/New_York],2021-02-07T06:19:26-05:00[America/New_York],Yes,2021-02-07,22752,Sunday
1802,<A>,27,2021-02-07T06:19:26-05:00[America/New_York],2021-02-07T06:19:53-05:00[America/New_York],Yes,2021-02-07,22766,Sunday
1802,B,14,2021-02-07T06:19:53-05:00[America/New_York],2021-02-07T06:20:07-05:00[America/New_York],Yes,2021-02-07,22793,Sunday
1802,<A>,28,2021-02-07T06:20:07-05:00[America/New_York],2021-02-07T06:20:35-05:00[America/New_York],Yes,2021-02-07,22807,Sunday
1802,B,15,2021-02-07T06:20:35-05:00[America/New_York],2021-02-07T06:20:50-05:00[America/New_York],Yes,2021-02-07,22835,Sunday
1802,<A>,30,2021-02-07T06:20:50-05:00[America/New_York],2021-02-07T06:21:20-05:00[America/New_York],Yes,2021-02-07,22850,Sunday
1802,B,14,2021-02-07T06:21:20-05:00[America/New_York],2021-02-07T06:21:34-05:00[America/New_York],Yes,2021-02-07,22880,Sunday
1802,<A>,27,2021-02-07T06:21:34-05:00[America/New_York],2021-02-07T06:22:01-05:00[America/New_York],Yes,2021-02-07,22894,Sunday
1802,B,14,2021-02-07T06:22:01-05:00[America/New_York],2021-02-07T06:22:15-05:00[America/New_York],Yes,2021-02-07,22921,Sunday
1802,<A>,27,2021-02-07T06:22:15-05:00[America/New_York],2021-02-07T06:22:42-05:00[America/New_York],Yes,2021-02-07,22935,Sunday
1802,B,19,2021-02-07T06:22:42-05:00[America/New_York],2021-02-07T06:23:01-05:00[America/New_York],Yes,2021-02-07,22962,Sunday
1802,<A>,26,2021-02-07T06:23:01-05:00[America/New_York],2021-02-07T06:23:27-05:00[America/New_York],Yes,2021-02-07,22981,Sunday
1802,B,14,2021-02-07T06:23:27-05:00[America/New_York],2021-02-07T06:23:41-05:00[America/New_York],Yes,2021-02-07,23007,Sunday
1802,<A>,27,2021-02-07T06:23:41-05:00[America/New_York],2021-02-07T06:24:08-05:00[America/New_York],Yes,2021-02-07,23021,Sunday
1802,B,14,2021-02-07T06:24:08-05:00[America/New_York],2021-02-07T06:24:22-05:00[America/New_York],Yes,2021-02-07,23048,Sunday
1802,<A>,28,2021-02-07T06:24:22-05:00[America/New_York],2021-02-07T06:24:50-05:00[America/New_York],Yes,2021-02-07,23062,Sunday
1802,B,15,2021-02-07T06:24:50-05:00[America/New_York],2021-02-07T06:25:05-05:00[America/New_York],Yes,2021-02-07,23090,Sunday
1802,<A>,26,2021-02-07T06:25:05-05:00[America/New_York],2021-02-07T06:25:31-05:00[America/New_York],Yes,2021-02-07,23105,Sunday
1802,B,15,2021-02-07T06:25:31-05:00[America/New_York],2021-02-07T06:25:46-05:00[America/New_York],Yes,2021-02-07,23131,Sunday
1802,<A>,26,2021-02-07T06:25:46-05:00[America/New_York],2021-02-07T06:26:12-05:00[America/New_York],Yes,2021-02-07,23146,Sunday
1802,B,15,2021-02-07T06:26:12-05:00[America/New_York],2021-02-07T06:26:27-05:00[America/New_York],Yes,2021-02-07,23172,Sunday
1802,<A>,26,2021-02-07T06:26:27-05:00[America/New_York],2021-02-07T06:26:53-05:00[America/New_York],Yes,2021-02-07,23187,Sunday
1802,B,14,2021-02-07T06:26:53-05:00[America/New_York],2021-02-07T06:27:07-05:00[America/New_York],Yes,2021-02-07,23213,Sunday
1802,<A>,27,2021-02-07T06:27:07-05:00[America/New_York],2021-02-07T06:27:34-05:00[America/New_York],Yes,2021-02-07,23227,Sunday
1802,B,14,2021-02-07T06:27:34-05:00[America/New_York],2021-02-07T06:27:48-05:00[America/New_York],Yes,2021-02-07,23254,Sunday
1802,<A>,29,2021-02-07T06:27:48-05:00[America/New_York],2021-02-07T06:28:17-05:00[America/New_York],Yes,2021-02-07,23268,Sunday
1802,B,15,2021-02-07T06:28:17-05:00[America/New_York],2021-02-07T06:28:32-05:00[America/New_York],Yes,2021-02-07,23297,Sunday
1802,<A>,32,2021-02-07T06:28:32-05:00[America/New_York],2021-02-07T06:29:04-05:00[America/New_York],Yes,2021-02-07,23312,Sunday
1802,B,14,2021-02-07T06:29:04-05:00[America/New_York],2021-02-07T06:29:18-05:00[America/New_York],Yes,2021-02-07,23344,Sunday
1802,<A>,26,2021-02-07T06:29:18-05:00[America/New_York],2021-02-07T06:29:44-05:00[America/New_York],Yes,2021-02-07,23358,Sunday
1802,B,15,2021-02-07T06:29:44-05:00[America/New_York],2021-02-07T06:29:59-05:00[America/New_York],Yes,2021-02-07,23384,Sunday
1802,<A>,26,2021-02-07T06:29:59-05:00[America/New_York],2021-02-07T06:30:25-05:00[America/New_York],Yes,2021-02-07,23399,Sunday
1802,B,15,2021-02-07T06:30:25-05:00[America/New_York],2021-02-07T06:30:40-05:00[America/New_York],Yes,2021-02-07,23425,Sunday
1802,<A>,28,2021-02-07T06:30:40-05:00[America/New_York],2021-02-07T06:31:08-05:00[America/New_York],Yes,2021-02-07,23440,Sunday
1802,B,14,2021-02-07T06:31:08-05:00[America/New_York],2021-02-07T06:31:22-05:00[America/New_York],Yes,2021-02-07,23468,Sunday
1802,<A>,27,2021-02-07T06:31:22-05:00[America/New_York],2021-02-07T06:31:49-05:00[America/New_York],Yes,2021-02-07,23482,Sunday
1802,B,14,2021-02-07T06:31:49-05:00[America/New_York],2021-02-07T06:32:03-05:00[America/New_York],Yes,2021-02-07,23509,Sunday
1802,<A>,27,2021-02-07T06:32:03-05:00[America/New_York],2021-02-07T06:32:30-05:00[America/New_York],Yes,2021-02-07,23523,Sunday
1802,B,14,2021-02-07T06:32:30-05:00[America/New_York],2021-02-07T06:32:44-05:00[America/New_York],Yes,2021-02-07,23550,Sunday
1802,<A>,28,2021-02-07T06:32:44-05:00[America/New_York],2021-02-07T06:33:12-05:00[America/New_York],Yes,2021-02-07,23564,Sunday
1802,B,15,2021-02-07T06:33:12-05:00[America/New_York],2021-02-07T06:33:27-05:00[America/New_York],Yes,2021-02-07,23592,Sunday
1802,<A>,29,2021-02-07T06:33:27-05:00[America/New_York],2021-02-07T06:33:56-05:00[America/New_York],Yes,2021-02-07,23607,Sunday
1802,B,15,2021-02-07T06:33:56-05:00[America/New_York],2021-02-07T06:34:11-05:00[America/New_York],Yes,2021-02-07,23636,Sunday
1802,<A>,26,2021-02-07T06:34:11-05:00[America/New_York],2021-02-07T06:34:37-05:00[America/New_York],Yes,2021-02-07,23651,Sunday
1802,B,14,2021-02-07T06:34:37-05:00[America/New_York],2021-02-07T06:34:51-05:00[America/New_York],Yes,2021-02-07,23677,Sunday
1802,<A>,33,2021-02-07T06:34:51-05:00[America/New_York],2021-02-07T06:35:24-05:00[America/New_York],Yes,2021-02-07,23691,Sunday
1802,B,14,2021-02-07T06:35:24-05:00[America/New_York],2021-02-07T06:35:38-05:00[America/New_York],Yes,2021-02-07,23724,Sunday
1802,<A>,27,2021-02-07T06:35:38-05:00[America/New_York],2021-02-07T06:36:05-05:00[America/New_York],Yes,2021-02-07,23738,Sunday
1802,B,14,2021-02-07T06:36:05-05:00[America/New_York],2021-02-07T06:36:19-05:00[America/New_York],Yes,2021-02-07,23765,Sunday
1802,<A>,27,2021-02-07T06:36:19-05:00[America/New_York],2021-02-07T06:36:46-05:00[America/New_York],Yes,2021-02-07,23779,Sunday
1802,B,14,2021-02-07T06:36:46-05:00[America/New_York],2021-02-07T06:37:00-05:00[America/New_York],Yes,2021-02-07,23806,Sunday
1802,<A>,27,2021-02-07T06:37:00-05:00[America/New_York],2021-02-07T06:37:27-05:00[America/New_York],Yes,2021-02-07,23820,Sunday
1802,B,14,2021-02-07T06:37:27-05:00[America/New_York],2021-02-07T06:37:41-05:00[America/New_York],Yes,2021-02-07,23847,Sunday
1802,<A>,28,2021-02-07T06:37:41-05:00[America/New_York],2021-02-07T06:38:09-05:00[America/New_York],Yes,2021-02-07,23861,Sunday
1802,B,15,2021-02-07T06:38:09-05:00[America/New_York],2021-02-07T06:38:24-05:00[America/New_York],Yes,2021-02-07,23889,Sunday
1802,<A>,34,2021-02-07T06:38:24-05:00[America/New_York],2021-02-07T06:38:58-05:00[America/New_York],Yes,2021-02-07,23904,Sunday
1802,B,14,2021-02-07T06:38:58-05:00[America/New_York],2021-02-07T06:39:12-05:00[America/New_York],Yes,2021-02-07,23938,Sunday
1802,<A>,26,2021-02-07T06:39:12-05:00[America/New_York],2021-02-07T06:39:38-05:00[America/New_York],Yes,2021-02-07,23952,Sunday
1802,B,15,2021-02-07T06:39:38-05:00[America/New_York],2021-02-07T06:39:53-05:00[America/New_York],Yes,2021-02-07,23978,Sunday
1802,<A>,28,2021-02-07T06:39:53-05:00[America/New_York],2021-02-07T06:40:21-05:00[America/New_York],Yes,2021-02-07,23993,Sunday
1802,B,14,2021-02-07T06:40:21-05:00[America/New_York],2021-02-07T06:40:35-05:00[America/New_York],Yes,2021-02-07,24021,Sunday
1802,<A>,27,2021-02-07T06:40:35-05:00[America/New_York],2021-02-07T06:41:02-05:00[America/New_York],Yes,2021-02-07,24035,Sunday
1802,B,14,2021-02-07T06:41:02-05:00[America/New_York],2021-02-07T06:41:16-05:00[America/New_York],Yes,2021-02-07,24062,Sunday
1802,<A>,616,2021-02-07T06:41:16-05:00[America/New_York],2021-02-07T06:51:32-05:00[America/New_York],Yes,2021-02-07,24076,Sunday
1802,B,17,2021-02-07T06:51:32-05:00[America/New_York],2021-02-07T06:51:49-05:00[America/New_York],Yes,2021-02-07,24692,Sunday
1802,<A>,317,2021-02-07T06:51:49-05:00[America/New_York],2021-02-07T06:57:06-05:00[America/New_York],Yes,2021-02-07,24709,Sunday
1802,B,15,2021-02-07T06:57:06-05:00[America/New_York],2021-02-07T06:57:21-05:00[America/New_York],Yes,2021-02-07,25026,Sunday
1802,<A>,83,2021-02-07T06:57:21-05:00[America/New_York],2021-02-07T06:58:44-05:00[America/New_York],NA,2021-02-07,25041,Sunday
1802,B,14,2021-02-07T06:58:44-05:00[America/New_York],2021-02-07T06:58:58-05:00[America/New_York],NA,2021-02-07,25124,Sunday
1802,<A>,226,2021-02-07T06:58:58-05:00[America/New_York],2021-02-07T07:02:44-05:00[America/New_York],Yes,2021-02-07,25138,Sunday
1802,B,14,2021-02-07T07:02:44-05:00[America/New_York],2021-02-07T07:02:58-05:00[America/New_York],Yes,2021-02-07,25364,Sunday
1802,<A>,86,2021-02-07T07:02:58-05:00[America/New_York],2021-02-07T07:04:24-05:00[America/New_York],NA,2021-02-07,25378,Sunday
1802,B,14,2021-02-07T07:04:24-05:00[America/New_York],2021-02-07T07:04:38-05:00[America/New_York],Yes,2021-02-07,25464,Sunday
1802,<A>,65,2021-02-07T07:04:38-05:00[America/New_York],2021-02-07T07:05:43-05:00[America/New_York],Yes,2021-02-07,25478,Sunday
1802,B,18,2021-02-07T07:05:43-05:00[America/New_York],2021-02-07T07:06:01-05:00[America/New_York],Yes,2021-02-07,25543,Sunday
1802,<A>,53,2021-02-07T07:06:01-05:00[America/New_York],2021-02-07T07:06:54-05:00[America/New_York],Yes,2021-02-07,25561,Sunday
1802,B,14,2021-02-07T07:06:54-05:00[America/New_York],2021-02-07T07:07:08-05:00[America/New_York],Yes,2021-02-07,25614,Sunday
1802,<A>,115,2021-02-07T07:07:08-05:00[America/New_York],2021-02-07T07:09:03-05:00[America/New_York],Yes,2021-02-07,25628,Sunday
1802,B,14,2021-02-07T07:09:03-05:00[America/New_York],2021-02-07T07:09:17-05:00[America/New_York],Yes,2021-02-07,25743,Sunday
1802,<A>,42,2021-02-07T07:09:17-05:00[America/New_York],2021-02-07T07:09:59-05:00[America/New_York],Yes,2021-02-07,25757,Sunday
1802,B,15,2021-02-07T07:09:59-05:00[America/New_York],2021-02-07T07:10:14-05:00[America/New_York],Yes,2021-02-07,25799,Sunday
1802,<A>,302,2021-02-07T07:10:14-05:00[America/New_York],2021-02-07T07:15:16-05:00[America/New_York],Yes,2021-02-07,25814,Sunday
1802,B,15,2021-02-07T07:15:16-05:00[America/New_York],2021-02-07T07:15:31-05:00[America/New_York],Yes,2021-02-07,26116,Sunday
1802,<A>,340,2021-02-07T07:15:31-05:00[America/New_York],2021-02-07T07:21:11-05:00[America/New_York],Yes,2021-02-07,26131,Sunday
1802,B,14,2021-02-07T07:21:11-05:00[America/New_York],2021-02-07T07:21:25-05:00[America/New_York],Yes,2021-02-07,26471,Sunday
1802,<A>,95,2021-02-07T07:21:25-05:00[America/New_York],2021-02-07T07:23:00-05:00[America/New_York],NA,2021-02-07,26485,Sunday
1802,B,14,2021-02-07T07:23:00-05:00[America/New_York],2021-02-07T07:23:14-05:00[America/New_York],Yes,2021-02-07,26580,Sunday
1802,<A>,43,2021-02-07T07:23:14-05:00[America/New_York],2021-02-07T07:23:57-05:00[America/New_York],Yes,2021-02-07,26594,Sunday
1802,B,15,2021-02-07T07:23:57-05:00[America/New_York],2021-02-07T07:24:12-05:00[America/New_York],Yes,2021-02-07,26637,Sunday
1802,<A>,407,2021-02-07T07:24:12-05:00[America/New_York],2021-02-07T07:30:59-05:00[America/New_York],Yes,2021-02-07,26652,Sunday
1802,B,14,2021-02-07T07:30:59-05:00[America/New_York],2021-02-07T07:31:13-05:00[America/New_York],Yes,2021-02-07,27059,Sunday
1802,<A>,59,2021-02-07T07:31:13-05:00[America/New_York],2021-02-07T07:32:12-05:00[America/New_York],Yes,2021-02-07,27073,Sunday
1802,B,14,2021-02-07T07:32:12-05:00[America/New_York],2021-02-07T07:32:26-05:00[America/New_York],NA,2021-02-07,27132,Sunday
1802,<A>,29,2021-02-07T07:32:26-05:00[America/New_York],2021-02-07T07:32:55-05:00[America/New_York],Yes,2021-02-07,27146,Sunday
1802,B,14,2021-02-07T07:32:55-05:00[America/New_York],2021-02-07T07:33:09-05:00[America/New_York],NA,2021-02-07,27175,Sunday
1802,<A>,30,2021-02-07T07:33:09-05:00[America/New_York],2021-02-07T07:33:39-05:00[America/New_York],Yes,2021-02-07,27189,Sunday
1802,B,14,2021-02-07T07:33:39-05:00[America/New_York],2021-02-07T07:33:53-05:00[America/New_York],NA,2021-02-07,27219,Sunday
1802,<A>,194,2021-02-07T07:33:53-05:00[America/New_York],2021-02-07T07:37:07-05:00[America/New_York],NA,2021-02-07,27233,Sunday
1802,B,14,2021-02-07T07:37:07-05:00[America/New_York],2021-02-07T07:37:21-05:00[America/New_York],Yes,2021-02-07,27427,Sunday
1802,<A>,309,2021-02-07T07:37:21-05:00[America/New_York],2021-02-07T07:42:30-05:00[America/New_York],Yes,2021-02-07,27441,Sunday
1802,B,14,2021-02-07T07:42:30-05:00[America/New_York],2021-02-07T07:42:44-05:00[America/New_York],Yes,2021-02-07,27750,Sunday
1802,<A>,161,2021-02-07T07:42:44-05:00[America/New_York],2021-02-07T07:45:25-05:00[America/New_York],Yes,2021-02-07,27764,Sunday
1802,B,16,2021-02-07T07:45:25-05:00[America/New_York],2021-02-07T07:45:41-05:00[America/New_York],NA,2021-02-07,27925,Sunday
1802,<A>,48,2021-02-07T07:45:41-05:00[America/New_York],2021-02-07T07:46:29-05:00[America/New_York],Yes,2021-02-07,27941,Sunday
1802,B,14,2021-02-07T07:46:29-05:00[America/New_York],2021-02-07T07:46:43-05:00[America/New_York],Yes,2021-02-07,27989,Sunday
1802,<A>,265,2021-02-07T07:46:43-05:00[America/New_York],2021-02-07T07:51:08-05:00[America/New_York],NA,2021-02-07,28003,Sunday
1802,B,15,2021-02-07T07:51:08-05:00[America/New_York],2021-02-07T07:51:23-05:00[America/New_York],Yes,2021-02-07,28268,Sunday
1802,<A>,131,2021-02-07T07:51:23-05:00[America/New_York],2021-02-07T07:53:34-05:00[America/New_York],Yes,2021-02-07,28283,Sunday
1802,B,14,2021-02-07T07:53:34-05:00[America/New_York],2021-02-07T07:53:48-05:00[America/New_York],Yes,2021-02-07,28414,Sunday
1802,<A>,27,2021-02-07T07:53:48-05:00[America/New_York],2021-02-07T07:54:15-05:00[America/New_York],Yes,2021-02-07,28428,Sunday
1802,B,14,2021-02-07T07:54:15-05:00[America/New_York],2021-02-07T07:54:29-05:00[America/New_York],Yes,2021-02-07,28455,Sunday
1802,<A>,30,2021-02-07T07:54:29-05:00[America/New_York],2021-02-07T07:54:59-05:00[America/New_York],Yes,2021-02-07,28469,Sunday
1802,B,15,2021-02-07T07:54:59-05:00[America/New_York],2021-02-07T07:55:14-05:00[America/New_York],NA,2021-02-07,28499,Sunday
1802,<A>,191,2021-02-07T07:55:14-05:00[America/New_York],2021-02-07T07:58:25-05:00[America/New_York],NA,2021-02-07,28514,Sunday
1802,B,15,2021-02-07T07:58:25-05:00[America/New_York],2021-02-07T07:58:40-05:00[America/New_York],Yes,2021-02-07,28705,Sunday
1802,<A>,82,2021-02-07T07:58:40-05:00[America/New_York],2021-02-07T08:00:02-05:00[America/New_York],NA,2021-02-07,28720,Sunday
1802,B,14,2021-02-07T08:00:02-05:00[America/New_York],2021-02-07T08:00:16-05:00[America/New_York],Yes,2021-02-07,28802,Sunday
1802,<A>,43,2021-02-07T08:00:16-05:00[America/New_York],2021-02-07T08:00:59-05:00[America/New_York],Yes,2021-02-07,28816,Sunday
1802,B,14,2021-02-07T08:00:59-05:00[America/New_York],2021-02-07T08:01:13-05:00[America/New_York],Yes,2021-02-07,28859,Sunday
1802,<A>,30,2021-02-07T08:01:13-05:00[America/New_York],2021-02-07T08:01:43-05:00[America/New_York],Yes,2021-02-07,28873,Sunday
1802,B,14,2021-02-07T08:01:43-05:00[America/New_York],2021-02-07T08:01:57-05:00[America/New_York],Yes,2021-02-07,28903,Sunday
1802,<A>,78,2021-02-07T08:01:57-05:00[America/New_York],2021-02-07T08:03:15-05:00[America/New_York],NA,2021-02-07,28917,Sunday
1802,B,14,2021-02-07T08:03:15-05:00[America/New_York],2021-02-07T08:03:29-05:00[America/New_York],Yes,2021-02-07,28995,Sunday
1802,<A>,27,2021-02-07T08:03:29-05:00[America/New_York],2021-02-07T08:03:56-05:00[America/New_York],Yes,2021-02-07,29009,Sunday
1802,B,16,2021-02-07T08:03:56-05:00[America/New_York],2021-02-07T08:04:12-05:00[America/New_York],Yes,2021-02-07,29036,Sunday
1802,<A>,227,2021-02-07T08:04:12-05:00[America/New_York],2021-02-07T08:07:59-05:00[America/New_York],Yes,2021-02-07,29052,Sunday
1802,B,14,2021-02-07T08:07:59-05:00[America/New_York],2021-02-07T08:08:13-05:00[America/New_York],Yes,2021-02-07,29279,Sunday
1802,<A>,33,2021-02-07T08:08:13-05:00[America/New_York],2021-02-07T08:08:46-05:00[America/New_York],Yes,2021-02-07,29293,Sunday
1802,B,15,2021-02-07T08:08:46-05:00[America/New_York],2021-02-07T08:09:01-05:00[America/New_York],NA,2021-02-07,29326,Sunday
1802,<A>,112,2021-02-07T08:09:01-05:00[America/New_York],2021-02-07T08:10:53-05:00[America/New_York],Yes,2021-02-07,29341,Sunday
1802,B,14,2021-02-07T08:10:53-05:00[America/New_York],2021-02-07T08:11:07-05:00[America/New_York],Yes,2021-02-07,29453,Sunday
1802,<A>,75,2021-02-07T08:11:07-05:00[America/New_York],2021-02-07T08:12:22-05:00[America/New_York],Yes,2021-02-07,29467,Sunday
1802,B,14,2021-02-07T08:12:22-05:00[America/New_York],2021-02-07T08:12:36-05:00[America/New_York],Yes,2021-02-07,29542,Sunday
1802,<A>,112,2021-02-07T08:12:36-05:00[America/New_York],2021-02-07T08:14:28-05:00[America/New_York],Yes,2021-02-07,29556,Sunday
1802,B,14,2021-02-07T08:14:28-05:00[America/New_York],2021-02-07T08:14:42-05:00[America/New_York],Yes,2021-02-07,29668,Sunday
1802,<A>,27,2021-02-07T08:14:42-05:00[America/New_York],2021-02-07T08:15:09-05:00[America/New_York],Yes,2021-02-07,29682,Sunday
1802,B,14,2021-02-07T08:15:09-05:00[America/New_York],2021-02-07T08:15:23-05:00[America/New_York],Yes,2021-02-07,29709,Sunday
1802,<A>,27,2021-02-07T08:15:23-05:00[America/New_York],2021-02-07T08:15:50-05:00[America/New_York],Yes,2021-02-07,29723,Sunday
1802,B,14,2021-02-07T08:15:50-05:00[America/New_York],2021-02-07T08:16:04-05:00[America/New_York],Yes,2021-02-07,29750,Sunday
1802,<A>,29,2021-02-07T08:16:04-05:00[America/New_York],2021-02-07T08:16:33-05:00[America/New_York],Yes,2021-02-07,29764,Sunday
1802,B,14,2021-02-07T08:16:33-05:00[America/New_York],2021-02-07T08:16:47-05:00[America/New_York],Yes,2021-02-07,29793,Sunday
1802,<A>,59,2021-02-07T08:16:47-05:00[America/New_York],2021-02-07T08:17:46-05:00[America/New_York],Yes,2021-02-07,29807,Sunday
1802,B,15,2021-02-07T08:17:46-05:00[America/New_York],2021-02-07T08:18:01-05:00[America/New_York],Yes,2021-02-07,29866,Sunday
1802,<A>,27,2021-02-07T08:18:01-05:00[America/New_York],2021-02-07T08:18:28-05:00[America/New_York],Yes,2021-02-07,29881,Sunday
1802,B,15,2021-02-07T08:18:28-05:00[America/New_York],2021-02-07T08:18:43-05:00[America/New_York],Yes,2021-02-07,29908,Sunday
1802,<A>,72,2021-02-07T08:18:43-05:00[America/New_York],2021-02-07T08:19:55-05:00[America/New_York],NA,2021-02-07,29923,Sunday
1802,B,14,2021-02-07T08:19:55-05:00[America/New_York],2021-02-07T08:20:09-05:00[America/New_York],Yes,2021-02-07,29995,Sunday
1802,<A>,30,2021-02-07T08:20:09-05:00[America/New_York],2021-02-07T08:20:39-05:00[America/New_York],Yes,2021-02-07,30009,Sunday
1802,B,14,2021-02-07T08:20:39-05:00[America/New_York],2021-02-07T08:20:53-05:00[America/New_York],Yes,2021-02-07,30039,Sunday
1802,<A>,92,2021-02-07T08:20:53-05:00[America/New_York],2021-02-07T08:22:25-05:00[America/New_York],NA,2021-02-07,30053,Sunday
1802,B,15,2021-02-07T08:22:25-05:00[America/New_York],2021-02-07T08:22:40-05:00[America/New_York],Yes,2021-02-07,30145,Sunday
1802,<A>,46,2021-02-07T08:22:40-05:00[America/New_York],2021-02-07T08:23:26-05:00[America/New_York],Yes,2021-02-07,30160,Sunday
1802,B,16,2021-02-07T08:23:26-05:00[America/New_York],2021-02-07T08:23:42-05:00[America/New_York],Yes,2021-02-07,30206,Sunday
1802,<A>,37,2021-02-07T08:23:42-05:00[America/New_York],2021-02-07T08:24:19-05:00[America/New_York],Yes,2021-02-07,30222,Sunday
1802,B,16,2021-02-07T08:24:19-05:00[America/New_York],2021-02-07T08:24:35-05:00[America/New_York],Yes,2021-02-07,30259,Sunday
1802,<A>,67,2021-02-07T08:24:35-05:00[America/New_York],2021-02-07T08:25:42-05:00[America/New_York],Yes,2021-02-07,30275,Sunday
1802,B,14,2021-02-07T08:25:42-05:00[America/New_York],2021-02-07T08:25:56-05:00[America/New_York],Yes,2021-02-07,30342,Sunday
1802,<A>,26,2021-02-07T08:25:56-05:00[America/New_York],2021-02-07T08:26:22-05:00[America/New_York],Yes,2021-02-07,30356,Sunday
1802,B,15,2021-02-07T08:26:22-05:00[America/New_York],2021-02-07T08:26:37-05:00[America/New_York],Yes,2021-02-07,30382,Sunday
1802,<A>,86,2021-02-07T08:26:37-05:00[America/New_York],2021-02-07T08:28:03-05:00[America/New_York],NA,2021-02-07,30397,Sunday
1802,B,14,2021-02-07T08:28:03-05:00[America/New_York],2021-02-07T08:28:17-05:00[America/New_York],Yes,2021-02-07,30483,Sunday
1802,<A>,35,2021-02-07T08:28:17-05:00[America/New_York],2021-02-07T08:28:52-05:00[America/New_York],Yes,2021-02-07,30497,Sunday
1802,B,16,2021-02-07T08:28:52-05:00[America/New_York],2021-02-07T08:29:08-05:00[America/New_York],Yes,2021-02-07,30532,Sunday
1802,<A>,30,2021-02-07T08:29:08-05:00[America/New_York],2021-02-07T08:29:38-05:00[America/New_York],Yes,2021-02-07,30548,Sunday
1802,B,14,2021-02-07T08:29:38-05:00[America/New_York],2021-02-07T08:29:52-05:00[America/New_York],Yes,2021-02-07,30578,Sunday
1802,<A>,371,2021-02-07T08:29:52-05:00[America/New_York],2021-02-07T08:36:03-05:00[America/New_York],NA,2021-02-07,30592,Sunday
1802,B,14,2021-02-07T08:36:03-05:00[America/New_York],2021-02-07T08:36:17-05:00[America/New_York],Yes,2021-02-07,30963,Sunday
1802,<A>,42,2021-02-07T08:36:17-05:00[America/New_York],2021-02-07T08:36:59-05:00[America/New_York],Yes,2021-02-07,30977,Sunday
1802,B,14,2021-02-07T08:36:59-05:00[America/New_York],2021-02-07T08:37:13-05:00[America/New_York],Yes,2021-02-07,31019,Sunday
1802,<A>,31,2021-02-07T08:37:13-05:00[America/New_York],2021-02-07T08:37:44-05:00[America/New_York],Yes,2021-02-07,31033,Sunday
1802,B,15,2021-02-07T08:37:44-05:00[America/New_York],2021-02-07T08:37:59-05:00[America/New_York],Yes,2021-02-07,31064,Sunday
1802,<A>,27,2021-02-07T08:37:59-05:00[America/New_York],2021-02-07T08:38:26-05:00[America/New_York],Yes,2021-02-07,31079,Sunday
1802,B,16,2021-02-07T08:38:26-05:00[America/New_York],2021-02-07T08:38:42-05:00[America/New_York],Yes,2021-02-07,31106,Sunday
1802,<A>,32,2021-02-07T08:38:42-05:00[America/New_York],2021-02-07T08:39:14-05:00[America/New_York],Yes,2021-02-07,31122,Sunday
1802,B,16,2021-02-07T08:39:14-05:00[America/New_York],2021-02-07T08:39:30-05:00[America/New_York],Yes,2021-02-07,31154,Sunday
1802,<A>,57,2021-02-07T08:39:30-05:00[America/New_York],2021-02-07T08:40:27-05:00[America/New_York],Yes,2021-02-07,31170,Sunday
1802,B,14,2021-02-07T08:40:27-05:00[America/New_York],2021-02-07T08:40:41-05:00[America/New_York],Yes,2021-02-07,31227,Sunday
1802,<A>,30,2021-02-07T08:40:41-05:00[America/New_York],2021-02-07T08:41:11-05:00[America/New_York],Yes,2021-02-07,31241,Sunday
1802,B,14,2021-02-07T08:41:11-05:00[America/New_York],2021-02-07T08:41:25-05:00[America/New_York],Yes,2021-02-07,31271,Sunday
1802,<A>,54,2021-02-07T08:41:25-05:00[America/New_York],2021-02-07T08:42:19-05:00[America/New_York],Yes,2021-02-07,31285,Sunday
1802,B,14,2021-02-07T08:42:19-05:00[America/New_York],2021-02-07T08:42:33-05:00[America/New_York],Yes,2021-02-07,31339,Sunday
1802,<A>,34,2021-02-07T08:42:33-05:00[America/New_York],2021-02-07T08:43:07-05:00[America/New_York],Yes,2021-02-07,31353,Sunday
1802,B,23,2021-02-07T08:43:07-05:00[America/New_York],2021-02-07T08:43:30-05:00[America/New_York],NA,2021-02-07,31387,Sunday
1802,<A>,47,2021-02-07T08:43:30-05:00[America/New_York],2021-02-07T08:44:17-05:00[America/New_York],Yes,2021-02-07,31410,Sunday
1802,B,15,2021-02-07T08:44:17-05:00[America/New_York],2021-02-07T08:44:32-05:00[America/New_York],Yes,2021-02-07,31457,Sunday
1802,<A>,26,2021-02-07T08:44:32-05:00[America/New_York],2021-02-07T08:44:58-05:00[America/New_York],Yes,2021-02-07,31472,Sunday
1802,B,16,2021-02-07T08:44:58-05:00[America/New_York],2021-02-07T08:45:14-05:00[America/New_York],Yes,2021-02-07,31498,Sunday
1802,<A>,43,2021-02-07T08:45:14-05:00[America/New_York],2021-02-07T08:45:57-05:00[America/New_York],Yes,2021-02-07,31514,Sunday
1802,B,17,2021-02-07T08:45:57-05:00[America/New_York],2021-02-07T08:46:14-05:00[America/New_York],Yes,2021-02-07,31557,Sunday
1802,<A>,28,2021-02-07T08:46:14-05:00[America/New_York],2021-02-07T08:46:42-05:00[America/New_York],Yes,2021-02-07,31574,Sunday
1802,B,14,2021-02-07T08:46:42-05:00[America/New_York],2021-02-07T08:46:56-05:00[America/New_York],Yes,2021-02-07,31602,Sunday
1802,<A>,44,2021-02-07T08:46:56-05:00[America/New_York],2021-02-07T08:47:40-05:00[America/New_York],Yes,2021-02-07,31616,Sunday
1802,B,14,2021-02-07T08:47:40-05:00[America/New_York],2021-02-07T08:47:54-05:00[America/New_York],Yes,2021-02-07,31660,Sunday
1802,<A>,154,2021-02-07T08:47:54-05:00[America/New_York],2021-02-07T08:50:28-05:00[America/New_York],Yes,2021-02-07,31674,Sunday
1802,B,17,2021-02-07T08:50:28-05:00[America/New_York],2021-02-07T08:50:45-05:00[America/New_York],Yes,2021-02-07,31828,Sunday
1802,<A>,30,2021-02-07T08:50:45-05:00[America/New_York],2021-02-07T08:51:15-05:00[America/New_York],Yes,2021-02-07,31845,Sunday
1802,B,15,2021-02-07T08:51:15-05:00[America/New_York],2021-02-07T08:51:30-05:00[America/New_York],Yes,2021-02-07,31875,Sunday
1802,<A>,160,2021-02-07T08:51:30-05:00[America/New_York],2021-02-07T08:54:10-05:00[America/New_York],Yes,2021-02-07,31890,Sunday
1802,B,14,2021-02-07T08:54:10-05:00[America/New_York],2021-02-07T08:54:24-05:00[America/New_York],Yes,2021-02-07,32050,Sunday
1802,<A>,36,2021-02-07T08:54:24-05:00[America/New_York],2021-02-07T08:55:00-05:00[America/New_York],Yes,2021-02-07,32064,Sunday
1802,B,17,2021-02-07T08:55:00-05:00[America/New_York],2021-02-07T08:55:17-05:00[America/New_York],Yes,2021-02-07,32100,Sunday
1802,<A>,52,2021-02-07T08:55:17-05:00[America/New_York],2021-02-07T08:56:09-05:00[America/New_York],Yes,2021-02-07,32117,Sunday
1802,B,16,2021-02-07T08:56:09-05:00[America/New_York],2021-02-07T08:56:25-05:00[America/New_York],Yes,2021-02-07,32169,Sunday
1802,<A>,57,2021-02-07T08:56:25-05:00[America/New_York],2021-02-07T08:57:22-05:00[America/New_York],Yes,2021-02-07,32185,Sunday
1802,B,15,2021-02-07T08:57:22-05:00[America/New_York],2021-02-07T08:57:37-05:00[America/New_York],Yes,2021-02-07,32242,Sunday
1802,<A>,59,2021-02-07T08:57:37-05:00[America/New_York],2021-02-07T08:58:36-05:00[America/New_York],Yes,2021-02-07,32257,Sunday
1802,B,19,2021-02-07T08:58:36-05:00[America/New_York],2021-02-07T08:58:55-05:00[America/New_York],Yes,2021-02-07,32316,Sunday
1802,<A>,27,2021-02-07T08:58:55-05:00[America/New_York],2021-02-07T08:59:22-05:00[America/New_York],Yes,2021-02-07,32335,Sunday
1802,B,18,2021-02-07T08:59:22-05:00[America/New_York],2021-02-07T08:59:40-05:00[America/New_York],Yes,2021-02-07,32362,Sunday
1802,<A>,168,2021-02-07T08:59:40-05:00[America/New_York],2021-02-07T09:02:28-05:00[America/New_York],NA,2021-02-07,32380,Sunday
1802,B,14,2021-02-07T09:02:28-05:00[America/New_York],2021-02-07T09:02:42-05:00[America/New_York],Yes,2021-02-07,32548,Sunday
1802,<A>,28,2021-02-07T09:02:42-05:00[America/New_York],2021-02-07T09:03:10-05:00[America/New_York],Yes,2021-02-07,32562,Sunday
1802,B,14,2021-02-07T09:03:10-05:00[America/New_York],2021-02-07T09:03:24-05:00[America/New_York],Yes,2021-02-07,32590,Sunday
1802,<A>,40,2021-02-07T09:03:24-05:00[America/New_York],2021-02-07T09:04:04-05:00[America/New_York],Yes,2021-02-07,32604,Sunday
1802,B,18,2021-02-07T09:04:04-05:00[America/New_York],2021-02-07T09:04:22-05:00[America/New_York],Yes,2021-02-07,32644,Sunday
1802,<A>,27,2021-02-07T09:04:22-05:00[America/New_York],2021-02-07T09:04:49-05:00[America/New_York],Yes,2021-02-07,32662,Sunday
1802,B,14,2021-02-07T09:04:49-05:00[America/New_York],2021-02-07T09:05:03-05:00[America/New_York],Yes,2021-02-07,32689,Sunday
1802,<A>,35,2021-02-07T09:05:03-05:00[America/New_York],2021-02-07T09:05:38-05:00[America/New_York],Yes,2021-02-07,32703,Sunday
1802,B,19,2021-02-07T09:05:38-05:00[America/New_York],2021-02-07T09:05:57-05:00[America/New_York],Yes,2021-02-07,32738,Sunday
1802,<A>,64,2021-02-07T09:05:57-05:00[America/New_York],2021-02-07T09:07:01-05:00[America/New_York],Yes,2021-02-07,32757,Sunday
1802,B,14,2021-02-07T09:07:01-05:00[America/New_York],2021-02-07T09:07:15-05:00[America/New_York],Yes,2021-02-07,32821,Sunday
1802,<A>,36,2021-02-07T09:07:15-05:00[America/New_York],2021-02-07T09:07:51-05:00[America/New_York],Yes,2021-02-07,32835,Sunday
1802,B,14,2021-02-07T09:07:51-05:00[America/New_York],2021-02-07T09:08:05-05:00[America/New_York],Yes,2021-02-07,32871,Sunday
1802,<A>,124,2021-02-07T09:08:05-05:00[America/New_York],2021-02-07T09:10:09-05:00[America/New_York],Yes,2021-02-07,32885,Sunday
1802,B,14,2021-02-07T09:10:09-05:00[America/New_York],2021-02-07T09:10:23-05:00[America/New_York],Yes,2021-02-07,33009,Sunday
1802,<A>,62,2021-02-07T09:10:23-05:00[America/New_York],2021-02-07T09:11:25-05:00[America/New_York],Yes,2021-02-07,33023,Sunday
1802,B,14,2021-02-07T09:11:25-05:00[America/New_York],2021-02-07T09:11:39-05:00[America/New_York],Yes,2021-02-07,33085,Sunday
1802,<A>,33,2021-02-07T09:11:39-05:00[America/New_York],2021-02-07T09:12:12-05:00[America/New_York],Yes,2021-02-07,33099,Sunday
1802,B,22,2021-02-07T09:12:12-05:00[America/New_York],2021-02-07T09:12:34-05:00[America/New_York],NA,2021-02-07,33132,Sunday
1802,<A>,61,2021-02-07T09:12:34-05:00[America/New_York],2021-02-07T09:13:35-05:00[America/New_York],Yes,2021-02-07,33154,Sunday
1802,B,14,2021-02-07T09:13:35-05:00[America/New_York],2021-02-07T09:13:49-05:00[America/New_York],Yes,2021-02-07,33215,Sunday
1802,<A>,164,2021-02-07T09:13:49-05:00[America/New_York],2021-02-07T09:16:33-05:00[America/New_York],Yes,2021-02-07,33229,Sunday
1802,B,14,2021-02-07T09:16:33-05:00[America/New_York],2021-02-07T09:16:47-05:00[America/New_York],Yes,2021-02-07,33393,Sunday
1802,<A>,27,2021-02-07T09:16:47-05:00[America/New_York],2021-02-07T09:17:14-05:00[America/New_York],Yes,2021-02-07,33407,Sunday
1802,B,19,2021-02-07T09:17:14-05:00[America/New_York],2021-02-07T09:17:33-05:00[America/New_York],Yes,2021-02-07,33434,Sunday
1802,<A>,54,2021-02-07T09:17:33-05:00[America/New_York],2021-02-07T09:18:27-05:00[America/New_York],Yes,2021-02-07,33453,Sunday
1802,B,21,2021-02-07T09:18:27-05:00[America/New_York],2021-02-07T09:18:48-05:00[America/New_York],Yes,2021-02-07,33507,Sunday
1802,<A>,40,2021-02-07T09:18:48-05:00[America/New_York],2021-02-07T09:19:28-05:00[America/New_York],Yes,2021-02-07,33528,Sunday
1802,B,14,2021-02-07T09:19:28-05:00[America/New_York],2021-02-07T09:19:42-05:00[America/New_York],Yes,2021-02-07,33568,Sunday
1802,<A>,49,2021-02-07T09:19:42-05:00[America/New_York],2021-02-07T09:20:31-05:00[America/New_York],Yes,2021-02-07,33582,Sunday
1802,B,19,2021-02-07T09:20:31-05:00[America/New_York],2021-02-07T09:20:50-05:00[America/New_York],Yes,2021-02-07,33631,Sunday
1802,<A>,97,2021-02-07T09:20:50-05:00[America/New_York],2021-02-07T09:22:27-05:00[America/New_York],NA,2021-02-07,33650,Sunday
1802,B,14,2021-02-07T09:22:27-05:00[America/New_York],2021-02-07T09:22:41-05:00[America/New_York],Yes,2021-02-07,33747,Sunday
1802,<A>,212,2021-02-07T09:22:41-05:00[America/New_York],2021-02-07T09:26:13-05:00[America/New_York],Yes,2021-02-07,33761,Sunday
1802,B,14,2021-02-07T09:26:13-05:00[America/New_York],2021-02-07T09:26:27-05:00[America/New_York],Yes,2021-02-07,33973,Sunday
1802,<A>,37,2021-02-07T09:26:27-05:00[America/New_York],2021-02-07T09:27:04-05:00[America/New_York],Yes,2021-02-07,33987,Sunday
1802,B,17,2021-02-07T09:27:04-05:00[America/New_York],2021-02-07T09:27:21-05:00[America/New_York],Yes,2021-02-07,34024,Sunday
1802,<A>,29,2021-02-07T09:27:21-05:00[America/New_York],2021-02-07T09:27:50-05:00[America/New_York],Yes,2021-02-07,34041,Sunday
1802,B,14,2021-02-07T09:27:50-05:00[America/New_York],2021-02-07T09:28:04-05:00[America/New_York],Yes,2021-02-07,34070,Sunday
1802,<A>,35,2021-02-07T09:28:04-05:00[America/New_York],2021-02-07T09:28:39-05:00[America/New_York],Yes,2021-02-07,34084,Sunday
1802,B,14,2021-02-07T09:28:39-05:00[America/New_York],2021-02-07T09:28:53-05:00[America/New_York],Yes,2021-02-07,34119,Sunday
1802,<A>,63,2021-02-07T09:28:53-05:00[America/New_York],2021-02-07T09:29:56-05:00[America/New_York],Yes,2021-02-07,34133,Sunday
1802,B,23,2021-02-07T09:29:56-05:00[America/New_York],2021-02-07T09:30:19-05:00[America/New_York],NA,2021-02-07,34196,Sunday
1802,<A>,29,2021-02-07T09:30:19-05:00[America/New_York],2021-02-07T09:30:48-05:00[America/New_York],Yes,2021-02-07,34219,Sunday
1802,B,14,2021-02-07T09:30:48-05:00[America/New_York],2021-02-07T09:31:02-05:00[America/New_York],Yes,2021-02-07,34248,Sunday
1802,<A>,93,2021-02-07T09:31:02-05:00[America/New_York],2021-02-07T09:32:35-05:00[America/New_York],NA,2021-02-07,34262,Sunday
1802,B,22,2021-02-07T09:32:35-05:00[America/New_York],2021-02-07T09:32:57-05:00[America/New_York],NA,2021-02-07,34355,Sunday
1802,<A>,27,2021-02-07T09:32:57-05:00[America/New_York],2021-02-07T09:33:24-05:00[America/New_York],Yes,2021-02-07,34377,Sunday
1802,B,15,2021-02-07T09:33:24-05:00[America/New_York],2021-02-07T09:33:39-05:00[America/New_York],Yes,2021-02-07,34404,Sunday
1802,<A>,55,2021-02-07T09:33:39-05:00[America/New_York],2021-02-07T09:34:34-05:00[America/New_York],Yes,2021-02-07,34419,Sunday
1802,B,14,2021-02-07T09:34:34-05:00[America/New_York],2021-02-07T09:34:48-05:00[America/New_York],Yes,2021-02-07,34474,Sunday
1802,<A>,74,2021-02-07T09:34:48-05:00[America/New_York],2021-02-07T09:36:02-05:00[America/New_York],NA,2021-02-07,34488,Sunday
1802,B,16,2021-02-07T09:36:02-05:00[America/New_York],2021-02-07T09:36:18-05:00[America/New_York],Yes,2021-02-07,34562,Sunday
1802,<A>,52,2021-02-07T09:36:18-05:00[America/New_York],2021-02-07T09:37:10-05:00[America/New_York],Yes,2021-02-07,34578,Sunday
1802,B,14,2021-02-07T09:37:10-05:00[America/New_York],2021-02-07T09:37:24-05:00[America/New_York],Yes,2021-02-07,34630,Sunday
1802,<A>,29,2021-02-07T09:37:24-05:00[America/New_York],2021-02-07T09:37:53-05:00[America/New_York],Yes,2021-02-07,34644,Sunday
1802,B,15,2021-02-07T09:37:53-05:00[America/New_York],2021-02-07T09:38:08-05:00[America/New_York],Yes,2021-02-07,34673,Sunday
1802,<A>,62,2021-02-07T09:38:08-05:00[America/New_York],2021-02-07T09:39:10-05:00[America/New_York],Yes,2021-02-07,34688,Sunday
1802,B,18,2021-02-07T09:39:10-05:00[America/New_York],2021-02-07T09:39:28-05:00[America/New_York],Yes,2021-02-07,34750,Sunday
1802,<A>,26,2021-02-07T09:39:28-05:00[America/New_York],2021-02-07T09:39:54-05:00[America/New_York],Yes,2021-02-07,34768,Sunday
1802,B,14,2021-02-07T09:39:54-05:00[America/New_York],2021-02-07T09:40:08-05:00[America/New_York],Yes,2021-02-07,34794,Sunday
1802,<A>,60,2021-02-07T09:40:08-05:00[America/New_York],2021-02-07T09:41:08-05:00[America/New_York],Yes,2021-02-07,34808,Sunday
1802,B,16,2021-02-07T09:41:08-05:00[America/New_York],2021-02-07T09:41:24-05:00[America/New_York],Yes,2021-02-07,34868,Sunday
1802,<A>,50,2021-02-07T09:41:24-05:00[America/New_York],2021-02-07T09:42:14-05:00[America/New_York],Yes,2021-02-07,34884,Sunday
1802,B,15,2021-02-07T09:42:14-05:00[America/New_York],2021-02-07T09:42:29-05:00[America/New_York],Yes,2021-02-07,34934,Sunday
1802,<A>,31,2021-02-07T09:42:29-05:00[America/New_York],2021-02-07T09:43:00-05:00[America/New_York],Yes,2021-02-07,34949,Sunday
1802,B,14,2021-02-07T09:43:00-05:00[America/New_York],2021-02-07T09:43:14-05:00[America/New_York],Yes,2021-02-07,34980,Sunday
1802,<A>,44,2021-02-07T09:43:14-05:00[America/New_York],2021-02-07T09:43:58-05:00[America/New_York],Yes,2021-02-07,34994,Sunday
1802,B,14,2021-02-07T09:43:58-05:00[America/New_York],2021-02-07T09:44:12-05:00[America/New_York],Yes,2021-02-07,35038,Sunday
1802,<A>,38,2021-02-07T09:44:12-05:00[America/New_York],2021-02-07T09:44:50-05:00[America/New_York],Yes,2021-02-07,35052,Sunday
1802,B,18,2021-02-07T09:44:50-05:00[America/New_York],2021-02-07T09:45:08-05:00[America/New_York],Yes,2021-02-07,35090,Sunday
1802,<A>,37,2021-02-07T09:45:08-05:00[America/New_York],2021-02-07T09:45:45-05:00[America/New_York],Yes,2021-02-07,35108,Sunday
1802,B,14,2021-02-07T09:45:45-05:00[America/New_York],2021-02-07T09:45:59-05:00[America/New_York],Yes,2021-02-07,35145,Sunday
1802,<A>,47,2021-02-07T09:45:59-05:00[America/New_York],2021-02-07T09:46:46-05:00[America/New_York],Yes,2021-02-07,35159,Sunday
1802,B,14,2021-02-07T09:46:46-05:00[America/New_York],2021-02-07T09:47:00-05:00[America/New_York],Yes,2021-02-07,35206,Sunday
1802,<A>,29,2021-02-07T09:47:00-05:00[America/New_York],2021-02-07T09:47:29-05:00[America/New_York],Yes,2021-02-07,35220,Sunday
1802,B,17,2021-02-07T09:47:29-05:00[America/New_York],2021-02-07T09:47:46-05:00[America/New_York],Yes,2021-02-07,35249,Sunday
1802,<A>,34,2021-02-07T09:47:46-05:00[America/New_York],2021-02-07T09:48:20-05:00[America/New_York],Yes,2021-02-07,35266,Sunday
1802,B,19,2021-02-07T09:48:20-05:00[America/New_York],2021-02-07T09:48:39-05:00[America/New_York],Yes,2021-02-07,35300,Sunday
1802,<A>,45,2021-02-07T09:48:39-05:00[America/New_York],2021-02-07T09:49:24-05:00[America/New_York],Yes,2021-02-07,35319,Sunday
1802,B,16,2021-02-07T09:49:24-05:00[America/New_York],2021-02-07T09:49:40-05:00[America/New_York],Yes,2021-02-07,35364,Sunday
1802,<A>,223,2021-02-07T09:49:40-05:00[America/New_York],2021-02-07T09:53:23-05:00[America/New_York],Yes,2021-02-07,35380,Sunday
1802,B,15,2021-02-07T09:53:23-05:00[America/New_York],2021-02-07T09:53:38-05:00[America/New_York],Yes,2021-02-07,35603,Sunday
1802,<A>,36,2021-02-07T09:53:38-05:00[America/New_York],2021-02-07T09:54:14-05:00[America/New_York],Yes,2021-02-07,35618,Sunday
1802,B,40,2021-02-07T09:54:14-05:00[America/New_York],2021-02-07T09:54:54-05:00[America/New_York],NA,2021-02-07,35654,Sunday
1802,<A>,52,2021-02-07T09:54:54-05:00[America/New_York],2021-02-07T09:55:46-05:00[America/New_York],Yes,2021-02-07,35694,Sunday
1802,B,14,2021-02-07T09:55:46-05:00[America/New_York],2021-02-07T09:56:00-05:00[America/New_York],Yes,2021-02-07,35746,Sunday
1802,<A>,32,2021-02-07T09:56:00-05:00[America/New_York],2021-02-07T09:56:32-05:00[America/New_York],Yes,2021-02-07,35760,Sunday
1802,B,14,2021-02-07T09:56:32-05:00[America/New_York],2021-02-07T09:56:46-05:00[America/New_York],Yes,2021-02-07,35792,Sunday
1802,<A>,94,2021-02-07T09:56:46-05:00[America/New_York],2021-02-07T09:58:20-05:00[America/New_York],NA,2021-02-07,35806,Sunday
1802,B,14,2021-02-07T09:58:20-05:00[America/New_York],2021-02-07T09:58:34-05:00[America/New_York],Yes,2021-02-07,35900,Sunday
1802,<A>,39,2021-02-07T09:58:34-05:00[America/New_York],2021-02-07T09:59:13-05:00[America/New_York],Yes,2021-02-07,35914,Sunday
1802,B,14,2021-02-07T09:59:13-05:00[America/New_York],2021-02-07T09:59:27-05:00[America/New_York],Yes,2021-02-07,35953,Sunday
1802,<A>,30,2021-02-07T09:59:27-05:00[America/New_York],2021-02-07T09:59:57-05:00[America/New_York],Yes,2021-02-07,35967,Sunday
1802,B,16,2021-02-07T09:59:57-05:00[America/New_York],2021-02-07T10:00:13-05:00[America/New_York],Yes,2021-02-07,35997,Sunday
1802,<A>,31,2021-02-07T10:00:13-05:00[America/New_York],2021-02-07T10:00:44-05:00[America/New_York],Yes,2021-02-07,36013,Sunday
1802,B,15,2021-02-07T10:00:44-05:00[America/New_York],2021-02-07T10:00:59-05:00[America/New_York],Yes,2021-02-07,36044,Sunday
1802,<A>,68,2021-02-07T10:00:59-05:00[America/New_York],2021-02-07T10:02:07-05:00[America/New_York],Yes,2021-02-07,36059,Sunday
1802,B,20,2021-02-07T10:02:07-05:00[America/New_York],2021-02-07T10:02:27-05:00[America/New_York],Yes,2021-02-07,36127,Sunday
1802,<A>,72,2021-02-07T10:02:27-05:00[America/New_York],2021-02-07T10:03:39-05:00[America/New_York],Yes,2021-02-07,36147,Sunday
1802,B,18,2021-02-07T10:03:39-05:00[America/New_York],2021-02-07T10:03:57-05:00[America/New_York],Yes,2021-02-07,36219,Sunday
1802,<A>,27,2021-02-07T10:03:57-05:00[America/New_York],2021-02-07T10:04:24-05:00[America/New_York],Yes,2021-02-07,36237,Sunday
1802,B,18,2021-02-07T10:04:24-05:00[America/New_York],2021-02-07T10:04:42-05:00[America/New_York],Yes,2021-02-07,36264,Sunday
1802,<A>,179,2021-02-07T10:04:42-05:00[America/New_York],2021-02-07T10:07:41-05:00[America/New_York],NA,2021-02-07,36282,Sunday
1802,B,17,2021-02-07T10:07:41-05:00[America/New_York],2021-02-07T10:07:58-05:00[America/New_York],Yes,2021-02-07,36461,Sunday
1802,<A>,39,2021-02-07T10:07:58-05:00[America/New_York],2021-02-07T10:08:37-05:00[America/New_York],Yes,2021-02-07,36478,Sunday
1802,B,14,2021-02-07T10:08:37-05:00[America/New_York],2021-02-07T10:08:51-05:00[America/New_York],Yes,2021-02-07,36517,Sunday
1802,<A>,31,2021-02-07T10:08:51-05:00[America/New_York],2021-02-07T10:09:22-05:00[America/New_York],Yes,2021-02-07,36531,Sunday
1802,B,14,2021-02-07T10:09:22-05:00[America/New_York],2021-02-07T10:09:36-05:00[America/New_York],Yes,2021-02-07,36562,Sunday
1802,<A>,37,2021-02-07T10:09:36-05:00[America/New_York],2021-02-07T10:10:13-05:00[America/New_York],Yes,2021-02-07,36576,Sunday
1802,B,18,2021-02-07T10:10:13-05:00[America/New_York],2021-02-07T10:10:31-05:00[America/New_York],Yes,2021-02-07,36613,Sunday
1802,<A>,205,2021-02-07T10:10:31-05:00[America/New_York],2021-02-07T10:13:56-05:00[America/New_York],NA,2021-02-07,36631,Sunday
1802,B,22,2021-02-07T10:13:56-05:00[America/New_York],2021-02-07T10:14:18-05:00[America/New_York],Yes,2021-02-07,36836,Sunday
1802,<A>,82,2021-02-07T10:14:18-05:00[America/New_York],2021-02-07T10:15:40-05:00[America/New_York],NA,2021-02-07,36858,Sunday
1802,B,14,2021-02-07T10:15:40-05:00[America/New_York],2021-02-07T10:15:54-05:00[America/New_York],Yes,2021-02-07,36940,Sunday
1802,<A>,95,2021-02-07T10:15:54-05:00[America/New_York],2021-02-07T10:17:29-05:00[America/New_York],NA,2021-02-07,36954,Sunday
1802,B,18,2021-02-07T10:17:29-05:00[America/New_York],2021-02-07T10:17:47-05:00[America/New_York],Yes,2021-02-07,37049,Sunday
1802,<A>,161,2021-02-07T10:17:47-05:00[America/New_York],2021-02-07T10:20:28-05:00[America/New_York],Yes,2021-02-07,37067,Sunday
1802,B,14,2021-02-07T10:20:28-05:00[America/New_York],2021-02-07T10:20:42-05:00[America/New_York],Yes,2021-02-07,37228,Sunday
1802,<A>,116,2021-02-07T10:20:42-05:00[America/New_York],2021-02-07T10:22:38-05:00[America/New_York],Yes,2021-02-07,37242,Sunday
1802,B,20,2021-02-07T10:22:38-05:00[America/New_York],2021-02-07T10:22:58-05:00[America/New_York],Yes,2021-02-07,37358,Sunday
1802,<A>,27,2021-02-07T10:22:58-05:00[America/New_York],2021-02-07T10:23:25-05:00[America/New_York],Yes,2021-02-07,37378,Sunday
1802,B,15,2021-02-07T10:23:25-05:00[America/New_York],2021-02-07T10:23:40-05:00[America/New_York],NA,2021-02-07,37405,Sunday
1802,<A>,26,2021-02-07T10:23:40-05:00[America/New_York],2021-02-07T10:24:06-05:00[America/New_York],Yes,2021-02-07,37420,Sunday
1802,B,15,2021-02-07T10:24:06-05:00[America/New_York],2021-02-07T10:24:21-05:00[America/New_York],NA,2021-02-07,37446,Sunday
1802,<A>,36,2021-02-07T10:24:21-05:00[America/New_York],2021-02-07T10:24:57-05:00[America/New_York],Yes,2021-02-07,37461,Sunday
1802,B,15,2021-02-07T10:24:57-05:00[America/New_York],2021-02-07T10:25:12-05:00[America/New_York],Yes,2021-02-07,37497,Sunday
1802,<A>,76,2021-02-07T10:25:12-05:00[America/New_York],2021-02-07T10:26:28-05:00[America/New_York],NA,2021-02-07,37512,Sunday
1802,B,17,2021-02-07T10:26:28-05:00[America/New_York],2021-02-07T10:26:45-05:00[America/New_York],Yes,2021-02-07,37588,Sunday
1802,<A>,28,2021-02-07T10:26:45-05:00[America/New_York],2021-02-07T10:27:13-05:00[America/New_York],Yes,2021-02-07,37605,Sunday
1802,B,24,2021-02-07T10:27:13-05:00[America/New_York],2021-02-07T10:27:37-05:00[America/New_York],Yes,2021-02-07,37633,Sunday
1802,<A>,31,2021-02-07T10:27:37-05:00[America/New_York],2021-02-07T10:28:08-05:00[America/New_York],Yes,2021-02-07,37657,Sunday
1802,B,16,2021-02-07T10:28:08-05:00[America/New_York],2021-02-07T10:28:24-05:00[America/New_York],Yes,2021-02-07,37688,Sunday
1802,<A>,80,2021-02-07T10:28:24-05:00[America/New_York],2021-02-07T10:29:44-05:00[America/New_York],NA,2021-02-07,37704,Sunday
1802,B,14,2021-02-07T10:29:44-05:00[America/New_York],2021-02-07T10:29:58-05:00[America/New_York],Yes,2021-02-07,37784,Sunday
1802,<A>,85,2021-02-07T10:29:58-05:00[America/New_York],2021-02-07T10:31:23-05:00[America/New_York],NA,2021-02-07,37798,Sunday
1802,B,15,2021-02-07T10:31:23-05:00[America/New_York],2021-02-07T10:31:38-05:00[America/New_York],Yes,2021-02-07,37883,Sunday
1802,<A>,186,2021-02-07T10:31:38-05:00[America/New_York],2021-02-07T10:34:44-05:00[America/New_York],NA,2021-02-07,37898,Sunday
1802,B,14,2021-02-07T10:34:44-05:00[America/New_York],2021-02-07T10:34:58-05:00[America/New_York],Yes,2021-02-07,38084,Sunday
1802,<A>,86,2021-02-07T10:34:58-05:00[America/New_York],2021-02-07T10:36:24-05:00[America/New_York],NA,2021-02-07,38098,Sunday
1802,B,14,2021-02-07T10:36:24-05:00[America/New_York],2021-02-07T10:36:38-05:00[America/New_York],Yes,2021-02-07,38184,Sunday
1802,<A>,58,2021-02-07T10:36:38-05:00[America/New_York],2021-02-07T10:37:36-05:00[America/New_York],NA,2021-02-07,38198,Sunday
1802,B,21,2021-02-07T10:37:36-05:00[America/New_York],2021-02-07T10:37:57-05:00[America/New_York],Yes,2021-02-07,38256,Sunday
1802,<A>,87,2021-02-07T10:37:57-05:00[America/New_York],2021-02-07T10:39:24-05:00[America/New_York],NA,2021-02-07,38277,Sunday
1802,B,26,2021-02-07T10:39:24-05:00[America/New_York],2021-02-07T10:39:50-05:00[America/New_York],Yes,2021-02-07,38364,Sunday
1802,<A>,90,2021-02-07T10:39:50-05:00[America/New_York],2021-02-07T10:41:20-05:00[America/New_York],NA,2021-02-07,38390,Sunday
1802,B,14,2021-02-07T10:41:20-05:00[America/New_York],2021-02-07T10:41:34-05:00[America/New_York],Yes,2021-02-07,38480,Sunday
1802,<A>,353,2021-02-07T10:41:34-05:00[America/New_York],2021-02-07T10:47:27-05:00[America/New_York],NA,2021-02-07,38494,Sunday
1802,B,22,2021-02-07T10:47:27-05:00[America/New_York],2021-02-07T10:47:49-05:00[America/New_York],Yes,2021-02-07,38847,Sunday
1802,<A>,98,2021-02-07T10:47:49-05:00[America/New_York],2021-02-07T10:49:27-05:00[America/New_York],NA,2021-02-07,38869,Sunday
1802,B,18,2021-02-07T10:49:27-05:00[America/New_York],2021-02-07T10:49:45-05:00[America/New_York],Yes,2021-02-07,38967,Sunday
1802,<A>,104,2021-02-07T10:49:45-05:00[America/New_York],2021-02-07T10:51:29-05:00[America/New_York],NA,2021-02-07,38985,Sunday
1802,B,18,2021-02-07T10:51:29-05:00[America/New_York],2021-02-07T10:51:47-05:00[America/New_York],Yes,2021-02-07,39089,Sunday
1802,<A>,97,2021-02-07T10:51:47-05:00[America/New_York],2021-02-07T10:53:24-05:00[America/New_York],NA,2021-02-07,39107,Sunday
1802,B,19,2021-02-07T10:53:24-05:00[America/New_York],2021-02-07T10:53:43-05:00[America/New_York],Yes,2021-02-07,39204,Sunday
1802,<A>,98,2021-02-07T10:53:43-05:00[America/New_York],2021-02-07T10:55:21-05:00[America/New_York],NA,2021-02-07,39223,Sunday
1802,B,17,2021-02-07T10:55:21-05:00[America/New_York],2021-02-07T10:55:38-05:00[America/New_York],Yes,2021-02-07,39321,Sunday
1802,<A>,97,2021-02-07T10:55:38-05:00[America/New_York],2021-02-07T10:57:15-05:00[America/New_York],NA,2021-02-07,39338,Sunday
1802,B,19,2021-02-07T10:57:15-05:00[America/New_York],2021-02-07T10:57:34-05:00[America/New_York],Yes,2021-02-07,39435,Sunday
1802,<A>,98,2021-02-07T10:57:34-05:00[America/New_York],2021-02-07T10:59:12-05:00[America/New_York],NA,2021-02-07,39454,Sunday
1802,B,16,2021-02-07T10:59:12-05:00[America/New_York],2021-02-07T10:59:28-05:00[America/New_York],Yes,2021-02-07,39552,Sunday
1802,<A>,105,2021-02-07T10:59:28-05:00[America/New_York],2021-02-07T11:01:13-05:00[America/New_York],NA,2021-02-07,39568,Sunday
1802,B,22,2021-02-07T11:01:13-05:00[America/New_York],2021-02-07T11:01:35-05:00[America/New_York],Yes,2021-02-07,39673,Sunday
1802,<A>,96,2021-02-07T11:01:35-05:00[America/New_York],2021-02-07T11:03:11-05:00[America/New_York],NA,2021-02-07,39695,Sunday
1802,B,28,2021-02-07T11:03:11-05:00[America/New_York],2021-02-07T11:03:39-05:00[America/New_York],Yes,2021-02-07,39791,Sunday
1802,<A>,92,2021-02-07T11:03:39-05:00[America/New_York],2021-02-07T11:05:11-05:00[America/New_York],NA,2021-02-07,39819,Sunday
1802,B,20,2021-02-07T11:05:11-05:00[America/New_York],2021-02-07T11:05:31-05:00[America/New_York],Yes,2021-02-07,39911,Sunday
1802,<A>,102,2021-02-07T11:05:31-05:00[America/New_York],2021-02-07T11:07:13-05:00[America/New_York],NA,2021-02-07,39931,Sunday
1802,B,19,2021-02-07T11:07:13-05:00[America/New_York],2021-02-07T11:07:32-05:00[America/New_York],Yes,2021-02-07,40033,Sunday
1802,<A>,95,2021-02-07T11:07:32-05:00[America/New_York],2021-02-07T11:09:07-05:00[America/New_York],NA,2021-02-07,40052,Sunday
1802,B,22,2021-02-07T11:09:07-05:00[America/New_York],2021-02-07T11:09:29-05:00[America/New_York],Yes,2021-02-07,40147,Sunday
1802,<A>,93,2021-02-07T11:09:29-05:00[America/New_York],2021-02-07T11:11:02-05:00[America/New_York],NA,2021-02-07,40169,Sunday
1802,B,19,2021-02-07T11:11:02-05:00[America/New_York],2021-02-07T11:11:21-05:00[America/New_York],Yes,2021-02-07,40262,Sunday
1802,<A>,93,2021-02-07T11:11:21-05:00[America/New_York],2021-02-07T11:12:54-05:00[America/New_York],NA,2021-02-07,40281,Sunday
1802,B,28,2021-02-07T11:12:54-05:00[America/New_York],2021-02-07T11:13:22-05:00[America/New_York],Yes,2021-02-07,40374,Sunday
1802,<A>,81,2021-02-07T11:13:22-05:00[America/New_York],2021-02-07T11:14:43-05:00[America/New_York],NA,2021-02-07,40402,Sunday
1802,B,16,2021-02-07T11:14:43-05:00[America/New_York],2021-02-07T11:14:59-05:00[America/New_York],Yes,2021-02-07,40483,Sunday
1802,<A>,89,2021-02-07T11:14:59-05:00[America/New_York],2021-02-07T11:16:28-05:00[America/New_York],NA,2021-02-07,40499,Sunday
1802,B,20,2021-02-07T11:16:28-05:00[America/New_York],2021-02-07T11:16:48-05:00[America/New_York],Yes,2021-02-07,40588,Sunday
1802,<A>,93,2021-02-07T11:16:48-05:00[America/New_York],2021-02-07T11:18:21-05:00[America/New_York],NA,2021-02-07,40608,Sunday
1802,B,22,2021-02-07T11:18:21-05:00[America/New_York],2021-02-07T11:18:43-05:00[America/New_York],Yes,2021-02-07,40701,Sunday
1802,<A>,93,2021-02-07T11:18:43-05:00[America/New_York],2021-02-07T11:20:16-05:00[America/New_York],NA,2021-02-07,40723,Sunday
1802,B,16,2021-02-07T11:20:16-05:00[America/New_York],2021-02-07T11:20:32-05:00[America/New_York],Yes,2021-02-07,40816,Sunday
1802,<A>,93,2021-02-07T11:20:32-05:00[America/New_York],2021-02-07T11:22:05-05:00[America/New_York],NA,2021-02-07,40832,Sunday
1802,B,14,2021-02-07T11:22:05-05:00[America/New_York],2021-02-07T11:22:19-05:00[America/New_York],Yes,2021-02-07,40925,Sunday
1802,<A>,91,2021-02-07T11:22:19-05:00[America/New_York],2021-02-07T11:23:50-05:00[America/New_York],NA,2021-02-07,40939,Sunday
1802,B,14,2021-02-07T11:23:50-05:00[America/New_York],2021-02-07T11:24:04-05:00[America/New_York],Yes,2021-02-07,41030,Sunday
1802,<A>,100,2021-02-07T11:24:04-05:00[America/New_York],2021-02-07T11:25:44-05:00[America/New_York],NA,2021-02-07,41044,Sunday
1802,B,15,2021-02-07T11:25:44-05:00[America/New_York],2021-02-07T11:25:59-05:00[America/New_York],Yes,2021-02-07,41144,Sunday
1802,<A>,92,2021-02-07T11:25:59-05:00[America/New_York],2021-02-07T11:27:31-05:00[America/New_York],NA,2021-02-07,41159,Sunday
1802,B,16,2021-02-07T11:27:31-05:00[America/New_York],2021-02-07T11:27:47-05:00[America/New_York],Yes,2021-02-07,41251,Sunday
1802,<A>,90,2021-02-07T11:27:47-05:00[America/New_York],2021-02-07T11:29:17-05:00[America/New_York],NA,2021-02-07,41267,Sunday
1802,B,15,2021-02-07T11:29:17-05:00[America/New_York],2021-02-07T11:29:32-05:00[America/New_York],Yes,2021-02-07,41357,Sunday
1802,<A>,86,2021-02-07T11:29:32-05:00[America/New_York],2021-02-07T11:30:58-05:00[America/New_York],NA,2021-02-07,41372,Sunday
1802,B,14,2021-02-07T11:30:58-05:00[America/New_York],2021-02-07T11:31:12-05:00[America/New_York],Yes,2021-02-07,41458,Sunday
1802,<A>,93,2021-02-07T11:31:12-05:00[America/New_York],2021-02-07T11:32:45-05:00[America/New_York],NA,2021-02-07,41472,Sunday
1802,B,22,2021-02-07T11:32:45-05:00[America/New_York],2021-02-07T11:33:07-05:00[America/New_York],Yes,2021-02-07,41565,Sunday
1802,<A>,83,2021-02-07T11:33:07-05:00[America/New_York],2021-02-07T11:34:30-05:00[America/New_York],NA,2021-02-07,41587,Sunday
1802,B,25,2021-02-07T11:34:30-05:00[America/New_York],2021-02-07T11:34:55-05:00[America/New_York],NA,2021-02-07,41670,Sunday
1802,<A>,48,2021-02-07T11:34:55-05:00[America/New_York],2021-02-07T11:35:43-05:00[America/New_York],Yes,2021-02-07,41695,Sunday
1802,B,18,2021-02-07T11:35:43-05:00[America/New_York],2021-02-07T11:36:01-05:00[America/New_York],Yes,2021-02-07,41743,Sunday
1802,<A>,50,2021-02-07T11:36:01-05:00[America/New_York],2021-02-07T11:36:51-05:00[America/New_York],Yes,2021-02-07,41761,Sunday
1802,B,14,2021-02-07T11:36:51-05:00[America/New_York],2021-02-07T11:37:05-05:00[America/New_York],Yes,2021-02-07,41811,Sunday
1802,<A>,27,2021-02-07T11:37:05-05:00[America/New_York],2021-02-07T11:37:32-05:00[America/New_York],Yes,2021-02-07,41825,Sunday
1802,B,14,2021-02-07T11:37:32-05:00[America/New_York],2021-02-07T11:37:46-05:00[America/New_York],Yes,2021-02-07,41852,Sunday
1802,<A>,131,2021-02-07T11:37:46-05:00[America/New_York],2021-02-07T11:39:57-05:00[America/New_York],Yes,2021-02-07,41866,Sunday
1802,B,15,2021-02-07T11:39:57-05:00[America/New_York],2021-02-07T11:40:12-05:00[America/New_York],Yes,2021-02-07,41997,Sunday
1802,<A>,71,2021-02-07T11:40:12-05:00[America/New_York],2021-02-07T11:41:23-05:00[America/New_York],Yes,2021-02-07,42012,Sunday
1802,B,14,2021-02-07T11:41:23-05:00[America/New_York],2021-02-07T11:41:37-05:00[America/New_York],Yes,2021-02-07,42083,Sunday
1802,<A>,29,2021-02-07T11:41:37-05:00[America/New_York],2021-02-07T11:42:06-05:00[America/New_York],Yes,2021-02-07,42097,Sunday
1802,B,16,2021-02-07T11:42:06-05:00[America/New_York],2021-02-07T11:42:22-05:00[America/New_York],Yes,2021-02-07,42126,Sunday
1802,<A>,37,2021-02-07T11:42:22-05:00[America/New_York],2021-02-07T11:42:59-05:00[America/New_York],Yes,2021-02-07,42142,Sunday
1802,B,15,2021-02-07T11:42:59-05:00[America/New_York],2021-02-07T11:43:14-05:00[America/New_York],Yes,2021-02-07,42179,Sunday
1802,<A>,34,2021-02-07T11:43:14-05:00[America/New_York],2021-02-07T11:43:48-05:00[America/New_York],Yes,2021-02-07,42194,Sunday
1802,B,14,2021-02-07T11:43:48-05:00[America/New_York],2021-02-07T11:44:02-05:00[America/New_York],Yes,2021-02-07,42228,Sunday
1802,<A>,36,2021-02-07T11:44:02-05:00[America/New_York],2021-02-07T11:44:38-05:00[America/New_York],Yes,2021-02-07,42242,Sunday
1802,B,15,2021-02-07T11:44:38-05:00[America/New_York],2021-02-07T11:44:53-05:00[America/New_York],Yes,2021-02-07,42278,Sunday
1802,<A>,26,2021-02-07T11:44:53-05:00[America/New_York],2021-02-07T11:45:19-05:00[America/New_York],Yes,2021-02-07,42293,Sunday
1802,B,16,2021-02-07T11:45:19-05:00[America/New_York],2021-02-07T11:45:35-05:00[America/New_York],Yes,2021-02-07,42319,Sunday
1802,<A>,29,2021-02-07T11:45:35-05:00[America/New_York],2021-02-07T11:46:04-05:00[America/New_York],Yes,2021-02-07,42335,Sunday
1802,B,14,2021-02-07T11:46:04-05:00[America/New_York],2021-02-07T11:46:18-05:00[America/New_York],Yes,2021-02-07,42364,Sunday
1802,<A>,56,2021-02-07T11:46:18-05:00[America/New_York],2021-02-07T11:47:14-05:00[America/New_York],Yes,2021-02-07,42378,Sunday
1802,B,14,2021-02-07T11:47:14-05:00[America/New_York],2021-02-07T11:47:28-05:00[America/New_York],Yes,2021-02-07,42434,Sunday
1802,<A>,46,2021-02-07T11:47:28-05:00[America/New_York],2021-02-07T11:48:14-05:00[America/New_York],Yes,2021-02-07,42448,Sunday
1802,B,15,2021-02-07T11:48:14-05:00[America/New_York],2021-02-07T11:48:29-05:00[America/New_York],Yes,2021-02-07,42494,Sunday
1802,<A>,27,2021-02-07T11:48:29-05:00[America/New_York],2021-02-07T11:48:56-05:00[America/New_York],Yes,2021-02-07,42509,Sunday
1802,B,14,2021-02-07T11:48:56-05:00[America/New_York],2021-02-07T11:49:10-05:00[America/New_York],Yes,2021-02-07,42536,Sunday
1802,<A>,153,2021-02-07T11:49:10-05:00[America/New_York],2021-02-07T11:51:43-05:00[America/New_York],Yes,2021-02-07,42550,Sunday
1802,B,18,2021-02-07T11:51:43-05:00[America/New_York],2021-02-07T11:52:01-05:00[America/New_York],Yes,2021-02-07,42703,Sunday
1802,<A>,71,2021-02-07T11:52:01-05:00[America/New_York],2021-02-07T11:53:12-05:00[America/New_York],Yes,2021-02-07,42721,Sunday
1802,B,20,2021-02-07T11:53:12-05:00[America/New_York],2021-02-07T11:53:32-05:00[America/New_York],Yes,2021-02-07,42792,Sunday
1802,<A>,100,2021-02-07T11:53:32-05:00[America/New_York],2021-02-07T11:55:12-05:00[America/New_York],NA,2021-02-07,42812,Sunday
1802,B,15,2021-02-07T11:55:12-05:00[America/New_York],2021-02-07T11:55:27-05:00[America/New_York],Yes,2021-02-07,42912,Sunday
1802,<A>,51,2021-02-07T11:55:27-05:00[America/New_York],2021-02-07T11:56:18-05:00[America/New_York],Yes,2021-02-07,42927,Sunday
1802,B,14,2021-02-07T11:56:18-05:00[America/New_York],2021-02-07T11:56:32-05:00[America/New_York],Yes,2021-02-07,42978,Sunday
1802,<A>,61,2021-02-07T11:56:32-05:00[America/New_York],2021-02-07T11:57:33-05:00[America/New_York],NA,2021-02-07,42992,Sunday
1802,B,16,2021-02-07T11:57:33-05:00[America/New_York],2021-02-07T11:57:49-05:00[America/New_York],Yes,2021-02-07,43053,Sunday
1802,<A>,98,2021-02-07T11:57:49-05:00[America/New_York],2021-02-07T11:59:27-05:00[America/New_York],NA,2021-02-07,43069,Sunday
1802,B,16,2021-02-07T11:59:27-05:00[America/New_York],2021-02-07T11:59:43-05:00[America/New_York],Yes,2021-02-07,43167,Sunday
1802,<A>,95,2021-02-07T11:59:43-05:00[America/New_York],2021-02-07T12:01:18-05:00[America/New_York],NA,2021-02-07,43183,Sunday
1802,B,17,2021-02-07T12:01:18-05:00[America/New_York],2021-02-07T12:01:35-05:00[America/New_York],Yes,2021-02-07,43278,Sunday
1802,<A>,103,2021-02-07T12:01:35-05:00[America/New_York],2021-02-07T12:03:18-05:00[America/New_York],NA,2021-02-07,43295,Sunday
1802,B,16,2021-02-07T12:03:18-05:00[America/New_York],2021-02-07T12:03:34-05:00[America/New_York],Yes,2021-02-07,43398,Sunday
1802,<A>,94,2021-02-07T12:03:34-05:00[America/New_York],2021-02-07T12:05:08-05:00[America/New_York],NA,2021-02-07,43414,Sunday
1802,B,19,2021-02-07T12:05:08-05:00[America/New_York],2021-02-07T12:05:27-05:00[America/New_York],Yes,2021-02-07,43508,Sunday
1802,<A>,27,2021-02-07T12:05:27-05:00[America/New_York],2021-02-07T12:05:54-05:00[America/New_York],Yes,2021-02-07,43527,Sunday
1802,B,23,2021-02-07T12:05:54-05:00[America/New_York],2021-02-07T12:06:17-05:00[America/New_York],NA,2021-02-07,43554,Sunday
1802,<A>,34,2021-02-07T12:06:17-05:00[America/New_York],2021-02-07T12:06:51-05:00[America/New_York],Yes,2021-02-07,43577,Sunday
1802,B,18,2021-02-07T12:06:51-05:00[America/New_York],2021-02-07T12:07:09-05:00[America/New_York],Yes,2021-02-07,43611,Sunday
1802,<A>,27,2021-02-07T12:07:09-05:00[America/New_York],2021-02-07T12:07:36-05:00[America/New_York],Yes,2021-02-07,43629,Sunday
1802,B,14,2021-02-07T12:07:36-05:00[America/New_York],2021-02-07T12:07:50-05:00[America/New_York],Yes,2021-02-07,43656,Sunday
1802,<A>,43,2021-02-07T12:07:50-05:00[America/New_York],2021-02-07T12:08:33-05:00[America/New_York],Yes,2021-02-07,43670,Sunday
1802,B,14,2021-02-07T12:08:33-05:00[America/New_York],2021-02-07T12:08:47-05:00[America/New_York],Yes,2021-02-07,43713,Sunday
1802,<A>,27,2021-02-07T12:08:47-05:00[America/New_York],2021-02-07T12:09:14-05:00[America/New_York],Yes,2021-02-07,43727,Sunday
1802,B,18,2021-02-07T12:09:14-05:00[America/New_York],2021-02-07T12:09:32-05:00[America/New_York],Yes,2021-02-07,43754,Sunday
1802,<A>,67,2021-02-07T12:09:32-05:00[America/New_York],2021-02-07T12:10:39-05:00[America/New_York],Yes,2021-02-07,43772,Sunday
1802,B,18,2021-02-07T12:10:39-05:00[America/New_York],2021-02-07T12:10:57-05:00[America/New_York],Yes,2021-02-07,43839,Sunday
1802,<A>,146,2021-02-07T12:10:57-05:00[America/New_York],2021-02-07T12:13:23-05:00[America/New_York],NA,2021-02-07,43857,Sunday
1802,B,20,2021-02-07T12:13:23-05:00[America/New_York],2021-02-07T12:13:43-05:00[America/New_York],Yes,2021-02-07,44003,Sunday
1802,<A>,87,2021-02-07T12:13:43-05:00[America/New_York],2021-02-07T12:15:10-05:00[America/New_York],NA,2021-02-07,44023,Sunday
1802,B,23,2021-02-07T12:15:10-05:00[America/New_York],2021-02-07T12:15:33-05:00[America/New_York],Yes,2021-02-07,44110,Sunday
1802,<A>,123,2021-02-07T12:15:33-05:00[America/New_York],2021-02-07T12:17:36-05:00[America/New_York],NA,2021-02-07,44133,Sunday
1802,B,20,2021-02-07T12:17:36-05:00[America/New_York],2021-02-07T12:17:56-05:00[America/New_York],Yes,2021-02-07,44256,Sunday
1802,<A>,65,2021-02-07T12:17:56-05:00[America/New_York],2021-02-07T12:19:01-05:00[America/New_York],NA,2021-02-07,44276,Sunday
1802,B,14,2021-02-07T12:19:01-05:00[America/New_York],2021-02-07T12:19:15-05:00[America/New_York],Yes,2021-02-07,44341,Sunday
1802,<A>,99,2021-02-07T12:19:15-05:00[America/New_York],2021-02-07T12:20:54-05:00[America/New_York],NA,2021-02-07,44355,Sunday
1802,B,22,2021-02-07T12:20:54-05:00[America/New_York],2021-02-07T12:21:16-05:00[America/New_York],Yes,2021-02-07,44454,Sunday
1802,<A>,88,2021-02-07T12:21:16-05:00[America/New_York],2021-02-07T12:22:44-05:00[America/New_York],NA,2021-02-07,44476,Sunday
1802,B,14,2021-02-07T12:22:44-05:00[America/New_York],2021-02-07T12:22:58-05:00[America/New_York],Yes,2021-02-07,44564,Sunday
1802,<A>,97,2021-02-07T12:22:58-05:00[America/New_York],2021-02-07T12:24:35-05:00[America/New_York],NA,2021-02-07,44578,Sunday
1802,B,16,2021-02-07T12:24:35-05:00[America/New_York],2021-02-07T12:24:51-05:00[America/New_York],Yes,2021-02-07,44675,Sunday
1802,<A>,98,2021-02-07T12:24:51-05:00[America/New_York],2021-02-07T12:26:29-05:00[America/New_York],NA,2021-02-07,44691,Sunday
1802,B,14,2021-02-07T12:26:29-05:00[America/New_York],2021-02-07T12:26:43-05:00[America/New_York],Yes,2021-02-07,44789,Sunday
1802,<A>,99,2021-02-07T12:26:43-05:00[America/New_York],2021-02-07T12:28:22-05:00[America/New_York],NA,2021-02-07,44803,Sunday
1802,B,20,2021-02-07T12:28:22-05:00[America/New_York],2021-02-07T12:28:42-05:00[America/New_York],Yes,2021-02-07,44902,Sunday
1802,<A>,88,2021-02-07T12:28:42-05:00[America/New_York],2021-02-07T12:30:10-05:00[America/New_York],NA,2021-02-07,44922,Sunday
1802,B,26,2021-02-07T12:30:10-05:00[America/New_York],2021-02-07T12:30:36-05:00[America/New_York],NA,2021-02-07,45010,Sunday
1802,<A>,36,2021-02-07T12:30:36-05:00[America/New_York],2021-02-07T12:31:12-05:00[America/New_York],Yes,2021-02-07,45036,Sunday
1802,B,15,2021-02-07T12:31:12-05:00[America/New_York],2021-02-07T12:31:27-05:00[America/New_York],Yes,2021-02-07,45072,Sunday
1802,<A>,26,2021-02-07T12:31:27-05:00[America/New_York],2021-02-07T12:31:53-05:00[America/New_York],Yes,2021-02-07,45087,Sunday
1802,B,23,2021-02-07T12:31:53-05:00[America/New_York],2021-02-07T12:32:16-05:00[America/New_York],Yes,2021-02-07,45113,Sunday
1802,<A>,42,2021-02-07T12:32:16-05:00[America/New_York],2021-02-07T12:32:58-05:00[America/New_York],Yes,2021-02-07,45136,Sunday
1802,B,16,2021-02-07T12:32:58-05:00[America/New_York],2021-02-07T12:33:14-05:00[America/New_York],Yes,2021-02-07,45178,Sunday
1802,<A>,39,2021-02-07T12:33:14-05:00[America/New_York],2021-02-07T12:33:53-05:00[America/New_York],Yes,2021-02-07,45194,Sunday
1802,B,18,2021-02-07T12:33:53-05:00[America/New_York],2021-02-07T12:34:11-05:00[America/New_York],Yes,2021-02-07,45233,Sunday
1802,<A>,30,2021-02-07T12:34:11-05:00[America/New_York],2021-02-07T12:34:41-05:00[America/New_York],Yes,2021-02-07,45251,Sunday
1802,B,15,2021-02-07T12:34:41-05:00[America/New_York],2021-02-07T12:34:56-05:00[America/New_York],Yes,2021-02-07,45281,Sunday
1802,<A>,34,2021-02-07T12:34:56-05:00[America/New_York],2021-02-07T12:35:30-05:00[America/New_York],Yes,2021-02-07,45296,Sunday
1802,B,14,2021-02-07T12:35:30-05:00[America/New_York],2021-02-07T12:35:44-05:00[America/New_York],Yes,2021-02-07,45330,Sunday
1802,<A>,154,2021-02-07T12:35:44-05:00[America/New_York],2021-02-07T12:38:18-05:00[America/New_York],Yes,2021-02-07,45344,Sunday
1802,B,15,2021-02-07T12:38:18-05:00[America/New_York],2021-02-07T12:38:33-05:00[America/New_York],Yes,2021-02-07,45498,Sunday
1802,<A>,38,2021-02-07T12:38:33-05:00[America/New_York],2021-02-07T12:39:11-05:00[America/New_York],Yes,2021-02-07,45513,Sunday
1802,B,17,2021-02-07T12:39:11-05:00[America/New_York],2021-02-07T12:39:28-05:00[America/New_York],Yes,2021-02-07,45551,Sunday
1802,<A>,30,2021-02-07T12:39:28-05:00[America/New_York],2021-02-07T12:39:58-05:00[America/New_York],Yes,2021-02-07,45568,Sunday
1802,B,20,2021-02-07T12:39:58-05:00[America/New_York],2021-02-07T12:40:18-05:00[America/New_York],Yes,2021-02-07,45598,Sunday
1802,<A>,40,2021-02-07T12:40:18-05:00[America/New_York],2021-02-07T12:40:58-05:00[America/New_York],Yes,2021-02-07,45618,Sunday
1802,B,17,2021-02-07T12:40:58-05:00[America/New_York],2021-02-07T12:41:15-05:00[America/New_York],Yes,2021-02-07,45658,Sunday
1802,<A>,31,2021-02-07T12:41:15-05:00[America/New_York],2021-02-07T12:41:46-05:00[America/New_York],Yes,2021-02-07,45675,Sunday
1802,B,14,2021-02-07T12:41:46-05:00[America/New_York],2021-02-07T12:42:00-05:00[America/New_York],Yes,2021-02-07,45706,Sunday
1802,<A>,51,2021-02-07T12:42:00-05:00[America/New_York],2021-02-07T12:42:51-05:00[America/New_York],Yes,2021-02-07,45720,Sunday
1802,B,20,2021-02-07T12:42:51-05:00[America/New_York],2021-02-07T12:43:11-05:00[America/New_York],Yes,2021-02-07,45771,Sunday
1802,<A>,30,2021-02-07T12:43:11-05:00[America/New_York],2021-02-07T12:43:41-05:00[America/New_York],Yes,2021-02-07,45791,Sunday
1802,B,14,2021-02-07T12:43:41-05:00[America/New_York],2021-02-07T12:43:55-05:00[America/New_York],Yes,2021-02-07,45821,Sunday
1802,<A>,46,2021-02-07T12:43:55-05:00[America/New_York],2021-02-07T12:44:41-05:00[America/New_York],Yes,2021-02-07,45835,Sunday
1802,B,22,2021-02-07T12:44:41-05:00[America/New_York],2021-02-07T12:45:03-05:00[America/New_York],Yes,2021-02-07,45881,Sunday
1802,<A>,26,2021-02-07T12:45:03-05:00[America/New_York],2021-02-07T12:45:29-05:00[America/New_York],Yes,2021-02-07,45903,Sunday
1802,B,18,2021-02-07T12:45:29-05:00[America/New_York],2021-02-07T12:45:47-05:00[America/New_York],Yes,2021-02-07,45929,Sunday
1802,<A>,51,2021-02-07T12:45:47-05:00[America/New_York],2021-02-07T12:46:38-05:00[America/New_York],Yes,2021-02-07,45947,Sunday
1802,B,15,2021-02-07T12:46:38-05:00[America/New_York],2021-02-07T12:46:53-05:00[America/New_York],Yes,2021-02-07,45998,Sunday
1802,<A>,69,2021-02-07T12:46:53-05:00[America/New_York],2021-02-07T12:48:02-05:00[America/New_York],Yes,2021-02-07,46013,Sunday
1802,B,15,2021-02-07T12:48:02-05:00[America/New_York],2021-02-07T12:48:17-05:00[America/New_York],Yes,2021-02-07,46082,Sunday
1802,<A>,29,2021-02-07T12:48:17-05:00[America/New_York],2021-02-07T12:48:46-05:00[America/New_York],Yes,2021-02-07,46097,Sunday
1802,B,14,2021-02-07T12:48:46-05:00[America/New_York],2021-02-07T12:49:00-05:00[America/New_York],Yes,2021-02-07,46126,Sunday
1802,<A>,34,2021-02-07T12:49:00-05:00[America/New_York],2021-02-07T12:49:34-05:00[America/New_York],Yes,2021-02-07,46140,Sunday
1802,B,23,2021-02-07T12:49:34-05:00[America/New_York],2021-02-07T12:49:57-05:00[America/New_York],Yes,2021-02-07,46174,Sunday
1802,<A>,33,2021-02-07T12:49:57-05:00[America/New_York],2021-02-07T12:50:30-05:00[America/New_York],Yes,2021-02-07,46197,Sunday
1802,B,17,2021-02-07T12:50:30-05:00[America/New_York],2021-02-07T12:50:47-05:00[America/New_York],Yes,2021-02-07,46230,Sunday
1802,<A>,39,2021-02-07T12:50:47-05:00[America/New_York],2021-02-07T12:51:26-05:00[America/New_York],Yes,2021-02-07,46247,Sunday
1802,B,14,2021-02-07T12:51:26-05:00[America/New_York],2021-02-07T12:51:40-05:00[America/New_York],Yes,2021-02-07,46286,Sunday
1802,<A>,38,2021-02-07T12:51:40-05:00[America/New_York],2021-02-07T12:52:18-05:00[America/New_York],Yes,2021-02-07,46300,Sunday
1802,B,14,2021-02-07T12:52:18-05:00[America/New_York],2021-02-07T12:52:32-05:00[America/New_York],Yes,2021-02-07,46338,Sunday
1802,<A>,51,2021-02-07T12:52:32-05:00[America/New_York],2021-02-07T12:53:23-05:00[America/New_York],Yes,2021-02-07,46352,Sunday
1802,B,16,2021-02-07T12:53:23-05:00[America/New_York],2021-02-07T12:53:39-05:00[America/New_York],Yes,2021-02-07,46403,Sunday
1802,<A>,27,2021-02-07T12:53:39-05:00[America/New_York],2021-02-07T12:54:06-05:00[America/New_York],Yes,2021-02-07,46419,Sunday
1802,B,14,2021-02-07T12:54:06-05:00[America/New_York],2021-02-07T12:54:20-05:00[America/New_York],Yes,2021-02-07,46446,Sunday
1802,<A>,29,2021-02-07T12:54:20-05:00[America/New_York],2021-02-07T12:54:49-05:00[America/New_York],Yes,2021-02-07,46460,Sunday
1802,B,14,2021-02-07T12:54:49-05:00[America/New_York],2021-02-07T12:55:03-05:00[America/New_York],Yes,2021-02-07,46489,Sunday
1802,<A>,61,2021-02-07T12:55:03-05:00[America/New_York],2021-02-07T12:56:04-05:00[America/New_York],Yes,2021-02-07,46503,Sunday
1802,B,14,2021-02-07T12:56:04-05:00[America/New_York],2021-02-07T12:56:18-05:00[America/New_York],Yes,2021-02-07,46564,Sunday
1802,<A>,93,2021-02-07T12:56:18-05:00[America/New_York],2021-02-07T12:57:51-05:00[America/New_York],NA,2021-02-07,46578,Sunday
1802,B,14,2021-02-07T12:57:51-05:00[America/New_York],2021-02-07T12:58:05-05:00[America/New_York],Yes,2021-02-07,46671,Sunday
1802,<A>,57,2021-02-07T12:58:05-05:00[America/New_York],2021-02-07T12:59:02-05:00[America/New_York],Yes,2021-02-07,46685,Sunday
1802,B,14,2021-02-07T12:59:02-05:00[America/New_York],2021-02-07T12:59:16-05:00[America/New_York],Yes,2021-02-07,46742,Sunday
1802,<A>,30,2021-02-07T12:59:16-05:00[America/New_York],2021-02-07T12:59:46-05:00[America/New_York],Yes,2021-02-07,46756,Sunday
1802,B,19,2021-02-07T12:59:46-05:00[America/New_York],2021-02-07T13:00:05-05:00[America/New_York],Yes,2021-02-07,46786,Sunday
1802,<A>,28,2021-02-07T13:00:05-05:00[America/New_York],2021-02-07T13:00:33-05:00[America/New_York],Yes,2021-02-07,46805,Sunday
1802,B,16,2021-02-07T13:00:33-05:00[America/New_York],2021-02-07T13:00:49-05:00[America/New_York],Yes,2021-02-07,46833,Sunday
1802,<A>,34,2021-02-07T13:00:49-05:00[America/New_York],2021-02-07T13:01:23-05:00[America/New_York],Yes,2021-02-07,46849,Sunday
1802,B,14,2021-02-07T13:01:23-05:00[America/New_York],2021-02-07T13:01:37-05:00[America/New_York],Yes,2021-02-07,46883,Sunday
1802,<A>,26,2021-02-07T13:01:37-05:00[America/New_York],2021-02-07T13:02:03-05:00[America/New_York],Yes,2021-02-07,46897,Sunday
1802,B,17,2021-02-07T13:02:03-05:00[America/New_York],2021-02-07T13:02:20-05:00[America/New_York],Yes,2021-02-07,46923,Sunday
1802,<A>,48,2021-02-07T13:02:20-05:00[America/New_York],2021-02-07T13:03:08-05:00[America/New_York],Yes,2021-02-07,46940,Sunday
1802,B,15,2021-02-07T13:03:08-05:00[America/New_York],2021-02-07T13:03:23-05:00[America/New_York],Yes,2021-02-07,46988,Sunday
1802,<A>,56,2021-02-07T13:03:23-05:00[America/New_York],2021-02-07T13:04:19-05:00[America/New_York],Yes,2021-02-07,47003,Sunday
1802,B,20,2021-02-07T13:04:19-05:00[America/New_York],2021-02-07T13:04:39-05:00[America/New_York],Yes,2021-02-07,47059,Sunday
1802,<A>,31,2021-02-07T13:04:39-05:00[America/New_York],2021-02-07T13:05:10-05:00[America/New_York],Yes,2021-02-07,47079,Sunday
1802,B,14,2021-02-07T13:05:10-05:00[America/New_York],2021-02-07T13:05:24-05:00[America/New_York],Yes,2021-02-07,47110,Sunday
1802,<A>,32,2021-02-07T13:05:24-05:00[America/New_York],2021-02-07T13:05:56-05:00[America/New_York],Yes,2021-02-07,47124,Sunday
1802,B,14,2021-02-07T13:05:56-05:00[America/New_York],2021-02-07T13:06:10-05:00[America/New_York],Yes,2021-02-07,47156,Sunday
1802,<A>,28,2021-02-07T13:06:10-05:00[America/New_York],2021-02-07T13:06:38-05:00[America/New_York],Yes,2021-02-07,47170,Sunday
1802,B,15,2021-02-07T13:06:38-05:00[America/New_York],2021-02-07T13:06:53-05:00[America/New_York],Yes,2021-02-07,47198,Sunday
1802,<A>,37,2021-02-07T13:06:53-05:00[America/New_York],2021-02-07T13:07:30-05:00[America/New_York],Yes,2021-02-07,47213,Sunday
1802,B,15,2021-02-07T13:07:30-05:00[America/New_York],2021-02-07T13:07:45-05:00[America/New_York],Yes,2021-02-07,47250,Sunday
1802,<A>,28,2021-02-07T13:07:45-05:00[America/New_York],2021-02-07T13:08:13-05:00[America/New_York],Yes,2021-02-07,47265,Sunday
1802,B,17,2021-02-07T13:08:13-05:00[America/New_York],2021-02-07T13:08:30-05:00[America/New_York],Yes,2021-02-07,47293,Sunday
1802,<A>,81,2021-02-07T13:08:30-05:00[America/New_York],2021-02-07T13:09:51-05:00[America/New_York],NA,2021-02-07,47310,Sunday
1802,B,14,2021-02-07T13:09:51-05:00[America/New_York],2021-02-07T13:10:05-05:00[America/New_York],Yes,2021-02-07,47391,Sunday
1802,<A>,31,2021-02-07T13:10:05-05:00[America/New_York],2021-02-07T13:10:36-05:00[America/New_York],Yes,2021-02-07,47405,Sunday
1802,B,16,2021-02-07T13:10:36-05:00[America/New_York],2021-02-07T13:10:52-05:00[America/New_York],Yes,2021-02-07,47436,Sunday
1802,<A>,36,2021-02-07T13:10:52-05:00[America/New_York],2021-02-07T13:11:28-05:00[America/New_York],Yes,2021-02-07,47452,Sunday
1802,B,15,2021-02-07T13:11:28-05:00[America/New_York],2021-02-07T13:11:43-05:00[America/New_York],Yes,2021-02-07,47488,Sunday
1802,<A>,33,2021-02-07T13:11:43-05:00[America/New_York],2021-02-07T13:12:16-05:00[America/New_York],Yes,2021-02-07,47503,Sunday
1802,B,14,2021-02-07T13:12:16-05:00[America/New_York],2021-02-07T13:12:30-05:00[America/New_York],Yes,2021-02-07,47536,Sunday
1802,<A>,32,2021-02-07T13:12:30-05:00[America/New_York],2021-02-07T13:13:02-05:00[America/New_York],Yes,2021-02-07,47550,Sunday
1802,B,14,2021-02-07T13:13:02-05:00[America/New_York],2021-02-07T13:13:16-05:00[America/New_York],Yes,2021-02-07,47582,Sunday
1802,<A>,109,2021-02-07T13:13:16-05:00[America/New_York],2021-02-07T13:15:05-05:00[America/New_York],Yes,2021-02-07,47596,Sunday
1802,B,14,2021-02-07T13:15:05-05:00[America/New_York],2021-02-07T13:15:19-05:00[America/New_York],Yes,2021-02-07,47705,Sunday
1802,<A>,32,2021-02-07T13:15:19-05:00[America/New_York],2021-02-07T13:15:51-05:00[America/New_York],Yes,2021-02-07,47719,Sunday
1802,B,20,2021-02-07T13:15:51-05:00[America/New_York],2021-02-07T13:16:11-05:00[America/New_York],Yes,2021-02-07,47751,Sunday
1802,<A>,76,2021-02-07T13:16:11-05:00[America/New_York],2021-02-07T13:17:27-05:00[America/New_York],Yes,2021-02-07,47771,Sunday
1802,B,15,2021-02-07T13:17:27-05:00[America/New_York],2021-02-07T13:17:42-05:00[America/New_York],NA,2021-02-07,47847,Sunday
1802,<A>,55,2021-02-07T13:17:42-05:00[America/New_York],2021-02-07T13:18:37-05:00[America/New_York],Yes,2021-02-07,47862,Sunday
1802,B,15,2021-02-07T13:18:37-05:00[America/New_York],2021-02-07T13:18:52-05:00[America/New_York],NA,2021-02-07,47917,Sunday
1802,<A>,26,2021-02-07T13:18:52-05:00[America/New_York],2021-02-07T13:19:18-05:00[America/New_York],Yes,2021-02-07,47932,Sunday
1802,B,16,2021-02-07T13:19:18-05:00[America/New_York],2021-02-07T13:19:34-05:00[America/New_York],NA,2021-02-07,47958,Sunday
1802,<A>,31,2021-02-07T13:19:34-05:00[America/New_York],2021-02-07T13:20:05-05:00[America/New_York],Yes,2021-02-07,47974,Sunday
1802,B,14,2021-02-07T13:20:05-05:00[America/New_York],2021-02-07T13:20:19-05:00[America/New_York],Yes,2021-02-07,48005,Sunday
1802,<A>,33,2021-02-07T13:20:19-05:00[America/New_York],2021-02-07T13:20:52-05:00[America/New_York],Yes,2021-02-07,48019,Sunday
1802,B,14,2021-02-07T13:20:52-05:00[America/New_York],2021-02-07T13:21:06-05:00[America/New_York],Yes,2021-02-07,48052,Sunday
1802,<A>,50,2021-02-07T13:21:06-05:00[America/New_York],2021-02-07T13:21:56-05:00[America/New_York],Yes,2021-02-07,48066,Sunday
1802,B,14,2021-02-07T13:21:56-05:00[America/New_York],2021-02-07T13:22:10-05:00[America/New_York],Yes,2021-02-07,48116,Sunday
1802,<A>,26,2021-02-07T13:22:10-05:00[America/New_York],2021-02-07T13:22:36-05:00[America/New_York],Yes,2021-02-07,48130,Sunday
1802,B,15,2021-02-07T13:22:36-05:00[America/New_York],2021-02-07T13:22:51-05:00[America/New_York],Yes,2021-02-07,48156,Sunday
1802,<A>,41,2021-02-07T13:22:51-05:00[America/New_York],2021-02-07T13:23:32-05:00[America/New_York],Yes,2021-02-07,48171,Sunday
1802,B,14,2021-02-07T13:23:32-05:00[America/New_York],2021-02-07T13:23:46-05:00[America/New_York],Yes,2021-02-07,48212,Sunday
1802,<A>,27,2021-02-07T13:23:46-05:00[America/New_York],2021-02-07T13:24:13-05:00[America/New_York],Yes,2021-02-07,48226,Sunday
1802,B,17,2021-02-07T13:24:13-05:00[America/New_York],2021-02-07T13:24:30-05:00[America/New_York],Yes,2021-02-07,48253,Sunday
1802,<A>,120,2021-02-07T13:24:30-05:00[America/New_York],2021-02-07T13:26:30-05:00[America/New_York],Yes,2021-02-07,48270,Sunday
1802,B,18,2021-02-07T13:26:30-05:00[America/New_York],2021-02-07T13:26:48-05:00[America/New_York],Yes,2021-02-07,48390,Sunday
1802,<A>,68,2021-02-07T13:26:48-05:00[America/New_York],2021-02-07T13:27:56-05:00[America/New_York],Yes,2021-02-07,48408,Sunday
1802,B,14,2021-02-07T13:27:56-05:00[America/New_York],2021-02-07T13:28:10-05:00[America/New_York],NA,2021-02-07,48476,Sunday
1802,<A>,108,2021-02-07T13:28:10-05:00[America/New_York],2021-02-07T13:29:58-05:00[America/New_York],NA,2021-02-07,48490,Sunday
1802,B,14,2021-02-07T13:29:58-05:00[America/New_York],2021-02-07T13:30:12-05:00[America/New_York],Yes,2021-02-07,48598,Sunday
1802,<A>,70,2021-02-07T13:30:12-05:00[America/New_York],2021-02-07T13:31:22-05:00[America/New_York],Yes,2021-02-07,48612,Sunday
1802,B,16,2021-02-07T13:31:22-05:00[America/New_York],2021-02-07T13:31:38-05:00[America/New_York],Yes,2021-02-07,48682,Sunday
1802,<A>,115,2021-02-07T13:31:38-05:00[America/New_York],2021-02-07T13:33:33-05:00[America/New_York],Yes,2021-02-07,48698,Sunday
1802,B,20,2021-02-07T13:33:33-05:00[America/New_York],2021-02-07T13:33:53-05:00[America/New_York],Yes,2021-02-07,48813,Sunday
1802,<A>,141,2021-02-07T13:33:53-05:00[America/New_York],2021-02-07T13:36:14-05:00[America/New_York],Yes,2021-02-07,48833,Sunday
1802,B,14,2021-02-07T13:36:14-05:00[America/New_York],2021-02-07T13:36:28-05:00[America/New_York],Yes,2021-02-07,48974,Sunday
1802,<A>,35,2021-02-07T13:36:28-05:00[America/New_York],2021-02-07T13:37:03-05:00[America/New_York],Yes,2021-02-07,48988,Sunday
1802,B,16,2021-02-07T13:37:03-05:00[America/New_York],2021-02-07T13:37:19-05:00[America/New_York],Yes,2021-02-07,49023,Sunday
1802,<A>,26,2021-02-07T13:37:19-05:00[America/New_York],2021-02-07T13:37:45-05:00[America/New_York],Yes,2021-02-07,49039,Sunday
1802,B,16,2021-02-07T13:37:45-05:00[America/New_York],2021-02-07T13:38:01-05:00[America/New_York],Yes,2021-02-07,49065,Sunday
1802,<A>,30,2021-02-07T13:38:01-05:00[America/New_York],2021-02-07T13:38:31-05:00[America/New_York],Yes,2021-02-07,49081,Sunday
1802,B,14,2021-02-07T13:38:31-05:00[America/New_York],2021-02-07T13:38:45-05:00[America/New_York],Yes,2021-02-07,49111,Sunday
1802,<A>,90,2021-02-07T13:38:45-05:00[America/New_York],2021-02-07T13:40:15-05:00[America/New_York],NA,2021-02-07,49125,Sunday
1802,B,14,2021-02-07T13:40:15-05:00[America/New_York],2021-02-07T13:40:29-05:00[America/New_York],Yes,2021-02-07,49215,Sunday
1802,<A>,135,2021-02-07T13:40:29-05:00[America/New_York],2021-02-07T13:42:44-05:00[America/New_York],Yes,2021-02-07,49229,Sunday
1802,B,14,2021-02-07T13:42:44-05:00[America/New_York],2021-02-07T13:42:58-05:00[America/New_York],Yes,2021-02-07,49364,Sunday
1802,<A>,41,2021-02-07T13:42:58-05:00[America/New_York],2021-02-07T13:43:39-05:00[America/New_York],Yes,2021-02-07,49378,Sunday
1802,B,17,2021-02-07T13:43:39-05:00[America/New_York],2021-02-07T13:43:56-05:00[America/New_York],Yes,2021-02-07,49419,Sunday
1802,<A>,39,2021-02-07T13:43:56-05:00[America/New_York],2021-02-07T13:44:35-05:00[America/New_York],Yes,2021-02-07,49436,Sunday
1802,B,20,2021-02-07T13:44:35-05:00[America/New_York],2021-02-07T13:44:55-05:00[America/New_York],Yes,2021-02-07,49475,Sunday
1802,<A>,26,2021-02-07T13:44:55-05:00[America/New_York],2021-02-07T13:45:21-05:00[America/New_York],Yes,2021-02-07,49495,Sunday
1802,B,16,2021-02-07T13:45:21-05:00[America/New_York],2021-02-07T13:45:37-05:00[America/New_York],Yes,2021-02-07,49521,Sunday
1802,<A>,30,2021-02-07T13:45:37-05:00[America/New_York],2021-02-07T13:46:07-05:00[America/New_York],Yes,2021-02-07,49537,Sunday
1802,B,15,2021-02-07T13:46:07-05:00[America/New_York],2021-02-07T13:46:22-05:00[America/New_York],Yes,2021-02-07,49567,Sunday
1802,<A>,55,2021-02-07T13:46:22-05:00[America/New_York],2021-02-07T13:47:17-05:00[America/New_York],Yes,2021-02-07,49582,Sunday
1802,B,14,2021-02-07T13:47:17-05:00[America/New_York],2021-02-07T13:47:31-05:00[America/New_York],Yes,2021-02-07,49637,Sunday
1802,<A>,66,2021-02-07T13:47:31-05:00[America/New_York],2021-02-07T13:48:37-05:00[America/New_York],Yes,2021-02-07,49651,Sunday
1802,B,19,2021-02-07T13:48:37-05:00[America/New_York],2021-02-07T13:48:56-05:00[America/New_York],Yes,2021-02-07,49717,Sunday
1802,<A>,27,2021-02-07T13:48:56-05:00[America/New_York],2021-02-07T13:49:23-05:00[America/New_York],Yes,2021-02-07,49736,Sunday
1802,B,14,2021-02-07T13:49:23-05:00[America/New_York],2021-02-07T13:49:37-05:00[America/New_York],Yes,2021-02-07,49763,Sunday
1802,<A>,40,2021-02-07T13:49:37-05:00[America/New_York],2021-02-07T13:50:17-05:00[America/New_York],Yes,2021-02-07,49777,Sunday
1802,B,15,2021-02-07T13:50:17-05:00[America/New_York],2021-02-07T13:50:32-05:00[America/New_York],Yes,2021-02-07,49817,Sunday
1802,<A>,26,2021-02-07T13:50:32-05:00[America/New_York],2021-02-07T13:50:58-05:00[America/New_York],Yes,2021-02-07,49832,Sunday
1802,B,20,2021-02-07T13:50:58-05:00[America/New_York],2021-02-07T13:51:18-05:00[America/New_York],Yes,2021-02-07,49858,Sunday
1802,<A>,28,2021-02-07T13:51:18-05:00[America/New_York],2021-02-07T13:51:46-05:00[America/New_York],Yes,2021-02-07,49878,Sunday
1802,B,15,2021-02-07T13:51:46-05:00[America/New_York],2021-02-07T13:52:01-05:00[America/New_York],Yes,2021-02-07,49906,Sunday
1802,<A>,26,2021-02-07T13:52:01-05:00[America/New_York],2021-02-07T13:52:27-05:00[America/New_York],Yes,2021-02-07,49921,Sunday
1802,B,20,2021-02-07T13:52:27-05:00[America/New_York],2021-02-07T13:52:47-05:00[America/New_York],Yes,2021-02-07,49947,Sunday
1802,<A>,32,2021-02-07T13:52:47-05:00[America/New_York],2021-02-07T13:53:19-05:00[America/New_York],Yes,2021-02-07,49967,Sunday
1802,B,18,2021-02-07T13:53:19-05:00[America/New_York],2021-02-07T13:53:37-05:00[America/New_York],Yes,2021-02-07,49999,Sunday
1802,<A>,34,2021-02-07T13:53:37-05:00[America/New_York],2021-02-07T13:54:11-05:00[America/New_York],Yes,2021-02-07,50017,Sunday
1802,B,21,2021-02-07T13:54:11-05:00[America/New_York],2021-02-07T13:54:32-05:00[America/New_York],Yes,2021-02-07,50051,Sunday
1802,<A>,26,2021-02-07T13:54:32-05:00[America/New_York],2021-02-07T13:54:58-05:00[America/New_York],Yes,2021-02-07,50072,Sunday
1802,B,16,2021-02-07T13:54:58-05:00[America/New_York],2021-02-07T13:55:14-05:00[America/New_York],Yes,2021-02-07,50098,Sunday
1802,<A>,55,2021-02-07T13:55:14-05:00[America/New_York],2021-02-07T13:56:09-05:00[America/New_York],Yes,2021-02-07,50114,Sunday
1802,B,17,2021-02-07T13:56:09-05:00[America/New_York],2021-02-07T13:56:26-05:00[America/New_York],Yes,2021-02-07,50169,Sunday
1802,<A>,27,2021-02-07T13:56:26-05:00[America/New_York],2021-02-07T13:56:53-05:00[America/New_York],Yes,2021-02-07,50186,Sunday
1802,B,14,2021-02-07T13:56:53-05:00[America/New_York],2021-02-07T13:57:07-05:00[America/New_York],Yes,2021-02-07,50213,Sunday
1802,<A>,69,2021-02-07T13:57:07-05:00[America/New_York],2021-02-07T13:58:16-05:00[America/New_York],Yes,2021-02-07,50227,Sunday
1802,B,16,2021-02-07T13:58:16-05:00[America/New_York],2021-02-07T13:58:32-05:00[America/New_York],Yes,2021-02-07,50296,Sunday
1802,<A>,45,2021-02-07T13:58:32-05:00[America/New_York],2021-02-07T13:59:17-05:00[America/New_York],Yes,2021-02-07,50312,Sunday
1802,B,16,2021-02-07T13:59:17-05:00[America/New_York],2021-02-07T13:59:33-05:00[America/New_York],Yes,2021-02-07,50357,Sunday
1802,<A>,34,2021-02-07T13:59:33-05:00[America/New_York],2021-02-07T14:00:07-05:00[America/New_York],Yes,2021-02-07,50373,Sunday
1802,B,20,2021-02-07T14:00:07-05:00[America/New_York],2021-02-07T14:00:27-05:00[America/New_York],Yes,2021-02-07,50407,Sunday
1802,<A>,35,2021-02-07T14:00:27-05:00[America/New_York],2021-02-07T14:01:02-05:00[America/New_York],Yes,2021-02-07,50427,Sunday
1802,B,23,2021-02-07T14:01:02-05:00[America/New_York],2021-02-07T14:01:25-05:00[America/New_York],NA,2021-02-07,50462,Sunday
1802,<A>,26,2021-02-07T14:01:25-05:00[America/New_York],2021-02-07T14:01:51-05:00[America/New_York],Yes,2021-02-07,50485,Sunday
1802,B,15,2021-02-07T14:01:51-05:00[America/New_York],2021-02-07T14:02:06-05:00[America/New_York],Yes,2021-02-07,50511,Sunday
1802,<A>,26,2021-02-07T14:02:06-05:00[America/New_York],2021-02-07T14:02:32-05:00[America/New_York],Yes,2021-02-07,50526,Sunday
1802,B,23,2021-02-07T14:02:32-05:00[America/New_York],2021-02-07T14:02:55-05:00[America/New_York],NA,2021-02-07,50552,Sunday
1802,<A>,28,2021-02-07T14:02:55-05:00[America/New_York],2021-02-07T14:03:23-05:00[America/New_York],Yes,2021-02-07,50575,Sunday
1802,B,14,2021-02-07T14:03:23-05:00[America/New_York],2021-02-07T14:03:37-05:00[America/New_York],Yes,2021-02-07,50603,Sunday
1802,<A>,32,2021-02-07T14:03:37-05:00[America/New_York],2021-02-07T14:04:09-05:00[America/New_York],Yes,2021-02-07,50617,Sunday
1802,B,15,2021-02-07T14:04:09-05:00[America/New_York],2021-02-07T14:04:24-05:00[America/New_York],Yes,2021-02-07,50649,Sunday
1802,<A>,57,2021-02-07T14:04:24-05:00[America/New_York],2021-02-07T14:05:21-05:00[America/New_York],Yes,2021-02-07,50664,Sunday
1802,B,14,2021-02-07T14:05:21-05:00[America/New_York],2021-02-07T14:05:35-05:00[America/New_York],Yes,2021-02-07,50721,Sunday
1802,<A>,30,2021-02-07T14:05:35-05:00[America/New_York],2021-02-07T14:06:05-05:00[America/New_York],Yes,2021-02-07,50735,Sunday
1802,B,14,2021-02-07T14:06:05-05:00[America/New_York],2021-02-07T14:06:19-05:00[America/New_York],Yes,2021-02-07,50765,Sunday
1802,<A>,46,2021-02-07T14:06:19-05:00[America/New_York],2021-02-07T14:07:05-05:00[America/New_York],Yes,2021-02-07,50779,Sunday
1802,B,17,2021-02-07T14:07:05-05:00[America/New_York],2021-02-07T14:07:22-05:00[America/New_York],Yes,2021-02-07,50825,Sunday
1802,<A>,27,2021-02-07T14:07:22-05:00[America/New_York],2021-02-07T14:07:49-05:00[America/New_York],Yes,2021-02-07,50842,Sunday
1802,B,18,2021-02-07T14:07:49-05:00[America/New_York],2021-02-07T14:08:07-05:00[America/New_York],Yes,2021-02-07,50869,Sunday
1802,<A>,26,2021-02-07T14:08:07-05:00[America/New_York],2021-02-07T14:08:33-05:00[America/New_York],Yes,2021-02-07,50887,Sunday
1802,B,15,2021-02-07T14:08:33-05:00[America/New_York],2021-02-07T14:08:48-05:00[America/New_York],Yes,2021-02-07,50913,Sunday
1802,<A>,42,2021-02-07T14:08:48-05:00[America/New_York],2021-02-07T14:09:30-05:00[America/New_York],Yes,2021-02-07,50928,Sunday
1802,B,14,2021-02-07T14:09:30-05:00[America/New_York],2021-02-07T14:09:44-05:00[America/New_York],Yes,2021-02-07,50970,Sunday
1802,<A>,41,2021-02-07T14:09:44-05:00[America/New_York],2021-02-07T14:10:25-05:00[America/New_York],Yes,2021-02-07,50984,Sunday
1802,B,14,2021-02-07T14:10:25-05:00[America/New_York],2021-02-07T14:10:39-05:00[America/New_York],Yes,2021-02-07,51025,Sunday
1802,<A>,47,2021-02-07T14:10:39-05:00[America/New_York],2021-02-07T14:11:26-05:00[America/New_York],Yes,2021-02-07,51039,Sunday
1802,B,16,2021-02-07T14:11:26-05:00[America/New_York],2021-02-07T14:11:42-05:00[America/New_York],Yes,2021-02-07,51086,Sunday
1802,<A>,238,2021-02-07T14:11:42-05:00[America/New_York],2021-02-07T14:15:40-05:00[America/New_York],Yes,2021-02-07,51102,Sunday
1802,B,14,2021-02-07T14:15:40-05:00[America/New_York],2021-02-07T14:15:54-05:00[America/New_York],Yes,2021-02-07,51340,Sunday
1802,<A>,27,2021-02-07T14:15:54-05:00[America/New_York],2021-02-07T14:16:21-05:00[America/New_York],Yes,2021-02-07,51354,Sunday
1802,B,14,2021-02-07T14:16:21-05:00[America/New_York],2021-02-07T14:16:35-05:00[America/New_York],Yes,2021-02-07,51381,Sunday
1802,<A>,26,2021-02-07T14:16:35-05:00[America/New_York],2021-02-07T14:17:01-05:00[America/New_York],Yes,2021-02-07,51395,Sunday
1802,B,15,2021-02-07T14:17:01-05:00[America/New_York],2021-02-07T14:17:16-05:00[America/New_York],Yes,2021-02-07,51421,Sunday
1802,<A>,29,2021-02-07T14:17:16-05:00[America/New_York],2021-02-07T14:17:45-05:00[America/New_York],Yes,2021-02-07,51436,Sunday
1802,B,15,2021-02-07T14:17:45-05:00[America/New_York],2021-02-07T14:18:00-05:00[America/New_York],Yes,2021-02-07,51465,Sunday
1802,<A>,44,2021-02-07T14:18:00-05:00[America/New_York],2021-02-07T14:18:44-05:00[America/New_York],Yes,2021-02-07,51480,Sunday
1802,B,16,2021-02-07T14:18:44-05:00[America/New_York],2021-02-07T14:19:00-05:00[America/New_York],Yes,2021-02-07,51524,Sunday
1802,<A>,48,2021-02-07T14:19:00-05:00[America/New_York],2021-02-07T14:19:48-05:00[America/New_York],Yes,2021-02-07,51540,Sunday
1802,B,14,2021-02-07T14:19:48-05:00[America/New_York],2021-02-07T14:20:02-05:00[America/New_York],Yes,2021-02-07,51588,Sunday
1802,<A>,67,2021-02-07T14:20:02-05:00[America/New_York],2021-02-07T14:21:09-05:00[America/New_York],Yes,2021-02-07,51602,Sunday
1802,B,14,2021-02-07T14:21:09-05:00[America/New_York],2021-02-07T14:21:23-05:00[America/New_York],Yes,2021-02-07,51669,Sunday
1802,<A>,97,2021-02-07T14:21:23-05:00[America/New_York],2021-02-07T14:23:00-05:00[America/New_York],NA,2021-02-07,51683,Sunday
1802,B,14,2021-02-07T14:23:00-05:00[America/New_York],2021-02-07T14:23:14-05:00[America/New_York],Yes,2021-02-07,51780,Sunday
1802,<A>,103,2021-02-07T14:23:14-05:00[America/New_York],2021-02-07T14:24:57-05:00[America/New_York],NA,2021-02-07,51794,Sunday
1802,B,14,2021-02-07T14:24:57-05:00[America/New_York],2021-02-07T14:25:11-05:00[America/New_York],Yes,2021-02-07,51897,Sunday
1802,<A>,88,2021-02-07T14:25:11-05:00[America/New_York],2021-02-07T14:26:39-05:00[America/New_York],NA,2021-02-07,51911,Sunday
1802,B,14,2021-02-07T14:26:39-05:00[America/New_York],2021-02-07T14:26:53-05:00[America/New_York],Yes,2021-02-07,51999,Sunday
1802,<A>,26,2021-02-07T14:26:53-05:00[America/New_York],2021-02-07T14:27:19-05:00[America/New_York],Yes,2021-02-07,52013,Sunday
1802,B,15,2021-02-07T14:27:19-05:00[America/New_York],2021-02-07T14:27:34-05:00[America/New_York],Yes,2021-02-07,52039,Sunday
1802,<A>,41,2021-02-07T14:27:34-05:00[America/New_York],2021-02-07T14:28:15-05:00[America/New_York],Yes,2021-02-07,52054,Sunday
1802,B,14,2021-02-07T14:28:15-05:00[America/New_York],2021-02-07T14:28:29-05:00[America/New_York],Yes,2021-02-07,52095,Sunday
1802,<A>,27,2021-02-07T14:28:29-05:00[America/New_York],2021-02-07T14:28:56-05:00[America/New_York],Yes,2021-02-07,52109,Sunday
1802,B,17,2021-02-07T14:28:56-05:00[America/New_York],2021-02-07T14:29:13-05:00[America/New_York],Yes,2021-02-07,52136,Sunday
1802,<A>,28,2021-02-07T14:29:13-05:00[America/New_York],2021-02-07T14:29:41-05:00[America/New_York],Yes,2021-02-07,52153,Sunday
1802,B,14,2021-02-07T14:29:41-05:00[America/New_York],2021-02-07T14:29:55-05:00[America/New_York],Yes,2021-02-07,52181,Sunday
1802,<A>,27,2021-02-07T14:29:55-05:00[America/New_York],2021-02-07T14:30:22-05:00[America/New_York],Yes,2021-02-07,52195,Sunday
1802,B,14,2021-02-07T14:30:22-05:00[America/New_York],2021-02-07T14:30:36-05:00[America/New_York],Yes,2021-02-07,52222,Sunday
1802,<A>,78,2021-02-07T14:30:36-05:00[America/New_York],2021-02-07T14:31:54-05:00[America/New_York],NA,2021-02-07,52236,Sunday
1802,B,23,2021-02-07T14:31:54-05:00[America/New_York],2021-02-07T14:32:17-05:00[America/New_York],NA,2021-02-07,52314,Sunday
1802,<A>,40,2021-02-07T14:32:17-05:00[America/New_York],2021-02-07T14:32:57-05:00[America/New_York],Yes,2021-02-07,52337,Sunday
1802,B,15,2021-02-07T14:32:57-05:00[America/New_York],2021-02-07T14:33:12-05:00[America/New_York],Yes,2021-02-07,52377,Sunday
1802,<A>,35,2021-02-07T14:33:12-05:00[America/New_York],2021-02-07T14:33:47-05:00[America/New_York],Yes,2021-02-07,52392,Sunday
1802,B,15,2021-02-07T14:33:47-05:00[America/New_York],2021-02-07T14:34:02-05:00[America/New_York],Yes,2021-02-07,52427,Sunday
1802,<A>,27,2021-02-07T14:34:02-05:00[America/New_York],2021-02-07T14:34:29-05:00[America/New_York],Yes,2021-02-07,52442,Sunday
1802,B,14,2021-02-07T14:34:29-05:00[America/New_York],2021-02-07T14:34:43-05:00[America/New_York],Yes,2021-02-07,52469,Sunday
1802,<A>,27,2021-02-07T14:34:43-05:00[America/New_York],2021-02-07T14:35:10-05:00[America/New_York],Yes,2021-02-07,52483,Sunday
1802,B,16,2021-02-07T14:35:10-05:00[America/New_York],2021-02-07T14:35:26-05:00[America/New_York],Yes,2021-02-07,52510,Sunday
1802,<A>,61,2021-02-07T14:35:26-05:00[America/New_York],2021-02-07T14:36:27-05:00[America/New_York],Yes,2021-02-07,52526,Sunday
1802,B,19,2021-02-07T14:36:27-05:00[America/New_York],2021-02-07T14:36:46-05:00[America/New_York],Yes,2021-02-07,52587,Sunday
1802,<A>,89,2021-02-07T14:36:46-05:00[America/New_York],2021-02-07T14:38:15-05:00[America/New_York],NA,2021-02-07,52606,Sunday
1802,B,15,2021-02-07T14:38:15-05:00[America/New_York],2021-02-07T14:38:30-05:00[America/New_York],Yes,2021-02-07,52695,Sunday
1802,<A>,70,2021-02-07T14:38:30-05:00[America/New_York],2021-02-07T14:39:40-05:00[America/New_York],Yes,2021-02-07,52710,Sunday
1802,B,16,2021-02-07T14:39:40-05:00[America/New_York],2021-02-07T14:39:56-05:00[America/New_York],Yes,2021-02-07,52780,Sunday
1802,<A>,33,2021-02-07T14:39:56-05:00[America/New_York],2021-02-07T14:40:29-05:00[America/New_York],Yes,2021-02-07,52796,Sunday
1802,B,18,2021-02-07T14:40:29-05:00[America/New_York],2021-02-07T14:40:47-05:00[America/New_York],Yes,2021-02-07,52829,Sunday
1802,<A>,34,2021-02-07T14:40:47-05:00[America/New_York],2021-02-07T14:41:21-05:00[America/New_York],Yes,2021-02-07,52847,Sunday
1802,B,14,2021-02-07T14:41:21-05:00[America/New_York],2021-02-07T14:41:35-05:00[America/New_York],Yes,2021-02-07,52881,Sunday
1802,<A>,30,2021-02-07T14:41:35-05:00[America/New_York],2021-02-07T14:42:05-05:00[America/New_York],Yes,2021-02-07,52895,Sunday
1802,B,15,2021-02-07T14:42:05-05:00[America/New_York],2021-02-07T14:42:20-05:00[America/New_York],Yes,2021-02-07,52925,Sunday
1802,<A>,28,2021-02-07T14:42:20-05:00[America/New_York],2021-02-07T14:42:48-05:00[America/New_York],Yes,2021-02-07,52940,Sunday
1802,B,17,2021-02-07T14:42:48-05:00[America/New_York],2021-02-07T14:43:05-05:00[America/New_York],Yes,2021-02-07,52968,Sunday
1802,<A>,52,2021-02-07T14:43:05-05:00[America/New_York],2021-02-07T14:43:57-05:00[America/New_York],Yes,2021-02-07,52985,Sunday
1802,B,18,2021-02-07T14:43:57-05:00[America/New_York],2021-02-07T14:44:15-05:00[America/New_York],Yes,2021-02-07,53037,Sunday
1802,<A>,91,2021-02-07T14:44:15-05:00[America/New_York],2021-02-07T14:45:46-05:00[America/New_York],NA,2021-02-07,53055,Sunday
1802,B,16,2021-02-07T14:45:46-05:00[America/New_York],2021-02-07T14:46:02-05:00[America/New_York],Yes,2021-02-07,53146,Sunday
1802,<A>,32,2021-02-07T14:46:02-05:00[America/New_York],2021-02-07T14:46:34-05:00[America/New_York],Yes,2021-02-07,53162,Sunday
1802,B,16,2021-02-07T14:46:34-05:00[America/New_York],2021-02-07T14:46:50-05:00[America/New_York],Yes,2021-02-07,53194,Sunday
1802,<A>,46,2021-02-07T14:46:50-05:00[America/New_York],2021-02-07T14:47:36-05:00[America/New_York],Yes,2021-02-07,53210,Sunday
1802,B,15,2021-02-07T14:47:36-05:00[America/New_York],2021-02-07T14:47:51-05:00[America/New_York],Yes,2021-02-07,53256,Sunday
1802,<A>,36,2021-02-07T14:47:51-05:00[America/New_York],2021-02-07T14:48:27-05:00[America/New_York],Yes,2021-02-07,53271,Sunday
1802,B,15,2021-02-07T14:48:27-05:00[America/New_York],2021-02-07T14:48:42-05:00[America/New_York],Yes,2021-02-07,53307,Sunday
1802,<A>,26,2021-02-07T14:48:42-05:00[America/New_York],2021-02-07T14:49:08-05:00[America/New_York],Yes,2021-02-07,53322,Sunday
1802,B,18,2021-02-07T14:49:08-05:00[America/New_York],2021-02-07T14:49:26-05:00[America/New_York],Yes,2021-02-07,53348,Sunday
1802,<A>,85,2021-02-07T14:49:26-05:00[America/New_York],2021-02-07T14:50:51-05:00[America/New_York],NA,2021-02-07,53366,Sunday
1802,B,14,2021-02-07T14:50:51-05:00[America/New_York],2021-02-07T14:51:05-05:00[America/New_York],Yes,2021-02-07,53451,Sunday
1802,<A>,28,2021-02-07T14:51:05-05:00[America/New_York],2021-02-07T14:51:33-05:00[America/New_York],Yes,2021-02-07,53465,Sunday
1802,B,15,2021-02-07T14:51:33-05:00[America/New_York],2021-02-07T14:51:48-05:00[America/New_York],Yes,2021-02-07,53493,Sunday
1802,<A>,40,2021-02-07T14:51:48-05:00[America/New_York],2021-02-07T14:52:28-05:00[America/New_York],Yes,2021-02-07,53508,Sunday
1802,B,15,2021-02-07T14:52:28-05:00[America/New_York],2021-02-07T14:52:43-05:00[America/New_York],Yes,2021-02-07,53548,Sunday
1802,<A>,39,2021-02-07T14:52:43-05:00[America/New_York],2021-02-07T14:53:22-05:00[America/New_York],Yes,2021-02-07,53563,Sunday
1802,B,15,2021-02-07T14:53:22-05:00[America/New_York],2021-02-07T14:53:37-05:00[America/New_York],Yes,2021-02-07,53602,Sunday
1802,<A>,29,2021-02-07T14:53:37-05:00[America/New_York],2021-02-07T14:54:06-05:00[America/New_York],Yes,2021-02-07,53617,Sunday
1802,B,16,2021-02-07T14:54:06-05:00[America/New_York],2021-02-07T14:54:22-05:00[America/New_York],Yes,2021-02-07,53646,Sunday
1802,<A>,107,2021-02-07T14:54:22-05:00[America/New_York],2021-02-07T14:56:09-05:00[America/New_York],Yes,2021-02-07,53662,Sunday
1802,B,22,2021-02-07T14:56:09-05:00[America/New_York],2021-02-07T14:56:31-05:00[America/New_York],NA,2021-02-07,53769,Sunday
1802,<A>,40,2021-02-07T14:56:31-05:00[America/New_York],2021-02-07T14:57:11-05:00[America/New_York],Yes,2021-02-07,53791,Sunday
1802,B,15,2021-02-07T14:57:11-05:00[America/New_York],2021-02-07T14:57:26-05:00[America/New_York],NA,2021-02-07,53831,Sunday
1802,<A>,73,2021-02-07T14:57:26-05:00[America/New_York],2021-02-07T14:58:39-05:00[America/New_York],Yes,2021-02-07,53846,Sunday
1802,B,14,2021-02-07T14:58:39-05:00[America/New_York],2021-02-07T14:58:53-05:00[America/New_York],Yes,2021-02-07,53919,Sunday
1802,<A>,30,2021-02-07T14:58:53-05:00[America/New_York],2021-02-07T14:59:23-05:00[America/New_York],Yes,2021-02-07,53933,Sunday
1802,B,16,2021-02-07T14:59:23-05:00[America/New_York],2021-02-07T14:59:39-05:00[America/New_York],NA,2021-02-07,53963,Sunday
1802,<A>,31,2021-02-07T14:59:39-05:00[America/New_York],2021-02-07T15:00:10-05:00[America/New_York],Yes,2021-02-07,53979,Sunday
1802,B,14,2021-02-07T15:00:10-05:00[America/New_York],2021-02-07T15:00:24-05:00[America/New_York],Yes,2021-02-07,54010,Sunday
1802,<A>,33,2021-02-07T15:00:24-05:00[America/New_York],2021-02-07T15:00:57-05:00[America/New_York],Yes,2021-02-07,54024,Sunday
1802,B,18,2021-02-07T15:00:57-05:00[America/New_York],2021-02-07T15:01:15-05:00[America/New_York],NA,2021-02-07,54057,Sunday
1802,<A>,27,2021-02-07T15:01:15-05:00[America/New_York],2021-02-07T15:01:42-05:00[America/New_York],Yes,2021-02-07,54075,Sunday
1802,B,15,2021-02-07T15:01:42-05:00[America/New_York],2021-02-07T15:01:57-05:00[America/New_York],Yes,2021-02-07,54102,Sunday
1802,<A>,27,2021-02-07T15:01:57-05:00[America/New_York],2021-02-07T15:02:24-05:00[America/New_York],Yes,2021-02-07,54117,Sunday
1802,B,19,2021-02-07T15:02:24-05:00[America/New_York],2021-02-07T15:02:43-05:00[America/New_York],Yes,2021-02-07,54144,Sunday
1802,<A>,57,2021-02-07T15:02:43-05:00[America/New_York],2021-02-07T15:03:40-05:00[America/New_York],Yes,2021-02-07,54163,Sunday
1802,B,14,2021-02-07T15:03:40-05:00[America/New_York],2021-02-07T15:03:54-05:00[America/New_York],Yes,2021-02-07,54220,Sunday
1802,<A>,27,2021-02-07T15:03:54-05:00[America/New_York],2021-02-07T15:04:21-05:00[America/New_York],Yes,2021-02-07,54234,Sunday
1802,B,14,2021-02-07T15:04:21-05:00[America/New_York],2021-02-07T15:04:35-05:00[America/New_York],Yes,2021-02-07,54261,Sunday
1802,<A>,32,2021-02-07T15:04:35-05:00[America/New_York],2021-02-07T15:05:07-05:00[America/New_York],Yes,2021-02-07,54275,Sunday
1802,B,15,2021-02-07T15:05:07-05:00[America/New_York],2021-02-07T15:05:22-05:00[America/New_York],Yes,2021-02-07,54307,Sunday
1802,<A>,36,2021-02-07T15:05:22-05:00[America/New_York],2021-02-07T15:05:58-05:00[America/New_York],Yes,2021-02-07,54322,Sunday
1802,B,15,2021-02-07T15:05:58-05:00[America/New_York],2021-02-07T15:06:13-05:00[America/New_York],Yes,2021-02-07,54358,Sunday
1802,<A>,31,2021-02-07T15:06:13-05:00[America/New_York],2021-02-07T15:06:44-05:00[America/New_York],Yes,2021-02-07,54373,Sunday
1802,B,15,2021-02-07T15:06:44-05:00[America/New_York],2021-02-07T15:06:59-05:00[America/New_York],Yes,2021-02-07,54404,Sunday
1802,<A>,42,2021-02-07T15:06:59-05:00[America/New_York],2021-02-07T15:07:41-05:00[America/New_York],Yes,2021-02-07,54419,Sunday
1802,B,15,2021-02-07T15:07:41-05:00[America/New_York],2021-02-07T15:07:56-05:00[America/New_York],Yes,2021-02-07,54461,Sunday
1802,<A>,109,2021-02-07T15:07:56-05:00[America/New_York],2021-02-07T15:09:45-05:00[America/New_York],NA,2021-02-07,54476,Sunday
1802,B,14,2021-02-07T15:09:45-05:00[America/New_York],2021-02-07T15:09:59-05:00[America/New_York],Yes,2021-02-07,54585,Sunday
1802,<A>,79,2021-02-07T15:09:59-05:00[America/New_York],2021-02-07T15:11:18-05:00[America/New_York],Yes,2021-02-07,54599,Sunday
1802,B,15,2021-02-07T15:11:18-05:00[America/New_York],2021-02-07T15:11:33-05:00[America/New_York],Yes,2021-02-07,54678,Sunday
1802,<A>,37,2021-02-07T15:11:33-05:00[America/New_York],2021-02-07T15:12:10-05:00[America/New_York],Yes,2021-02-07,54693,Sunday
1802,B,14,2021-02-07T15:12:10-05:00[America/New_York],2021-02-07T15:12:24-05:00[America/New_York],Yes,2021-02-07,54730,Sunday
1802,<A>,94,2021-02-07T15:12:24-05:00[America/New_York],2021-02-07T15:13:58-05:00[America/New_York],NA,2021-02-07,54744,Sunday
1802,B,14,2021-02-07T15:13:58-05:00[America/New_York],2021-02-07T15:14:12-05:00[America/New_York],Yes,2021-02-07,54838,Sunday
1802,<A>,129,2021-02-07T15:14:12-05:00[America/New_York],2021-02-07T15:16:21-05:00[America/New_York],Yes,2021-02-07,54852,Sunday
1802,B,14,2021-02-07T15:16:21-05:00[America/New_York],2021-02-07T15:16:35-05:00[America/New_York],Yes,2021-02-07,54981,Sunday
1802,<A>,35,2021-02-07T15:16:35-05:00[America/New_York],2021-02-07T15:17:10-05:00[America/New_York],Yes,2021-02-07,54995,Sunday
1802,B,19,2021-02-07T15:17:10-05:00[America/New_York],2021-02-07T15:17:29-05:00[America/New_York],Yes,2021-02-07,55030,Sunday
1802,<A>,70,2021-02-07T15:17:29-05:00[America/New_York],2021-02-07T15:18:39-05:00[America/New_York],NA,2021-02-07,55049,Sunday
1802,B,14,2021-02-07T15:18:39-05:00[America/New_York],2021-02-07T15:18:53-05:00[America/New_York],Yes,2021-02-07,55119,Sunday
1802,<A>,38,2021-02-07T15:18:53-05:00[America/New_York],2021-02-07T15:19:31-05:00[America/New_York],Yes,2021-02-07,55133,Sunday
1802,B,18,2021-02-07T15:19:31-05:00[America/New_York],2021-02-07T15:19:49-05:00[America/New_York],Yes,2021-02-07,55171,Sunday
1802,<A>,30,2021-02-07T15:19:49-05:00[America/New_York],2021-02-07T15:20:19-05:00[America/New_York],Yes,2021-02-07,55189,Sunday
1802,B,15,2021-02-07T15:20:19-05:00[America/New_York],2021-02-07T15:20:34-05:00[America/New_York],Yes,2021-02-07,55219,Sunday
1802,<A>,73,2021-02-07T15:20:34-05:00[America/New_York],2021-02-07T15:21:47-05:00[America/New_York],NA,2021-02-07,55234,Sunday
1802,B,14,2021-02-07T15:21:47-05:00[America/New_York],2021-02-07T15:22:01-05:00[America/New_York],Yes,2021-02-07,55307,Sunday
1802,<A>,71,2021-02-07T15:22:01-05:00[America/New_York],2021-02-07T15:23:12-05:00[America/New_York],Yes,2021-02-07,55321,Sunday
1802,B,15,2021-02-07T15:23:12-05:00[America/New_York],2021-02-07T15:23:27-05:00[America/New_York],Yes,2021-02-07,55392,Sunday
1802,<A>,53,2021-02-07T15:23:27-05:00[America/New_York],2021-02-07T15:24:20-05:00[America/New_York],Yes,2021-02-07,55407,Sunday
1802,B,14,2021-02-07T15:24:20-05:00[America/New_York],2021-02-07T15:24:34-05:00[America/New_York],Yes,2021-02-07,55460,Sunday
1802,<A>,82,2021-02-07T15:24:34-05:00[America/New_York],2021-02-07T15:25:56-05:00[America/New_York],NA,2021-02-07,55474,Sunday
1802,B,14,2021-02-07T15:25:56-05:00[America/New_York],2021-02-07T15:26:10-05:00[America/New_York],Yes,2021-02-07,55556,Sunday
1802,<A>,77,2021-02-07T15:26:10-05:00[America/New_York],2021-02-07T15:27:27-05:00[America/New_York],Yes,2021-02-07,55570,Sunday
1802,B,14,2021-02-07T15:27:27-05:00[America/New_York],2021-02-07T15:27:41-05:00[America/New_York],Yes,2021-02-07,55647,Sunday
1802,<A>,86,2021-02-07T15:27:41-05:00[America/New_York],2021-02-07T15:29:07-05:00[America/New_York],NA,2021-02-07,55661,Sunday
1802,B,14,2021-02-07T15:29:07-05:00[America/New_York],2021-02-07T15:29:21-05:00[America/New_York],Yes,2021-02-07,55747,Sunday
1802,<A>,154,2021-02-07T15:29:21-05:00[America/New_York],2021-02-07T15:31:55-05:00[America/New_York],Yes,2021-02-07,55761,Sunday
1802,B,14,2021-02-07T15:31:55-05:00[America/New_York],2021-02-07T15:32:09-05:00[America/New_York],Yes,2021-02-07,55915,Sunday
1802,<A>,99,2021-02-07T15:32:09-05:00[America/New_York],2021-02-07T15:33:48-05:00[America/New_York],NA,2021-02-07,55929,Sunday
1802,B,14,2021-02-07T15:33:48-05:00[America/New_York],2021-02-07T15:34:02-05:00[America/New_York],Yes,2021-02-07,56028,Sunday
1802,<A>,66,2021-02-07T15:34:02-05:00[America/New_York],2021-02-07T15:35:08-05:00[America/New_York],Yes,2021-02-07,56042,Sunday
1802,B,14,2021-02-07T15:35:08-05:00[America/New_York],2021-02-07T15:35:22-05:00[America/New_York],Yes,2021-02-07,56108,Sunday
1802,<A>,35,2021-02-07T15:35:22-05:00[America/New_York],2021-02-07T15:35:57-05:00[America/New_York],Yes,2021-02-07,56122,Sunday
1802,B,15,2021-02-07T15:35:57-05:00[America/New_York],2021-02-07T15:36:12-05:00[America/New_York],Yes,2021-02-07,56157,Sunday
1802,<A>,32,2021-02-07T15:36:12-05:00[America/New_York],2021-02-07T15:36:44-05:00[America/New_York],Yes,2021-02-07,56172,Sunday
1802,B,15,2021-02-07T15:36:44-05:00[America/New_York],2021-02-07T15:36:59-05:00[America/New_York],Yes,2021-02-07,56204,Sunday
1802,<A>,27,2021-02-07T15:36:59-05:00[America/New_York],2021-02-07T15:37:26-05:00[America/New_York],Yes,2021-02-07,56219,Sunday
1802,B,16,2021-02-07T15:37:26-05:00[America/New_York],2021-02-07T15:37:42-05:00[America/New_York],Yes,2021-02-07,56246,Sunday
1802,<A>,81,2021-02-07T15:37:42-05:00[America/New_York],2021-02-07T15:39:03-05:00[America/New_York],NA,2021-02-07,56262,Sunday
1802,B,16,2021-02-07T15:39:03-05:00[America/New_York],2021-02-07T15:39:19-05:00[America/New_York],Yes,2021-02-07,56343,Sunday
1802,<A>,46,2021-02-07T15:39:19-05:00[America/New_York],2021-02-07T15:40:05-05:00[America/New_York],Yes,2021-02-07,56359,Sunday
1802,B,14,2021-02-07T15:40:05-05:00[America/New_York],2021-02-07T15:40:19-05:00[America/New_York],Yes,2021-02-07,56405,Sunday
1802,<A>,47,2021-02-07T15:40:19-05:00[America/New_York],2021-02-07T15:41:06-05:00[America/New_York],Yes,2021-02-07,56419,Sunday
1802,B,15,2021-02-07T15:41:06-05:00[America/New_York],2021-02-07T15:41:21-05:00[America/New_York],Yes,2021-02-07,56466,Sunday
1802,<A>,27,2021-02-07T15:41:21-05:00[America/New_York],2021-02-07T15:41:48-05:00[America/New_York],Yes,2021-02-07,56481,Sunday
1802,B,15,2021-02-07T15:41:48-05:00[America/New_York],2021-02-07T15:42:03-05:00[America/New_York],Yes,2021-02-07,56508,Sunday
1802,<A>,59,2021-02-07T15:42:03-05:00[America/New_York],2021-02-07T15:43:02-05:00[America/New_York],Yes,2021-02-07,56523,Sunday
1802,B,14,2021-02-07T15:43:02-05:00[America/New_York],2021-02-07T15:43:16-05:00[America/New_York],Yes,2021-02-07,56582,Sunday
1802,<A>,71,2021-02-07T15:43:16-05:00[America/New_York],2021-02-07T15:44:27-05:00[America/New_York],Yes,2021-02-07,56596,Sunday
1802,B,14,2021-02-07T15:44:27-05:00[America/New_York],2021-02-07T15:44:41-05:00[America/New_York],Yes,2021-02-07,56667,Sunday
1802,<A>,46,2021-02-07T15:44:41-05:00[America/New_York],2021-02-07T15:45:27-05:00[America/New_York],Yes,2021-02-07,56681,Sunday
1802,B,14,2021-02-07T15:45:27-05:00[America/New_York],2021-02-07T15:45:41-05:00[America/New_York],Yes,2021-02-07,56727,Sunday
1802,<A>,27,2021-02-07T15:45:41-05:00[America/New_York],2021-02-07T15:46:08-05:00[America/New_York],Yes,2021-02-07,56741,Sunday
1802,B,14,2021-02-07T15:46:08-05:00[America/New_York],2021-02-07T15:46:22-05:00[America/New_York],Yes,2021-02-07,56768,Sunday
1802,<A>,154,2021-02-07T15:46:22-05:00[America/New_York],2021-02-07T15:48:56-05:00[America/New_York],Yes,2021-02-07,56782,Sunday
1802,B,14,2021-02-07T15:48:56-05:00[America/New_York],2021-02-07T15:49:10-05:00[America/New_York],Yes,2021-02-07,56936,Sunday
1802,<A>,207,2021-02-07T15:49:10-05:00[America/New_York],2021-02-07T15:52:37-05:00[America/New_York],Yes,2021-02-07,56950,Sunday
1802,B,17,2021-02-07T15:52:37-05:00[America/New_York],2021-02-07T15:52:54-05:00[America/New_York],Yes,2021-02-07,57157,Sunday
1802,<A>,70,2021-02-07T15:52:54-05:00[America/New_York],2021-02-07T15:54:04-05:00[America/New_York],NA,2021-02-07,57174,Sunday
1802,B,14,2021-02-07T15:54:04-05:00[America/New_York],2021-02-07T15:54:18-05:00[America/New_York],NA,2021-02-07,57244,Sunday
1802,<A>,35,2021-02-07T15:54:18-05:00[America/New_York],2021-02-07T15:54:53-05:00[America/New_York],Yes,2021-02-07,57258,Sunday
1802,B,14,2021-02-07T15:54:53-05:00[America/New_York],2021-02-07T15:55:07-05:00[America/New_York],NA,2021-02-07,57293,Sunday
1802,<A>,26,2021-02-07T15:55:07-05:00[America/New_York],2021-02-07T15:55:33-05:00[America/New_York],Yes,2021-02-07,57307,Sunday
1802,B,15,2021-02-07T15:55:33-05:00[America/New_York],2021-02-07T15:55:48-05:00[America/New_York],NA,2021-02-07,57333,Sunday
1802,<A>,33,2021-02-07T15:55:48-05:00[America/New_York],2021-02-07T15:56:21-05:00[America/New_York],Yes,2021-02-07,57348,Sunday
1802,B,16,2021-02-07T15:56:21-05:00[America/New_York],2021-02-07T15:56:37-05:00[America/New_York],NA,2021-02-07,57381,Sunday
1802,<A>,26,2021-02-07T15:56:37-05:00[America/New_York],2021-02-07T15:57:03-05:00[America/New_York],Yes,2021-02-07,57397,Sunday
1802,B,14,2021-02-07T15:57:03-05:00[America/New_York],2021-02-07T15:57:17-05:00[America/New_York],Yes,2021-02-07,57423,Sunday
1802,<A>,72,2021-02-07T15:57:17-05:00[America/New_York],2021-02-07T15:58:29-05:00[America/New_York],Yes,2021-02-07,57437,Sunday
1802,B,14,2021-02-07T15:58:29-05:00[America/New_York],2021-02-07T15:58:43-05:00[America/New_York],Yes,2021-02-07,57509,Sunday
1802,<A>,150,2021-02-07T15:58:43-05:00[America/New_York],2021-02-07T16:01:13-05:00[America/New_York],Yes,2021-02-07,57523,Sunday
1802,B,17,2021-02-07T16:01:13-05:00[America/New_York],2021-02-07T16:01:30-05:00[America/New_York],Yes,2021-02-07,57673,Sunday
1802,<A>,311,2021-02-07T16:01:30-05:00[America/New_York],2021-02-07T16:06:41-05:00[America/New_York],Yes,2021-02-07,57690,Sunday
1802,B,14,2021-02-07T16:06:41-05:00[America/New_York],2021-02-07T16:06:55-05:00[America/New_York],Yes,2021-02-07,58001,Sunday
1802,<A>,29,2021-02-07T16:06:55-05:00[America/New_York],2021-02-07T16:07:24-05:00[America/New_York],Yes,2021-02-07,58015,Sunday
1802,B,14,2021-02-07T16:07:24-05:00[America/New_York],2021-02-07T16:07:38-05:00[America/New_York],Yes,2021-02-07,58044,Sunday
1802,<A>,38,2021-02-07T16:07:38-05:00[America/New_York],2021-02-07T16:08:16-05:00[America/New_York],Yes,2021-02-07,58058,Sunday
1802,B,14,2021-02-07T16:08:16-05:00[America/New_York],2021-02-07T16:08:30-05:00[America/New_York],Yes,2021-02-07,58096,Sunday
1802,<A>,98,2021-02-07T16:08:30-05:00[America/New_York],2021-02-07T16:10:08-05:00[America/New_York],NA,2021-02-07,58110,Sunday
1802,B,14,2021-02-07T16:10:08-05:00[America/New_York],2021-02-07T16:10:22-05:00[America/New_York],Yes,2021-02-07,58208,Sunday
1802,<A>,28,2021-02-07T16:10:22-05:00[America/New_York],2021-02-07T16:10:50-05:00[America/New_York],Yes,2021-02-07,58222,Sunday
1802,B,16,2021-02-07T16:10:50-05:00[America/New_York],2021-02-07T16:11:06-05:00[America/New_York],Yes,2021-02-07,58250,Sunday
1802,<A>,39,2021-02-07T16:11:06-05:00[America/New_York],2021-02-07T16:11:45-05:00[America/New_York],Yes,2021-02-07,58266,Sunday
1802,B,14,2021-02-07T16:11:45-05:00[America/New_York],2021-02-07T16:11:59-05:00[America/New_York],Yes,2021-02-07,58305,Sunday
1802,<A>,32,2021-02-07T16:11:59-05:00[America/New_York],2021-02-07T16:12:31-05:00[America/New_York],Yes,2021-02-07,58319,Sunday
1802,B,14,2021-02-07T16:12:31-05:00[America/New_York],2021-02-07T16:12:45-05:00[America/New_York],Yes,2021-02-07,58351,Sunday
1802,<A>,30,2021-02-07T16:12:45-05:00[America/New_York],2021-02-07T16:13:15-05:00[America/New_York],Yes,2021-02-07,58365,Sunday
1802,B,19,2021-02-07T16:13:15-05:00[America/New_York],2021-02-07T16:13:34-05:00[America/New_York],Yes,2021-02-07,58395,Sunday
1802,<A>,26,2021-02-07T16:13:34-05:00[America/New_York],2021-02-07T16:14:00-05:00[America/New_York],Yes,2021-02-07,58414,Sunday
1802,B,15,2021-02-07T16:14:00-05:00[America/New_York],2021-02-07T16:14:15-05:00[America/New_York],Yes,2021-02-07,58440,Sunday
1802,<A>,31,2021-02-07T16:14:15-05:00[America/New_York],2021-02-07T16:14:46-05:00[America/New_York],Yes,2021-02-07,58455,Sunday
1802,B,15,2021-02-07T16:14:46-05:00[America/New_York],2021-02-07T16:15:01-05:00[America/New_York],Yes,2021-02-07,58486,Sunday
1802,<A>,71,2021-02-07T16:15:01-05:00[America/New_York],2021-02-07T16:16:12-05:00[America/New_York],NA,2021-02-07,58501,Sunday
1802,B,15,2021-02-07T16:16:12-05:00[America/New_York],2021-02-07T16:16:27-05:00[America/New_York],Yes,2021-02-07,58572,Sunday
1802,<A>,56,2021-02-07T16:16:27-05:00[America/New_York],2021-02-07T16:17:23-05:00[America/New_York],Yes,2021-02-07,58587,Sunday
1802,B,14,2021-02-07T16:17:23-05:00[America/New_York],2021-02-07T16:17:37-05:00[America/New_York],Yes,2021-02-07,58643,Sunday
1802,<A>,59,2021-02-07T16:17:37-05:00[America/New_York],2021-02-07T16:18:36-05:00[America/New_York],Yes,2021-02-07,58657,Sunday
1802,B,16,2021-02-07T16:18:36-05:00[America/New_York],2021-02-07T16:18:52-05:00[America/New_York],Yes,2021-02-07,58716,Sunday
1802,<A>,26,2021-02-07T16:18:52-05:00[America/New_York],2021-02-07T16:19:18-05:00[America/New_York],Yes,2021-02-07,58732,Sunday
1802,B,15,2021-02-07T16:19:18-05:00[America/New_York],2021-02-07T16:19:33-05:00[America/New_York],Yes,2021-02-07,58758,Sunday
1802,<A>,72,2021-02-07T16:19:33-05:00[America/New_York],2021-02-07T16:20:45-05:00[America/New_York],NA,2021-02-07,58773,Sunday
1802,B,21,2021-02-07T16:20:45-05:00[America/New_York],2021-02-07T16:21:06-05:00[America/New_York],Yes,2021-02-07,58845,Sunday
1802,<A>,64,2021-02-07T16:21:06-05:00[America/New_York],2021-02-07T16:22:10-05:00[America/New_York],Yes,2021-02-07,58866,Sunday
1802,B,14,2021-02-07T16:22:10-05:00[America/New_York],2021-02-07T16:22:24-05:00[America/New_York],Yes,2021-02-07,58930,Sunday
1802,<A>,27,2021-02-07T16:22:24-05:00[America/New_York],2021-02-07T16:22:51-05:00[America/New_York],Yes,2021-02-07,58944,Sunday
1802,B,14,2021-02-07T16:22:51-05:00[America/New_York],2021-02-07T16:23:05-05:00[America/New_York],Yes,2021-02-07,58971,Sunday
1802,<A>,28,2021-02-07T16:23:05-05:00[America/New_York],2021-02-07T16:23:33-05:00[America/New_York],Yes,2021-02-07,58985,Sunday
1802,B,17,2021-02-07T16:23:33-05:00[America/New_York],2021-02-07T16:23:50-05:00[America/New_York],Yes,2021-02-07,59013,Sunday
1802,<A>,46,2021-02-07T16:23:50-05:00[America/New_York],2021-02-07T16:24:36-05:00[America/New_York],Yes,2021-02-07,59030,Sunday
1802,B,15,2021-02-07T16:24:36-05:00[America/New_York],2021-02-07T16:24:51-05:00[America/New_York],Yes,2021-02-07,59076,Sunday
1802,<A>,46,2021-02-07T16:24:51-05:00[America/New_York],2021-02-07T16:25:37-05:00[America/New_York],Yes,2021-02-07,59091,Sunday
1802,B,14,2021-02-07T16:25:37-05:00[America/New_York],2021-02-07T16:25:51-05:00[America/New_York],Yes,2021-02-07,59137,Sunday
1802,<A>,27,2021-02-07T16:25:51-05:00[America/New_York],2021-02-07T16:26:18-05:00[America/New_York],Yes,2021-02-07,59151,Sunday
1802,B,15,2021-02-07T16:26:18-05:00[America/New_York],2021-02-07T16:26:33-05:00[America/New_York],Yes,2021-02-07,59178,Sunday
1802,<A>,145,2021-02-07T16:26:33-05:00[America/New_York],2021-02-07T16:28:58-05:00[America/New_York],Yes,2021-02-07,59193,Sunday
1802,B,16,2021-02-07T16:28:58-05:00[America/New_York],2021-02-07T16:29:14-05:00[America/New_York],Yes,2021-02-07,59338,Sunday
1802,<A>,40,2021-02-07T16:29:14-05:00[America/New_York],2021-02-07T16:29:54-05:00[America/New_York],Yes,2021-02-07,59354,Sunday
1802,B,18,2021-02-07T16:29:54-05:00[America/New_York],2021-02-07T16:30:12-05:00[America/New_York],Yes,2021-02-07,59394,Sunday
1802,<A>,26,2021-02-07T16:30:12-05:00[America/New_York],2021-02-07T16:30:38-05:00[America/New_York],Yes,2021-02-07,59412,Sunday
1802,B,15,2021-02-07T16:30:38-05:00[America/New_York],2021-02-07T16:30:53-05:00[America/New_York],Yes,2021-02-07,59438,Sunday
1802,<A>,46,2021-02-07T16:30:53-05:00[America/New_York],2021-02-07T16:31:39-05:00[America/New_York],Yes,2021-02-07,59453,Sunday
1802,B,14,2021-02-07T16:31:39-05:00[America/New_York],2021-02-07T16:31:53-05:00[America/New_York],Yes,2021-02-07,59499,Sunday
1802,<A>,31,2021-02-07T16:31:53-05:00[America/New_York],2021-02-07T16:32:24-05:00[America/New_York],Yes,2021-02-07,59513,Sunday
1802,B,15,2021-02-07T16:32:24-05:00[America/New_York],2021-02-07T16:32:39-05:00[America/New_York],Yes,2021-02-07,59544,Sunday
1802,<A>,26,2021-02-07T16:32:39-05:00[America/New_York],2021-02-07T16:33:05-05:00[America/New_York],Yes,2021-02-07,59559,Sunday
1802,B,18,2021-02-07T16:33:05-05:00[America/New_York],2021-02-07T16:33:23-05:00[America/New_York],Yes,2021-02-07,59585,Sunday
1802,<A>,30,2021-02-07T16:33:23-05:00[America/New_York],2021-02-07T16:33:53-05:00[America/New_York],Yes,2021-02-07,59603,Sunday
1802,B,17,2021-02-07T16:33:53-05:00[America/New_York],2021-02-07T16:34:10-05:00[America/New_York],Yes,2021-02-07,59633,Sunday
1802,<A>,43,2021-02-07T16:34:10-05:00[America/New_York],2021-02-07T16:34:53-05:00[America/New_York],Yes,2021-02-07,59650,Sunday
1802,B,14,2021-02-07T16:34:53-05:00[America/New_York],2021-02-07T16:35:07-05:00[America/New_York],Yes,2021-02-07,59693,Sunday
1802,<A>,37,2021-02-07T16:35:07-05:00[America/New_York],2021-02-07T16:35:44-05:00[America/New_York],Yes,2021-02-07,59707,Sunday
1802,B,16,2021-02-07T16:35:44-05:00[America/New_York],2021-02-07T16:36:00-05:00[America/New_York],Yes,2021-02-07,59744,Sunday
1802,<A>,27,2021-02-07T16:36:00-05:00[America/New_York],2021-02-07T16:36:27-05:00[America/New_York],Yes,2021-02-07,59760,Sunday
1802,B,14,2021-02-07T16:36:27-05:00[America/New_York],2021-02-07T16:36:41-05:00[America/New_York],Yes,2021-02-07,59787,Sunday
1802,<A>,45,2021-02-07T16:36:41-05:00[America/New_York],2021-02-07T16:37:26-05:00[America/New_York],Yes,2021-02-07,59801,Sunday
1802,B,14,2021-02-07T16:37:26-05:00[America/New_York],2021-02-07T16:37:40-05:00[America/New_York],Yes,2021-02-07,59846,Sunday
1802,<A>,26,2021-02-07T16:37:40-05:00[America/New_York],2021-02-07T16:38:06-05:00[America/New_York],Yes,2021-02-07,59860,Sunday
1802,B,15,2021-02-07T16:38:06-05:00[America/New_York],2021-02-07T16:38:21-05:00[America/New_York],Yes,2021-02-07,59886,Sunday
1802,<A>,28,2021-02-07T16:38:21-05:00[America/New_York],2021-02-07T16:38:49-05:00[America/New_York],Yes,2021-02-07,59901,Sunday
1802,B,14,2021-02-07T16:38:49-05:00[America/New_York],2021-02-07T16:39:03-05:00[America/New_York],Yes,2021-02-07,59929,Sunday
1802,<A>,32,2021-02-07T16:39:03-05:00[America/New_York],2021-02-07T16:39:35-05:00[America/New_York],Yes,2021-02-07,59943,Sunday
1802,B,14,2021-02-07T16:39:35-05:00[America/New_York],2021-02-07T16:39:49-05:00[America/New_York],Yes,2021-02-07,59975,Sunday
1802,<A>,30,2021-02-07T16:39:49-05:00[America/New_York],2021-02-07T16:40:19-05:00[America/New_York],Yes,2021-02-07,59989,Sunday
1802,B,14,2021-02-07T16:40:19-05:00[America/New_York],2021-02-07T16:40:33-05:00[America/New_York],Yes,2021-02-07,60019,Sunday
1802,<A>,35,2021-02-07T16:40:33-05:00[America/New_York],2021-02-07T16:41:08-05:00[America/New_York],Yes,2021-02-07,60033,Sunday
1802,B,15,2021-02-07T16:41:08-05:00[America/New_York],2021-02-07T16:41:23-05:00[America/New_York],Yes,2021-02-07,60068,Sunday
1802,<A>,26,2021-02-07T16:41:23-05:00[America/New_York],2021-02-07T16:41:49-05:00[America/New_York],Yes,2021-02-07,60083,Sunday
1802,B,15,2021-02-07T16:41:49-05:00[America/New_York],2021-02-07T16:42:04-05:00[America/New_York],Yes,2021-02-07,60109,Sunday
1802,<A>,26,2021-02-07T16:42:04-05:00[America/New_York],2021-02-07T16:42:30-05:00[America/New_York],Yes,2021-02-07,60124,Sunday
1802,B,14,2021-02-07T16:42:30-05:00[America/New_York],2021-02-07T16:42:44-05:00[America/New_York],Yes,2021-02-07,60150,Sunday
1802,<A>,39,2021-02-07T16:42:44-05:00[America/New_York],2021-02-07T16:43:23-05:00[America/New_York],Yes,2021-02-07,60164,Sunday
1802,B,14,2021-02-07T16:43:23-05:00[America/New_York],2021-02-07T16:43:37-05:00[America/New_York],Yes,2021-02-07,60203,Sunday
1802,<A>,99,2021-02-07T16:43:37-05:00[America/New_York],2021-02-07T16:45:16-05:00[America/New_York],NA,2021-02-07,60217,Sunday
1802,B,14,2021-02-07T16:45:16-05:00[America/New_York],2021-02-07T16:45:30-05:00[America/New_York],Yes,2021-02-07,60316,Sunday
1802,<A>,28,2021-02-07T16:45:30-05:00[America/New_York],2021-02-07T16:45:58-05:00[America/New_York],Yes,2021-02-07,60330,Sunday
1802,B,14,2021-02-07T16:45:58-05:00[America/New_York],2021-02-07T16:46:12-05:00[America/New_York],Yes,2021-02-07,60358,Sunday
1802,<A>,28,2021-02-07T16:46:12-05:00[America/New_York],2021-02-07T16:46:40-05:00[America/New_York],Yes,2021-02-07,60372,Sunday
1802,B,14,2021-02-07T16:46:40-05:00[America/New_York],2021-02-07T16:46:54-05:00[America/New_York],Yes,2021-02-07,60400,Sunday
1802,<A>,37,2021-02-07T16:46:54-05:00[America/New_York],2021-02-07T16:47:31-05:00[America/New_York],Yes,2021-02-07,60414,Sunday
1802,B,14,2021-02-07T16:47:31-05:00[America/New_York],2021-02-07T16:47:45-05:00[America/New_York],Yes,2021-02-07,60451,Sunday
1802,<A>,27,2021-02-07T16:47:45-05:00[America/New_York],2021-02-07T16:48:12-05:00[America/New_York],Yes,2021-02-07,60465,Sunday
1802,B,14,2021-02-07T16:48:12-05:00[America/New_York],2021-02-07T16:48:26-05:00[America/New_York],Yes,2021-02-07,60492,Sunday
1802,<A>,35,2021-02-07T16:48:26-05:00[America/New_York],2021-02-07T16:49:01-05:00[America/New_York],Yes,2021-02-07,60506,Sunday
1802,B,14,2021-02-07T16:49:01-05:00[America/New_York],2021-02-07T16:49:15-05:00[America/New_York],Yes,2021-02-07,60541,Sunday
1802,<A>,78,2021-02-07T16:49:15-05:00[America/New_York],2021-02-07T16:50:33-05:00[America/New_York],NA,2021-02-07,60555,Sunday
1802,B,14,2021-02-07T16:50:33-05:00[America/New_York],2021-02-07T16:50:47-05:00[America/New_York],Yes,2021-02-07,60633,Sunday
1802,<A>,168,2021-02-07T16:50:47-05:00[America/New_York],2021-02-07T16:53:35-05:00[America/New_York],NA,2021-02-07,60647,Sunday
1802,B,20,2021-02-07T16:53:35-05:00[America/New_York],2021-02-07T16:53:55-05:00[America/New_York],Yes,2021-02-07,60815,Sunday
1802,<A>,91,2021-02-07T16:53:55-05:00[America/New_York],2021-02-07T16:55:26-05:00[America/New_York],NA,2021-02-07,60835,Sunday
1802,B,14,2021-02-07T16:55:26-05:00[America/New_York],2021-02-07T16:55:40-05:00[America/New_York],Yes,2021-02-07,60926,Sunday
1802,<A>,90,2021-02-07T16:55:40-05:00[America/New_York],2021-02-07T16:57:10-05:00[America/New_York],NA,2021-02-07,60940,Sunday
1802,B,15,2021-02-07T16:57:10-05:00[America/New_York],2021-02-07T16:57:25-05:00[America/New_York],Yes,2021-02-07,61030,Sunday
1802,<A>,44,2021-02-07T16:57:25-05:00[America/New_York],2021-02-07T16:58:09-05:00[America/New_York],Yes,2021-02-07,61045,Sunday
1802,B,16,2021-02-07T16:58:09-05:00[America/New_York],2021-02-07T16:58:25-05:00[America/New_York],Yes,2021-02-07,61089,Sunday
1802,<A>,29,2021-02-07T16:58:25-05:00[America/New_York],2021-02-07T16:58:54-05:00[America/New_York],Yes,2021-02-07,61105,Sunday
1802,B,15,2021-02-07T16:58:54-05:00[America/New_York],2021-02-07T16:59:09-05:00[America/New_York],Yes,2021-02-07,61134,Sunday
1802,<A>,32,2021-02-07T16:59:09-05:00[America/New_York],2021-02-07T16:59:41-05:00[America/New_York],Yes,2021-02-07,61149,Sunday
1802,B,14,2021-02-07T16:59:41-05:00[America/New_York],2021-02-07T16:59:55-05:00[America/New_York],Yes,2021-02-07,61181,Sunday
1802,<A>,110,2021-02-07T16:59:55-05:00[America/New_York],2021-02-07T17:01:45-05:00[America/New_York],Yes,2021-02-07,61195,Sunday
1802,B,16,2021-02-07T17:01:45-05:00[America/New_York],2021-02-07T17:02:01-05:00[America/New_York],Yes,2021-02-07,61305,Sunday
1802,<A>,79,2021-02-07T17:02:01-05:00[America/New_York],2021-02-07T17:03:20-05:00[America/New_York],NA,2021-02-07,61321,Sunday
1802,B,14,2021-02-07T17:03:20-05:00[America/New_York],2021-02-07T17:03:34-05:00[America/New_York],Yes,2021-02-07,61400,Sunday
1802,<A>,26,2021-02-07T17:03:34-05:00[America/New_York],2021-02-07T17:04:00-05:00[America/New_York],Yes,2021-02-07,61414,Sunday
1802,B,15,2021-02-07T17:04:00-05:00[America/New_York],2021-02-07T17:04:15-05:00[America/New_York],NA,2021-02-07,61440,Sunday
1802,<A>,31,2021-02-07T17:04:15-05:00[America/New_York],2021-02-07T17:04:46-05:00[America/New_York],Yes,2021-02-07,61455,Sunday
1802,B,14,2021-02-07T17:04:46-05:00[America/New_York],2021-02-07T17:05:00-05:00[America/New_York],NA,2021-02-07,61486,Sunday
1802,<A>,27,2021-02-07T17:05:00-05:00[America/New_York],2021-02-07T17:05:27-05:00[America/New_York],Yes,2021-02-07,61500,Sunday
1802,B,14,2021-02-07T17:05:27-05:00[America/New_York],2021-02-07T17:05:41-05:00[America/New_York],Yes,2021-02-07,61527,Sunday
1802,<A>,55,2021-02-07T17:05:41-05:00[America/New_York],2021-02-07T17:06:36-05:00[America/New_York],Yes,2021-02-07,61541,Sunday
1802,B,14,2021-02-07T17:06:36-05:00[America/New_York],2021-02-07T17:06:50-05:00[America/New_York],Yes,2021-02-07,61596,Sunday
1802,<A>,27,2021-02-07T17:06:50-05:00[America/New_York],2021-02-07T17:07:17-05:00[America/New_York],Yes,2021-02-07,61610,Sunday
1802,B,18,2021-02-07T17:07:17-05:00[America/New_York],2021-02-07T17:07:35-05:00[America/New_York],NA,2021-02-07,61637,Sunday
1802,<A>,27,2021-02-07T17:07:35-05:00[America/New_York],2021-02-07T17:08:02-05:00[America/New_York],Yes,2021-02-07,61655,Sunday
1802,B,14,2021-02-07T17:08:02-05:00[America/New_York],2021-02-07T17:08:16-05:00[America/New_York],Yes,2021-02-07,61682,Sunday
1802,<A>,30,2021-02-07T17:08:16-05:00[America/New_York],2021-02-07T17:08:46-05:00[America/New_York],Yes,2021-02-07,61696,Sunday
1802,B,14,2021-02-07T17:08:46-05:00[America/New_York],2021-02-07T17:09:00-05:00[America/New_York],Yes,2021-02-07,61726,Sunday
1802,<A>,36,2021-02-07T17:09:00-05:00[America/New_York],2021-02-07T17:09:36-05:00[America/New_York],Yes,2021-02-07,61740,Sunday
1802,B,16,2021-02-07T17:09:36-05:00[America/New_York],2021-02-07T17:09:52-05:00[America/New_York],Yes,2021-02-07,61776,Sunday
1802,<A>,27,2021-02-07T17:09:52-05:00[America/New_York],2021-02-07T17:10:19-05:00[America/New_York],Yes,2021-02-07,61792,Sunday
1802,B,14,2021-02-07T17:10:19-05:00[America/New_York],2021-02-07T17:10:33-05:00[America/New_York],Yes,2021-02-07,61819,Sunday
1802,<A>,38,2021-02-07T17:10:33-05:00[America/New_York],2021-02-07T17:11:11-05:00[America/New_York],Yes,2021-02-07,61833,Sunday
1802,B,22,2021-02-07T17:11:11-05:00[America/New_York],2021-02-07T17:11:33-05:00[America/New_York],NA,2021-02-07,61871,Sunday
1802,<A>,26,2021-02-07T17:11:33-05:00[America/New_York],2021-02-07T17:11:59-05:00[America/New_York],Yes,2021-02-07,61893,Sunday
1802,B,14,2021-02-07T17:11:59-05:00[America/New_York],2021-02-07T17:12:13-05:00[America/New_York],Yes,2021-02-07,61919,Sunday
1802,<A>,38,2021-02-07T17:12:13-05:00[America/New_York],2021-02-07T17:12:51-05:00[America/New_York],Yes,2021-02-07,61933,Sunday
1802,B,18,2021-02-07T17:12:51-05:00[America/New_York],2021-02-07T17:13:09-05:00[America/New_York],Yes,2021-02-07,61971,Sunday
1802,<A>,28,2021-02-07T17:13:09-05:00[America/New_York],2021-02-07T17:13:37-05:00[America/New_York],Yes,2021-02-07,61989,Sunday
1802,B,15,2021-02-07T17:13:37-05:00[America/New_York],2021-02-07T17:13:52-05:00[America/New_York],Yes,2021-02-07,62017,Sunday
1802,<A>,39,2021-02-07T17:13:52-05:00[America/New_York],2021-02-07T17:14:31-05:00[America/New_York],Yes,2021-02-07,62032,Sunday
1802,B,21,2021-02-07T17:14:31-05:00[America/New_York],2021-02-07T17:14:52-05:00[America/New_York],Yes,2021-02-07,62071,Sunday
1802,<A>,30,2021-02-07T17:14:52-05:00[America/New_York],2021-02-07T17:15:22-05:00[America/New_York],Yes,2021-02-07,62092,Sunday
1802,B,15,2021-02-07T17:15:22-05:00[America/New_York],2021-02-07T17:15:37-05:00[America/New_York],Yes,2021-02-07,62122,Sunday
1802,<A>,31,2021-02-07T17:15:37-05:00[America/New_York],2021-02-07T17:16:08-05:00[America/New_York],Yes,2021-02-07,62137,Sunday
1802,B,15,2021-02-07T17:16:08-05:00[America/New_York],2021-02-07T17:16:23-05:00[America/New_York],Yes,2021-02-07,62168,Sunday
1802,<A>,33,2021-02-07T17:16:23-05:00[America/New_York],2021-02-07T17:16:56-05:00[America/New_York],Yes,2021-02-07,62183,Sunday
1802,B,14,2021-02-07T17:16:56-05:00[America/New_York],2021-02-07T17:17:10-05:00[America/New_York],Yes,2021-02-07,62216,Sunday
1802,<A>,28,2021-02-07T17:17:10-05:00[America/New_York],2021-02-07T17:17:38-05:00[America/New_York],Yes,2021-02-07,62230,Sunday
1802,B,14,2021-02-07T17:17:38-05:00[America/New_York],2021-02-07T17:17:52-05:00[America/New_York],Yes,2021-02-07,62258,Sunday
1802,<A>,104,2021-02-07T17:17:52-05:00[America/New_York],2021-02-07T17:19:36-05:00[America/New_York],NA,2021-02-07,62272,Sunday
1802,B,14,2021-02-07T17:19:36-05:00[America/New_York],2021-02-07T17:19:50-05:00[America/New_York],Yes,2021-02-07,62376,Sunday
1802,<A>,30,2021-02-07T17:19:50-05:00[America/New_York],2021-02-07T17:20:20-05:00[America/New_York],Yes,2021-02-07,62390,Sunday
1802,B,15,2021-02-07T17:20:20-05:00[America/New_York],2021-02-07T17:20:35-05:00[America/New_York],Yes,2021-02-07,62420,Sunday
1802,<A>,41,2021-02-07T17:20:35-05:00[America/New_York],2021-02-07T17:21:16-05:00[America/New_York],Yes,2021-02-07,62435,Sunday
1802,B,14,2021-02-07T17:21:16-05:00[America/New_York],2021-02-07T17:21:30-05:00[America/New_York],Yes,2021-02-07,62476,Sunday
1802,<A>,28,2021-02-07T17:21:30-05:00[America/New_York],2021-02-07T17:21:58-05:00[America/New_York],Yes,2021-02-07,62490,Sunday
1802,B,15,2021-02-07T17:21:58-05:00[America/New_York],2021-02-07T17:22:13-05:00[America/New_York],Yes,2021-02-07,62518,Sunday
1802,<A>,36,2021-02-07T17:22:13-05:00[America/New_York],2021-02-07T17:22:49-05:00[America/New_York],Yes,2021-02-07,62533,Sunday
1802,B,18,2021-02-07T17:22:49-05:00[America/New_York],2021-02-07T17:23:07-05:00[America/New_York],Yes,2021-02-07,62569,Sunday
1802,<A>,32,2021-02-07T17:23:07-05:00[America/New_York],2021-02-07T17:23:39-05:00[America/New_York],Yes,2021-02-07,62587,Sunday
1802,B,14,2021-02-07T17:23:39-05:00[America/New_York],2021-02-07T17:23:53-05:00[America/New_York],Yes,2021-02-07,62619,Sunday
1802,<A>,36,2021-02-07T17:23:53-05:00[America/New_York],2021-02-07T17:24:29-05:00[America/New_York],Yes,2021-02-07,62633,Sunday
1802,B,15,2021-02-07T17:24:29-05:00[America/New_York],2021-02-07T17:24:44-05:00[America/New_York],Yes,2021-02-07,62669,Sunday
1802,<A>,82,2021-02-07T17:24:44-05:00[America/New_York],2021-02-07T17:26:06-05:00[America/New_York],NA,2021-02-07,62684,Sunday
1802,B,15,2021-02-07T17:26:06-05:00[America/New_York],2021-02-07T17:26:21-05:00[America/New_York],Yes,2021-02-07,62766,Sunday
1802,<A>,26,2021-02-07T17:26:21-05:00[America/New_York],2021-02-07T17:26:47-05:00[America/New_York],Yes,2021-02-07,62781,Sunday
1802,B,18,2021-02-07T17:26:47-05:00[America/New_York],2021-02-07T17:27:05-05:00[America/New_York],Yes,2021-02-07,62807,Sunday
1802,<A>,33,2021-02-07T17:27:05-05:00[America/New_York],2021-02-07T17:27:38-05:00[America/New_York],Yes,2021-02-07,62825,Sunday
1802,B,17,2021-02-07T17:27:38-05:00[America/New_York],2021-02-07T17:27:55-05:00[America/New_York],Yes,2021-02-07,62858,Sunday
1802,<A>,27,2021-02-07T17:27:55-05:00[America/New_York],2021-02-07T17:28:22-05:00[America/New_York],Yes,2021-02-07,62875,Sunday
1802,B,15,2021-02-07T17:28:22-05:00[America/New_York],2021-02-07T17:28:37-05:00[America/New_York],Yes,2021-02-07,62902,Sunday
1802,<A>,27,2021-02-07T17:28:37-05:00[America/New_York],2021-02-07T17:29:04-05:00[America/New_York],Yes,2021-02-07,62917,Sunday
1802,B,17,2021-02-07T17:29:04-05:00[America/New_York],2021-02-07T17:29:21-05:00[America/New_York],Yes,2021-02-07,62944,Sunday
1802,<A>,71,2021-02-07T17:29:21-05:00[America/New_York],2021-02-07T17:30:32-05:00[America/New_York],Yes,2021-02-07,62961,Sunday
1802,B,14,2021-02-07T17:30:32-05:00[America/New_York],2021-02-07T17:30:46-05:00[America/New_York],Yes,2021-02-07,63032,Sunday
1802,<A>,32,2021-02-07T17:30:46-05:00[America/New_York],2021-02-07T17:31:18-05:00[America/New_York],Yes,2021-02-07,63046,Sunday
1802,B,20,2021-02-07T17:31:18-05:00[America/New_York],2021-02-07T17:31:38-05:00[America/New_York],Yes,2021-02-07,63078,Sunday
1802,<A>,26,2021-02-07T17:31:38-05:00[America/New_York],2021-02-07T17:32:04-05:00[America/New_York],Yes,2021-02-07,63098,Sunday
1802,B,15,2021-02-07T17:32:04-05:00[America/New_York],2021-02-07T17:32:19-05:00[America/New_York],Yes,2021-02-07,63124,Sunday
1802,<A>,26,2021-02-07T17:32:19-05:00[America/New_York],2021-02-07T17:32:45-05:00[America/New_York],Yes,2021-02-07,63139,Sunday
1802,B,15,2021-02-07T17:32:45-05:00[America/New_York],2021-02-07T17:33:00-05:00[America/New_York],Yes,2021-02-07,63165,Sunday
1802,<A>,42,2021-02-07T17:33:00-05:00[America/New_York],2021-02-07T17:33:42-05:00[America/New_York],Yes,2021-02-07,63180,Sunday
1802,B,24,2021-02-07T17:33:42-05:00[America/New_York],2021-02-07T17:34:06-05:00[America/New_York],NA,2021-02-07,63222,Sunday
1802,<A>,26,2021-02-07T17:34:06-05:00[America/New_York],2021-02-07T17:34:32-05:00[America/New_York],Yes,2021-02-07,63246,Sunday
1802,B,20,2021-02-07T17:34:32-05:00[America/New_York],2021-02-07T17:34:52-05:00[America/New_York],Yes,2021-02-07,63272,Sunday
1802,<A>,26,2021-02-07T17:34:52-05:00[America/New_York],2021-02-07T17:35:18-05:00[America/New_York],Yes,2021-02-07,63292,Sunday
1802,B,22,2021-02-07T17:35:18-05:00[America/New_York],2021-02-07T17:35:40-05:00[America/New_York],Yes,2021-02-07,63318,Sunday
1802,<A>,26,2021-02-07T17:35:40-05:00[America/New_York],2021-02-07T17:36:06-05:00[America/New_York],Yes,2021-02-07,63340,Sunday
1802,B,16,2021-02-07T17:36:06-05:00[America/New_York],2021-02-07T17:36:22-05:00[America/New_York],Yes,2021-02-07,63366,Sunday
1802,<A>,50,2021-02-07T17:36:22-05:00[America/New_York],2021-02-07T17:37:12-05:00[America/New_York],Yes,2021-02-07,63382,Sunday
1802,B,14,2021-02-07T17:37:12-05:00[America/New_York],2021-02-07T17:37:26-05:00[America/New_York],Yes,2021-02-07,63432,Sunday
1802,<A>,31,2021-02-07T17:37:26-05:00[America/New_York],2021-02-07T17:37:57-05:00[America/New_York],Yes,2021-02-07,63446,Sunday
1802,B,17,2021-02-07T17:37:57-05:00[America/New_York],2021-02-07T17:38:14-05:00[America/New_York],Yes,2021-02-07,63477,Sunday
1802,<A>,26,2021-02-07T17:38:14-05:00[America/New_York],2021-02-07T17:38:40-05:00[America/New_York],Yes,2021-02-07,63494,Sunday
1802,B,20,2021-02-07T17:38:40-05:00[America/New_York],2021-02-07T17:39:00-05:00[America/New_York],Yes,2021-02-07,63520,Sunday
1802,<A>,47,2021-02-07T17:39:00-05:00[America/New_York],2021-02-07T17:39:47-05:00[America/New_York],Yes,2021-02-07,63540,Sunday
1802,B,17,2021-02-07T17:39:47-05:00[America/New_York],2021-02-07T17:40:04-05:00[America/New_York],Yes,2021-02-07,63587,Sunday
1802,<A>,26,2021-02-07T17:40:04-05:00[America/New_York],2021-02-07T17:40:30-05:00[America/New_York],Yes,2021-02-07,63604,Sunday
1802,B,15,2021-02-07T17:40:30-05:00[America/New_York],2021-02-07T17:40:45-05:00[America/New_York],Yes,2021-02-07,63630,Sunday
1802,<A>,26,2021-02-07T17:40:45-05:00[America/New_York],2021-02-07T17:41:11-05:00[America/New_York],Yes,2021-02-07,63645,Sunday
1802,B,15,2021-02-07T17:41:11-05:00[America/New_York],2021-02-07T17:41:26-05:00[America/New_York],Yes,2021-02-07,63671,Sunday
1802,<A>,80,2021-02-07T17:41:26-05:00[America/New_York],2021-02-07T17:42:46-05:00[America/New_York],NA,2021-02-07,63686,Sunday
1802,B,18,2021-02-07T17:42:46-05:00[America/New_York],2021-02-07T17:43:04-05:00[America/New_York],Yes,2021-02-07,63766,Sunday
1802,<A>,46,2021-02-07T17:43:04-05:00[America/New_York],2021-02-07T17:43:50-05:00[America/New_York],Yes,2021-02-07,63784,Sunday
1802,B,19,2021-02-07T17:43:50-05:00[America/New_York],2021-02-07T17:44:09-05:00[America/New_York],Yes,2021-02-07,63830,Sunday
1802,<A>,31,2021-02-07T17:44:09-05:00[America/New_York],2021-02-07T17:44:40-05:00[America/New_York],Yes,2021-02-07,63849,Sunday
1802,B,14,2021-02-07T17:44:40-05:00[America/New_York],2021-02-07T17:44:54-05:00[America/New_York],Yes,2021-02-07,63880,Sunday
1802,<A>,39,2021-02-07T17:44:54-05:00[America/New_York],2021-02-07T17:45:33-05:00[America/New_York],Yes,2021-02-07,63894,Sunday
1802,B,14,2021-02-07T17:45:33-05:00[America/New_York],2021-02-07T17:45:47-05:00[America/New_York],Yes,2021-02-07,63933,Sunday
1802,<A>,93,2021-02-07T17:45:47-05:00[America/New_York],2021-02-07T17:47:20-05:00[America/New_York],NA,2021-02-07,63947,Sunday
1802,B,14,2021-02-07T17:47:20-05:00[America/New_York],2021-02-07T17:47:34-05:00[America/New_York],Yes,2021-02-07,64040,Sunday
1802,<A>,160,2021-02-07T17:47:34-05:00[America/New_York],2021-02-07T17:50:14-05:00[America/New_York],Yes,2021-02-07,64054,Sunday
1802,B,14,2021-02-07T17:50:14-05:00[America/New_York],2021-02-07T17:50:28-05:00[America/New_York],Yes,2021-02-07,64214,Sunday
1802,<A>,42,2021-02-07T17:50:28-05:00[America/New_York],2021-02-07T17:51:10-05:00[America/New_York],Yes,2021-02-07,64228,Sunday
1802,B,15,2021-02-07T17:51:10-05:00[America/New_York],2021-02-07T17:51:25-05:00[America/New_York],Yes,2021-02-07,64270,Sunday
1802,<A>,76,2021-02-07T17:51:25-05:00[America/New_York],2021-02-07T17:52:41-05:00[America/New_York],NA,2021-02-07,64285,Sunday
1802,B,19,2021-02-07T17:52:41-05:00[America/New_York],2021-02-07T17:53:00-05:00[America/New_York],Yes,2021-02-07,64361,Sunday
1802,<A>,30,2021-02-07T17:53:00-05:00[America/New_York],2021-02-07T17:53:30-05:00[America/New_York],Yes,2021-02-07,64380,Sunday
1802,B,16,2021-02-07T17:53:30-05:00[America/New_York],2021-02-07T17:53:46-05:00[America/New_York],Yes,2021-02-07,64410,Sunday
1802,<A>,41,2021-02-07T17:53:46-05:00[America/New_York],2021-02-07T17:54:27-05:00[America/New_York],Yes,2021-02-07,64426,Sunday
1802,B,17,2021-02-07T17:54:27-05:00[America/New_York],2021-02-07T17:54:44-05:00[America/New_York],Yes,2021-02-07,64467,Sunday
1802,<A>,26,2021-02-07T17:54:44-05:00[America/New_York],2021-02-07T17:55:10-05:00[America/New_York],Yes,2021-02-07,64484,Sunday
1802,B,14,2021-02-07T17:55:10-05:00[America/New_York],2021-02-07T17:55:24-05:00[America/New_York],Yes,2021-02-07,64510,Sunday
1802,<A>,30,2021-02-07T17:55:24-05:00[America/New_York],2021-02-07T17:55:54-05:00[America/New_York],Yes,2021-02-07,64524,Sunday
1802,B,18,2021-02-07T17:55:54-05:00[America/New_York],2021-02-07T17:56:12-05:00[America/New_York],Yes,2021-02-07,64554,Sunday
1802,<A>,26,2021-02-07T17:56:12-05:00[America/New_York],2021-02-07T17:56:38-05:00[America/New_York],Yes,2021-02-07,64572,Sunday
1802,B,15,2021-02-07T17:56:38-05:00[America/New_York],2021-02-07T17:56:53-05:00[America/New_York],Yes,2021-02-07,64598,Sunday
1802,<A>,71,2021-02-07T17:56:53-05:00[America/New_York],2021-02-07T17:58:04-05:00[America/New_York],Yes,2021-02-07,64613,Sunday
1802,B,16,2021-02-07T17:58:04-05:00[America/New_York],2021-02-07T17:58:20-05:00[America/New_York],Yes,2021-02-07,64684,Sunday
1802,<A>,36,2021-02-07T17:58:20-05:00[America/New_York],2021-02-07T17:58:56-05:00[America/New_York],Yes,2021-02-07,64700,Sunday
1802,B,15,2021-02-07T17:58:56-05:00[America/New_York],2021-02-07T17:59:11-05:00[America/New_York],Yes,2021-02-07,64736,Sunday
1802,<A>,57,2021-02-07T17:59:11-05:00[America/New_York],2021-02-07T18:00:08-05:00[America/New_York],NA,2021-02-07,64751,Sunday
1802,B,15,2021-02-07T18:00:08-05:00[America/New_York],2021-02-07T18:00:23-05:00[America/New_York],Yes,2021-02-07,64808,Sunday
1802,<A>,94,2021-02-07T18:00:23-05:00[America/New_York],2021-02-07T18:01:57-05:00[America/New_York],NA,2021-02-07,64823,Sunday
1802,B,25,2021-02-07T18:01:57-05:00[America/New_York],2021-02-07T18:02:22-05:00[America/New_York],NA,2021-02-07,64917,Sunday
1802,<A>,80,2021-02-07T18:02:22-05:00[America/New_York],2021-02-07T18:03:42-05:00[America/New_York],NA,2021-02-07,64942,Sunday
1802,B,25,2021-02-07T18:03:42-05:00[America/New_York],2021-02-07T18:04:07-05:00[America/New_York],NA,2021-02-07,65022,Sunday
1802,<A>,28,2021-02-07T18:04:07-05:00[America/New_York],2021-02-07T18:04:35-05:00[America/New_York],Yes,2021-02-07,65047,Sunday
1802,B,24,2021-02-07T18:04:35-05:00[America/New_York],2021-02-07T18:04:59-05:00[America/New_York],NA,2021-02-07,65075,Sunday
1802,<A>,28,2021-02-07T18:04:59-05:00[America/New_York],2021-02-07T18:05:27-05:00[America/New_York],Yes,2021-02-07,65099,Sunday
1802,B,24,2021-02-07T18:05:27-05:00[America/New_York],2021-02-07T18:05:51-05:00[America/New_York],NA,2021-02-07,65127,Sunday
1802,<A>,33,2021-02-07T18:05:51-05:00[America/New_York],2021-02-07T18:06:24-05:00[America/New_York],Yes,2021-02-07,65151,Sunday
1802,B,24,2021-02-07T18:06:24-05:00[America/New_York],2021-02-07T18:06:48-05:00[America/New_York],NA,2021-02-07,65184,Sunday
1802,<A>,27,2021-02-07T18:06:48-05:00[America/New_York],2021-02-07T18:07:15-05:00[America/New_York],Yes,2021-02-07,65208,Sunday
1802,B,24,2021-02-07T18:07:15-05:00[America/New_York],2021-02-07T18:07:39-05:00[America/New_York],NA,2021-02-07,65235,Sunday
1802,<A>,26,2021-02-07T18:07:39-05:00[America/New_York],2021-02-07T18:08:05-05:00[America/New_York],Yes,2021-02-07,65259,Sunday
1802,B,24,2021-02-07T18:08:05-05:00[America/New_York],2021-02-07T18:08:29-05:00[America/New_York],NA,2021-02-07,65285,Sunday
1802,<A>,26,2021-02-07T18:08:29-05:00[America/New_York],2021-02-07T18:08:55-05:00[America/New_York],Yes,2021-02-07,65309,Sunday
1802,B,24,2021-02-07T18:08:55-05:00[America/New_York],2021-02-07T18:09:19-05:00[America/New_York],NA,2021-02-07,65335,Sunday
1802,<A>,40,2021-02-07T18:09:19-05:00[America/New_York],2021-02-07T18:09:59-05:00[America/New_York],Yes,2021-02-07,65359,Sunday
1802,B,24,2021-02-07T18:09:59-05:00[America/New_York],2021-02-07T18:10:23-05:00[America/New_York],NA,2021-02-07,65399,Sunday
1802,<A>,26,2021-02-07T18:10:23-05:00[America/New_York],2021-02-07T18:10:49-05:00[America/New_York],Yes,2021-02-07,65423,Sunday
1802,B,24,2021-02-07T18:10:49-05:00[America/New_York],2021-02-07T18:11:13-05:00[America/New_York],NA,2021-02-07,65449,Sunday
1802,<A>,26,2021-02-07T18:11:13-05:00[America/New_York],2021-02-07T18:11:39-05:00[America/New_York],Yes,2021-02-07,65473,Sunday
1802,B,24,2021-02-07T18:11:39-05:00[America/New_York],2021-02-07T18:12:03-05:00[America/New_York],NA,2021-02-07,65499,Sunday
1802,<A>,36,2021-02-07T18:12:03-05:00[America/New_York],2021-02-07T18:12:39-05:00[America/New_York],Yes,2021-02-07,65523,Sunday
1802,B,24,2021-02-07T18:12:39-05:00[America/New_York],2021-02-07T18:13:03-05:00[America/New_York],NA,2021-02-07,65559,Sunday
1802,<A>,30,2021-02-07T18:13:03-05:00[America/New_York],2021-02-07T18:13:33-05:00[America/New_York],Yes,2021-02-07,65583,Sunday
1802,B,24,2021-02-07T18:13:33-05:00[America/New_York],2021-02-07T18:13:57-05:00[America/New_York],NA,2021-02-07,65613,Sunday
1802,<A>,37,2021-02-07T18:13:57-05:00[America/New_York],2021-02-07T18:14:34-05:00[America/New_York],Yes,2021-02-07,65637,Sunday
1802,B,24,2021-02-07T18:14:34-05:00[America/New_York],2021-02-07T18:14:58-05:00[America/New_York],NA,2021-02-07,65674,Sunday
1802,<A>,26,2021-02-07T18:14:58-05:00[America/New_York],2021-02-07T18:15:24-05:00[America/New_York],Yes,2021-02-07,65698,Sunday
1802,B,24,2021-02-07T18:15:24-05:00[America/New_York],2021-02-07T18:15:48-05:00[America/New_York],NA,2021-02-07,65724,Sunday
1802,<A>,31,2021-02-07T18:15:48-05:00[America/New_York],2021-02-07T18:16:19-05:00[America/New_York],Yes,2021-02-07,65748,Sunday
1802,B,24,2021-02-07T18:16:19-05:00[America/New_York],2021-02-07T18:16:43-05:00[America/New_York],NA,2021-02-07,65779,Sunday
1802,<A>,35,2021-02-07T18:16:43-05:00[America/New_York],2021-02-07T18:17:18-05:00[America/New_York],Yes,2021-02-07,65803,Sunday
1802,B,24,2021-02-07T18:17:18-05:00[America/New_York],2021-02-07T18:17:42-05:00[America/New_York],NA,2021-02-07,65838,Sunday
1802,<A>,26,2021-02-07T18:17:42-05:00[America/New_York],2021-02-07T18:18:08-05:00[America/New_York],Yes,2021-02-07,65862,Sunday
1802,B,24,2021-02-07T18:18:08-05:00[America/New_York],2021-02-07T18:18:32-05:00[America/New_York],NA,2021-02-07,65888,Sunday
1802,<A>,26,2021-02-07T18:18:32-05:00[America/New_York],2021-02-07T18:18:58-05:00[America/New_York],Yes,2021-02-07,65912,Sunday
1802,B,24,2021-02-07T18:18:58-05:00[America/New_York],2021-02-07T18:19:22-05:00[America/New_York],NA,2021-02-07,65938,Sunday
1802,<A>,32,2021-02-07T18:19:22-05:00[America/New_York],2021-02-07T18:19:54-05:00[America/New_York],Yes,2021-02-07,65962,Sunday
1802,B,24,2021-02-07T18:19:54-05:00[America/New_York],2021-02-07T18:20:18-05:00[America/New_York],NA,2021-02-07,65994,Sunday
1802,<A>,26,2021-02-07T18:20:18-05:00[America/New_York],2021-02-07T18:20:44-05:00[America/New_York],Yes,2021-02-07,66018,Sunday
1802,B,24,2021-02-07T18:20:44-05:00[America/New_York],2021-02-07T18:21:08-05:00[America/New_York],NA,2021-02-07,66044,Sunday
1802,<A>,29,2021-02-07T18:21:08-05:00[America/New_York],2021-02-07T18:21:37-05:00[America/New_York],Yes,2021-02-07,66068,Sunday
1802,B,24,2021-02-07T18:21:37-05:00[America/New_York],2021-02-07T18:22:01-05:00[America/New_York],NA,2021-02-07,66097,Sunday
1802,<A>,29,2021-02-07T18:22:01-05:00[America/New_York],2021-02-07T18:22:30-05:00[America/New_York],Yes,2021-02-07,66121,Sunday
1802,B,24,2021-02-07T18:22:30-05:00[America/New_York],2021-02-07T18:22:54-05:00[America/New_York],NA,2021-02-07,66150,Sunday
1802,<A>,27,2021-02-07T18:22:54-05:00[America/New_York],2021-02-07T18:23:21-05:00[America/New_York],Yes,2021-02-07,66174,Sunday
1802,B,24,2021-02-07T18:23:21-05:00[America/New_York],2021-02-07T18:23:45-05:00[America/New_York],NA,2021-02-07,66201,Sunday
1802,<A>,26,2021-02-07T18:23:45-05:00[America/New_York],2021-02-07T18:24:11-05:00[America/New_York],Yes,2021-02-07,66225,Sunday
1802,B,24,2021-02-07T18:24:11-05:00[America/New_York],2021-02-07T18:24:35-05:00[America/New_York],NA,2021-02-07,66251,Sunday
1802,<A>,31,2021-02-07T18:24:35-05:00[America/New_York],2021-02-07T18:25:06-05:00[America/New_York],Yes,2021-02-07,66275,Sunday
1802,B,24,2021-02-07T18:25:06-05:00[America/New_York],2021-02-07T18:25:30-05:00[America/New_York],NA,2021-02-07,66306,Sunday
1802,<A>,38,2021-02-07T18:25:30-05:00[America/New_York],2021-02-07T18:26:08-05:00[America/New_York],Yes,2021-02-07,66330,Sunday
1802,B,24,2021-02-07T18:26:08-05:00[America/New_York],2021-02-07T18:26:32-05:00[America/New_York],NA,2021-02-07,66368,Sunday
1802,<A>,28,2021-02-07T18:26:32-05:00[America/New_York],2021-02-07T18:27:00-05:00[America/New_York],Yes,2021-02-07,66392,Sunday
1802,B,24,2021-02-07T18:27:00-05:00[America/New_York],2021-02-07T18:27:24-05:00[America/New_York],NA,2021-02-07,66420,Sunday
1802,<A>,27,2021-02-07T18:27:24-05:00[America/New_York],2021-02-07T18:27:51-05:00[America/New_York],Yes,2021-02-07,66444,Sunday
1802,B,24,2021-02-07T18:27:51-05:00[America/New_York],2021-02-07T18:28:15-05:00[America/New_York],NA,2021-02-07,66471,Sunday
1802,<A>,46,2021-02-07T18:28:15-05:00[America/New_York],2021-02-07T18:29:01-05:00[America/New_York],Yes,2021-02-07,66495,Sunday
1802,B,24,2021-02-07T18:29:01-05:00[America/New_York],2021-02-07T18:29:25-05:00[America/New_York],NA,2021-02-07,66541,Sunday
1802,<A>,34,2021-02-07T18:29:25-05:00[America/New_York],2021-02-07T18:29:59-05:00[America/New_York],Yes,2021-02-07,66565,Sunday
1802,B,24,2021-02-07T18:29:59-05:00[America/New_York],2021-02-07T18:30:23-05:00[America/New_York],NA,2021-02-07,66599,Sunday
1802,<A>,28,2021-02-07T18:30:23-05:00[America/New_York],2021-02-07T18:30:51-05:00[America/New_York],Yes,2021-02-07,66623,Sunday
1802,B,24,2021-02-07T18:30:51-05:00[America/New_York],2021-02-07T18:31:15-05:00[America/New_York],NA,2021-02-07,66651,Sunday
1802,<A>,35,2021-02-07T18:31:15-05:00[America/New_York],2021-02-07T18:31:50-05:00[America/New_York],Yes,2021-02-07,66675,Sunday
1802,B,24,2021-02-07T18:31:50-05:00[America/New_York],2021-02-07T18:32:14-05:00[America/New_York],NA,2021-02-07,66710,Sunday
1802,<A>,33,2021-02-07T18:32:14-05:00[America/New_York],2021-02-07T18:32:47-05:00[America/New_York],Yes,2021-02-07,66734,Sunday
1802,B,24,2021-02-07T18:32:47-05:00[America/New_York],2021-02-07T18:33:11-05:00[America/New_York],NA,2021-02-07,66767,Sunday
1802,<A>,26,2021-02-07T18:33:11-05:00[America/New_York],2021-02-07T18:33:37-05:00[America/New_York],Yes,2021-02-07,66791,Sunday
1802,B,24,2021-02-07T18:33:37-05:00[America/New_York],2021-02-07T18:34:01-05:00[America/New_York],NA,2021-02-07,66817,Sunday
1802,<A>,31,2021-02-07T18:34:01-05:00[America/New_York],2021-02-07T18:34:32-05:00[America/New_York],Yes,2021-02-07,66841,Sunday
1802,B,24,2021-02-07T18:34:32-05:00[America/New_York],2021-02-07T18:34:56-05:00[America/New_York],NA,2021-02-07,66872,Sunday
1802,<A>,34,2021-02-07T18:34:56-05:00[America/New_York],2021-02-07T18:35:30-05:00[America/New_York],Yes,2021-02-07,66896,Sunday
1802,B,24,2021-02-07T18:35:30-05:00[America/New_York],2021-02-07T18:35:54-05:00[America/New_York],NA,2021-02-07,66930,Sunday
1802,<A>,29,2021-02-07T18:35:54-05:00[America/New_York],2021-02-07T18:36:23-05:00[America/New_York],Yes,2021-02-07,66954,Sunday
1802,B,24,2021-02-07T18:36:23-05:00[America/New_York],2021-02-07T18:36:47-05:00[America/New_York],NA,2021-02-07,66983,Sunday
1802,<A>,26,2021-02-07T18:36:47-05:00[America/New_York],2021-02-07T18:37:13-05:00[America/New_York],Yes,2021-02-07,67007,Sunday
1802,B,24,2021-02-07T18:37:13-05:00[America/New_York],2021-02-07T18:37:37-05:00[America/New_York],NA,2021-02-07,67033,Sunday
1802,<A>,26,2021-02-07T18:37:37-05:00[America/New_York],2021-02-07T18:38:03-05:00[America/New_York],Yes,2021-02-07,67057,Sunday
1802,B,24,2021-02-07T18:38:03-05:00[America/New_York],2021-02-07T18:38:27-05:00[America/New_York],NA,2021-02-07,67083,Sunday
1802,<A>,27,2021-02-07T18:38:27-05:00[America/New_York],2021-02-07T18:38:54-05:00[America/New_York],Yes,2021-02-07,67107,Sunday
1802,B,24,2021-02-07T18:38:54-05:00[America/New_York],2021-02-07T18:39:18-05:00[America/New_York],NA,2021-02-07,67134,Sunday
1802,<A>,29,2021-02-07T18:39:18-05:00[America/New_York],2021-02-07T18:39:47-05:00[America/New_York],Yes,2021-02-07,67158,Sunday
1802,B,24,2021-02-07T18:39:47-05:00[America/New_York],2021-02-07T18:40:11-05:00[America/New_York],NA,2021-02-07,67187,Sunday
1802,<A>,27,2021-02-07T18:40:11-05:00[America/New_York],2021-02-07T18:40:38-05:00[America/New_York],Yes,2021-02-07,67211,Sunday
1802,B,24,2021-02-07T18:40:38-05:00[America/New_York],2021-02-07T18:41:02-05:00[America/New_York],NA,2021-02-07,67238,Sunday
1802,<A>,30,2021-02-07T18:41:02-05:00[America/New_York],2021-02-07T18:41:32-05:00[America/New_York],Yes,2021-02-07,67262,Sunday
1802,B,24,2021-02-07T18:41:32-05:00[America/New_York],2021-02-07T18:41:56-05:00[America/New_York],NA,2021-02-07,67292,Sunday
1802,<A>,26,2021-02-07T18:41:56-05:00[America/New_York],2021-02-07T18:42:22-05:00[America/New_York],Yes,2021-02-07,67316,Sunday
1802,B,24,2021-02-07T18:42:22-05:00[America/New_York],2021-02-07T18:42:46-05:00[America/New_York],NA,2021-02-07,67342,Sunday
1802,<A>,26,2021-02-07T18:42:46-05:00[America/New_York],2021-02-07T18:43:12-05:00[America/New_York],Yes,2021-02-07,67366,Sunday
1802,B,24,2021-02-07T18:43:12-05:00[America/New_York],2021-02-07T18:43:36-05:00[America/New_York],NA,2021-02-07,67392,Sunday
1802,<A>,34,2021-02-07T18:43:36-05:00[America/New_York],2021-02-07T18:44:10-05:00[America/New_York],Yes,2021-02-07,67416,Sunday
1802,B,24,2021-02-07T18:44:10-05:00[America/New_York],2021-02-07T18:44:34-05:00[America/New_York],NA,2021-02-07,67450,Sunday
1802,<A>,26,2021-02-07T18:44:34-05:00[America/New_York],2021-02-07T18:45:00-05:00[America/New_York],Yes,2021-02-07,67474,Sunday
1802,B,24,2021-02-07T18:45:00-05:00[America/New_York],2021-02-07T18:45:24-05:00[America/New_York],NA,2021-02-07,67500,Sunday
1802,<A>,29,2021-02-07T18:45:24-05:00[America/New_York],2021-02-07T18:45:53-05:00[America/New_York],Yes,2021-02-07,67524,Sunday
1802,B,24,2021-02-07T18:45:53-05:00[America/New_York],2021-02-07T18:46:17-05:00[America/New_York],NA,2021-02-07,67553,Sunday
1802,<A>,26,2021-02-07T18:46:17-05:00[America/New_York],2021-02-07T18:46:43-05:00[America/New_York],Yes,2021-02-07,67577,Sunday
1802,B,24,2021-02-07T18:46:43-05:00[America/New_York],2021-02-07T18:47:07-05:00[America/New_York],NA,2021-02-07,67603,Sunday
1802,<A>,27,2021-02-07T18:47:07-05:00[America/New_York],2021-02-07T18:47:34-05:00[America/New_York],Yes,2021-02-07,67627,Sunday
1802,B,24,2021-02-07T18:47:34-05:00[America/New_York],2021-02-07T18:47:58-05:00[America/New_York],NA,2021-02-07,67654,Sunday
1802,<A>,29,2021-02-07T18:47:58-05:00[America/New_York],2021-02-07T18:48:27-05:00[America/New_York],Yes,2021-02-07,67678,Sunday
1802,B,24,2021-02-07T18:48:27-05:00[America/New_York],2021-02-07T18:48:51-05:00[America/New_York],NA,2021-02-07,67707,Sunday
1802,<A>,26,2021-02-07T18:48:51-05:00[America/New_York],2021-02-07T18:49:17-05:00[America/New_York],Yes,2021-02-07,67731,Sunday
1802,B,24,2021-02-07T18:49:17-05:00[America/New_York],2021-02-07T18:49:41-05:00[America/New_York],NA,2021-02-07,67757,Sunday
1802,<A>,35,2021-02-07T18:49:41-05:00[America/New_York],2021-02-07T18:50:16-05:00[America/New_York],Yes,2021-02-07,67781,Sunday
1802,B,24,2021-02-07T18:50:16-05:00[America/New_York],2021-02-07T18:50:40-05:00[America/New_York],NA,2021-02-07,67816,Sunday
1802,<A>,26,2021-02-07T18:50:40-05:00[America/New_York],2021-02-07T18:51:06-05:00[America/New_York],Yes,2021-02-07,67840,Sunday
1802,B,24,2021-02-07T18:51:06-05:00[America/New_York],2021-02-07T18:51:30-05:00[America/New_York],NA,2021-02-07,67866,Sunday
1802,<A>,26,2021-02-07T18:51:30-05:00[America/New_York],2021-02-07T18:51:56-05:00[America/New_York],Yes,2021-02-07,67890,Sunday
1802,B,24,2021-02-07T18:51:56-05:00[America/New_York],2021-02-07T18:52:20-05:00[America/New_York],NA,2021-02-07,67916,Sunday
1802,<A>,38,2021-02-07T18:52:20-05:00[America/New_York],2021-02-07T18:52:58-05:00[America/New_York],Yes,2021-02-07,67940,Sunday
1802,B,24,2021-02-07T18:52:58-05:00[America/New_York],2021-02-07T18:53:22-05:00[America/New_York],NA,2021-02-07,67978,Sunday
1802,<A>,27,2021-02-07T18:53:22-05:00[America/New_York],2021-02-07T18:53:49-05:00[America/New_York],Yes,2021-02-07,68002,Sunday
1802,B,24,2021-02-07T18:53:49-05:00[America/New_York],2021-02-07T18:54:13-05:00[America/New_York],NA,2021-02-07,68029,Sunday
1802,<A>,26,2021-02-07T18:54:13-05:00[America/New_York],2021-02-07T18:54:39-05:00[America/New_York],Yes,2021-02-07,68053,Sunday
1802,B,24,2021-02-07T18:54:39-05:00[America/New_York],2021-02-07T18:55:03-05:00[America/New_York],NA,2021-02-07,68079,Sunday
1802,<A>,26,2021-02-07T18:55:03-05:00[America/New_York],2021-02-07T18:55:29-05:00[America/New_York],Yes,2021-02-07,68103,Sunday
1802,B,24,2021-02-07T18:55:29-05:00[America/New_York],2021-02-07T18:55:53-05:00[America/New_York],NA,2021-02-07,68129,Sunday
1802,<A>,38,2021-02-07T18:55:53-05:00[America/New_York],2021-02-07T18:56:31-05:00[America/New_York],Yes,2021-02-07,68153,Sunday
1802,B,24,2021-02-07T18:56:31-05:00[America/New_York],2021-02-07T18:56:55-05:00[America/New_York],NA,2021-02-07,68191,Sunday
1802,<A>,37,2021-02-07T18:56:55-05:00[America/New_York],2021-02-07T18:57:32-05:00[America/New_York],Yes,2021-02-07,68215,Sunday
1802,B,24,2021-02-07T18:57:32-05:00[America/New_York],2021-02-07T18:57:56-05:00[America/New_York],NA,2021-02-07,68252,Sunday
1802,<A>,26,2021-02-07T18:57:56-05:00[America/New_York],2021-02-07T18:58:22-05:00[America/New_York],Yes,2021-02-07,68276,Sunday
1802,B,24,2021-02-07T18:58:22-05:00[America/New_York],2021-02-07T18:58:46-05:00[America/New_York],NA,2021-02-07,68302,Sunday
1802,<A>,26,2021-02-07T18:58:46-05:00[America/New_York],2021-02-07T18:59:12-05:00[America/New_York],Yes,2021-02-07,68326,Sunday
1802,B,24,2021-02-07T18:59:12-05:00[America/New_York],2021-02-07T18:59:36-05:00[America/New_York],NA,2021-02-07,68352,Sunday
1802,<A>,26,2021-02-07T18:59:36-05:00[America/New_York],2021-02-07T19:00:02-05:00[America/New_York],Yes,2021-02-07,68376,Sunday
1802,B,24,2021-02-07T19:00:02-05:00[America/New_York],2021-02-07T19:00:26-05:00[America/New_York],NA,2021-02-07,68402,Sunday
1802,<A>,30,2021-02-07T19:00:26-05:00[America/New_York],2021-02-07T19:00:56-05:00[America/New_York],Yes,2021-02-07,68426,Sunday
1802,B,24,2021-02-07T19:00:56-05:00[America/New_York],2021-02-07T19:01:20-05:00[America/New_York],NA,2021-02-07,68456,Sunday
1802,<A>,30,2021-02-07T19:01:20-05:00[America/New_York],2021-02-07T19:01:50-05:00[America/New_York],Yes,2021-02-07,68480,Sunday
1802,B,24,2021-02-07T19:01:50-05:00[America/New_York],2021-02-07T19:02:14-05:00[America/New_York],NA,2021-02-07,68510,Sunday
1802,<A>,33,2021-02-07T19:02:14-05:00[America/New_York],2021-02-07T19:02:47-05:00[America/New_York],Yes,2021-02-07,68534,Sunday
1802,B,24,2021-02-07T19:02:47-05:00[America/New_York],2021-02-07T19:03:11-05:00[America/New_York],NA,2021-02-07,68567,Sunday
1802,<A>,26,2021-02-07T19:03:11-05:00[America/New_York],2021-02-07T19:03:37-05:00[America/New_York],Yes,2021-02-07,68591,Sunday
1802,B,24,2021-02-07T19:03:37-05:00[America/New_York],2021-02-07T19:04:01-05:00[America/New_York],NA,2021-02-07,68617,Sunday
1802,<A>,26,2021-02-07T19:04:01-05:00[America/New_York],2021-02-07T19:04:27-05:00[America/New_York],Yes,2021-02-07,68641,Sunday
1802,B,24,2021-02-07T19:04:27-05:00[America/New_York],2021-02-07T19:04:51-05:00[America/New_York],NA,2021-02-07,68667,Sunday
1802,<A>,29,2021-02-07T19:04:51-05:00[America/New_York],2021-02-07T19:05:20-05:00[America/New_York],Yes,2021-02-07,68691,Sunday
1802,B,24,2021-02-07T19:05:20-05:00[America/New_York],2021-02-07T19:05:44-05:00[America/New_York],NA,2021-02-07,68720,Sunday
1802,<A>,35,2021-02-07T19:05:44-05:00[America/New_York],2021-02-07T19:06:19-05:00[America/New_York],Yes,2021-02-07,68744,Sunday
1802,B,24,2021-02-07T19:06:19-05:00[America/New_York],2021-02-07T19:06:43-05:00[America/New_York],NA,2021-02-07,68779,Sunday
1802,<A>,31,2021-02-07T19:06:43-05:00[America/New_York],2021-02-07T19:07:14-05:00[America/New_York],Yes,2021-02-07,68803,Sunday
1802,B,24,2021-02-07T19:07:14-05:00[America/New_York],2021-02-07T19:07:38-05:00[America/New_York],NA,2021-02-07,68834,Sunday
1802,<A>,27,2021-02-07T19:07:38-05:00[America/New_York],2021-02-07T19:08:05-05:00[America/New_York],Yes,2021-02-07,68858,Sunday
1802,B,24,2021-02-07T19:08:05-05:00[America/New_York],2021-02-07T19:08:29-05:00[America/New_York],NA,2021-02-07,68885,Sunday
1802,<A>,32,2021-02-07T19:08:29-05:00[America/New_York],2021-02-07T19:09:01-05:00[America/New_York],Yes,2021-02-07,68909,Sunday
1802,B,24,2021-02-07T19:09:01-05:00[America/New_York],2021-02-07T19:09:25-05:00[America/New_York],NA,2021-02-07,68941,Sunday
1802,<A>,61,2021-02-07T19:09:25-05:00[America/New_York],2021-02-07T19:10:26-05:00[America/New_York],NA,2021-02-07,68965,Sunday
1802,B,26,2021-02-07T19:10:26-05:00[America/New_York],2021-02-07T19:10:52-05:00[America/New_York],NA,2021-02-07,69026,Sunday
1802,<A>,80,2021-02-07T19:10:52-05:00[America/New_York],2021-02-07T19:12:12-05:00[America/New_York],NA,2021-02-07,69052,Sunday
1802,B,25,2021-02-07T19:12:12-05:00[America/New_York],2021-02-07T19:12:37-05:00[America/New_York],NA,2021-02-07,69132,Sunday
1802,<A>,27,2021-02-07T19:12:37-05:00[America/New_York],2021-02-07T19:13:04-05:00[America/New_York],Yes,2021-02-07,69157,Sunday
1802,B,24,2021-02-07T19:13:04-05:00[America/New_York],2021-02-07T19:13:28-05:00[America/New_York],NA,2021-02-07,69184,Sunday
1802,<A>,26,2021-02-07T19:13:28-05:00[America/New_York],2021-02-07T19:13:54-05:00[America/New_York],Yes,2021-02-07,69208,Sunday
1802,B,24,2021-02-07T19:13:54-05:00[America/New_York],2021-02-07T19:14:18-05:00[America/New_York],NA,2021-02-07,69234,Sunday
1802,<A>,27,2021-02-07T19:14:18-05:00[America/New_York],2021-02-07T19:14:45-05:00[America/New_York],Yes,2021-02-07,69258,Sunday
1802,B,24,2021-02-07T19:14:45-05:00[America/New_York],2021-02-07T19:15:09-05:00[America/New_York],NA,2021-02-07,69285,Sunday
1802,<A>,35,2021-02-07T19:15:09-05:00[America/New_York],2021-02-07T19:15:44-05:00[America/New_York],Yes,2021-02-07,69309,Sunday
1802,B,24,2021-02-07T19:15:44-05:00[America/New_York],2021-02-07T19:16:08-05:00[America/New_York],NA,2021-02-07,69344,Sunday
1802,<A>,29,2021-02-07T19:16:08-05:00[America/New_York],2021-02-07T19:16:37-05:00[America/New_York],Yes,2021-02-07,69368,Sunday
1802,B,24,2021-02-07T19:16:37-05:00[America/New_York],2021-02-07T19:17:01-05:00[America/New_York],NA,2021-02-07,69397,Sunday
1802,<A>,26,2021-02-07T19:17:01-05:00[America/New_York],2021-02-07T19:17:27-05:00[America/New_York],Yes,2021-02-07,69421,Sunday
1802,B,24,2021-02-07T19:17:27-05:00[America/New_York],2021-02-07T19:17:51-05:00[America/New_York],NA,2021-02-07,69447,Sunday
1802,<A>,32,2021-02-07T19:17:51-05:00[America/New_York],2021-02-07T19:18:23-05:00[America/New_York],Yes,2021-02-07,69471,Sunday
1802,B,24,2021-02-07T19:18:23-05:00[America/New_York],2021-02-07T19:18:47-05:00[America/New_York],NA,2021-02-07,69503,Sunday
1802,<A>,28,2021-02-07T19:18:47-05:00[America/New_York],2021-02-07T19:19:15-05:00[America/New_York],Yes,2021-02-07,69527,Sunday
1802,B,24,2021-02-07T19:19:15-05:00[America/New_York],2021-02-07T19:19:39-05:00[America/New_York],NA,2021-02-07,69555,Sunday
1802,<A>,27,2021-02-07T19:19:39-05:00[America/New_York],2021-02-07T19:20:06-05:00[America/New_York],Yes,2021-02-07,69579,Sunday
1802,B,24,2021-02-07T19:20:06-05:00[America/New_York],2021-02-07T19:20:30-05:00[America/New_York],NA,2021-02-07,69606,Sunday
1802,<A>,36,2021-02-07T19:20:30-05:00[America/New_York],2021-02-07T19:21:06-05:00[America/New_York],Yes,2021-02-07,69630,Sunday
1802,B,24,2021-02-07T19:21:06-05:00[America/New_York],2021-02-07T19:21:30-05:00[America/New_York],NA,2021-02-07,69666,Sunday
1802,<A>,32,2021-02-07T19:21:30-05:00[America/New_York],2021-02-07T19:22:02-05:00[America/New_York],Yes,2021-02-07,69690,Sunday
1802,B,24,2021-02-07T19:22:02-05:00[America/New_York],2021-02-07T19:22:26-05:00[America/New_York],NA,2021-02-07,69722,Sunday
1802,<A>,27,2021-02-07T19:22:26-05:00[America/New_York],2021-02-07T19:22:53-05:00[America/New_York],Yes,2021-02-07,69746,Sunday
1802,B,24,2021-02-07T19:22:53-05:00[America/New_York],2021-02-07T19:23:17-05:00[America/New_York],NA,2021-02-07,69773,Sunday
1802,<A>,27,2021-02-07T19:23:17-05:00[America/New_York],2021-02-07T19:23:44-05:00[America/New_York],Yes,2021-02-07,69797,Sunday
1802,B,24,2021-02-07T19:23:44-05:00[America/New_York],2021-02-07T19:24:08-05:00[America/New_York],NA,2021-02-07,69824,Sunday
1802,<A>,34,2021-02-07T19:24:08-05:00[America/New_York],2021-02-07T19:24:42-05:00[America/New_York],Yes,2021-02-07,69848,Sunday
1802,B,24,2021-02-07T19:24:42-05:00[America/New_York],2021-02-07T19:25:06-05:00[America/New_York],NA,2021-02-07,69882,Sunday
1802,<A>,29,2021-02-07T19:25:06-05:00[America/New_York],2021-02-07T19:25:35-05:00[America/New_York],Yes,2021-02-07,69906,Sunday
1802,B,24,2021-02-07T19:25:35-05:00[America/New_York],2021-02-07T19:25:59-05:00[America/New_York],NA,2021-02-07,69935,Sunday
1802,<A>,28,2021-02-07T19:25:59-05:00[America/New_York],2021-02-07T19:26:27-05:00[America/New_York],Yes,2021-02-07,69959,Sunday
1802,B,24,2021-02-07T19:26:27-05:00[America/New_York],2021-02-07T19:26:51-05:00[America/New_York],NA,2021-02-07,69987,Sunday
1802,<A>,27,2021-02-07T19:26:51-05:00[America/New_York],2021-02-07T19:27:18-05:00[America/New_York],Yes,2021-02-07,70011,Sunday
1802,B,24,2021-02-07T19:27:18-05:00[America/New_York],2021-02-07T19:27:42-05:00[America/New_York],NA,2021-02-07,70038,Sunday
1802,<A>,30,2021-02-07T19:27:42-05:00[America/New_York],2021-02-07T19:28:12-05:00[America/New_York],Yes,2021-02-07,70062,Sunday
1802,B,24,2021-02-07T19:28:12-05:00[America/New_York],2021-02-07T19:28:36-05:00[America/New_York],NA,2021-02-07,70092,Sunday
1802,<A>,29,2021-02-07T19:28:36-05:00[America/New_York],2021-02-07T19:29:05-05:00[America/New_York],Yes,2021-02-07,70116,Sunday
1802,B,24,2021-02-07T19:29:05-05:00[America/New_York],2021-02-07T19:29:29-05:00[America/New_York],NA,2021-02-07,70145,Sunday
1802,<A>,26,2021-02-07T19:29:29-05:00[America/New_York],2021-02-07T19:29:55-05:00[America/New_York],Yes,2021-02-07,70169,Sunday
1802,B,23,2021-02-07T19:29:55-05:00[America/New_York],2021-02-07T19:30:18-05:00[America/New_York],NA,2021-02-07,70195,Sunday
1802,<A>,26,2021-02-07T19:30:18-05:00[America/New_York],2021-02-07T19:30:44-05:00[America/New_York],Yes,2021-02-07,70218,Sunday
1802,B,23,2021-02-07T19:30:44-05:00[America/New_York],2021-02-07T19:31:07-05:00[America/New_York],NA,2021-02-07,70244,Sunday
1802,<A>,32,2021-02-07T19:31:07-05:00[America/New_York],2021-02-07T19:31:39-05:00[America/New_York],Yes,2021-02-07,70267,Sunday
1802,B,23,2021-02-07T19:31:39-05:00[America/New_York],2021-02-07T19:32:02-05:00[America/New_York],NA,2021-02-07,70299,Sunday
1802,<A>,36,2021-02-07T19:32:02-05:00[America/New_York],2021-02-07T19:32:38-05:00[America/New_York],Yes,2021-02-07,70322,Sunday
1802,B,23,2021-02-07T19:32:38-05:00[America/New_York],2021-02-07T19:33:01-05:00[America/New_York],NA,2021-02-07,70358,Sunday
1802,<A>,27,2021-02-07T19:33:01-05:00[America/New_York],2021-02-07T19:33:28-05:00[America/New_York],Yes,2021-02-07,70381,Sunday
1802,B,23,2021-02-07T19:33:28-05:00[America/New_York],2021-02-07T19:33:51-05:00[America/New_York],NA,2021-02-07,70408,Sunday
1802,<A>,27,2021-02-07T19:33:51-05:00[America/New_York],2021-02-07T19:34:18-05:00[America/New_York],Yes,2021-02-07,70431,Sunday
1802,B,23,2021-02-07T19:34:18-05:00[America/New_York],2021-02-07T19:34:41-05:00[America/New_York],NA,2021-02-07,70458,Sunday
1802,<A>,26,2021-02-07T19:34:41-05:00[America/New_York],2021-02-07T19:35:07-05:00[America/New_York],Yes,2021-02-07,70481,Sunday
1802,B,23,2021-02-07T19:35:07-05:00[America/New_York],2021-02-07T19:35:30-05:00[America/New_York],NA,2021-02-07,70507,Sunday
1802,<A>,28,2021-02-07T19:35:30-05:00[America/New_York],2021-02-07T19:35:58-05:00[America/New_York],Yes,2021-02-07,70530,Sunday
1802,B,23,2021-02-07T19:35:58-05:00[America/New_York],2021-02-07T19:36:21-05:00[America/New_York],NA,2021-02-07,70558,Sunday
1802,<A>,27,2021-02-07T19:36:21-05:00[America/New_York],2021-02-07T19:36:48-05:00[America/New_York],Yes,2021-02-07,70581,Sunday
1802,B,23,2021-02-07T19:36:48-05:00[America/New_York],2021-02-07T19:37:11-05:00[America/New_York],NA,2021-02-07,70608,Sunday
1802,<A>,29,2021-02-07T19:37:11-05:00[America/New_York],2021-02-07T19:37:40-05:00[America/New_York],Yes,2021-02-07,70631,Sunday
1802,B,23,2021-02-07T19:37:40-05:00[America/New_York],2021-02-07T19:38:03-05:00[America/New_York],NA,2021-02-07,70660,Sunday
1802,<A>,26,2021-02-07T19:38:03-05:00[America/New_York],2021-02-07T19:38:29-05:00[America/New_York],Yes,2021-02-07,70683,Sunday
1802,B,23,2021-02-07T19:38:29-05:00[America/New_York],2021-02-07T19:38:52-05:00[America/New_York],NA,2021-02-07,70709,Sunday
1802,<A>,26,2021-02-07T19:38:52-05:00[America/New_York],2021-02-07T19:39:18-05:00[America/New_York],Yes,2021-02-07,70732,Sunday
1802,B,23,2021-02-07T19:39:18-05:00[America/New_York],2021-02-07T19:39:41-05:00[America/New_York],NA,2021-02-07,70758,Sunday
1802,<A>,26,2021-02-07T19:39:41-05:00[America/New_York],2021-02-07T19:40:07-05:00[America/New_York],Yes,2021-02-07,70781,Sunday
1802,B,23,2021-02-07T19:40:07-05:00[America/New_York],2021-02-07T19:40:30-05:00[America/New_York],NA,2021-02-07,70807,Sunday
1802,<A>,31,2021-02-07T19:40:30-05:00[America/New_York],2021-02-07T19:41:01-05:00[America/New_York],Yes,2021-02-07,70830,Sunday
1802,B,23,2021-02-07T19:41:01-05:00[America/New_York],2021-02-07T19:41:24-05:00[America/New_York],NA,2021-02-07,70861,Sunday
1802,<A>,26,2021-02-07T19:41:24-05:00[America/New_York],2021-02-07T19:41:50-05:00[America/New_York],Yes,2021-02-07,70884,Sunday
1802,B,23,2021-02-07T19:41:50-05:00[America/New_York],2021-02-07T19:42:13-05:00[America/New_York],NA,2021-02-07,70910,Sunday
1802,<A>,27,2021-02-07T19:42:13-05:00[America/New_York],2021-02-07T19:42:40-05:00[America/New_York],Yes,2021-02-07,70933,Sunday
1802,B,23,2021-02-07T19:42:40-05:00[America/New_York],2021-02-07T19:43:03-05:00[America/New_York],NA,2021-02-07,70960,Sunday
1802,<A>,28,2021-02-07T19:43:03-05:00[America/New_York],2021-02-07T19:43:31-05:00[America/New_York],Yes,2021-02-07,70983,Sunday
1802,B,23,2021-02-07T19:43:31-05:00[America/New_York],2021-02-07T19:43:54-05:00[America/New_York],NA,2021-02-07,71011,Sunday
1802,<A>,26,2021-02-07T19:43:54-05:00[America/New_York],2021-02-07T19:44:20-05:00[America/New_York],Yes,2021-02-07,71034,Sunday
1802,B,23,2021-02-07T19:44:20-05:00[America/New_York],2021-02-07T19:44:43-05:00[America/New_York],NA,2021-02-07,71060,Sunday
1802,<A>,31,2021-02-07T19:44:43-05:00[America/New_York],2021-02-07T19:45:14-05:00[America/New_York],Yes,2021-02-07,71083,Sunday
1802,B,23,2021-02-07T19:45:14-05:00[America/New_York],2021-02-07T19:45:37-05:00[America/New_York],NA,2021-02-07,71114,Sunday
1802,<A>,29,2021-02-07T19:45:37-05:00[America/New_York],2021-02-07T19:46:06-05:00[America/New_York],Yes,2021-02-07,71137,Sunday
1802,B,23,2021-02-07T19:46:06-05:00[America/New_York],2021-02-07T19:46:29-05:00[America/New_York],NA,2021-02-07,71166,Sunday
1802,<A>,28,2021-02-07T19:46:29-05:00[America/New_York],2021-02-07T19:46:57-05:00[America/New_York],Yes,2021-02-07,71189,Sunday
1802,B,23,2021-02-07T19:46:57-05:00[America/New_York],2021-02-07T19:47:20-05:00[America/New_York],NA,2021-02-07,71217,Sunday
1802,<A>,30,2021-02-07T19:47:20-05:00[America/New_York],2021-02-07T19:47:50-05:00[America/New_York],Yes,2021-02-07,71240,Sunday
1802,B,23,2021-02-07T19:47:50-05:00[America/New_York],2021-02-07T19:48:13-05:00[America/New_York],NA,2021-02-07,71270,Sunday
1802,<A>,31,2021-02-07T19:48:13-05:00[America/New_York],2021-02-07T19:48:44-05:00[America/New_York],Yes,2021-02-07,71293,Sunday
1802,B,23,2021-02-07T19:48:44-05:00[America/New_York],2021-02-07T19:49:07-05:00[America/New_York],NA,2021-02-07,71324,Sunday
1802,<A>,35,2021-02-07T19:49:07-05:00[America/New_York],2021-02-07T19:49:42-05:00[America/New_York],Yes,2021-02-07,71347,Sunday
1802,B,23,2021-02-07T19:49:42-05:00[America/New_York],2021-02-07T19:50:05-05:00[America/New_York],NA,2021-02-07,71382,Sunday
1802,<A>,30,2021-02-07T19:50:05-05:00[America/New_York],2021-02-07T19:50:35-05:00[America/New_York],Yes,2021-02-07,71405,Sunday
1802,B,23,2021-02-07T19:50:35-05:00[America/New_York],2021-02-07T19:50:58-05:00[America/New_York],NA,2021-02-07,71435,Sunday
1802,<A>,29,2021-02-07T19:50:58-05:00[America/New_York],2021-02-07T19:51:27-05:00[America/New_York],Yes,2021-02-07,71458,Sunday
1802,B,23,2021-02-07T19:51:27-05:00[America/New_York],2021-02-07T19:51:50-05:00[America/New_York],NA,2021-02-07,71487,Sunday
1802,<A>,26,2021-02-07T19:51:50-05:00[America/New_York],2021-02-07T19:52:16-05:00[America/New_York],Yes,2021-02-07,71510,Sunday
1802,B,23,2021-02-07T19:52:16-05:00[America/New_York],2021-02-07T19:52:39-05:00[America/New_York],NA,2021-02-07,71536,Sunday
1802,<A>,26,2021-02-07T19:52:39-05:00[America/New_York],2021-02-07T19:53:05-05:00[America/New_York],Yes,2021-02-07,71559,Sunday
1802,B,23,2021-02-07T19:53:05-05:00[America/New_York],2021-02-07T19:53:28-05:00[America/New_York],NA,2021-02-07,71585,Sunday
1802,<A>,29,2021-02-07T19:53:28-05:00[America/New_York],2021-02-07T19:53:57-05:00[America/New_York],Yes,2021-02-07,71608,Sunday
1802,B,23,2021-02-07T19:53:57-05:00[America/New_York],2021-02-07T19:54:20-05:00[America/New_York],NA,2021-02-07,71637,Sunday
1802,<A>,26,2021-02-07T19:54:20-05:00[America/New_York],2021-02-07T19:54:46-05:00[America/New_York],Yes,2021-02-07,71660,Sunday
1802,B,23,2021-02-07T19:54:46-05:00[America/New_York],2021-02-07T19:55:09-05:00[America/New_York],NA,2021-02-07,71686,Sunday
1802,<A>,26,2021-02-07T19:55:09-05:00[America/New_York],2021-02-07T19:55:35-05:00[America/New_York],Yes,2021-02-07,71709,Sunday
1802,B,23,2021-02-07T19:55:35-05:00[America/New_York],2021-02-07T19:55:58-05:00[America/New_York],NA,2021-02-07,71735,Sunday
1802,<A>,26,2021-02-07T19:55:58-05:00[America/New_York],2021-02-07T19:56:24-05:00[America/New_York],Yes,2021-02-07,71758,Sunday
1802,B,23,2021-02-07T19:56:24-05:00[America/New_York],2021-02-07T19:56:47-05:00[America/New_York],NA,2021-02-07,71784,Sunday
1802,<A>,29,2021-02-07T19:56:47-05:00[America/New_York],2021-02-07T19:57:16-05:00[America/New_York],Yes,2021-02-07,71807,Sunday
1802,B,23,2021-02-07T19:57:16-05:00[America/New_York],2021-02-07T19:57:39-05:00[America/New_York],NA,2021-02-07,71836,Sunday
1802,<A>,26,2021-02-07T19:57:39-05:00[America/New_York],2021-02-07T19:58:05-05:00[America/New_York],Yes,2021-02-07,71859,Sunday
1802,B,23,2021-02-07T19:58:05-05:00[America/New_York],2021-02-07T19:58:28-05:00[America/New_York],NA,2021-02-07,71885,Sunday
1802,<A>,26,2021-02-07T19:58:28-05:00[America/New_York],2021-02-07T19:58:54-05:00[America/New_York],Yes,2021-02-07,71908,Sunday
1802,B,23,2021-02-07T19:58:54-05:00[America/New_York],2021-02-07T19:59:17-05:00[America/New_York],NA,2021-02-07,71934,Sunday
1802,<A>,31,2021-02-07T19:59:17-05:00[America/New_York],2021-02-07T19:59:48-05:00[America/New_York],Yes,2021-02-07,71957,Sunday
1802,B,23,2021-02-07T19:59:48-05:00[America/New_York],2021-02-07T20:00:11-05:00[America/New_York],NA,2021-02-07,71988,Sunday
1802,<A>,26,2021-02-07T20:00:11-05:00[America/New_York],2021-02-07T20:00:37-05:00[America/New_York],Yes,2021-02-07,72011,Sunday
1802,B,23,2021-02-07T20:00:37-05:00[America/New_York],2021-02-07T20:01:00-05:00[America/New_York],NA,2021-02-07,72037,Sunday
1802,<A>,26,2021-02-07T20:01:00-05:00[America/New_York],2021-02-07T20:01:26-05:00[America/New_York],Yes,2021-02-07,72060,Sunday
1802,B,23,2021-02-07T20:01:26-05:00[America/New_York],2021-02-07T20:01:49-05:00[America/New_York],NA,2021-02-07,72086,Sunday
1802,<A>,28,2021-02-07T20:01:49-05:00[America/New_York],2021-02-07T20:02:17-05:00[America/New_York],Yes,2021-02-07,72109,Sunday
1802,B,23,2021-02-07T20:02:17-05:00[America/New_York],2021-02-07T20:02:40-05:00[America/New_York],NA,2021-02-07,72137,Sunday
1802,<A>,32,2021-02-07T20:02:40-05:00[America/New_York],2021-02-07T20:03:12-05:00[America/New_York],Yes,2021-02-07,72160,Sunday
1802,B,23,2021-02-07T20:03:12-05:00[America/New_York],2021-02-07T20:03:35-05:00[America/New_York],NA,2021-02-07,72192,Sunday
1802,<A>,26,2021-02-07T20:03:35-05:00[America/New_York],2021-02-07T20:04:01-05:00[America/New_York],Yes,2021-02-07,72215,Sunday
1802,B,14,2021-02-07T20:04:01-05:00[America/New_York],2021-02-07T20:04:15-05:00[America/New_York],Yes,2021-02-07,72241,Sunday
1802,<A>,43,2021-02-07T20:04:15-05:00[America/New_York],2021-02-07T20:04:58-05:00[America/New_York],Yes,2021-02-07,72255,Sunday
1802,B,14,2021-02-07T20:04:58-05:00[America/New_York],2021-02-07T20:05:12-05:00[America/New_York],Yes,2021-02-07,72298,Sunday
1802,<A>,26,2021-02-07T20:05:12-05:00[America/New_York],2021-02-07T20:05:38-05:00[America/New_York],Yes,2021-02-07,72312,Sunday
1802,B,15,2021-02-07T20:05:38-05:00[America/New_York],2021-02-07T20:05:53-05:00[America/New_York],Yes,2021-02-07,72338,Sunday
1802,<A>,29,2021-02-07T20:05:53-05:00[America/New_York],2021-02-07T20:06:22-05:00[America/New_York],Yes,2021-02-07,72353,Sunday
1802,B,14,2021-02-07T20:06:22-05:00[America/New_York],2021-02-07T20:06:36-05:00[America/New_York],Yes,2021-02-07,72382,Sunday
1802,<A>,105,2021-02-07T20:06:36-05:00[America/New_York],2021-02-07T20:08:21-05:00[America/New_York],Yes,2021-02-07,72396,Sunday
1802,B,15,2021-02-07T20:08:21-05:00[America/New_York],2021-02-07T20:08:36-05:00[America/New_York],Yes,2021-02-07,72501,Sunday
1802,<A>,123,2021-02-07T20:08:36-05:00[America/New_York],2021-02-07T20:10:39-05:00[America/New_York],Yes,2021-02-07,72516,Sunday
1802,B,14,2021-02-07T20:10:39-05:00[America/New_York],2021-02-07T20:10:53-05:00[America/New_York],Yes,2021-02-07,72639,Sunday
1802,<A>,26,2021-02-07T20:10:53-05:00[America/New_York],2021-02-07T20:11:19-05:00[America/New_York],Yes,2021-02-07,72653,Sunday
1802,B,16,2021-02-07T20:11:19-05:00[America/New_York],2021-02-07T20:11:35-05:00[America/New_York],NA,2021-02-07,72679,Sunday
1802,<A>,26,2021-02-07T20:11:35-05:00[America/New_York],2021-02-07T20:12:01-05:00[America/New_York],Yes,2021-02-07,72695,Sunday
1802,B,14,2021-02-07T20:12:01-05:00[America/New_York],2021-02-07T20:12:15-05:00[America/New_York],Yes,2021-02-07,72721,Sunday
1802,<A>,102,2021-02-07T20:12:15-05:00[America/New_York],2021-02-07T20:13:57-05:00[America/New_York],NA,2021-02-07,72735,Sunday
1802,B,14,2021-02-07T20:13:57-05:00[America/New_York],2021-02-07T20:14:11-05:00[America/New_York],Yes,2021-02-07,72837,Sunday
1802,<A>,362,2021-02-07T20:14:11-05:00[America/New_York],2021-02-07T20:20:13-05:00[America/New_York],NA,2021-02-07,72851,Sunday
1802,B,14,2021-02-07T20:20:13-05:00[America/New_York],2021-02-07T20:20:27-05:00[America/New_York],Yes,2021-02-07,73213,Sunday
1802,<A>,53,2021-02-07T20:20:27-05:00[America/New_York],2021-02-07T20:21:20-05:00[America/New_York],Yes,2021-02-07,73227,Sunday
1802,B,14,2021-02-07T20:21:20-05:00[America/New_York],2021-02-07T20:21:34-05:00[America/New_York],Yes,2021-02-07,73280,Sunday
1802,<A>,146,2021-02-07T20:21:34-05:00[America/New_York],2021-02-07T20:24:00-05:00[America/New_York],Yes,2021-02-07,73294,Sunday
1802,B,14,2021-02-07T20:24:00-05:00[America/New_York],2021-02-07T20:24:14-05:00[America/New_York],Yes,2021-02-07,73440,Sunday
1802,<A>,123,2021-02-07T20:24:14-05:00[America/New_York],2021-02-07T20:26:17-05:00[America/New_York],Yes,2021-02-07,73454,Sunday
1802,B,14,2021-02-07T20:26:17-05:00[America/New_York],2021-02-07T20:26:31-05:00[America/New_York],Yes,2021-02-07,73577,Sunday
1802,<A>,303,2021-02-07T20:26:31-05:00[America/New_York],2021-02-07T20:31:34-05:00[America/New_York],Yes,2021-02-07,73591,Sunday
1802,B,14,2021-02-07T20:31:34-05:00[America/New_York],2021-02-07T20:31:48-05:00[America/New_York],Yes,2021-02-07,73894,Sunday
1802,<A>,26,2021-02-07T20:31:48-05:00[America/New_York],2021-02-07T20:32:14-05:00[America/New_York],Yes,2021-02-07,73908,Sunday
1802,B,15,2021-02-07T20:32:14-05:00[America/New_York],2021-02-07T20:32:29-05:00[America/New_York],Yes,2021-02-07,73934,Sunday
1802,<A>,86,2021-02-07T20:32:29-05:00[America/New_York],2021-02-07T20:33:55-05:00[America/New_York],NA,2021-02-07,73949,Sunday
1802,B,14,2021-02-07T20:33:55-05:00[America/New_York],2021-02-07T20:34:09-05:00[America/New_York],Yes,2021-02-07,74035,Sunday
1802,<A>,78,2021-02-07T20:34:09-05:00[America/New_York],2021-02-07T20:35:27-05:00[America/New_York],Yes,2021-02-07,74049,Sunday
1802,B,14,2021-02-07T20:35:27-05:00[America/New_York],2021-02-07T20:35:41-05:00[America/New_York],Yes,2021-02-07,74127,Sunday
1802,<A>,134,2021-02-07T20:35:41-05:00[America/New_York],2021-02-07T20:37:55-05:00[America/New_York],Yes,2021-02-07,74141,Sunday
1802,B,14,2021-02-07T20:37:55-05:00[America/New_York],2021-02-07T20:38:09-05:00[America/New_York],Yes,2021-02-07,74275,Sunday
1802,<A>,306,2021-02-07T20:38:09-05:00[America/New_York],2021-02-07T20:43:15-05:00[America/New_York],Yes,2021-02-07,74289,Sunday
1802,B,14,2021-02-07T20:43:15-05:00[America/New_York],2021-02-07T20:43:29-05:00[America/New_York],Yes,2021-02-07,74595,Sunday
1802,<A>,575,2021-02-07T20:43:29-05:00[America/New_York],2021-02-07T20:53:04-05:00[America/New_York],NA,2021-02-07,74609,Sunday
1802,B,14,2021-02-07T20:53:04-05:00[America/New_York],2021-02-07T20:53:18-05:00[America/New_York],Yes,2021-02-07,75184,Sunday
1802,<A>,33,2021-02-07T20:53:18-05:00[America/New_York],2021-02-07T20:53:51-05:00[America/New_York],Yes,2021-02-07,75198,Sunday
1802,B,14,2021-02-07T20:53:51-05:00[America/New_York],2021-02-07T20:54:05-05:00[America/New_York],Yes,2021-02-07,75231,Sunday
1802,<A>,26,2021-02-07T20:54:05-05:00[America/New_York],2021-02-07T20:54:31-05:00[America/New_York],Yes,2021-02-07,75245,Sunday
1802,B,15,2021-02-07T20:54:31-05:00[America/New_York],2021-02-07T20:54:46-05:00[America/New_York],Yes,2021-02-07,75271,Sunday
1802,<A>,385,2021-02-07T20:54:46-05:00[America/New_York],2021-02-07T21:01:11-05:00[America/New_York],NA,2021-02-07,75286,Sunday
1802,B,14,2021-02-07T21:01:11-05:00[America/New_York],2021-02-07T21:01:25-05:00[America/New_York],Yes,2021-02-07,75671,Sunday
1802,<A>,37,2021-02-07T21:01:25-05:00[America/New_York],2021-02-07T21:02:02-05:00[America/New_York],Yes,2021-02-07,75685,Sunday
1802,B,14,2021-02-07T21:02:02-05:00[America/New_York],2021-02-07T21:02:16-05:00[America/New_York],Yes,2021-02-07,75722,Sunday
1802,<A>,106,2021-02-07T21:02:16-05:00[America/New_York],2021-02-07T21:04:02-05:00[America/New_York],NA,2021-02-07,75736,Sunday
1802,B,14,2021-02-07T21:04:02-05:00[America/New_York],2021-02-07T21:04:16-05:00[America/New_York],Yes,2021-02-07,75842,Sunday
1802,<A>,103,2021-02-07T21:04:16-05:00[America/New_York],2021-02-07T21:05:59-05:00[America/New_York],NA,2021-02-07,75856,Sunday
1802,B,14,2021-02-07T21:05:59-05:00[America/New_York],2021-02-07T21:06:13-05:00[America/New_York],Yes,2021-02-07,75959,Sunday
1802,<A>,36,2021-02-07T21:06:13-05:00[America/New_York],2021-02-07T21:06:49-05:00[America/New_York],Yes,2021-02-07,75973,Sunday
1802,B,14,2021-02-07T21:06:49-05:00[America/New_York],2021-02-07T21:07:03-05:00[America/New_York],Yes,2021-02-07,76009,Sunday
1802,<A>,469,2021-02-07T21:07:03-05:00[America/New_York],2021-02-07T21:14:52-05:00[America/New_York],NA,2021-02-07,76023,Sunday
1802,B,20,2021-02-07T21:14:52-05:00[America/New_York],2021-02-07T21:15:12-05:00[America/New_York],Yes,2021-02-07,76492,Sunday
1802,<A>,93,2021-02-07T21:15:12-05:00[America/New_York],2021-02-07T21:16:45-05:00[America/New_York],NA,2021-02-07,76512,Sunday
1802,B,14,2021-02-07T21:16:45-05:00[America/New_York],2021-02-07T21:16:59-05:00[America/New_York],Yes,2021-02-07,76605,Sunday
1802,<A>,298,2021-02-07T21:16:59-05:00[America/New_York],2021-02-07T21:21:57-05:00[America/New_York],Yes,2021-02-07,76619,Sunday
1802,B,14,2021-02-07T21:21:57-05:00[America/New_York],2021-02-07T21:22:11-05:00[America/New_York],Yes,2021-02-07,76917,Sunday
1802,<A>,507,2021-02-07T21:22:11-05:00[America/New_York],2021-02-07T21:30:38-05:00[America/New_York],Yes,2021-02-07,76931,Sunday
1802,B,14,2021-02-07T21:30:38-05:00[America/New_York],2021-02-07T21:30:52-05:00[America/New_York],Yes,2021-02-07,77438,Sunday
1802,<A>,589,2021-02-07T21:30:52-05:00[America/New_York],2021-02-07T21:40:41-05:00[America/New_York],Yes,2021-02-07,77452,Sunday
1802,B,14,2021-02-07T21:40:41-05:00[America/New_York],2021-02-07T21:40:55-05:00[America/New_York],Yes,2021-02-07,78041,Sunday
1802,<A>,26,2021-02-07T21:40:55-05:00[America/New_York],2021-02-07T21:41:21-05:00[America/New_York],Yes,2021-02-07,78055,Sunday
1802,B,15,2021-02-07T21:41:21-05:00[America/New_York],2021-02-07T21:41:36-05:00[America/New_York],Yes,2021-02-07,78081,Sunday
1802,<A>,146,2021-02-07T21:41:36-05:00[America/New_York],2021-02-07T21:44:02-05:00[America/New_York],Yes,2021-02-07,78096,Sunday
1802,B,14,2021-02-07T21:44:02-05:00[America/New_York],2021-02-07T21:44:16-05:00[America/New_York],Yes,2021-02-07,78242,Sunday
1802,<A>,138,2021-02-07T21:44:16-05:00[America/New_York],2021-02-07T21:46:34-05:00[America/New_York],Yes,2021-02-07,78256,Sunday
1802,B,14,2021-02-07T21:46:34-05:00[America/New_York],2021-02-07T21:46:48-05:00[America/New_York],Yes,2021-02-07,78394,Sunday
1802,<A>,38,2021-02-07T21:46:48-05:00[America/New_York],2021-02-07T21:47:26-05:00[America/New_York],Yes,2021-02-07,78408,Sunday
1802,B,16,2021-02-07T21:47:26-05:00[America/New_York],2021-02-07T21:47:42-05:00[America/New_York],Yes,2021-02-07,78446,Sunday
1802,<A>,104,2021-02-07T21:47:42-05:00[America/New_York],2021-02-07T21:49:26-05:00[America/New_York],NA,2021-02-07,78462,Sunday
1802,B,14,2021-02-07T21:49:26-05:00[America/New_York],2021-02-07T21:49:40-05:00[America/New_York],Yes,2021-02-07,78566,Sunday
1802,<A>,179,2021-02-07T21:49:40-05:00[America/New_York],2021-02-07T21:52:39-05:00[America/New_York],NA,2021-02-07,78580,Sunday
1802,B,14,2021-02-07T21:52:39-05:00[America/New_York],2021-02-07T21:52:53-05:00[America/New_York],Yes,2021-02-07,78759,Sunday
1802,<A>,26,2021-02-07T21:52:53-05:00[America/New_York],2021-02-07T21:53:19-05:00[America/New_York],Yes,2021-02-07,78773,Sunday
1802,B,15,2021-02-07T21:53:19-05:00[America/New_York],2021-02-07T21:53:34-05:00[America/New_York],Yes,2021-02-07,78799,Sunday
1802,<A>,303,2021-02-07T21:53:34-05:00[America/New_York],2021-02-07T21:58:37-05:00[America/New_York],Yes,2021-02-07,78814,Sunday
1802,B,14,2021-02-07T21:58:37-05:00[America/New_York],2021-02-07T21:58:51-05:00[America/New_York],Yes,2021-02-07,79117,Sunday
1802,<A>,542,2021-02-07T21:58:51-05:00[America/New_York],2021-02-07T22:07:53-05:00[America/New_York],Yes,2021-02-07,79131,Sunday
1802,B,14,2021-02-07T22:07:53-05:00[America/New_York],2021-02-07T22:08:07-05:00[America/New_York],Yes,2021-02-07,79673,Sunday
1802,<A>,28,2021-02-07T22:08:07-05:00[America/New_York],2021-02-07T22:08:35-05:00[America/New_York],Yes,2021-02-07,79687,Sunday
1802,B,14,2021-02-07T22:08:35-05:00[America/New_York],2021-02-07T22:08:49-05:00[America/New_York],Yes,2021-02-07,79715,Sunday
1802,<A>,435,2021-02-07T22:08:49-05:00[America/New_York],2021-02-07T22:16:04-05:00[America/New_York],Yes,2021-02-07,79729,Sunday
1802,B,14,2021-02-07T22:16:04-05:00[America/New_York],2021-02-07T22:16:18-05:00[America/New_York],Yes,2021-02-07,80164,Sunday
1802,<A>,365,2021-02-07T22:16:18-05:00[America/New_York],2021-02-07T22:22:23-05:00[America/New_York],NA,2021-02-07,80178,Sunday
1802,B,14,2021-02-07T22:22:23-05:00[America/New_York],2021-02-07T22:22:37-05:00[America/New_York],Yes,2021-02-07,80543,Sunday
1802,<A>,273,2021-02-07T22:22:37-05:00[America/New_York],2021-02-07T22:27:10-05:00[America/New_York],NA,2021-02-07,80557,Sunday
1802,B,14,2021-02-07T22:27:10-05:00[America/New_York],2021-02-07T22:27:24-05:00[America/New_York],Yes,2021-02-07,80830,Sunday
1802,<A>,161,2021-02-07T22:27:24-05:00[America/New_York],2021-02-07T22:30:05-05:00[America/New_York],Yes,2021-02-07,80844,Sunday
1802,B,14,2021-02-07T22:30:05-05:00[America/New_York],2021-02-07T22:30:19-05:00[America/New_York],Yes,2021-02-07,81005,Sunday
1802,<A>,808,2021-02-07T22:30:19-05:00[America/New_York],2021-02-07T22:43:47-05:00[America/New_York],Yes,2021-02-07,81019,Sunday
1802,B,14,2021-02-07T22:43:47-05:00[America/New_York],2021-02-07T22:44:01-05:00[America/New_York],Yes,2021-02-07,81827,Sunday
1802,<A>,42,2021-02-07T22:44:01-05:00[America/New_York],2021-02-07T22:44:43-05:00[America/New_York],Yes,2021-02-07,81841,Sunday
1802,B,15,2021-02-07T22:44:43-05:00[America/New_York],2021-02-07T22:44:58-05:00[America/New_York],NA,2021-02-07,81883,Sunday
1802,<A>,218,2021-02-07T22:44:58-05:00[America/New_York],2021-02-07T22:48:36-05:00[America/New_York],Yes,2021-02-07,81898,Sunday
1802,B,15,2021-02-07T22:48:36-05:00[America/New_York],2021-02-07T22:48:51-05:00[America/New_York],Yes,2021-02-07,82116,Sunday
1802,<A>,144,2021-02-07T22:48:51-05:00[America/New_York],2021-02-07T22:51:15-05:00[America/New_York],Yes,2021-02-07,82131,Sunday
1802,B,14,2021-02-07T22:51:15-05:00[America/New_York],2021-02-07T22:51:29-05:00[America/New_York],Yes,2021-02-07,82275,Sunday
1802,<A>,174,2021-02-07T22:51:29-05:00[America/New_York],2021-02-07T22:54:23-05:00[America/New_York],Yes,2021-02-07,82289,Sunday
1802,B,14,2021-02-07T22:54:23-05:00[America/New_York],2021-02-07T22:54:37-05:00[America/New_York],Yes,2021-02-07,82463,Sunday
1802,<A>,32,2021-02-07T22:54:37-05:00[America/New_York],2021-02-07T22:55:09-05:00[America/New_York],Yes,2021-02-07,82477,Sunday
1802,B,14,2021-02-07T22:55:09-05:00[America/New_York],2021-02-07T22:55:23-05:00[America/New_York],Yes,2021-02-07,82509,Sunday
1802,<A>,487,2021-02-07T22:55:23-05:00[America/New_York],2021-02-07T23:03:30-05:00[America/New_York],NA,2021-02-07,82523,Sunday
1802,B,16,2021-02-07T23:03:30-05:00[America/New_York],2021-02-07T23:03:46-05:00[America/New_York],Yes,2021-02-07,83010,Sunday
1802,<A>,69,2021-02-07T23:03:46-05:00[America/New_York],2021-02-07T23:04:55-05:00[America/New_York],Yes,2021-02-07,83026,Sunday
1802,B,14,2021-02-07T23:04:55-05:00[America/New_York],2021-02-07T23:05:09-05:00[America/New_York],Yes,2021-02-07,83095,Sunday
1802,<A>,2615,2021-02-07T23:05:09-05:00[America/New_York],2021-02-07T23:48:44-05:00[America/New_York],Yes,2021-02-07,83109,Sunday
1802,B,14,2021-02-07T23:48:44-05:00[America/New_York],2021-02-07T23:48:58-05:00[America/New_York],Yes,2021-02-07,85724,Sunday
1802,<A>,252,2021-02-07T23:48:58-05:00[America/New_York],2021-02-07T23:53:10-05:00[America/New_York],Yes,2021-02-07,85738,Sunday
1802,B,14,2021-02-07T23:53:10-05:00[America/New_York],2021-02-07T23:53:24-05:00[America/New_York],Yes,2021-02-07,85990,Sunday
1802,<A>,395,2021-02-07T23:53:24-05:00[America/New_York],2021-02-07T23:59:59-05:00[America/New_York],NA,2021-02-07,86004,Sunday
1803,C,14,2021-02-07T00:00:34-05:00[America/New_York],2021-02-07T00:00:48-05:00[America/New_York],Yes,2021-02-07,34,Sunday
1803,<A>,42,2021-02-07T00:00:48-05:00[America/New_York],2021-02-07T00:01:30-05:00[America/New_York],Yes,2021-02-07,48,Sunday
1803,C,14,2021-02-07T00:01:30-05:00[America/New_York],2021-02-07T00:01:44-05:00[America/New_York],Yes,2021-02-07,90,Sunday
1803,<A>,37,2021-02-07T00:01:44-05:00[America/New_York],2021-02-07T00:02:21-05:00[America/New_York],Yes,2021-02-07,104,Sunday
1803,C,15,2021-02-07T00:02:21-05:00[America/New_York],2021-02-07T00:02:36-05:00[America/New_York],Yes,2021-02-07,141,Sunday
1803,<A>,70,2021-02-07T00:02:36-05:00[America/New_York],2021-02-07T00:03:46-05:00[America/New_York],NA,2021-02-07,156,Sunday
1803,B,14,2021-02-07T00:03:46-05:00[America/New_York],2021-02-07T00:04:00-05:00[America/New_York],Yes,2021-02-07,226,Sunday
1803,<A>,46,2021-02-07T00:04:00-05:00[America/New_York],2021-02-07T00:04:46-05:00[America/New_York],Yes,2021-02-07,240,Sunday
1803,C,15,2021-02-07T00:04:46-05:00[America/New_York],2021-02-07T00:05:01-05:00[America/New_York],Yes,2021-02-07,286,Sunday
1803,<A>,96,2021-02-07T00:05:01-05:00[America/New_York],2021-02-07T00:06:37-05:00[America/New_York],NA,2021-02-07,301,Sunday
1803,B,14,2021-02-07T00:06:37-05:00[America/New_York],2021-02-07T00:06:51-05:00[America/New_York],Yes,2021-02-07,397,Sunday
1803,<A>,38,2021-02-07T00:06:51-05:00[America/New_York],2021-02-07T00:07:29-05:00[America/New_York],Yes,2021-02-07,411,Sunday
1803,B,15,2021-02-07T00:07:29-05:00[America/New_York],2021-02-07T00:07:44-05:00[America/New_York],Yes,2021-02-07,449,Sunday
1803,<A>,37,2021-02-07T00:07:44-05:00[America/New_York],2021-02-07T00:08:21-05:00[America/New_York],Yes,2021-02-07,464,Sunday
1803,B,15,2021-02-07T00:08:21-05:00[America/New_York],2021-02-07T00:08:36-05:00[America/New_York],Yes,2021-02-07,501,Sunday
1803,<A>,67,2021-02-07T00:08:36-05:00[America/New_York],2021-02-07T00:09:43-05:00[America/New_York],NA,2021-02-07,516,Sunday
1803,B,14,2021-02-07T00:09:43-05:00[America/New_York],2021-02-07T00:09:57-05:00[America/New_York],Yes,2021-02-07,583,Sunday
1803,<A>,116,2021-02-07T00:09:57-05:00[America/New_York],2021-02-07T00:11:53-05:00[America/New_York],Yes,2021-02-07,597,Sunday
1803,C,14,2021-02-07T00:11:53-05:00[America/New_York],2021-02-07T00:12:07-05:00[America/New_York],Yes,2021-02-07,713,Sunday
1803,<A>,54,2021-02-07T00:12:07-05:00[America/New_York],2021-02-07T00:13:01-05:00[America/New_York],Yes,2021-02-07,727,Sunday
1803,C,17,2021-02-07T00:13:01-05:00[America/New_York],2021-02-07T00:13:18-05:00[America/New_York],Yes,2021-02-07,781,Sunday
1803,<A>,39,2021-02-07T00:13:18-05:00[America/New_York],2021-02-07T00:13:57-05:00[America/New_York],Yes,2021-02-07,798,Sunday
1803,C,15,2021-02-07T00:13:57-05:00[America/New_York],2021-02-07T00:14:12-05:00[America/New_York],Yes,2021-02-07,837,Sunday
1803,<A>,38,2021-02-07T00:14:12-05:00[America/New_York],2021-02-07T00:14:50-05:00[America/New_York],Yes,2021-02-07,852,Sunday
1803,B,14,2021-02-07T00:14:50-05:00[America/New_York],2021-02-07T00:15:04-05:00[America/New_York],NA,2021-02-07,890,Sunday
1803,C,14,2021-02-07T00:15:04-05:00[America/New_York],2021-02-07T00:15:18-05:00[America/New_York],Yes,2021-02-07,904,Sunday
1803,<A>,79,2021-02-07T00:15:18-05:00[America/New_York],2021-02-07T00:16:37-05:00[America/New_York],Yes,2021-02-07,918,Sunday
1803,B,14,2021-02-07T00:16:37-05:00[America/New_York],2021-02-07T00:16:51-05:00[America/New_York],NA,2021-02-07,997,Sunday
1803,C,15,2021-02-07T00:16:51-05:00[America/New_York],2021-02-07T00:17:06-05:00[America/New_York],Yes,2021-02-07,1011,Sunday
1803,<A>,43,2021-02-07T00:17:06-05:00[America/New_York],2021-02-07T00:17:49-05:00[America/New_York],Yes,2021-02-07,1026,Sunday
1803,B,14,2021-02-07T00:17:49-05:00[America/New_York],2021-02-07T00:18:03-05:00[America/New_York],NA,2021-02-07,1069,Sunday
1803,C,16,2021-02-07T00:18:03-05:00[America/New_York],2021-02-07T00:18:19-05:00[America/New_York],Yes,2021-02-07,1083,Sunday
1803,<A>,81,2021-02-07T00:18:19-05:00[America/New_York],2021-02-07T00:19:40-05:00[America/New_York],Yes,2021-02-07,1099,Sunday
1803,C,15,2021-02-07T00:19:40-05:00[America/New_York],2021-02-07T00:19:55-05:00[America/New_York],Yes,2021-02-07,1180,Sunday
1803,<A>,37,2021-02-07T00:19:55-05:00[America/New_York],2021-02-07T00:20:32-05:00[America/New_York],Yes,2021-02-07,1195,Sunday
1803,B,15,2021-02-07T00:20:32-05:00[America/New_York],2021-02-07T00:20:47-05:00[America/New_York],NA,2021-02-07,1232,Sunday
1803,C,14,2021-02-07T00:20:47-05:00[America/New_York],2021-02-07T00:21:01-05:00[America/New_York],Yes,2021-02-07,1247,Sunday
1803,<A>,153,2021-02-07T00:21:01-05:00[America/New_York],2021-02-07T00:23:34-05:00[America/New_York],Yes,2021-02-07,1261,Sunday
1803,C,16,2021-02-07T00:23:34-05:00[America/New_York],2021-02-07T00:23:50-05:00[America/New_York],Yes,2021-02-07,1414,Sunday
1803,<A>,84,2021-02-07T00:23:50-05:00[America/New_York],2021-02-07T00:25:14-05:00[America/New_York],NA,2021-02-07,1430,Sunday
1803,B,14,2021-02-07T00:25:14-05:00[America/New_York],2021-02-07T00:25:28-05:00[America/New_York],Yes,2021-02-07,1514,Sunday
1803,<A>,55,2021-02-07T00:25:28-05:00[America/New_York],2021-02-07T00:26:23-05:00[America/New_York],Yes,2021-02-07,1528,Sunday
1803,B,14,2021-02-07T00:26:23-05:00[America/New_York],2021-02-07T00:26:37-05:00[America/New_York],Yes,2021-02-07,1583,Sunday
1803,<A>,152,2021-02-07T00:26:37-05:00[America/New_York],2021-02-07T00:29:09-05:00[America/New_York],Yes,2021-02-07,1597,Sunday
1803,B,14,2021-02-07T00:29:09-05:00[America/New_York],2021-02-07T00:29:23-05:00[America/New_York],Yes,2021-02-07,1749,Sunday
1803,<A>,105,2021-02-07T00:29:23-05:00[America/New_York],2021-02-07T00:31:08-05:00[America/New_York],Yes,2021-02-07,1763,Sunday
1803,B,15,2021-02-07T00:31:08-05:00[America/New_York],2021-02-07T00:31:23-05:00[America/New_York],NA,2021-02-07,1868,Sunday
1803,C,14,2021-02-07T00:31:23-05:00[America/New_York],2021-02-07T00:31:37-05:00[America/New_York],Yes,2021-02-07,1883,Sunday
1803,<A>,38,2021-02-07T00:31:37-05:00[America/New_York],2021-02-07T00:32:15-05:00[America/New_York],Yes,2021-02-07,1897,Sunday
1803,B,14,2021-02-07T00:32:15-05:00[America/New_York],2021-02-07T00:32:29-05:00[America/New_York],NA,2021-02-07,1935,Sunday
1803,C,16,2021-02-07T00:32:29-05:00[America/New_York],2021-02-07T00:32:45-05:00[America/New_York],Yes,2021-02-07,1949,Sunday
1803,<A>,68,2021-02-07T00:32:45-05:00[America/New_York],2021-02-07T00:33:53-05:00[America/New_York],Yes,2021-02-07,1965,Sunday
1803,C,14,2021-02-07T00:33:53-05:00[America/New_York],2021-02-07T00:34:07-05:00[America/New_York],Yes,2021-02-07,2033,Sunday
1803,<A>,38,2021-02-07T00:34:07-05:00[America/New_York],2021-02-07T00:34:45-05:00[America/New_York],Yes,2021-02-07,2047,Sunday
1803,B,14,2021-02-07T00:34:45-05:00[America/New_York],2021-02-07T00:34:59-05:00[America/New_York],NA,2021-02-07,2085,Sunday
1803,C,17,2021-02-07T00:34:59-05:00[America/New_York],2021-02-07T00:35:16-05:00[America/New_York],Yes,2021-02-07,2099,Sunday
1803,<A>,78,2021-02-07T00:35:16-05:00[America/New_York],2021-02-07T00:36:34-05:00[America/New_York],NA,2021-02-07,2116,Sunday
1803,C,14,2021-02-07T00:36:34-05:00[America/New_York],2021-02-07T00:36:48-05:00[America/New_York],Yes,2021-02-07,2194,Sunday
1803,<A>,37,2021-02-07T00:36:48-05:00[America/New_York],2021-02-07T00:37:25-05:00[America/New_York],Yes,2021-02-07,2208,Sunday
1803,C,15,2021-02-07T00:37:25-05:00[America/New_York],2021-02-07T00:37:40-05:00[America/New_York],Yes,2021-02-07,2245,Sunday
1803,<A>,38,2021-02-07T00:37:40-05:00[America/New_York],2021-02-07T00:38:18-05:00[America/New_York],Yes,2021-02-07,2260,Sunday
1803,B,16,2021-02-07T00:38:18-05:00[America/New_York],2021-02-07T00:38:34-05:00[America/New_York],Yes,2021-02-07,2298,Sunday
1803,<A>,38,2021-02-07T00:38:34-05:00[America/New_York],2021-02-07T00:39:12-05:00[America/New_York],Yes,2021-02-07,2314,Sunday
1803,B,14,2021-02-07T00:39:12-05:00[America/New_York],2021-02-07T00:39:26-05:00[America/New_York],Yes,2021-02-07,2352,Sunday
1803,<A>,37,2021-02-07T00:39:26-05:00[America/New_York],2021-02-07T00:40:03-05:00[America/New_York],Yes,2021-02-07,2366,Sunday
1803,B,15,2021-02-07T00:40:03-05:00[America/New_York],2021-02-07T00:40:18-05:00[America/New_York],NA,2021-02-07,2403,Sunday
1803,C,14,2021-02-07T00:40:18-05:00[America/New_York],2021-02-07T00:40:32-05:00[America/New_York],Yes,2021-02-07,2418,Sunday
1803,<A>,41,2021-02-07T00:40:32-05:00[America/New_York],2021-02-07T00:41:13-05:00[America/New_York],Yes,2021-02-07,2432,Sunday
1803,B,16,2021-02-07T00:41:13-05:00[America/New_York],2021-02-07T00:41:29-05:00[America/New_York],Yes,2021-02-07,2473,Sunday
1803,<A>,135,2021-02-07T00:41:29-05:00[America/New_York],2021-02-07T00:43:44-05:00[America/New_York],Yes,2021-02-07,2489,Sunday
1803,C,14,2021-02-07T00:43:44-05:00[America/New_York],2021-02-07T00:43:58-05:00[America/New_York],Yes,2021-02-07,2624,Sunday
1803,<A>,132,2021-02-07T00:43:58-05:00[America/New_York],2021-02-07T00:46:10-05:00[America/New_York],Yes,2021-02-07,2638,Sunday
1803,B,14,2021-02-07T00:46:10-05:00[America/New_York],2021-02-07T00:46:24-05:00[America/New_York],Yes,2021-02-07,2770,Sunday
1803,<A>,38,2021-02-07T00:46:24-05:00[America/New_York],2021-02-07T00:47:02-05:00[America/New_York],Yes,2021-02-07,2784,Sunday
1803,C,14,2021-02-07T00:47:02-05:00[America/New_York],2021-02-07T00:47:16-05:00[America/New_York],Yes,2021-02-07,2822,Sunday
1803,<A>,41,2021-02-07T00:47:16-05:00[America/New_York],2021-02-07T00:47:57-05:00[America/New_York],Yes,2021-02-07,2836,Sunday
1803,B,14,2021-02-07T00:47:57-05:00[America/New_York],2021-02-07T00:48:11-05:00[America/New_York],NA,2021-02-07,2877,Sunday
1803,<A>,38,2021-02-07T00:48:11-05:00[America/New_York],2021-02-07T00:48:49-05:00[America/New_York],Yes,2021-02-07,2891,Sunday
1803,C,14,2021-02-07T00:48:49-05:00[America/New_York],2021-02-07T00:49:03-05:00[America/New_York],Yes,2021-02-07,2929,Sunday
1803,<A>,38,2021-02-07T00:49:03-05:00[America/New_York],2021-02-07T00:49:41-05:00[America/New_York],Yes,2021-02-07,2943,Sunday
1803,C,14,2021-02-07T00:49:41-05:00[America/New_York],2021-02-07T00:49:55-05:00[America/New_York],Yes,2021-02-07,2981,Sunday
1803,<A>,37,2021-02-07T00:49:55-05:00[America/New_York],2021-02-07T00:50:32-05:00[America/New_York],Yes,2021-02-07,2995,Sunday
1803,B,15,2021-02-07T00:50:32-05:00[America/New_York],2021-02-07T00:50:47-05:00[America/New_York],Yes,2021-02-07,3032,Sunday
1803,<A>,80,2021-02-07T00:50:47-05:00[America/New_York],2021-02-07T00:52:07-05:00[America/New_York],NA,2021-02-07,3047,Sunday
1803,C,14,2021-02-07T00:52:07-05:00[America/New_York],2021-02-07T00:52:21-05:00[America/New_York],Yes,2021-02-07,3127,Sunday
1803,<A>,51,2021-02-07T00:52:21-05:00[America/New_York],2021-02-07T00:53:12-05:00[America/New_York],Yes,2021-02-07,3141,Sunday
1803,C,14,2021-02-07T00:53:12-05:00[America/New_York],2021-02-07T00:53:26-05:00[America/New_York],Yes,2021-02-07,3192,Sunday
1803,<A>,66,2021-02-07T00:53:26-05:00[America/New_York],2021-02-07T00:54:32-05:00[America/New_York],NA,2021-02-07,3206,Sunday
1803,C,15,2021-02-07T00:54:32-05:00[America/New_York],2021-02-07T00:54:47-05:00[America/New_York],Yes,2021-02-07,3272,Sunday
1803,<A>,40,2021-02-07T00:54:47-05:00[America/New_York],2021-02-07T00:55:27-05:00[America/New_York],Yes,2021-02-07,3287,Sunday
1803,C,14,2021-02-07T00:55:27-05:00[America/New_York],2021-02-07T00:55:41-05:00[America/New_York],Yes,2021-02-07,3327,Sunday
1803,<A>,65,2021-02-07T00:55:41-05:00[America/New_York],2021-02-07T00:56:46-05:00[America/New_York],NA,2021-02-07,3341,Sunday
1803,C,15,2021-02-07T00:56:46-05:00[America/New_York],2021-02-07T00:57:01-05:00[America/New_York],Yes,2021-02-07,3406,Sunday
1803,<A>,37,2021-02-07T00:57:01-05:00[America/New_York],2021-02-07T00:57:38-05:00[America/New_York],Yes,2021-02-07,3421,Sunday
1803,B,15,2021-02-07T00:57:38-05:00[America/New_York],2021-02-07T00:57:53-05:00[America/New_York],Yes,2021-02-07,3458,Sunday
1803,<A>,188,2021-02-07T00:57:53-05:00[America/New_York],2021-02-07T01:01:01-05:00[America/New_York],NA,2021-02-07,3473,Sunday
1803,C,15,2021-02-07T01:01:01-05:00[America/New_York],2021-02-07T01:01:16-05:00[America/New_York],Yes,2021-02-07,3661,Sunday
1803,<A>,81,2021-02-07T01:01:16-05:00[America/New_York],2021-02-07T01:02:37-05:00[America/New_York],NA,2021-02-07,3676,Sunday
1803,C,14,2021-02-07T01:02:37-05:00[America/New_York],2021-02-07T01:02:51-05:00[America/New_York],Yes,2021-02-07,3757,Sunday
1803,<A>,37,2021-02-07T01:02:51-05:00[America/New_York],2021-02-07T01:03:28-05:00[America/New_York],Yes,2021-02-07,3771,Sunday
1803,B,15,2021-02-07T01:03:28-05:00[America/New_York],2021-02-07T01:03:43-05:00[America/New_York],Yes,2021-02-07,3808,Sunday
1803,<A>,143,2021-02-07T01:03:43-05:00[America/New_York],2021-02-07T01:06:06-05:00[America/New_York],Yes,2021-02-07,3823,Sunday
1803,C,14,2021-02-07T01:06:06-05:00[America/New_York],2021-02-07T01:06:20-05:00[America/New_York],Yes,2021-02-07,3966,Sunday
1803,<A>,238,2021-02-07T01:06:20-05:00[America/New_York],2021-02-07T01:10:18-05:00[America/New_York],Yes,2021-02-07,3980,Sunday
1803,B,14,2021-02-07T01:10:18-05:00[America/New_York],2021-02-07T01:10:32-05:00[America/New_York],NA,2021-02-07,4218,Sunday
1803,C,14,2021-02-07T01:10:32-05:00[America/New_York],2021-02-07T01:10:46-05:00[America/New_York],Yes,2021-02-07,4232,Sunday
1803,<A>,38,2021-02-07T01:10:46-05:00[America/New_York],2021-02-07T01:11:24-05:00[America/New_York],Yes,2021-02-07,4246,Sunday
1803,C,14,2021-02-07T01:11:24-05:00[America/New_York],2021-02-07T01:11:38-05:00[America/New_York],Yes,2021-02-07,4284,Sunday
1803,<A>,66,2021-02-07T01:11:38-05:00[America/New_York],2021-02-07T01:12:44-05:00[America/New_York],NA,2021-02-07,4298,Sunday
1803,C,14,2021-02-07T01:12:44-05:00[America/New_York],2021-02-07T01:12:58-05:00[America/New_York],Yes,2021-02-07,4364,Sunday
1803,<A>,79,2021-02-07T01:12:58-05:00[America/New_York],2021-02-07T01:14:17-05:00[America/New_York],Yes,2021-02-07,4378,Sunday
1803,B,14,2021-02-07T01:14:17-05:00[America/New_York],2021-02-07T01:14:31-05:00[America/New_York],Yes,2021-02-07,4457,Sunday
1803,<A>,59,2021-02-07T01:14:31-05:00[America/New_York],2021-02-07T01:15:30-05:00[America/New_York],Yes,2021-02-07,4471,Sunday
1803,C,17,2021-02-07T01:15:30-05:00[America/New_York],2021-02-07T01:15:47-05:00[America/New_York],Yes,2021-02-07,4530,Sunday
1803,<A>,37,2021-02-07T01:15:47-05:00[America/New_York],2021-02-07T01:16:24-05:00[America/New_York],Yes,2021-02-07,4547,Sunday
1803,C,15,2021-02-07T01:16:24-05:00[America/New_York],2021-02-07T01:16:39-05:00[America/New_York],Yes,2021-02-07,4584,Sunday
1803,<A>,38,2021-02-07T01:16:39-05:00[America/New_York],2021-02-07T01:17:17-05:00[America/New_York],Yes,2021-02-07,4599,Sunday
1803,C,14,2021-02-07T01:17:17-05:00[America/New_York],2021-02-07T01:17:31-05:00[America/New_York],Yes,2021-02-07,4637,Sunday
1803,<A>,37,2021-02-07T01:17:31-05:00[America/New_York],2021-02-07T01:18:08-05:00[America/New_York],Yes,2021-02-07,4651,Sunday
1803,B,15,2021-02-07T01:18:08-05:00[America/New_York],2021-02-07T01:18:23-05:00[America/New_York],Yes,2021-02-07,4688,Sunday
1803,<A>,37,2021-02-07T01:18:23-05:00[America/New_York],2021-02-07T01:19:00-05:00[America/New_York],Yes,2021-02-07,4703,Sunday
1803,C,15,2021-02-07T01:19:00-05:00[America/New_York],2021-02-07T01:19:15-05:00[America/New_York],Yes,2021-02-07,4740,Sunday
1803,<A>,123,2021-02-07T01:19:15-05:00[America/New_York],2021-02-07T01:21:18-05:00[America/New_York],Yes,2021-02-07,4755,Sunday
1803,B,14,2021-02-07T01:21:18-05:00[America/New_York],2021-02-07T01:21:32-05:00[America/New_York],NA,2021-02-07,4878,Sunday
1803,C,14,2021-02-07T01:21:32-05:00[America/New_York],2021-02-07T01:21:46-05:00[America/New_York],Yes,2021-02-07,4892,Sunday
1803,<A>,164,2021-02-07T01:21:46-05:00[America/New_York],2021-02-07T01:24:30-05:00[America/New_York],Yes,2021-02-07,4906,Sunday
1803,B,14,2021-02-07T01:24:30-05:00[America/New_York],2021-02-07T01:24:44-05:00[America/New_York],Yes,2021-02-07,5070,Sunday
1803,<A>,42,2021-02-07T01:24:44-05:00[America/New_York],2021-02-07T01:25:26-05:00[America/New_York],Yes,2021-02-07,5084,Sunday
1803,C,14,2021-02-07T01:25:26-05:00[America/New_York],2021-02-07T01:25:40-05:00[America/New_York],Yes,2021-02-07,5126,Sunday
1803,<A>,38,2021-02-07T01:25:40-05:00[America/New_York],2021-02-07T01:26:18-05:00[America/New_York],Yes,2021-02-07,5140,Sunday
1803,C,14,2021-02-07T01:26:18-05:00[America/New_York],2021-02-07T01:26:32-05:00[America/New_York],Yes,2021-02-07,5178,Sunday
1803,<A>,203,2021-02-07T01:26:32-05:00[America/New_York],2021-02-07T01:29:55-05:00[America/New_York],Yes,2021-02-07,5192,Sunday
1803,C,16,2021-02-07T01:29:55-05:00[America/New_York],2021-02-07T01:30:11-05:00[America/New_York],Yes,2021-02-07,5395,Sunday
1803,<A>,236,2021-02-07T01:30:11-05:00[America/New_York],2021-02-07T01:34:07-05:00[America/New_York],Yes,2021-02-07,5411,Sunday
1803,C,15,2021-02-07T01:34:07-05:00[America/New_York],2021-02-07T01:34:22-05:00[America/New_York],Yes,2021-02-07,5647,Sunday
1803,<A>,69,2021-02-07T01:34:22-05:00[America/New_York],2021-02-07T01:35:31-05:00[America/New_York],NA,2021-02-07,5662,Sunday
1803,B,14,2021-02-07T01:35:31-05:00[America/New_York],2021-02-07T01:35:45-05:00[America/New_York],Yes,2021-02-07,5731,Sunday
1803,<A>,293,2021-02-07T01:35:45-05:00[America/New_York],2021-02-07T01:40:38-05:00[America/New_York],NA,2021-02-07,5745,Sunday
1803,B,14,2021-02-07T01:40:38-05:00[America/New_York],2021-02-07T01:40:52-05:00[America/New_York],Yes,2021-02-07,6038,Sunday
1803,<A>,106,2021-02-07T01:40:52-05:00[America/New_York],2021-02-07T01:42:38-05:00[America/New_York],Yes,2021-02-07,6052,Sunday
1803,B,14,2021-02-07T01:42:38-05:00[America/New_York],2021-02-07T01:42:52-05:00[America/New_York],Yes,2021-02-07,6158,Sunday
1803,<A>,37,2021-02-07T01:42:52-05:00[America/New_York],2021-02-07T01:43:29-05:00[America/New_York],Yes,2021-02-07,6172,Sunday
1803,B,15,2021-02-07T01:43:29-05:00[America/New_York],2021-02-07T01:43:44-05:00[America/New_York],Yes,2021-02-07,6209,Sunday
1803,<A>,288,2021-02-07T01:43:44-05:00[America/New_York],2021-02-07T01:48:32-05:00[America/New_York],NA,2021-02-07,6224,Sunday
1803,C,14,2021-02-07T01:48:32-05:00[America/New_York],2021-02-07T01:48:46-05:00[America/New_York],Yes,2021-02-07,6512,Sunday
1803,<A>,260,2021-02-07T01:48:46-05:00[America/New_York],2021-02-07T01:53:06-05:00[America/New_York],NA,2021-02-07,6526,Sunday
1803,C,14,2021-02-07T01:53:06-05:00[America/New_York],2021-02-07T01:53:20-05:00[America/New_York],Yes,2021-02-07,6786,Sunday
1803,<A>,144,2021-02-07T01:53:20-05:00[America/New_York],2021-02-07T01:55:44-05:00[America/New_York],Yes,2021-02-07,6800,Sunday
1803,B,14,2021-02-07T01:55:44-05:00[America/New_York],2021-02-07T01:55:58-05:00[America/New_York],Yes,2021-02-07,6944,Sunday
1803,<A>,38,2021-02-07T01:55:58-05:00[America/New_York],2021-02-07T01:56:36-05:00[America/New_York],Yes,2021-02-07,6958,Sunday
1803,C,14,2021-02-07T01:56:36-05:00[America/New_York],2021-02-07T01:56:50-05:00[America/New_York],Yes,2021-02-07,6996,Sunday
1803,<A>,91,2021-02-07T01:56:50-05:00[America/New_York],2021-02-07T01:58:21-05:00[America/New_York],NA,2021-02-07,7010,Sunday
1803,B,14,2021-02-07T01:58:21-05:00[America/New_York],2021-02-07T01:58:35-05:00[America/New_York],Yes,2021-02-07,7101,Sunday
1803,<A>,377,2021-02-07T01:58:35-05:00[America/New_York],2021-02-07T02:04:52-05:00[America/New_York],NA,2021-02-07,7115,Sunday
1803,B,14,2021-02-07T02:04:52-05:00[America/New_York],2021-02-07T02:05:06-05:00[America/New_York],Yes,2021-02-07,7492,Sunday
1803,<A>,37,2021-02-07T02:05:06-05:00[America/New_York],2021-02-07T02:05:43-05:00[America/New_York],Yes,2021-02-07,7506,Sunday
1803,B,15,2021-02-07T02:05:43-05:00[America/New_York],2021-02-07T02:05:58-05:00[America/New_York],Yes,2021-02-07,7543,Sunday
1803,<A>,82,2021-02-07T02:05:58-05:00[America/New_York],2021-02-07T02:07:20-05:00[America/New_York],NA,2021-02-07,7558,Sunday
1803,B,14,2021-02-07T02:07:20-05:00[America/New_York],2021-02-07T02:07:34-05:00[America/New_York],Yes,2021-02-07,7640,Sunday
1803,<A>,38,2021-02-07T02:07:34-05:00[America/New_York],2021-02-07T02:08:12-05:00[America/New_York],Yes,2021-02-07,7654,Sunday
1803,C,14,2021-02-07T02:08:12-05:00[America/New_York],2021-02-07T02:08:26-05:00[America/New_York],Yes,2021-02-07,7692,Sunday
1803,<A>,194,2021-02-07T02:08:26-05:00[America/New_York],2021-02-07T02:11:40-05:00[America/New_York],NA,2021-02-07,7706,Sunday
1803,C,14,2021-02-07T02:11:40-05:00[America/New_York],2021-02-07T02:11:54-05:00[America/New_York],Yes,2021-02-07,7900,Sunday
1803,<A>,76,2021-02-07T02:11:54-05:00[America/New_York],2021-02-07T02:13:10-05:00[America/New_York],Yes,2021-02-07,7914,Sunday
1803,C,14,2021-02-07T02:13:10-05:00[America/New_York],2021-02-07T02:13:24-05:00[America/New_York],Yes,2021-02-07,7990,Sunday
1803,<A>,45,2021-02-07T02:13:24-05:00[America/New_York],2021-02-07T02:14:09-05:00[America/New_York],Yes,2021-02-07,8004,Sunday
1803,B,14,2021-02-07T02:14:09-05:00[America/New_York],2021-02-07T02:14:23-05:00[America/New_York],Yes,2021-02-07,8049,Sunday
1803,<A>,37,2021-02-07T02:14:23-05:00[America/New_York],2021-02-07T02:15:00-05:00[America/New_York],Yes,2021-02-07,8063,Sunday
1803,C,16,2021-02-07T02:15:00-05:00[America/New_York],2021-02-07T02:15:16-05:00[America/New_York],Yes,2021-02-07,8100,Sunday
1803,<A>,204,2021-02-07T02:15:16-05:00[America/New_York],2021-02-07T02:18:40-05:00[America/New_York],Yes,2021-02-07,8116,Sunday
1803,C,14,2021-02-07T02:18:40-05:00[America/New_York],2021-02-07T02:18:54-05:00[America/New_York],Yes,2021-02-07,8320,Sunday
1803,<A>,37,2021-02-07T02:18:54-05:00[America/New_York],2021-02-07T02:19:31-05:00[America/New_York],Yes,2021-02-07,8334,Sunday
1803,C,16,2021-02-07T02:19:31-05:00[America/New_York],2021-02-07T02:19:47-05:00[America/New_York],Yes,2021-02-07,8371,Sunday
1803,<A>,37,2021-02-07T02:19:47-05:00[America/New_York],2021-02-07T02:20:24-05:00[America/New_York],Yes,2021-02-07,8387,Sunday
1803,B,15,2021-02-07T02:20:24-05:00[America/New_York],2021-02-07T02:20:39-05:00[America/New_York],Yes,2021-02-07,8424,Sunday
1803,<A>,165,2021-02-07T02:20:39-05:00[America/New_York],2021-02-07T02:23:24-05:00[America/New_York],NA,2021-02-07,8439,Sunday
1803,B,14,2021-02-07T02:23:24-05:00[America/New_York],2021-02-07T02:23:38-05:00[America/New_York],Yes,2021-02-07,8604,Sunday
1803,<A>,38,2021-02-07T02:23:38-05:00[America/New_York],2021-02-07T02:24:16-05:00[America/New_York],Yes,2021-02-07,8618,Sunday
1803,C,14,2021-02-07T02:24:16-05:00[America/New_York],2021-02-07T02:24:30-05:00[America/New_York],Yes,2021-02-07,8656,Sunday
1803,<A>,86,2021-02-07T02:24:30-05:00[America/New_York],2021-02-07T02:25:56-05:00[America/New_York],NA,2021-02-07,8670,Sunday
1803,C,14,2021-02-07T02:25:56-05:00[America/New_York],2021-02-07T02:26:10-05:00[America/New_York],Yes,2021-02-07,8756,Sunday
1803,<A>,37,2021-02-07T02:26:10-05:00[America/New_York],2021-02-07T02:26:47-05:00[America/New_York],Yes,2021-02-07,8770,Sunday
1803,B,15,2021-02-07T02:26:47-05:00[America/New_York],2021-02-07T02:27:02-05:00[America/New_York],Yes,2021-02-07,8807,Sunday
1803,<A>,37,2021-02-07T02:27:02-05:00[America/New_York],2021-02-07T02:27:39-05:00[America/New_York],Yes,2021-02-07,8822,Sunday
1803,B,15,2021-02-07T02:27:39-05:00[America/New_York],2021-02-07T02:27:54-05:00[America/New_York],Yes,2021-02-07,8859,Sunday
1803,<A>,120,2021-02-07T02:27:54-05:00[America/New_York],2021-02-07T02:29:54-05:00[America/New_York],Yes,2021-02-07,8874,Sunday
1803,B,14,2021-02-07T02:29:54-05:00[America/New_York],2021-02-07T02:30:08-05:00[America/New_York],Yes,2021-02-07,8994,Sunday
1803,<A>,57,2021-02-07T02:30:08-05:00[America/New_York],2021-02-07T02:31:05-05:00[America/New_York],Yes,2021-02-07,9008,Sunday
1803,C,14,2021-02-07T02:31:05-05:00[America/New_York],2021-02-07T02:31:19-05:00[America/New_York],Yes,2021-02-07,9065,Sunday
1803,<A>,65,2021-02-07T02:31:19-05:00[America/New_York],2021-02-07T02:32:24-05:00[America/New_York],Yes,2021-02-07,9079,Sunday
1803,C,14,2021-02-07T02:32:24-05:00[America/New_York],2021-02-07T02:32:38-05:00[America/New_York],Yes,2021-02-07,9144,Sunday
1803,<A>,104,2021-02-07T02:32:38-05:00[America/New_York],2021-02-07T02:34:22-05:00[America/New_York],Yes,2021-02-07,9158,Sunday
1803,C,16,2021-02-07T02:34:22-05:00[America/New_York],2021-02-07T02:34:38-05:00[America/New_York],Yes,2021-02-07,9262,Sunday
1803,<A>,134,2021-02-07T02:34:38-05:00[America/New_York],2021-02-07T02:36:52-05:00[America/New_York],Yes,2021-02-07,9278,Sunday
1803,C,14,2021-02-07T02:36:52-05:00[America/New_York],2021-02-07T02:37:06-05:00[America/New_York],Yes,2021-02-07,9412,Sunday
1803,<A>,94,2021-02-07T02:37:06-05:00[America/New_York],2021-02-07T02:38:40-05:00[America/New_York],NA,2021-02-07,9426,Sunday
1803,C,14,2021-02-07T02:38:40-05:00[America/New_York],2021-02-07T02:38:54-05:00[America/New_York],Yes,2021-02-07,9520,Sunday
1803,<A>,43,2021-02-07T02:38:54-05:00[America/New_York],2021-02-07T02:39:37-05:00[America/New_York],Yes,2021-02-07,9534,Sunday
1803,B,14,2021-02-07T02:39:37-05:00[America/New_York],2021-02-07T02:39:51-05:00[America/New_York],Yes,2021-02-07,9577,Sunday
1803,<A>,407,2021-02-07T02:39:51-05:00[America/New_York],2021-02-07T02:46:38-05:00[America/New_York],Yes,2021-02-07,9591,Sunday
1803,B,14,2021-02-07T02:46:38-05:00[America/New_York],2021-02-07T02:46:52-05:00[America/New_York],Yes,2021-02-07,9998,Sunday
1803,<A>,136,2021-02-07T02:46:52-05:00[America/New_York],2021-02-07T02:49:08-05:00[America/New_York],Yes,2021-02-07,10012,Sunday
1803,C,14,2021-02-07T02:49:08-05:00[America/New_York],2021-02-07T02:49:22-05:00[America/New_York],Yes,2021-02-07,10148,Sunday
1803,<A>,37,2021-02-07T02:49:22-05:00[America/New_York],2021-02-07T02:49:59-05:00[America/New_York],Yes,2021-02-07,10162,Sunday
1803,B,15,2021-02-07T02:49:59-05:00[America/New_York],2021-02-07T02:50:14-05:00[America/New_York],Yes,2021-02-07,10199,Sunday
1803,<A>,249,2021-02-07T02:50:14-05:00[America/New_York],2021-02-07T02:54:23-05:00[America/New_York],Yes,2021-02-07,10214,Sunday
1803,B,14,2021-02-07T02:54:23-05:00[America/New_York],2021-02-07T02:54:37-05:00[America/New_York],Yes,2021-02-07,10463,Sunday
1803,<A>,225,2021-02-07T02:54:37-05:00[America/New_York],2021-02-07T02:58:22-05:00[America/New_York],Yes,2021-02-07,10477,Sunday
1803,C,14,2021-02-07T02:58:22-05:00[America/New_York],2021-02-07T02:58:36-05:00[America/New_York],Yes,2021-02-07,10702,Sunday
1803,<A>,136,2021-02-07T02:58:36-05:00[America/New_York],2021-02-07T03:00:52-05:00[America/New_York],Yes,2021-02-07,10716,Sunday
1803,C,14,2021-02-07T03:00:52-05:00[America/New_York],2021-02-07T03:01:06-05:00[America/New_York],Yes,2021-02-07,10852,Sunday
1803,<A>,473,2021-02-07T03:01:06-05:00[America/New_York],2021-02-07T03:08:59-05:00[America/New_York],NA,2021-02-07,10866,Sunday
1803,C,14,2021-02-07T03:08:59-05:00[America/New_York],2021-02-07T03:09:13-05:00[America/New_York],Yes,2021-02-07,11339,Sunday
1803,<A>,37,2021-02-07T03:09:13-05:00[America/New_York],2021-02-07T03:09:50-05:00[America/New_York],Yes,2021-02-07,11353,Sunday
1803,B,15,2021-02-07T03:09:50-05:00[America/New_York],2021-02-07T03:10:05-05:00[America/New_York],Yes,2021-02-07,11390,Sunday
1803,<A>,212,2021-02-07T03:10:05-05:00[America/New_York],2021-02-07T03:13:37-05:00[America/New_York],Yes,2021-02-07,11405,Sunday
1803,B,14,2021-02-07T03:13:37-05:00[America/New_York],2021-02-07T03:13:51-05:00[America/New_York],Yes,2021-02-07,11617,Sunday
1803,<A>,216,2021-02-07T03:13:51-05:00[America/New_York],2021-02-07T03:17:27-05:00[America/New_York],Yes,2021-02-07,11631,Sunday
1803,C,14,2021-02-07T03:17:27-05:00[America/New_York],2021-02-07T03:17:41-05:00[America/New_York],Yes,2021-02-07,11847,Sunday
1803,<A>,49,2021-02-07T03:17:41-05:00[America/New_York],2021-02-07T03:18:30-05:00[America/New_York],Yes,2021-02-07,11861,Sunday
1803,B,18,2021-02-07T03:18:30-05:00[America/New_York],2021-02-07T03:18:48-05:00[America/New_York],Yes,2021-02-07,11910,Sunday
1803,<A>,68,2021-02-07T03:18:48-05:00[America/New_York],2021-02-07T03:19:56-05:00[America/New_York],NA,2021-02-07,11928,Sunday
1803,C,14,2021-02-07T03:19:56-05:00[America/New_York],2021-02-07T03:20:10-05:00[America/New_York],Yes,2021-02-07,11996,Sunday
1803,<A>,406,2021-02-07T03:20:10-05:00[America/New_York],2021-02-07T03:26:56-05:00[America/New_York],Yes,2021-02-07,12010,Sunday
1803,C,15,2021-02-07T03:26:56-05:00[America/New_York],2021-02-07T03:27:11-05:00[America/New_York],Yes,2021-02-07,12416,Sunday
1803,<A>,181,2021-02-07T03:27:11-05:00[America/New_York],2021-02-07T03:30:12-05:00[America/New_York],NA,2021-02-07,12431,Sunday
1803,B,15,2021-02-07T03:30:12-05:00[America/New_York],2021-02-07T03:30:27-05:00[America/New_York],Yes,2021-02-07,12612,Sunday
1803,<A>,64,2021-02-07T03:30:27-05:00[America/New_York],2021-02-07T03:31:31-05:00[America/New_York],Yes,2021-02-07,12627,Sunday
1803,B,14,2021-02-07T03:31:31-05:00[America/New_York],2021-02-07T03:31:45-05:00[America/New_York],Yes,2021-02-07,12691,Sunday
1803,<A>,37,2021-02-07T03:31:45-05:00[America/New_York],2021-02-07T03:32:22-05:00[America/New_York],Yes,2021-02-07,12705,Sunday
1803,C,16,2021-02-07T03:32:22-05:00[America/New_York],2021-02-07T03:32:38-05:00[America/New_York],Yes,2021-02-07,12742,Sunday
1803,<A>,47,2021-02-07T03:32:38-05:00[America/New_York],2021-02-07T03:33:25-05:00[America/New_York],Yes,2021-02-07,12758,Sunday
1803,C,14,2021-02-07T03:33:25-05:00[America/New_York],2021-02-07T03:33:39-05:00[America/New_York],Yes,2021-02-07,12805,Sunday
1803,<A>,39,2021-02-07T03:33:39-05:00[America/New_York],2021-02-07T03:34:18-05:00[America/New_York],Yes,2021-02-07,12819,Sunday
1803,B,15,2021-02-07T03:34:18-05:00[America/New_York],2021-02-07T03:34:33-05:00[America/New_York],NA,2021-02-07,12858,Sunday
1803,C,14,2021-02-07T03:34:33-05:00[America/New_York],2021-02-07T03:34:47-05:00[America/New_York],Yes,2021-02-07,12873,Sunday
1803,<A>,39,2021-02-07T03:34:47-05:00[America/New_York],2021-02-07T03:35:26-05:00[America/New_York],Yes,2021-02-07,12887,Sunday
1803,B,16,2021-02-07T03:35:26-05:00[America/New_York],2021-02-07T03:35:42-05:00[America/New_York],Yes,2021-02-07,12926,Sunday
1803,<A>,50,2021-02-07T03:35:42-05:00[America/New_York],2021-02-07T03:36:32-05:00[America/New_York],Yes,2021-02-07,12942,Sunday
1803,C,14,2021-02-07T03:36:32-05:00[America/New_York],2021-02-07T03:36:46-05:00[America/New_York],Yes,2021-02-07,12992,Sunday
1803,<A>,43,2021-02-07T03:36:46-05:00[America/New_York],2021-02-07T03:37:29-05:00[America/New_York],Yes,2021-02-07,13006,Sunday
1803,B,14,2021-02-07T03:37:29-05:00[America/New_York],2021-02-07T03:37:43-05:00[America/New_York],Yes,2021-02-07,13049,Sunday
1803,<A>,359,2021-02-07T03:37:43-05:00[America/New_York],2021-02-07T03:43:42-05:00[America/New_York],NA,2021-02-07,13063,Sunday
1803,B,14,2021-02-07T03:43:42-05:00[America/New_York],2021-02-07T03:43:56-05:00[America/New_York],Yes,2021-02-07,13422,Sunday
1803,<A>,94,2021-02-07T03:43:56-05:00[America/New_York],2021-02-07T03:45:30-05:00[America/New_York],NA,2021-02-07,13436,Sunday
1803,C,14,2021-02-07T03:45:30-05:00[America/New_York],2021-02-07T03:45:44-05:00[America/New_York],Yes,2021-02-07,13530,Sunday
1803,<A>,151,2021-02-07T03:45:44-05:00[America/New_York],2021-02-07T03:48:15-05:00[America/New_York],Yes,2021-02-07,13544,Sunday
1803,B,14,2021-02-07T03:48:15-05:00[America/New_York],2021-02-07T03:48:29-05:00[America/New_York],Yes,2021-02-07,13695,Sunday
1803,<A>,254,2021-02-07T03:48:29-05:00[America/New_York],2021-02-07T03:52:43-05:00[America/New_York],NA,2021-02-07,13709,Sunday
1803,B,14,2021-02-07T03:52:43-05:00[America/New_York],2021-02-07T03:52:57-05:00[America/New_York],Yes,2021-02-07,13963,Sunday
1803,<A>,390,2021-02-07T03:52:57-05:00[America/New_York],2021-02-07T03:59:27-05:00[America/New_York],Yes,2021-02-07,13977,Sunday
1803,B,15,2021-02-07T03:59:27-05:00[America/New_York],2021-02-07T03:59:42-05:00[America/New_York],Yes,2021-02-07,14367,Sunday
1803,<A>,110,2021-02-07T03:59:42-05:00[America/New_York],2021-02-07T04:01:32-05:00[America/New_York],Yes,2021-02-07,14382,Sunday
1803,C,14,2021-02-07T04:01:32-05:00[America/New_York],2021-02-07T04:01:46-05:00[America/New_York],Yes,2021-02-07,14492,Sunday
1803,<A>,175,2021-02-07T04:01:46-05:00[America/New_York],2021-02-07T04:04:41-05:00[America/New_York],NA,2021-02-07,14506,Sunday
1803,B,14,2021-02-07T04:04:41-05:00[America/New_York],2021-02-07T04:04:55-05:00[America/New_York],Yes,2021-02-07,14681,Sunday
1803,<A>,455,2021-02-07T04:04:55-05:00[America/New_York],2021-02-07T04:12:30-05:00[America/New_York],NA,2021-02-07,14695,Sunday
1803,C,14,2021-02-07T04:12:30-05:00[America/New_York],2021-02-07T04:12:44-05:00[America/New_York],Yes,2021-02-07,15150,Sunday
1803,<A>,193,2021-02-07T04:12:44-05:00[America/New_York],2021-02-07T04:15:57-05:00[America/New_York],NA,2021-02-07,15164,Sunday
1803,B,14,2021-02-07T04:15:57-05:00[America/New_York],2021-02-07T04:16:11-05:00[America/New_York],Yes,2021-02-07,15357,Sunday
1803,<A>,412,2021-02-07T04:16:11-05:00[America/New_York],2021-02-07T04:23:03-05:00[America/New_York],Yes,2021-02-07,15371,Sunday
1803,C,15,2021-02-07T04:23:03-05:00[America/New_York],2021-02-07T04:23:18-05:00[America/New_York],Yes,2021-02-07,15783,Sunday
1803,<A>,43,2021-02-07T04:23:18-05:00[America/New_York],2021-02-07T04:24:01-05:00[America/New_York],Yes,2021-02-07,15798,Sunday
1803,B,14,2021-02-07T04:24:01-05:00[America/New_York],2021-02-07T04:24:15-05:00[America/New_York],Yes,2021-02-07,15841,Sunday
1803,<A>,66,2021-02-07T04:24:15-05:00[America/New_York],2021-02-07T04:25:21-05:00[America/New_York],Yes,2021-02-07,15855,Sunday
1803,C,15,2021-02-07T04:25:21-05:00[America/New_York],2021-02-07T04:25:36-05:00[America/New_York],Yes,2021-02-07,15921,Sunday
1803,<A>,37,2021-02-07T04:25:36-05:00[America/New_York],2021-02-07T04:26:13-05:00[America/New_York],Yes,2021-02-07,15936,Sunday
1803,B,15,2021-02-07T04:26:13-05:00[America/New_York],2021-02-07T04:26:28-05:00[America/New_York],Yes,2021-02-07,15973,Sunday
1803,<A>,113,2021-02-07T04:26:28-05:00[America/New_York],2021-02-07T04:28:21-05:00[America/New_York],Yes,2021-02-07,15988,Sunday
1803,C,14,2021-02-07T04:28:21-05:00[America/New_York],2021-02-07T04:28:35-05:00[America/New_York],Yes,2021-02-07,16101,Sunday
1803,<A>,170,2021-02-07T04:28:35-05:00[America/New_York],2021-02-07T04:31:25-05:00[America/New_York],NA,2021-02-07,16115,Sunday
1803,C,14,2021-02-07T04:31:25-05:00[America/New_York],2021-02-07T04:31:39-05:00[America/New_York],Yes,2021-02-07,16285,Sunday
1803,<A>,69,2021-02-07T04:31:39-05:00[America/New_York],2021-02-07T04:32:48-05:00[America/New_York],Yes,2021-02-07,16299,Sunday
1803,C,14,2021-02-07T04:32:48-05:00[America/New_York],2021-02-07T04:33:02-05:00[America/New_York],Yes,2021-02-07,16368,Sunday
1803,<A>,38,2021-02-07T04:33:02-05:00[America/New_York],2021-02-07T04:33:40-05:00[America/New_York],Yes,2021-02-07,16382,Sunday
1803,B,14,2021-02-07T04:33:40-05:00[America/New_York],2021-02-07T04:33:54-05:00[America/New_York],Yes,2021-02-07,16420,Sunday
1803,<A>,87,2021-02-07T04:33:54-05:00[America/New_York],2021-02-07T04:35:21-05:00[America/New_York],NA,2021-02-07,16434,Sunday
1803,B,14,2021-02-07T04:35:21-05:00[America/New_York],2021-02-07T04:35:35-05:00[America/New_York],Yes,2021-02-07,16521,Sunday
1803,<A>,123,2021-02-07T04:35:35-05:00[America/New_York],2021-02-07T04:37:38-05:00[America/New_York],Yes,2021-02-07,16535,Sunday
1803,C,14,2021-02-07T04:37:38-05:00[America/New_York],2021-02-07T04:37:52-05:00[America/New_York],Yes,2021-02-07,16658,Sunday
1803,<A>,139,2021-02-07T04:37:52-05:00[America/New_York],2021-02-07T04:40:11-05:00[America/New_York],Yes,2021-02-07,16672,Sunday
1803,B,14,2021-02-07T04:40:11-05:00[America/New_York],2021-02-07T04:40:25-05:00[America/New_York],Yes,2021-02-07,16811,Sunday
1803,<A>,39,2021-02-07T04:40:25-05:00[America/New_York],2021-02-07T04:41:04-05:00[America/New_York],Yes,2021-02-07,16825,Sunday
1803,C,14,2021-02-07T04:41:04-05:00[America/New_York],2021-02-07T04:41:18-05:00[America/New_York],Yes,2021-02-07,16864,Sunday
1803,<A>,255,2021-02-07T04:41:18-05:00[America/New_York],2021-02-07T04:45:33-05:00[America/New_York],NA,2021-02-07,16878,Sunday
1803,C,14,2021-02-07T04:45:33-05:00[America/New_York],2021-02-07T04:45:47-05:00[America/New_York],Yes,2021-02-07,17133,Sunday
1803,<A>,228,2021-02-07T04:45:47-05:00[America/New_York],2021-02-07T04:49:35-05:00[America/New_York],Yes,2021-02-07,17147,Sunday
1803,C,14,2021-02-07T04:49:35-05:00[America/New_York],2021-02-07T04:49:49-05:00[America/New_York],Yes,2021-02-07,17375,Sunday
1803,<A>,132,2021-02-07T04:49:49-05:00[America/New_York],2021-02-07T04:52:01-05:00[America/New_York],Yes,2021-02-07,17389,Sunday
1803,C,14,2021-02-07T04:52:01-05:00[America/New_York],2021-02-07T04:52:15-05:00[America/New_York],Yes,2021-02-07,17521,Sunday
1803,<A>,145,2021-02-07T04:52:15-05:00[America/New_York],2021-02-07T04:54:40-05:00[America/New_York],Yes,2021-02-07,17535,Sunday
1803,C,14,2021-02-07T04:54:40-05:00[America/New_York],2021-02-07T04:54:54-05:00[America/New_York],Yes,2021-02-07,17680,Sunday
1803,<A>,203,2021-02-07T04:54:54-05:00[America/New_York],2021-02-07T04:58:17-05:00[America/New_York],Yes,2021-02-07,17694,Sunday
1803,C,14,2021-02-07T04:58:17-05:00[America/New_York],2021-02-07T04:58:31-05:00[America/New_York],Yes,2021-02-07,17897,Sunday
1803,<A>,69,2021-02-07T04:58:31-05:00[America/New_York],2021-02-07T04:59:40-05:00[America/New_York],NA,2021-02-07,17911,Sunday
1803,B,14,2021-02-07T04:59:40-05:00[America/New_York],2021-02-07T04:59:54-05:00[America/New_York],Yes,2021-02-07,17980,Sunday
1803,<A>,37,2021-02-07T04:59:54-05:00[America/New_York],2021-02-07T05:00:31-05:00[America/New_York],Yes,2021-02-07,17994,Sunday
1803,B,15,2021-02-07T05:00:31-05:00[America/New_York],2021-02-07T05:00:46-05:00[America/New_York],Yes,2021-02-07,18031,Sunday
1803,<A>,62,2021-02-07T05:00:46-05:00[America/New_York],2021-02-07T05:01:48-05:00[America/New_York],Yes,2021-02-07,18046,Sunday
1803,C,14,2021-02-07T05:01:48-05:00[America/New_York],2021-02-07T05:02:02-05:00[America/New_York],Yes,2021-02-07,18108,Sunday
1803,<A>,200,2021-02-07T05:02:02-05:00[America/New_York],2021-02-07T05:05:22-05:00[America/New_York],Yes,2021-02-07,18122,Sunday
1803,C,14,2021-02-07T05:05:22-05:00[America/New_York],2021-02-07T05:05:36-05:00[America/New_York],Yes,2021-02-07,18322,Sunday
1803,<A>,171,2021-02-07T05:05:36-05:00[America/New_York],2021-02-07T05:08:27-05:00[America/New_York],NA,2021-02-07,18336,Sunday
1803,B,14,2021-02-07T05:08:27-05:00[America/New_York],2021-02-07T05:08:41-05:00[America/New_York],Yes,2021-02-07,18507,Sunday
1803,<A>,243,2021-02-07T05:08:41-05:00[America/New_York],2021-02-07T05:12:44-05:00[America/New_York],Yes,2021-02-07,18521,Sunday
1803,C,14,2021-02-07T05:12:44-05:00[America/New_York],2021-02-07T05:12:58-05:00[America/New_York],Yes,2021-02-07,18764,Sunday
1803,<A>,303,2021-02-07T05:12:58-05:00[America/New_York],2021-02-07T05:18:01-05:00[America/New_York],Yes,2021-02-07,18778,Sunday
1803,B,14,2021-02-07T05:18:01-05:00[America/New_York],2021-02-07T05:18:15-05:00[America/New_York],Yes,2021-02-07,19081,Sunday
1803,<A>,193,2021-02-07T05:18:15-05:00[America/New_York],2021-02-07T05:21:28-05:00[America/New_York],NA,2021-02-07,19095,Sunday
1803,C,14,2021-02-07T05:21:28-05:00[America/New_York],2021-02-07T05:21:42-05:00[America/New_York],Yes,2021-02-07,19288,Sunday
1803,<A>,165,2021-02-07T05:21:42-05:00[America/New_York],2021-02-07T05:24:27-05:00[America/New_York],NA,2021-02-07,19302,Sunday
1803,C,14,2021-02-07T05:24:27-05:00[America/New_York],2021-02-07T05:24:41-05:00[America/New_York],Yes,2021-02-07,19467,Sunday
1803,<A>,358,2021-02-07T05:24:41-05:00[America/New_York],2021-02-07T05:30:39-05:00[America/New_York],NA,2021-02-07,19481,Sunday
1803,B,14,2021-02-07T05:30:39-05:00[America/New_York],2021-02-07T05:30:53-05:00[America/New_York],Yes,2021-02-07,19839,Sunday
1803,<A>,37,2021-02-07T05:30:53-05:00[America/New_York],2021-02-07T05:31:30-05:00[America/New_York],Yes,2021-02-07,19853,Sunday
1803,C,15,2021-02-07T05:31:30-05:00[America/New_York],2021-02-07T05:31:45-05:00[America/New_York],Yes,2021-02-07,19890,Sunday
1803,<A>,225,2021-02-07T05:31:45-05:00[America/New_York],2021-02-07T05:35:30-05:00[America/New_York],Yes,2021-02-07,19905,Sunday
1803,C,14,2021-02-07T05:35:30-05:00[America/New_York],2021-02-07T05:35:44-05:00[America/New_York],Yes,2021-02-07,20130,Sunday
1803,<A>,138,2021-02-07T05:35:44-05:00[America/New_York],2021-02-07T05:38:02-05:00[America/New_York],Yes,2021-02-07,20144,Sunday
1803,C,14,2021-02-07T05:38:02-05:00[America/New_York],2021-02-07T05:38:16-05:00[America/New_York],Yes,2021-02-07,20282,Sunday
1803,<A>,257,2021-02-07T05:38:16-05:00[America/New_York],2021-02-07T05:42:33-05:00[America/New_York],NA,2021-02-07,20296,Sunday
1803,C,14,2021-02-07T05:42:33-05:00[America/New_York],2021-02-07T05:42:47-05:00[America/New_York],Yes,2021-02-07,20553,Sunday
1803,<A>,37,2021-02-07T05:42:47-05:00[America/New_York],2021-02-07T05:43:24-05:00[America/New_York],Yes,2021-02-07,20567,Sunday
1803,B,15,2021-02-07T05:43:24-05:00[America/New_York],2021-02-07T05:43:39-05:00[America/New_York],Yes,2021-02-07,20604,Sunday
1803,<A>,77,2021-02-07T05:43:39-05:00[America/New_York],2021-02-07T05:44:56-05:00[America/New_York],NA,2021-02-07,20619,Sunday
1803,C,14,2021-02-07T05:44:56-05:00[America/New_York],2021-02-07T05:45:10-05:00[America/New_York],Yes,2021-02-07,20696,Sunday
1803,<A>,165,2021-02-07T05:45:10-05:00[America/New_York],2021-02-07T05:47:55-05:00[America/New_York],NA,2021-02-07,20710,Sunday
1803,C,14,2021-02-07T05:47:55-05:00[America/New_York],2021-02-07T05:48:09-05:00[America/New_York],Yes,2021-02-07,20875,Sunday
1803,<A>,64,2021-02-07T05:48:09-05:00[America/New_York],2021-02-07T05:49:13-05:00[America/New_York],Yes,2021-02-07,20889,Sunday
1803,B,15,2021-02-07T05:49:13-05:00[America/New_York],2021-02-07T05:49:28-05:00[America/New_York],Yes,2021-02-07,20953,Sunday
1803,<A>,211,2021-02-07T05:49:28-05:00[America/New_York],2021-02-07T05:52:59-05:00[America/New_York],Yes,2021-02-07,20968,Sunday
1803,C,14,2021-02-07T05:52:59-05:00[America/New_York],2021-02-07T05:53:13-05:00[America/New_York],Yes,2021-02-07,21179,Sunday
1803,<A>,37,2021-02-07T05:53:13-05:00[America/New_York],2021-02-07T05:53:50-05:00[America/New_York],Yes,2021-02-07,21193,Sunday
1803,B,15,2021-02-07T05:53:50-05:00[America/New_York],2021-02-07T05:54:05-05:00[America/New_York],Yes,2021-02-07,21230,Sunday
1803,<A>,118,2021-02-07T05:54:05-05:00[America/New_York],2021-02-07T05:56:03-05:00[America/New_York],Yes,2021-02-07,21245,Sunday
1803,C,14,2021-02-07T05:56:03-05:00[America/New_York],2021-02-07T05:56:17-05:00[America/New_York],Yes,2021-02-07,21363,Sunday
1803,<A>,37,2021-02-07T05:56:17-05:00[America/New_York],2021-02-07T05:56:54-05:00[America/New_York],Yes,2021-02-07,21377,Sunday
1803,B,18,2021-02-07T05:56:54-05:00[America/New_York],2021-02-07T05:57:12-05:00[America/New_York],Yes,2021-02-07,21414,Sunday
1803,<A>,40,2021-02-07T05:57:12-05:00[America/New_York],2021-02-07T05:57:52-05:00[America/New_York],Yes,2021-02-07,21432,Sunday
1803,B,16,2021-02-07T05:57:52-05:00[America/New_York],2021-02-07T05:58:08-05:00[America/New_York],Yes,2021-02-07,21472,Sunday
1803,<A>,64,2021-02-07T05:58:08-05:00[America/New_York],2021-02-07T05:59:12-05:00[America/New_York],Yes,2021-02-07,21488,Sunday
1803,C,14,2021-02-07T05:59:12-05:00[America/New_York],2021-02-07T05:59:26-05:00[America/New_York],Yes,2021-02-07,21552,Sunday
1803,<A>,37,2021-02-07T05:59:26-05:00[America/New_York],2021-02-07T06:00:03-05:00[America/New_York],Yes,2021-02-07,21566,Sunday
1803,B,15,2021-02-07T06:00:03-05:00[America/New_York],2021-02-07T06:00:18-05:00[America/New_York],Yes,2021-02-07,21603,Sunday
1803,<A>,121,2021-02-07T06:00:18-05:00[America/New_York],2021-02-07T06:02:19-05:00[America/New_York],Yes,2021-02-07,21618,Sunday
1803,B,14,2021-02-07T06:02:19-05:00[America/New_York],2021-02-07T06:02:33-05:00[America/New_York],Yes,2021-02-07,21739,Sunday
1803,<A>,217,2021-02-07T06:02:33-05:00[America/New_York],2021-02-07T06:06:10-05:00[America/New_York],Yes,2021-02-07,21753,Sunday
1803,C,17,2021-02-07T06:06:10-05:00[America/New_York],2021-02-07T06:06:27-05:00[America/New_York],Yes,2021-02-07,21970,Sunday
1803,<A>,68,2021-02-07T06:06:27-05:00[America/New_York],2021-02-07T06:07:35-05:00[America/New_York],Yes,2021-02-07,21987,Sunday
1803,B,14,2021-02-07T06:07:35-05:00[America/New_York],2021-02-07T06:07:49-05:00[America/New_York],Yes,2021-02-07,22055,Sunday
1803,<A>,37,2021-02-07T06:07:49-05:00[America/New_York],2021-02-07T06:08:26-05:00[America/New_York],Yes,2021-02-07,22069,Sunday
1803,B,15,2021-02-07T06:08:26-05:00[America/New_York],2021-02-07T06:08:41-05:00[America/New_York],NA,2021-02-07,22106,Sunday
1803,C,14,2021-02-07T06:08:41-05:00[America/New_York],2021-02-07T06:08:55-05:00[America/New_York],Yes,2021-02-07,22121,Sunday
1803,<A>,38,2021-02-07T06:08:55-05:00[America/New_York],2021-02-07T06:09:33-05:00[America/New_York],Yes,2021-02-07,22135,Sunday
1803,B,14,2021-02-07T06:09:33-05:00[America/New_York],2021-02-07T06:09:47-05:00[America/New_York],Yes,2021-02-07,22173,Sunday
1803,<A>,38,2021-02-07T06:09:47-05:00[America/New_York],2021-02-07T06:10:25-05:00[America/New_York],Yes,2021-02-07,22187,Sunday
1803,C,14,2021-02-07T06:10:25-05:00[America/New_York],2021-02-07T06:10:39-05:00[America/New_York],Yes,2021-02-07,22225,Sunday
1803,<A>,44,2021-02-07T06:10:39-05:00[America/New_York],2021-02-07T06:11:23-05:00[America/New_York],Yes,2021-02-07,22239,Sunday
1803,B,14,2021-02-07T06:11:23-05:00[America/New_York],2021-02-07T06:11:37-05:00[America/New_York],Yes,2021-02-07,22283,Sunday
1803,<A>,41,2021-02-07T06:11:37-05:00[America/New_York],2021-02-07T06:12:18-05:00[America/New_York],Yes,2021-02-07,22297,Sunday
1803,C,14,2021-02-07T06:12:18-05:00[America/New_York],2021-02-07T06:12:32-05:00[America/New_York],Yes,2021-02-07,22338,Sunday
1803,<A>,55,2021-02-07T06:12:32-05:00[America/New_York],2021-02-07T06:13:27-05:00[America/New_York],Yes,2021-02-07,22352,Sunday
1803,C,16,2021-02-07T06:13:27-05:00[America/New_York],2021-02-07T06:13:43-05:00[America/New_York],Yes,2021-02-07,22407,Sunday
1803,<A>,129,2021-02-07T06:13:43-05:00[America/New_York],2021-02-07T06:15:52-05:00[America/New_York],Yes,2021-02-07,22423,Sunday
1803,C,14,2021-02-07T06:15:52-05:00[America/New_York],2021-02-07T06:16:06-05:00[America/New_York],Yes,2021-02-07,22552,Sunday
1803,<A>,75,2021-02-07T06:16:06-05:00[America/New_York],2021-02-07T06:17:21-05:00[America/New_York],NA,2021-02-07,22566,Sunday
1803,B,15,2021-02-07T06:17:21-05:00[America/New_York],2021-02-07T06:17:36-05:00[America/New_York],Yes,2021-02-07,22641,Sunday
1803,<A>,37,2021-02-07T06:17:36-05:00[America/New_York],2021-02-07T06:18:13-05:00[America/New_York],Yes,2021-02-07,22656,Sunday
1803,C,15,2021-02-07T06:18:13-05:00[America/New_York],2021-02-07T06:18:28-05:00[America/New_York],Yes,2021-02-07,22693,Sunday
1803,<A>,64,2021-02-07T06:18:28-05:00[America/New_York],2021-02-07T06:19:32-05:00[America/New_York],Yes,2021-02-07,22708,Sunday
1803,B,14,2021-02-07T06:19:32-05:00[America/New_York],2021-02-07T06:19:46-05:00[America/New_York],NA,2021-02-07,22772,Sunday
1803,C,14,2021-02-07T06:19:46-05:00[America/New_York],2021-02-07T06:20:00-05:00[America/New_York],Yes,2021-02-07,22786,Sunday
1803,<A>,73,2021-02-07T06:20:00-05:00[America/New_York],2021-02-07T06:21:13-05:00[America/New_York],NA,2021-02-07,22800,Sunday
1803,C,14,2021-02-07T06:21:13-05:00[America/New_York],2021-02-07T06:21:27-05:00[America/New_York],Yes,2021-02-07,22873,Sunday
1803,<A>,217,2021-02-07T06:21:27-05:00[America/New_York],2021-02-07T06:25:04-05:00[America/New_York],Yes,2021-02-07,22887,Sunday
1803,C,14,2021-02-07T06:25:04-05:00[America/New_York],2021-02-07T06:25:18-05:00[America/New_York],Yes,2021-02-07,23104,Sunday
1803,<A>,73,2021-02-07T06:25:18-05:00[America/New_York],2021-02-07T06:26:31-05:00[America/New_York],NA,2021-02-07,23118,Sunday
1803,C,14,2021-02-07T06:26:31-05:00[America/New_York],2021-02-07T06:26:45-05:00[America/New_York],Yes,2021-02-07,23191,Sunday
1803,<A>,38,2021-02-07T06:26:45-05:00[America/New_York],2021-02-07T06:27:23-05:00[America/New_York],Yes,2021-02-07,23205,Sunday
1803,B,15,2021-02-07T06:27:23-05:00[America/New_York],2021-02-07T06:27:38-05:00[America/New_York],Yes,2021-02-07,23243,Sunday
1803,<A>,37,2021-02-07T06:27:38-05:00[America/New_York],2021-02-07T06:28:15-05:00[America/New_York],Yes,2021-02-07,23258,Sunday
1803,B,14,2021-02-07T06:28:15-05:00[America/New_York],2021-02-07T06:28:29-05:00[America/New_York],Yes,2021-02-07,23295,Sunday
1803,<A>,38,2021-02-07T06:28:29-05:00[America/New_York],2021-02-07T06:29:07-05:00[America/New_York],Yes,2021-02-07,23309,Sunday
1803,B,15,2021-02-07T06:29:07-05:00[America/New_York],2021-02-07T06:29:22-05:00[America/New_York],NA,2021-02-07,23347,Sunday
1803,C,14,2021-02-07T06:29:22-05:00[America/New_York],2021-02-07T06:29:36-05:00[America/New_York],Yes,2021-02-07,23362,Sunday
1803,<A>,38,2021-02-07T06:29:36-05:00[America/New_York],2021-02-07T06:30:14-05:00[America/New_York],Yes,2021-02-07,23376,Sunday
1803,B,14,2021-02-07T06:30:14-05:00[America/New_York],2021-02-07T06:30:28-05:00[America/New_York],NA,2021-02-07,23414,Sunday
1803,C,15,2021-02-07T06:30:28-05:00[America/New_York],2021-02-07T06:30:43-05:00[America/New_York],Yes,2021-02-07,23428,Sunday
1803,<A>,75,2021-02-07T06:30:43-05:00[America/New_York],2021-02-07T06:31:58-05:00[America/New_York],NA,2021-02-07,23443,Sunday
1803,C,17,2021-02-07T06:31:58-05:00[America/New_York],2021-02-07T06:32:15-05:00[America/New_York],Yes,2021-02-07,23518,Sunday
1803,<A>,93,2021-02-07T06:32:15-05:00[America/New_York],2021-02-07T06:33:48-05:00[America/New_York],NA,2021-02-07,23535,Sunday
1803,B,14,2021-02-07T06:33:48-05:00[America/New_York],2021-02-07T06:34:02-05:00[America/New_York],Yes,2021-02-07,23628,Sunday
1803,<A>,37,2021-02-07T06:34:02-05:00[America/New_York],2021-02-07T06:34:39-05:00[America/New_York],Yes,2021-02-07,23642,Sunday
1803,C,16,2021-02-07T06:34:39-05:00[America/New_York],2021-02-07T06:34:55-05:00[America/New_York],Yes,2021-02-07,23679,Sunday
1803,<A>,56,2021-02-07T06:34:55-05:00[America/New_York],2021-02-07T06:35:51-05:00[America/New_York],Yes,2021-02-07,23695,Sunday
1803,B,14,2021-02-07T06:35:51-05:00[America/New_York],2021-02-07T06:36:05-05:00[America/New_York],NA,2021-02-07,23751,Sunday
1803,C,18,2021-02-07T06:36:05-05:00[America/New_York],2021-02-07T06:36:23-05:00[America/New_York],Yes,2021-02-07,23765,Sunday
1803,<A>,64,2021-02-07T06:36:23-05:00[America/New_York],2021-02-07T06:37:27-05:00[America/New_York],Yes,2021-02-07,23783,Sunday
1803,C,19,2021-02-07T06:37:27-05:00[America/New_York],2021-02-07T06:37:46-05:00[America/New_York],Yes,2021-02-07,23847,Sunday
1803,<A>,50,2021-02-07T06:37:46-05:00[America/New_York],2021-02-07T06:38:36-05:00[America/New_York],Yes,2021-02-07,23866,Sunday
1803,B,14,2021-02-07T06:38:36-05:00[America/New_York],2021-02-07T06:38:50-05:00[America/New_York],Yes,2021-02-07,23916,Sunday
1803,<A>,95,2021-02-07T06:38:50-05:00[America/New_York],2021-02-07T06:40:25-05:00[America/New_York],NA,2021-02-07,23930,Sunday
1803,B,14,2021-02-07T06:40:25-05:00[America/New_York],2021-02-07T06:40:39-05:00[America/New_York],Yes,2021-02-07,24025,Sunday
1803,<A>,163,2021-02-07T06:40:39-05:00[America/New_York],2021-02-07T06:43:22-05:00[America/New_York],NA,2021-02-07,24039,Sunday
1803,C,14,2021-02-07T06:43:22-05:00[America/New_York],2021-02-07T06:43:36-05:00[America/New_York],Yes,2021-02-07,24202,Sunday
1803,<A>,37,2021-02-07T06:43:36-05:00[America/New_York],2021-02-07T06:44:13-05:00[America/New_York],Yes,2021-02-07,24216,Sunday
1803,C,15,2021-02-07T06:44:13-05:00[America/New_York],2021-02-07T06:44:28-05:00[America/New_York],Yes,2021-02-07,24253,Sunday
1803,<A>,37,2021-02-07T06:44:28-05:00[America/New_York],2021-02-07T06:45:05-05:00[America/New_York],Yes,2021-02-07,24268,Sunday
1803,B,15,2021-02-07T06:45:05-05:00[America/New_York],2021-02-07T06:45:20-05:00[America/New_York],Yes,2021-02-07,24305,Sunday
1803,<A>,38,2021-02-07T06:45:20-05:00[America/New_York],2021-02-07T06:45:58-05:00[America/New_York],Yes,2021-02-07,24320,Sunday
1803,C,14,2021-02-07T06:45:58-05:00[America/New_York],2021-02-07T06:46:12-05:00[America/New_York],Yes,2021-02-07,24358,Sunday
1803,<A>,97,2021-02-07T06:46:12-05:00[America/New_York],2021-02-07T06:47:49-05:00[America/New_York],NA,2021-02-07,24372,Sunday
1803,B,16,2021-02-07T06:47:49-05:00[America/New_York],2021-02-07T06:48:05-05:00[America/New_York],Yes,2021-02-07,24469,Sunday
1803,<A>,40,2021-02-07T06:48:05-05:00[America/New_York],2021-02-07T06:48:45-05:00[America/New_York],Yes,2021-02-07,24485,Sunday
1803,B,14,2021-02-07T06:48:45-05:00[America/New_York],2021-02-07T06:48:59-05:00[America/New_York],Yes,2021-02-07,24525,Sunday
1803,<A>,46,2021-02-07T06:48:59-05:00[America/New_York],2021-02-07T06:49:45-05:00[America/New_York],Yes,2021-02-07,24539,Sunday
1803,B,14,2021-02-07T06:49:45-05:00[America/New_York],2021-02-07T06:49:59-05:00[America/New_York],Yes,2021-02-07,24585,Sunday
1803,<A>,40,2021-02-07T06:49:59-05:00[America/New_York],2021-02-07T06:50:39-05:00[America/New_York],Yes,2021-02-07,24599,Sunday
1803,B,15,2021-02-07T06:50:39-05:00[America/New_York],2021-02-07T06:50:54-05:00[America/New_York],NA,2021-02-07,24639,Sunday
1803,C,15,2021-02-07T06:50:54-05:00[America/New_York],2021-02-07T06:51:09-05:00[America/New_York],Yes,2021-02-07,24654,Sunday
1803,<A>,53,2021-02-07T06:51:09-05:00[America/New_York],2021-02-07T06:52:02-05:00[America/New_York],Yes,2021-02-07,24669,Sunday
1803,B,14,2021-02-07T06:52:02-05:00[America/New_York],2021-02-07T06:52:16-05:00[America/New_York],Yes,2021-02-07,24722,Sunday
1803,<A>,44,2021-02-07T06:52:16-05:00[America/New_York],2021-02-07T06:53:00-05:00[America/New_York],Yes,2021-02-07,24736,Sunday
1803,B,15,2021-02-07T06:53:00-05:00[America/New_York],2021-02-07T06:53:15-05:00[America/New_York],NA,2021-02-07,24780,Sunday
1803,C,17,2021-02-07T06:53:15-05:00[America/New_York],2021-02-07T06:53:32-05:00[America/New_York],Yes,2021-02-07,24795,Sunday
1803,<A>,37,2021-02-07T06:53:32-05:00[America/New_York],2021-02-07T06:54:09-05:00[America/New_York],Yes,2021-02-07,24812,Sunday
1803,C,15,2021-02-07T06:54:09-05:00[America/New_York],2021-02-07T06:54:24-05:00[America/New_York],Yes,2021-02-07,24849,Sunday
1803,<A>,37,2021-02-07T06:54:24-05:00[America/New_York],2021-02-07T06:55:01-05:00[America/New_York],Yes,2021-02-07,24864,Sunday
1803,C,17,2021-02-07T06:55:01-05:00[America/New_York],2021-02-07T06:55:18-05:00[America/New_York],Yes,2021-02-07,24901,Sunday
1803,<A>,40,2021-02-07T06:55:18-05:00[America/New_York],2021-02-07T06:55:58-05:00[America/New_York],Yes,2021-02-07,24918,Sunday
1803,B,15,2021-02-07T06:55:58-05:00[America/New_York],2021-02-07T06:56:13-05:00[America/New_York],NA,2021-02-07,24958,Sunday
1803,C,14,2021-02-07T06:56:13-05:00[America/New_York],2021-02-07T06:56:27-05:00[America/New_York],Yes,2021-02-07,24973,Sunday
1803,<A>,37,2021-02-07T06:56:27-05:00[America/New_York],2021-02-07T06:57:04-05:00[America/New_York],Yes,2021-02-07,24987,Sunday
1803,C,16,2021-02-07T06:57:04-05:00[America/New_York],2021-02-07T06:57:20-05:00[America/New_York],Yes,2021-02-07,25024,Sunday
1803,<A>,67,2021-02-07T06:57:20-05:00[America/New_York],2021-02-07T06:58:27-05:00[America/New_York],NA,2021-02-07,25040,Sunday
1803,C,14,2021-02-07T06:58:27-05:00[America/New_York],2021-02-07T06:58:41-05:00[America/New_York],Yes,2021-02-07,25107,Sunday
1803,<A>,37,2021-02-07T06:58:41-05:00[America/New_York],2021-02-07T06:59:18-05:00[America/New_York],Yes,2021-02-07,25121,Sunday
1803,C,15,2021-02-07T06:59:18-05:00[America/New_York],2021-02-07T06:59:33-05:00[America/New_York],Yes,2021-02-07,25158,Sunday
1803,<A>,52,2021-02-07T06:59:33-05:00[America/New_York],2021-02-07T07:00:25-05:00[America/New_York],Yes,2021-02-07,25173,Sunday
1803,C,15,2021-02-07T07:00:25-05:00[America/New_York],2021-02-07T07:00:40-05:00[America/New_York],Yes,2021-02-07,25225,Sunday
1803,<A>,37,2021-02-07T07:00:40-05:00[America/New_York],2021-02-07T07:01:17-05:00[America/New_York],Yes,2021-02-07,25240,Sunday
1803,C,16,2021-02-07T07:01:17-05:00[America/New_York],2021-02-07T07:01:33-05:00[America/New_York],Yes,2021-02-07,25277,Sunday
1803,<A>,38,2021-02-07T07:01:33-05:00[America/New_York],2021-02-07T07:02:11-05:00[America/New_York],Yes,2021-02-07,25293,Sunday
1803,B,14,2021-02-07T07:02:11-05:00[America/New_York],2021-02-07T07:02:25-05:00[America/New_York],Yes,2021-02-07,25331,Sunday
1803,<A>,37,2021-02-07T07:02:25-05:00[America/New_York],2021-02-07T07:03:02-05:00[America/New_York],Yes,2021-02-07,25345,Sunday
1803,C,15,2021-02-07T07:03:02-05:00[America/New_York],2021-02-07T07:03:17-05:00[America/New_York],Yes,2021-02-07,25382,Sunday
1803,<A>,61,2021-02-07T07:03:17-05:00[America/New_York],2021-02-07T07:04:18-05:00[America/New_York],Yes,2021-02-07,25397,Sunday
1803,B,18,2021-02-07T07:04:18-05:00[America/New_York],2021-02-07T07:04:36-05:00[America/New_York],Yes,2021-02-07,25458,Sunday
1803,<A>,44,2021-02-07T07:04:36-05:00[America/New_York],2021-02-07T07:05:20-05:00[America/New_York],Yes,2021-02-07,25476,Sunday
1803,C,16,2021-02-07T07:05:20-05:00[America/New_York],2021-02-07T07:05:36-05:00[America/New_York],Yes,2021-02-07,25520,Sunday
1803,<A>,112,2021-02-07T07:05:36-05:00[America/New_York],2021-02-07T07:07:28-05:00[America/New_York],Yes,2021-02-07,25536,Sunday
1803,C,15,2021-02-07T07:07:28-05:00[America/New_York],2021-02-07T07:07:43-05:00[America/New_York],Yes,2021-02-07,25648,Sunday
1803,<A>,37,2021-02-07T07:07:43-05:00[America/New_York],2021-02-07T07:08:20-05:00[America/New_York],Yes,2021-02-07,25663,Sunday
1803,C,14,2021-02-07T07:08:20-05:00[America/New_York],2021-02-07T07:08:34-05:00[America/New_York],Yes,2021-02-07,25700,Sunday
1803,<A>,38,2021-02-07T07:08:34-05:00[America/New_York],2021-02-07T07:09:12-05:00[America/New_York],Yes,2021-02-07,25714,Sunday
1803,B,15,2021-02-07T07:09:12-05:00[America/New_York],2021-02-07T07:09:27-05:00[America/New_York],NA,2021-02-07,25752,Sunday
1803,C,14,2021-02-07T07:09:27-05:00[America/New_York],2021-02-07T07:09:41-05:00[America/New_York],Yes,2021-02-07,25767,Sunday
1803,<A>,37,2021-02-07T07:09:41-05:00[America/New_York],2021-02-07T07:10:18-05:00[America/New_York],Yes,2021-02-07,25781,Sunday
1803,C,16,2021-02-07T07:10:18-05:00[America/New_York],2021-02-07T07:10:34-05:00[America/New_York],Yes,2021-02-07,25818,Sunday
1803,<A>,40,2021-02-07T07:10:34-05:00[America/New_York],2021-02-07T07:11:14-05:00[America/New_York],Yes,2021-02-07,25834,Sunday
1803,C,14,2021-02-07T07:11:14-05:00[America/New_York],2021-02-07T07:11:28-05:00[America/New_York],Yes,2021-02-07,25874,Sunday
1803,<A>,38,2021-02-07T07:11:28-05:00[America/New_York],2021-02-07T07:12:06-05:00[America/New_York],Yes,2021-02-07,25888,Sunday
1803,B,18,2021-02-07T07:12:06-05:00[America/New_York],2021-02-07T07:12:24-05:00[America/New_York],Yes,2021-02-07,25926,Sunday
1803,<A>,39,2021-02-07T07:12:24-05:00[America/New_York],2021-02-07T07:13:03-05:00[America/New_York],Yes,2021-02-07,25944,Sunday
1803,C,16,2021-02-07T07:13:03-05:00[America/New_York],2021-02-07T07:13:19-05:00[America/New_York],Yes,2021-02-07,25983,Sunday
1803,<A>,40,2021-02-07T07:13:19-05:00[America/New_York],2021-02-07T07:13:59-05:00[America/New_York],Yes,2021-02-07,25999,Sunday
1803,B,14,2021-02-07T07:13:59-05:00[America/New_York],2021-02-07T07:14:13-05:00[America/New_York],NA,2021-02-07,26039,Sunday
1803,C,18,2021-02-07T07:14:13-05:00[America/New_York],2021-02-07T07:14:31-05:00[America/New_York],Yes,2021-02-07,26053,Sunday
1803,<A>,90,2021-02-07T07:14:31-05:00[America/New_York],2021-02-07T07:16:01-05:00[America/New_York],NA,2021-02-07,26071,Sunday
1803,C,15,2021-02-07T07:16:01-05:00[America/New_York],2021-02-07T07:16:16-05:00[America/New_York],Yes,2021-02-07,26161,Sunday
1803,<A>,37,2021-02-07T07:16:16-05:00[America/New_York],2021-02-07T07:16:53-05:00[America/New_York],Yes,2021-02-07,26176,Sunday
1803,B,15,2021-02-07T07:16:53-05:00[America/New_York],2021-02-07T07:17:08-05:00[America/New_York],Yes,2021-02-07,26213,Sunday
1803,<A>,54,2021-02-07T07:17:08-05:00[America/New_York],2021-02-07T07:18:02-05:00[America/New_York],Yes,2021-02-07,26228,Sunday
1803,B,15,2021-02-07T07:18:02-05:00[America/New_York],2021-02-07T07:18:17-05:00[America/New_York],NA,2021-02-07,26282,Sunday
1803,C,14,2021-02-07T07:18:17-05:00[America/New_York],2021-02-07T07:18:31-05:00[America/New_York],Yes,2021-02-07,26297,Sunday
1803,<A>,38,2021-02-07T07:18:31-05:00[America/New_York],2021-02-07T07:19:09-05:00[America/New_York],Yes,2021-02-07,26311,Sunday
1803,B,14,2021-02-07T07:19:09-05:00[America/New_York],2021-02-07T07:19:23-05:00[America/New_York],Yes,2021-02-07,26349,Sunday
1803,<A>,42,2021-02-07T07:19:23-05:00[America/New_York],2021-02-07T07:20:05-05:00[America/New_York],Yes,2021-02-07,26363,Sunday
1803,B,15,2021-02-07T07:20:05-05:00[America/New_York],2021-02-07T07:20:20-05:00[America/New_York],NA,2021-02-07,26405,Sunday
1803,C,18,2021-02-07T07:20:20-05:00[America/New_York],2021-02-07T07:20:38-05:00[America/New_York],Yes,2021-02-07,26420,Sunday
1803,<A>,37,2021-02-07T07:20:38-05:00[America/New_York],2021-02-07T07:21:15-05:00[America/New_York],Yes,2021-02-07,26438,Sunday
1803,B,14,2021-02-07T07:21:15-05:00[America/New_York],2021-02-07T07:21:29-05:00[America/New_York],NA,2021-02-07,26475,Sunday
1803,C,17,2021-02-07T07:21:29-05:00[America/New_York],2021-02-07T07:21:46-05:00[America/New_York],Yes,2021-02-07,26489,Sunday
1803,<A>,38,2021-02-07T07:21:46-05:00[America/New_York],2021-02-07T07:22:24-05:00[America/New_York],Yes,2021-02-07,26506,Sunday
1803,C,14,2021-02-07T07:22:24-05:00[America/New_York],2021-02-07T07:22:38-05:00[America/New_York],Yes,2021-02-07,26544,Sunday
1803,<A>,42,2021-02-07T07:22:38-05:00[America/New_York],2021-02-07T07:23:20-05:00[America/New_York],Yes,2021-02-07,26558,Sunday
1803,B,15,2021-02-07T07:23:20-05:00[America/New_York],2021-02-07T07:23:35-05:00[America/New_York],NA,2021-02-07,26600,Sunday
1803,C,16,2021-02-07T07:23:35-05:00[America/New_York],2021-02-07T07:23:51-05:00[America/New_York],Yes,2021-02-07,26615,Sunday
1803,<A>,38,2021-02-07T07:23:51-05:00[America/New_York],2021-02-07T07:24:29-05:00[America/New_York],Yes,2021-02-07,26631,Sunday
1803,B,18,2021-02-07T07:24:29-05:00[America/New_York],2021-02-07T07:24:47-05:00[America/New_York],Yes,2021-02-07,26669,Sunday
1803,<A>,37,2021-02-07T07:24:47-05:00[America/New_York],2021-02-07T07:25:24-05:00[America/New_York],Yes,2021-02-07,26687,Sunday
1803,C,14,2021-02-07T07:25:24-05:00[America/New_York],2021-02-07T07:25:38-05:00[America/New_York],Yes,2021-02-07,26724,Sunday
1803,<A>,51,2021-02-07T07:25:38-05:00[America/New_York],2021-02-07T07:26:29-05:00[America/New_York],Yes,2021-02-07,26738,Sunday
1803,C,18,2021-02-07T07:26:29-05:00[America/New_York],2021-02-07T07:26:47-05:00[America/New_York],Yes,2021-02-07,26789,Sunday
1803,<A>,44,2021-02-07T07:26:47-05:00[America/New_York],2021-02-07T07:27:31-05:00[America/New_York],Yes,2021-02-07,26807,Sunday
1803,C,15,2021-02-07T07:27:31-05:00[America/New_York],2021-02-07T07:27:46-05:00[America/New_York],Yes,2021-02-07,26851,Sunday
1803,<A>,38,2021-02-07T07:27:46-05:00[America/New_York],2021-02-07T07:28:24-05:00[America/New_York],Yes,2021-02-07,26866,Sunday
1803,C,16,2021-02-07T07:28:24-05:00[America/New_York],2021-02-07T07:28:40-05:00[America/New_York],Yes,2021-02-07,26904,Sunday
1803,<A>,40,2021-02-07T07:28:40-05:00[America/New_York],2021-02-07T07:29:20-05:00[America/New_York],Yes,2021-02-07,26920,Sunday
1803,B,15,2021-02-07T07:29:20-05:00[America/New_York],2021-02-07T07:29:35-05:00[America/New_York],NA,2021-02-07,26960,Sunday
1803,C,17,2021-02-07T07:29:35-05:00[America/New_York],2021-02-07T07:29:52-05:00[America/New_York],Yes,2021-02-07,26975,Sunday
1803,<A>,37,2021-02-07T07:29:52-05:00[America/New_York],2021-02-07T07:30:29-05:00[America/New_York],Yes,2021-02-07,26992,Sunday
1803,C,18,2021-02-07T07:30:29-05:00[America/New_York],2021-02-07T07:30:47-05:00[America/New_York],Yes,2021-02-07,27029,Sunday
1803,<A>,37,2021-02-07T07:30:47-05:00[America/New_York],2021-02-07T07:31:24-05:00[America/New_York],Yes,2021-02-07,27047,Sunday
1803,B,15,2021-02-07T07:31:24-05:00[America/New_York],2021-02-07T07:31:39-05:00[America/New_York],Yes,2021-02-07,27084,Sunday
1803,<A>,63,2021-02-07T07:31:39-05:00[America/New_York],2021-02-07T07:32:42-05:00[America/New_York],NA,2021-02-07,27099,Sunday
1803,C,17,2021-02-07T07:32:42-05:00[America/New_York],2021-02-07T07:32:59-05:00[America/New_York],Yes,2021-02-07,27162,Sunday
1803,<A>,37,2021-02-07T07:32:59-05:00[America/New_York],2021-02-07T07:33:36-05:00[America/New_York],Yes,2021-02-07,27179,Sunday
1803,B,23,2021-02-07T07:33:36-05:00[America/New_York],2021-02-07T07:33:59-05:00[America/New_York],Yes,2021-02-07,27216,Sunday
1803,<A>,52,2021-02-07T07:33:59-05:00[America/New_York],2021-02-07T07:34:51-05:00[America/New_York],Yes,2021-02-07,27239,Sunday
1803,C,15,2021-02-07T07:34:51-05:00[America/New_York],2021-02-07T07:35:06-05:00[America/New_York],Yes,2021-02-07,27291,Sunday
1803,<A>,39,2021-02-07T07:35:06-05:00[America/New_York],2021-02-07T07:35:45-05:00[America/New_York],Yes,2021-02-07,27306,Sunday
1803,C,18,2021-02-07T07:35:45-05:00[America/New_York],2021-02-07T07:36:03-05:00[America/New_York],Yes,2021-02-07,27345,Sunday
1803,<A>,43,2021-02-07T07:36:03-05:00[America/New_York],2021-02-07T07:36:46-05:00[America/New_York],Yes,2021-02-07,27363,Sunday
1803,B,16,2021-02-07T07:36:46-05:00[America/New_York],2021-02-07T07:37:02-05:00[America/New_York],Yes,2021-02-07,27406,Sunday
1803,<A>,47,2021-02-07T07:37:02-05:00[America/New_York],2021-02-07T07:37:49-05:00[America/New_York],Yes,2021-02-07,27422,Sunday
1803,C,17,2021-02-07T07:37:49-05:00[America/New_York],2021-02-07T07:38:06-05:00[America/New_York],Yes,2021-02-07,27469,Sunday
1803,<A>,38,2021-02-07T07:38:06-05:00[America/New_York],2021-02-07T07:38:44-05:00[America/New_York],Yes,2021-02-07,27486,Sunday
1803,B,18,2021-02-07T07:38:44-05:00[America/New_York],2021-02-07T07:39:02-05:00[America/New_York],Yes,2021-02-07,27524,Sunday
1803,<A>,39,2021-02-07T07:39:02-05:00[America/New_York],2021-02-07T07:39:41-05:00[America/New_York],Yes,2021-02-07,27542,Sunday
1803,B,15,2021-02-07T07:39:41-05:00[America/New_York],2021-02-07T07:39:56-05:00[America/New_York],NA,2021-02-07,27581,Sunday
1803,C,14,2021-02-07T07:39:56-05:00[America/New_York],2021-02-07T07:40:10-05:00[America/New_York],Yes,2021-02-07,27596,Sunday
1803,<A>,38,2021-02-07T07:40:10-05:00[America/New_York],2021-02-07T07:40:48-05:00[America/New_York],Yes,2021-02-07,27610,Sunday
1803,B,17,2021-02-07T07:40:48-05:00[America/New_York],2021-02-07T07:41:05-05:00[America/New_York],Yes,2021-02-07,27648,Sunday
1803,<A>,38,2021-02-07T07:41:05-05:00[America/New_York],2021-02-07T07:41:43-05:00[America/New_York],Yes,2021-02-07,27665,Sunday
1803,C,14,2021-02-07T07:41:43-05:00[America/New_York],2021-02-07T07:41:57-05:00[America/New_York],Yes,2021-02-07,27703,Sunday
1803,<A>,44,2021-02-07T07:41:57-05:00[America/New_York],2021-02-07T07:42:41-05:00[America/New_York],Yes,2021-02-07,27717,Sunday
1803,B,15,2021-02-07T07:42:41-05:00[America/New_York],2021-02-07T07:42:56-05:00[America/New_York],NA,2021-02-07,27761,Sunday
1803,C,14,2021-02-07T07:42:56-05:00[America/New_York],2021-02-07T07:43:10-05:00[America/New_York],Yes,2021-02-07,27776,Sunday
1803,<A>,39,2021-02-07T07:43:10-05:00[America/New_York],2021-02-07T07:43:49-05:00[America/New_York],Yes,2021-02-07,27790,Sunday
1803,B,17,2021-02-07T07:43:49-05:00[America/New_York],2021-02-07T07:44:06-05:00[America/New_York],Yes,2021-02-07,27829,Sunday
1803,<A>,40,2021-02-07T07:44:06-05:00[America/New_York],2021-02-07T07:44:46-05:00[America/New_York],Yes,2021-02-07,27846,Sunday
1803,B,15,2021-02-07T07:44:46-05:00[America/New_York],2021-02-07T07:45:01-05:00[America/New_York],NA,2021-02-07,27886,Sunday
1803,C,18,2021-02-07T07:45:01-05:00[America/New_York],2021-02-07T07:45:19-05:00[America/New_York],Yes,2021-02-07,27901,Sunday
1803,<A>,37,2021-02-07T07:45:19-05:00[America/New_York],2021-02-07T07:45:56-05:00[America/New_York],Yes,2021-02-07,27919,Sunday
1803,B,15,2021-02-07T07:45:56-05:00[America/New_York],2021-02-07T07:46:11-05:00[America/New_York],NA,2021-02-07,27956,Sunday
1803,C,16,2021-02-07T07:46:11-05:00[America/New_York],2021-02-07T07:46:27-05:00[America/New_York],Yes,2021-02-07,27971,Sunday
1803,<A>,49,2021-02-07T07:46:27-05:00[America/New_York],2021-02-07T07:47:16-05:00[America/New_York],Yes,2021-02-07,27987,Sunday
1803,B,15,2021-02-07T07:47:16-05:00[America/New_York],2021-02-07T07:47:31-05:00[America/New_York],Yes,2021-02-07,28036,Sunday
1803,<A>,37,2021-02-07T07:47:31-05:00[America/New_York],2021-02-07T07:48:08-05:00[America/New_York],Yes,2021-02-07,28051,Sunday
1803,B,15,2021-02-07T07:48:08-05:00[America/New_York],2021-02-07T07:48:23-05:00[America/New_York],NA,2021-02-07,28088,Sunday
1803,C,14,2021-02-07T07:48:23-05:00[America/New_York],2021-02-07T07:48:37-05:00[America/New_York],Yes,2021-02-07,28103,Sunday
1803,<A>,38,2021-02-07T07:48:37-05:00[America/New_York],2021-02-07T07:49:15-05:00[America/New_York],Yes,2021-02-07,28117,Sunday
1803,B,15,2021-02-07T07:49:15-05:00[America/New_York],2021-02-07T07:49:30-05:00[America/New_York],Yes,2021-02-07,28155,Sunday
1803,<A>,48,2021-02-07T07:49:30-05:00[America/New_York],2021-02-07T07:50:18-05:00[America/New_York],Yes,2021-02-07,28170,Sunday
1803,B,17,2021-02-07T07:50:18-05:00[America/New_York],2021-02-07T07:50:35-05:00[America/New_York],Yes,2021-02-07,28218,Sunday
1803,C,18,2021-02-07T07:50:35-05:00[America/New_York],2021-02-07T07:50:53-05:00[America/New_York],Yes,2021-02-07,28235,Sunday
1803,<A>,64,2021-02-07T07:50:53-05:00[America/New_York],2021-02-07T07:51:57-05:00[America/New_York],Yes,2021-02-07,28253,Sunday
1803,C,15,2021-02-07T07:51:57-05:00[America/New_York],2021-02-07T07:52:12-05:00[America/New_York],Yes,2021-02-07,28317,Sunday
1803,<A>,38,2021-02-07T07:52:12-05:00[America/New_York],2021-02-07T07:52:50-05:00[America/New_York],Yes,2021-02-07,28332,Sunday
1803,C,15,2021-02-07T07:52:50-05:00[America/New_York],2021-02-07T07:53:05-05:00[America/New_York],Yes,2021-02-07,28370,Sunday
1803,<A>,39,2021-02-07T07:53:05-05:00[America/New_York],2021-02-07T07:53:44-05:00[America/New_York],Yes,2021-02-07,28385,Sunday
1803,C,14,2021-02-07T07:53:44-05:00[America/New_York],2021-02-07T07:53:58-05:00[America/New_York],Yes,2021-02-07,28424,Sunday
1803,<A>,37,2021-02-07T07:53:58-05:00[America/New_York],2021-02-07T07:54:35-05:00[America/New_York],Yes,2021-02-07,28438,Sunday
1803,B,16,2021-02-07T07:54:35-05:00[America/New_York],2021-02-07T07:54:51-05:00[America/New_York],NA,2021-02-07,28475,Sunday
1803,C,14,2021-02-07T07:54:51-05:00[America/New_York],2021-02-07T07:55:05-05:00[America/New_York],Yes,2021-02-07,28491,Sunday
1803,<A>,38,2021-02-07T07:55:05-05:00[America/New_York],2021-02-07T07:55:43-05:00[America/New_York],Yes,2021-02-07,28505,Sunday
1803,C,17,2021-02-07T07:55:43-05:00[America/New_York],2021-02-07T07:56:00-05:00[America/New_York],Yes,2021-02-07,28543,Sunday
1803,<A>,37,2021-02-07T07:56:00-05:00[America/New_York],2021-02-07T07:56:37-05:00[America/New_York],Yes,2021-02-07,28560,Sunday
1803,B,16,2021-02-07T07:56:37-05:00[America/New_York],2021-02-07T07:56:53-05:00[America/New_York],NA,2021-02-07,28597,Sunday
1803,C,15,2021-02-07T07:56:53-05:00[America/New_York],2021-02-07T07:57:08-05:00[America/New_York],Yes,2021-02-07,28613,Sunday
1803,<A>,121,2021-02-07T07:57:08-05:00[America/New_York],2021-02-07T07:59:09-05:00[America/New_York],Yes,2021-02-07,28628,Sunday
1803,B,14,2021-02-07T07:59:09-05:00[America/New_York],2021-02-07T07:59:23-05:00[America/New_York],Yes,2021-02-07,28749,Sunday
1803,<A>,46,2021-02-07T07:59:23-05:00[America/New_York],2021-02-07T08:00:09-05:00[America/New_York],NA,2021-02-07,28763,Sunday
1803,C,17,2021-02-07T08:00:09-05:00[America/New_York],2021-02-07T08:00:26-05:00[America/New_York],Yes,2021-02-07,28809,Sunday
1803,<A>,37,2021-02-07T08:00:26-05:00[America/New_York],2021-02-07T08:01:03-05:00[America/New_York],Yes,2021-02-07,28826,Sunday
1803,C,19,2021-02-07T08:01:03-05:00[America/New_York],2021-02-07T08:01:22-05:00[America/New_York],Yes,2021-02-07,28863,Sunday
1803,<A>,120,2021-02-07T08:01:22-05:00[America/New_York],2021-02-07T08:03:22-05:00[America/New_York],Yes,2021-02-07,28882,Sunday
1803,B,14,2021-02-07T08:03:22-05:00[America/New_York],2021-02-07T08:03:36-05:00[America/New_York],Yes,2021-02-07,29002,Sunday
1803,<A>,38,2021-02-07T08:03:36-05:00[America/New_York],2021-02-07T08:04:14-05:00[America/New_York],Yes,2021-02-07,29016,Sunday
1803,B,14,2021-02-07T08:04:14-05:00[America/New_York],2021-02-07T08:04:28-05:00[America/New_York],Yes,2021-02-07,29054,Sunday
1803,C,20,2021-02-07T08:04:28-05:00[America/New_York],2021-02-07T08:04:48-05:00[America/New_York],Yes,2021-02-07,29068,Sunday
1803,<A>,38,2021-02-07T08:04:48-05:00[America/New_York],2021-02-07T08:05:26-05:00[America/New_York],Yes,2021-02-07,29088,Sunday
1803,B,17,2021-02-07T08:05:26-05:00[America/New_York],2021-02-07T08:05:43-05:00[America/New_York],Yes,2021-02-07,29126,Sunday
1803,<A>,38,2021-02-07T08:05:43-05:00[America/New_York],2021-02-07T08:06:21-05:00[America/New_York],Yes,2021-02-07,29143,Sunday
1803,C,17,2021-02-07T08:06:21-05:00[America/New_York],2021-02-07T08:06:38-05:00[America/New_York],Yes,2021-02-07,29181,Sunday
1803,<A>,49,2021-02-07T08:06:38-05:00[America/New_York],2021-02-07T08:07:27-05:00[America/New_York],Yes,2021-02-07,29198,Sunday
1803,B,17,2021-02-07T08:07:27-05:00[America/New_York],2021-02-07T08:07:44-05:00[America/New_York],Yes,2021-02-07,29247,Sunday
1803,<A>,37,2021-02-07T08:07:44-05:00[America/New_York],2021-02-07T08:08:21-05:00[America/New_York],Yes,2021-02-07,29264,Sunday
1803,B,15,2021-02-07T08:08:21-05:00[America/New_York],2021-02-07T08:08:36-05:00[America/New_York],NA,2021-02-07,29301,Sunday
1803,C,20,2021-02-07T08:08:36-05:00[America/New_York],2021-02-07T08:08:56-05:00[America/New_York],Yes,2021-02-07,29316,Sunday
1803,<A>,38,2021-02-07T08:08:56-05:00[America/New_York],2021-02-07T08:09:34-05:00[America/New_York],Yes,2021-02-07,29336,Sunday
1803,C,17,2021-02-07T08:09:34-05:00[America/New_York],2021-02-07T08:09:51-05:00[America/New_York],Yes,2021-02-07,29374,Sunday
1803,<A>,39,2021-02-07T08:09:51-05:00[America/New_York],2021-02-07T08:10:30-05:00[America/New_York],Yes,2021-02-07,29391,Sunday
1803,B,15,2021-02-07T08:10:30-05:00[America/New_York],2021-02-07T08:10:45-05:00[America/New_York],NA,2021-02-07,29430,Sunday
1803,C,14,2021-02-07T08:10:45-05:00[America/New_York],2021-02-07T08:10:59-05:00[America/New_York],Yes,2021-02-07,29445,Sunday
1803,<A>,37,2021-02-07T08:10:59-05:00[America/New_York],2021-02-07T08:11:36-05:00[America/New_York],Yes,2021-02-07,29459,Sunday
1803,B,16,2021-02-07T08:11:36-05:00[America/New_York],2021-02-07T08:11:52-05:00[America/New_York],NA,2021-02-07,29496,Sunday
1803,C,20,2021-02-07T08:11:52-05:00[America/New_York],2021-02-07T08:12:12-05:00[America/New_York],Yes,2021-02-07,29512,Sunday
1803,<A>,38,2021-02-07T08:12:12-05:00[America/New_York],2021-02-07T08:12:50-05:00[America/New_York],Yes,2021-02-07,29532,Sunday
1803,B,15,2021-02-07T08:12:50-05:00[America/New_York],2021-02-07T08:13:05-05:00[America/New_York],NA,2021-02-07,29570,Sunday
1803,C,19,2021-02-07T08:13:05-05:00[America/New_York],2021-02-07T08:13:24-05:00[America/New_York],Yes,2021-02-07,29585,Sunday
1803,<A>,39,2021-02-07T08:13:24-05:00[America/New_York],2021-02-07T08:14:03-05:00[America/New_York],Yes,2021-02-07,29604,Sunday
1803,B,14,2021-02-07T08:14:03-05:00[America/New_York],2021-02-07T08:14:17-05:00[America/New_York],NA,2021-02-07,29643,Sunday
1803,C,15,2021-02-07T08:14:17-05:00[America/New_York],2021-02-07T08:14:32-05:00[America/New_York],Yes,2021-02-07,29657,Sunday
1803,<A>,40,2021-02-07T08:14:32-05:00[America/New_York],2021-02-07T08:15:12-05:00[America/New_York],Yes,2021-02-07,29672,Sunday
1803,C,18,2021-02-07T08:15:12-05:00[America/New_York],2021-02-07T08:15:30-05:00[America/New_York],Yes,2021-02-07,29712,Sunday
1803,<A>,40,2021-02-07T08:15:30-05:00[America/New_York],2021-02-07T08:16:10-05:00[America/New_York],Yes,2021-02-07,29730,Sunday
1803,B,15,2021-02-07T08:16:10-05:00[America/New_York],2021-02-07T08:16:25-05:00[America/New_York],NA,2021-02-07,29770,Sunday
1803,C,16,2021-02-07T08:16:25-05:00[America/New_York],2021-02-07T08:16:41-05:00[America/New_York],Yes,2021-02-07,29785,Sunday
1803,<A>,41,2021-02-07T08:16:41-05:00[America/New_York],2021-02-07T08:17:22-05:00[America/New_York],Yes,2021-02-07,29801,Sunday
1803,C,14,2021-02-07T08:17:22-05:00[America/New_York],2021-02-07T08:17:36-05:00[America/New_York],Yes,2021-02-07,29842,Sunday
1803,<A>,40,2021-02-07T08:17:36-05:00[America/New_York],2021-02-07T08:18:16-05:00[America/New_York],Yes,2021-02-07,29856,Sunday
1803,B,15,2021-02-07T08:18:16-05:00[America/New_York],2021-02-07T08:18:31-05:00[America/New_York],NA,2021-02-07,29896,Sunday
1803,C,17,2021-02-07T08:18:31-05:00[America/New_York],2021-02-07T08:18:48-05:00[America/New_York],Yes,2021-02-07,29911,Sunday
1803,<A>,37,2021-02-07T08:18:48-05:00[America/New_York],2021-02-07T08:19:25-05:00[America/New_York],Yes,2021-02-07,29928,Sunday
1803,C,16,2021-02-07T08:19:25-05:00[America/New_York],2021-02-07T08:19:41-05:00[America/New_York],Yes,2021-02-07,29965,Sunday
1803,<A>,37,2021-02-07T08:19:41-05:00[America/New_York],2021-02-07T08:20:18-05:00[America/New_York],Yes,2021-02-07,29981,Sunday
1803,B,16,2021-02-07T08:20:18-05:00[America/New_York],2021-02-07T08:20:34-05:00[America/New_York],NA,2021-02-07,30018,Sunday
1803,C,15,2021-02-07T08:20:34-05:00[America/New_York],2021-02-07T08:20:49-05:00[America/New_York],Yes,2021-02-07,30034,Sunday
1803,<A>,61,2021-02-07T08:20:49-05:00[America/New_York],2021-02-07T08:21:50-05:00[America/New_York],Yes,2021-02-07,30049,Sunday
1803,B,15,2021-02-07T08:21:50-05:00[America/New_York],2021-02-07T08:22:05-05:00[America/New_York],NA,2021-02-07,30110,Sunday
1803,C,19,2021-02-07T08:22:05-05:00[America/New_York],2021-02-07T08:22:24-05:00[America/New_York],NA,2021-02-07,30125,Sunday
1803,<A>,37,2021-02-07T08:22:24-05:00[America/New_York],2021-02-07T08:23:01-05:00[America/New_York],Yes,2021-02-07,30144,Sunday
1803,C,14,2021-02-07T08:23:01-05:00[America/New_York],2021-02-07T08:23:15-05:00[America/New_York],Yes,2021-02-07,30181,Sunday
1803,<A>,38,2021-02-07T08:23:15-05:00[America/New_York],2021-02-07T08:23:53-05:00[America/New_York],Yes,2021-02-07,30195,Sunday
1803,B,16,2021-02-07T08:23:53-05:00[America/New_York],2021-02-07T08:24:09-05:00[America/New_York],Yes,2021-02-07,30233,Sunday
1803,<A>,45,2021-02-07T08:24:09-05:00[America/New_York],2021-02-07T08:24:54-05:00[America/New_York],Yes,2021-02-07,30249,Sunday
1803,C,19,2021-02-07T08:24:54-05:00[America/New_York],2021-02-07T08:25:13-05:00[America/New_York],Yes,2021-02-07,30294,Sunday
1803,<A>,37,2021-02-07T08:25:13-05:00[America/New_York],2021-02-07T08:25:50-05:00[America/New_York],Yes,2021-02-07,30313,Sunday
1803,B,15,2021-02-07T08:25:50-05:00[America/New_York],2021-02-07T08:26:05-05:00[America/New_York],NA,2021-02-07,30350,Sunday
1803,C,14,2021-02-07T08:26:05-05:00[America/New_York],2021-02-07T08:26:19-05:00[America/New_York],Yes,2021-02-07,30365,Sunday
1803,<A>,55,2021-02-07T08:26:19-05:00[America/New_York],2021-02-07T08:27:14-05:00[America/New_York],Yes,2021-02-07,30379,Sunday
1803,B,16,2021-02-07T08:27:14-05:00[America/New_York],2021-02-07T08:27:30-05:00[America/New_York],NA,2021-02-07,30434,Sunday
1803,C,19,2021-02-07T08:27:30-05:00[America/New_York],2021-02-07T08:27:49-05:00[America/New_York],Yes,2021-02-07,30450,Sunday
1803,<A>,37,2021-02-07T08:27:49-05:00[America/New_York],2021-02-07T08:28:26-05:00[America/New_York],Yes,2021-02-07,30469,Sunday
1803,B,15,2021-02-07T08:28:26-05:00[America/New_York],2021-02-07T08:28:41-05:00[America/New_York],NA,2021-02-07,30506,Sunday
1803,C,14,2021-02-07T08:28:41-05:00[America/New_York],2021-02-07T08:28:55-05:00[America/New_York],Yes,2021-02-07,30521,Sunday
1803,<A>,42,2021-02-07T08:28:55-05:00[America/New_York],2021-02-07T08:29:37-05:00[America/New_York],Yes,2021-02-07,30535,Sunday
1803,B,15,2021-02-07T08:29:37-05:00[America/New_York],2021-02-07T08:29:52-05:00[America/New_York],NA,2021-02-07,30577,Sunday
1803,C,21,2021-02-07T08:29:52-05:00[America/New_York],2021-02-07T08:30:13-05:00[America/New_York],Yes,2021-02-07,30592,Sunday
1803,<A>,40,2021-02-07T08:30:13-05:00[America/New_York],2021-02-07T08:30:53-05:00[America/New_York],Yes,2021-02-07,30613,Sunday
1803,B,15,2021-02-07T08:30:53-05:00[America/New_York],2021-02-07T08:31:08-05:00[America/New_York],NA,2021-02-07,30653,Sunday
1803,C,18,2021-02-07T08:31:08-05:00[America/New_York],2021-02-07T08:31:26-05:00[America/New_York],Yes,2021-02-07,30668,Sunday
1803,<A>,42,2021-02-07T08:31:26-05:00[America/New_York],2021-02-07T08:32:08-05:00[America/New_York],Yes,2021-02-07,30686,Sunday
1803,C,16,2021-02-07T08:32:08-05:00[America/New_York],2021-02-07T08:32:24-05:00[America/New_York],Yes,2021-02-07,30728,Sunday
1803,<A>,38,2021-02-07T08:32:24-05:00[America/New_York],2021-02-07T08:33:02-05:00[America/New_York],Yes,2021-02-07,30744,Sunday
1803,C,14,2021-02-07T08:33:02-05:00[America/New_York],2021-02-07T08:33:16-05:00[America/New_York],Yes,2021-02-07,30782,Sunday
1803,<A>,44,2021-02-07T08:33:16-05:00[America/New_York],2021-02-07T08:34:00-05:00[America/New_York],Yes,2021-02-07,30796,Sunday
1803,B,15,2021-02-07T08:34:00-05:00[America/New_York],2021-02-07T08:34:15-05:00[America/New_York],NA,2021-02-07,30840,Sunday
1803,C,22,2021-02-07T08:34:15-05:00[America/New_York],2021-02-07T08:34:37-05:00[America/New_York],Yes,2021-02-07,30855,Sunday
1803,<A>,41,2021-02-07T08:34:37-05:00[America/New_York],2021-02-07T08:35:18-05:00[America/New_York],Yes,2021-02-07,30877,Sunday
1803,B,16,2021-02-07T08:35:18-05:00[America/New_York],2021-02-07T08:35:34-05:00[America/New_York],NA,2021-02-07,30918,Sunday
1803,C,15,2021-02-07T08:35:34-05:00[America/New_York],2021-02-07T08:35:49-05:00[America/New_York],Yes,2021-02-07,30934,Sunday
1803,<A>,38,2021-02-07T08:35:49-05:00[America/New_York],2021-02-07T08:36:27-05:00[America/New_York],Yes,2021-02-07,30949,Sunday
1803,B,17,2021-02-07T08:36:27-05:00[America/New_York],2021-02-07T08:36:44-05:00[America/New_York],Yes,2021-02-07,30987,Sunday
1803,<A>,39,2021-02-07T08:36:44-05:00[America/New_York],2021-02-07T08:37:23-05:00[America/New_York],Yes,2021-02-07,31004,Sunday
1803,B,15,2021-02-07T08:37:23-05:00[America/New_York],2021-02-07T08:37:38-05:00[America/New_York],NA,2021-02-07,31043,Sunday
1803,C,15,2021-02-07T08:37:38-05:00[America/New_York],2021-02-07T08:37:53-05:00[America/New_York],Yes,2021-02-07,31058,Sunday
1803,<A>,40,2021-02-07T08:37:53-05:00[America/New_York],2021-02-07T08:38:33-05:00[America/New_York],Yes,2021-02-07,31073,Sunday
1803,C,15,2021-02-07T08:38:33-05:00[America/New_York],2021-02-07T08:38:48-05:00[America/New_York],Yes,2021-02-07,31113,Sunday
1803,<A>,44,2021-02-07T08:38:48-05:00[America/New_York],2021-02-07T08:39:32-05:00[America/New_York],Yes,2021-02-07,31128,Sunday
1803,B,15,2021-02-07T08:39:32-05:00[America/New_York],2021-02-07T08:39:47-05:00[America/New_York],NA,2021-02-07,31172,Sunday
1803,C,14,2021-02-07T08:39:47-05:00[America/New_York],2021-02-07T08:40:01-05:00[America/New_York],Yes,2021-02-07,31187,Sunday
1803,<A>,41,2021-02-07T08:40:01-05:00[America/New_York],2021-02-07T08:40:42-05:00[America/New_York],Yes,2021-02-07,31201,Sunday
1803,C,22,2021-02-07T08:40:42-05:00[America/New_York],2021-02-07T08:41:04-05:00[America/New_York],Yes,2021-02-07,31242,Sunday
1803,<A>,38,2021-02-07T08:41:04-05:00[America/New_York],2021-02-07T08:41:42-05:00[America/New_York],Yes,2021-02-07,31264,Sunday
1803,B,15,2021-02-07T08:41:42-05:00[America/New_York],2021-02-07T08:41:57-05:00[America/New_York],NA,2021-02-07,31302,Sunday
1803,C,14,2021-02-07T08:41:57-05:00[America/New_York],2021-02-07T08:42:11-05:00[America/New_York],Yes,2021-02-07,31317,Sunday
1803,<A>,37,2021-02-07T08:42:11-05:00[America/New_York],2021-02-07T08:42:48-05:00[America/New_York],Yes,2021-02-07,31331,Sunday
1803,B,16,2021-02-07T08:42:48-05:00[America/New_York],2021-02-07T08:43:04-05:00[America/New_York],NA,2021-02-07,31368,Sunday
1803,C,14,2021-02-07T08:43:04-05:00[America/New_York],2021-02-07T08:43:18-05:00[America/New_York],Yes,2021-02-07,31384,Sunday
1803,<A>,38,2021-02-07T08:43:18-05:00[America/New_York],2021-02-07T08:43:56-05:00[America/New_York],Yes,2021-02-07,31398,Sunday
1803,B,15,2021-02-07T08:43:56-05:00[America/New_York],2021-02-07T08:44:11-05:00[America/New_York],NA,2021-02-07,31436,Sunday
1803,C,16,2021-02-07T08:44:11-05:00[America/New_York],2021-02-07T08:44:27-05:00[America/New_York],Yes,2021-02-07,31451,Sunday
1803,<A>,51,2021-02-07T08:44:27-05:00[America/New_York],2021-02-07T08:45:18-05:00[America/New_York],Yes,2021-02-07,31467,Sunday
1803,B,15,2021-02-07T08:45:18-05:00[America/New_York],2021-02-07T08:45:33-05:00[America/New_York],NA,2021-02-07,31518,Sunday
1803,C,16,2021-02-07T08:45:33-05:00[America/New_York],2021-02-07T08:45:49-05:00[America/New_York],Yes,2021-02-07,31533,Sunday
1803,<A>,41,2021-02-07T08:45:49-05:00[America/New_York],2021-02-07T08:46:30-05:00[America/New_York],Yes,2021-02-07,31549,Sunday
1803,C,24,2021-02-07T08:46:30-05:00[America/New_York],2021-02-07T08:46:54-05:00[America/New_York],Yes,2021-02-07,31590,Sunday
1803,<A>,38,2021-02-07T08:46:54-05:00[America/New_York],2021-02-07T08:47:32-05:00[America/New_York],Yes,2021-02-07,31614,Sunday
1803,B,15,2021-02-07T08:47:32-05:00[America/New_York],2021-02-07T08:47:47-05:00[America/New_York],Yes,2021-02-07,31652,Sunday
1803,<A>,37,2021-02-07T08:47:47-05:00[America/New_York],2021-02-07T08:48:24-05:00[America/New_York],Yes,2021-02-07,31667,Sunday
1803,C,17,2021-02-07T08:48:24-05:00[America/New_York],2021-02-07T08:48:41-05:00[America/New_York],Yes,2021-02-07,31704,Sunday
1803,<A>,38,2021-02-07T08:48:41-05:00[America/New_York],2021-02-07T08:49:19-05:00[America/New_York],Yes,2021-02-07,31721,Sunday
1803,B,15,2021-02-07T08:49:19-05:00[America/New_York],2021-02-07T08:49:34-05:00[America/New_York],NA,2021-02-07,31759,Sunday
1803,C,22,2021-02-07T08:49:34-05:00[America/New_York],2021-02-07T08:49:56-05:00[America/New_York],Yes,2021-02-07,31774,Sunday
1803,<A>,38,2021-02-07T08:49:56-05:00[America/New_York],2021-02-07T08:50:34-05:00[America/New_York],Yes,2021-02-07,31796,Sunday
1803,C,20,2021-02-07T08:50:34-05:00[America/New_York],2021-02-07T08:50:54-05:00[America/New_York],Yes,2021-02-07,31834,Sunday
1803,<A>,50,2021-02-07T08:50:54-05:00[America/New_York],2021-02-07T08:51:44-05:00[America/New_York],Yes,2021-02-07,31854,Sunday
1803,B,15,2021-02-07T08:51:44-05:00[America/New_York],2021-02-07T08:51:59-05:00[America/New_York],NA,2021-02-07,31904,Sunday
1803,C,30,2021-02-07T08:51:59-05:00[America/New_York],2021-02-07T08:52:29-05:00[America/New_York],NA,2021-02-07,31919,Sunday
1803,<A>,37,2021-02-07T08:52:29-05:00[America/New_York],2021-02-07T08:53:06-05:00[America/New_York],Yes,2021-02-07,31949,Sunday
1803,B,15,2021-02-07T08:53:06-05:00[America/New_York],2021-02-07T08:53:21-05:00[America/New_York],NA,2021-02-07,31986,Sunday
1803,C,14,2021-02-07T08:53:21-05:00[America/New_York],2021-02-07T08:53:35-05:00[America/New_York],Yes,2021-02-07,32001,Sunday
1803,<A>,38,2021-02-07T08:53:35-05:00[America/New_York],2021-02-07T08:54:13-05:00[America/New_York],Yes,2021-02-07,32015,Sunday
1803,B,15,2021-02-07T08:54:13-05:00[America/New_York],2021-02-07T08:54:28-05:00[America/New_York],NA,2021-02-07,32053,Sunday
1803,C,21,2021-02-07T08:54:28-05:00[America/New_York],2021-02-07T08:54:49-05:00[America/New_York],Yes,2021-02-07,32068,Sunday
1803,<A>,38,2021-02-07T08:54:49-05:00[America/New_York],2021-02-07T08:55:27-05:00[America/New_York],Yes,2021-02-07,32089,Sunday
1803,B,15,2021-02-07T08:55:27-05:00[America/New_York],2021-02-07T08:55:42-05:00[America/New_York],NA,2021-02-07,32127,Sunday
1803,C,20,2021-02-07T08:55:42-05:00[America/New_York],2021-02-07T08:56:02-05:00[America/New_York],Yes,2021-02-07,32142,Sunday
1803,<A>,38,2021-02-07T08:56:02-05:00[America/New_York],2021-02-07T08:56:40-05:00[America/New_York],Yes,2021-02-07,32162,Sunday
1803,B,17,2021-02-07T08:56:40-05:00[America/New_York],2021-02-07T08:56:57-05:00[America/New_York],Yes,2021-02-07,32200,Sunday
1803,<A>,37,2021-02-07T08:56:57-05:00[America/New_York],2021-02-07T08:57:34-05:00[America/New_York],Yes,2021-02-07,32217,Sunday
1803,C,15,2021-02-07T08:57:34-05:00[America/New_York],2021-02-07T08:57:49-05:00[America/New_York],Yes,2021-02-07,32254,Sunday
1803,<A>,37,2021-02-07T08:57:49-05:00[America/New_York],2021-02-07T08:58:26-05:00[America/New_York],Yes,2021-02-07,32269,Sunday
1803,B,15,2021-02-07T08:58:26-05:00[America/New_York],2021-02-07T08:58:41-05:00[America/New_York],NA,2021-02-07,32306,Sunday
1803,C,24,2021-02-07T08:58:41-05:00[America/New_York],2021-02-07T08:59:05-05:00[America/New_York],Yes,2021-02-07,32321,Sunday
1803,<A>,42,2021-02-07T08:59:05-05:00[America/New_York],2021-02-07T08:59:47-05:00[America/New_York],Yes,2021-02-07,32345,Sunday
1803,B,15,2021-02-07T08:59:47-05:00[America/New_York],2021-02-07T09:00:02-05:00[America/New_York],NA,2021-02-07,32387,Sunday
1803,C,15,2021-02-07T09:00:02-05:00[America/New_York],2021-02-07T09:00:17-05:00[America/New_York],Yes,2021-02-07,32402,Sunday
1803,<A>,38,2021-02-07T09:00:17-05:00[America/New_York],2021-02-07T09:00:55-05:00[America/New_York],Yes,2021-02-07,32417,Sunday
1803,B,14,2021-02-07T09:00:55-05:00[America/New_York],2021-02-07T09:01:09-05:00[America/New_York],NA,2021-02-07,32455,Sunday
1803,C,23,2021-02-07T09:01:09-05:00[America/New_York],2021-02-07T09:01:32-05:00[America/New_York],Yes,2021-02-07,32469,Sunday
1803,<A>,37,2021-02-07T09:01:32-05:00[America/New_York],2021-02-07T09:02:09-05:00[America/New_York],Yes,2021-02-07,32492,Sunday
1803,B,15,2021-02-07T09:02:09-05:00[America/New_York],2021-02-07T09:02:24-05:00[America/New_York],NA,2021-02-07,32529,Sunday
1803,C,20,2021-02-07T09:02:24-05:00[America/New_York],2021-02-07T09:02:44-05:00[America/New_York],Yes,2021-02-07,32544,Sunday
1803,<A>,43,2021-02-07T09:02:44-05:00[America/New_York],2021-02-07T09:03:27-05:00[America/New_York],Yes,2021-02-07,32564,Sunday
1803,B,20,2021-02-07T09:03:27-05:00[America/New_York],2021-02-07T09:03:47-05:00[America/New_York],Yes,2021-02-07,32607,Sunday
1803,<A>,37,2021-02-07T09:03:47-05:00[America/New_York],2021-02-07T09:04:24-05:00[America/New_York],Yes,2021-02-07,32627,Sunday
1803,B,15,2021-02-07T09:04:24-05:00[America/New_York],2021-02-07T09:04:39-05:00[America/New_York],NA,2021-02-07,32664,Sunday
1803,C,14,2021-02-07T09:04:39-05:00[America/New_York],2021-02-07T09:04:53-05:00[America/New_York],Yes,2021-02-07,32679,Sunday
1803,<A>,37,2021-02-07T09:04:53-05:00[America/New_York],2021-02-07T09:05:30-05:00[America/New_York],Yes,2021-02-07,32693,Sunday
1803,B,16,2021-02-07T09:05:30-05:00[America/New_York],2021-02-07T09:05:46-05:00[America/New_York],NA,2021-02-07,32730,Sunday
1803,C,20,2021-02-07T09:05:46-05:00[America/New_York],2021-02-07T09:06:06-05:00[America/New_York],Yes,2021-02-07,32746,Sunday
1803,<A>,38,2021-02-07T09:06:06-05:00[America/New_York],2021-02-07T09:06:44-05:00[America/New_York],Yes,2021-02-07,32766,Sunday
1803,B,15,2021-02-07T09:06:44-05:00[America/New_York],2021-02-07T09:06:59-05:00[America/New_York],NA,2021-02-07,32804,Sunday
1803,C,17,2021-02-07T09:06:59-05:00[America/New_York],2021-02-07T09:07:16-05:00[America/New_York],Yes,2021-02-07,32819,Sunday
1803,<A>,41,2021-02-07T09:07:16-05:00[America/New_York],2021-02-07T09:07:57-05:00[America/New_York],Yes,2021-02-07,32836,Sunday
1803,B,15,2021-02-07T09:07:57-05:00[America/New_York],2021-02-07T09:08:12-05:00[America/New_York],NA,2021-02-07,32877,Sunday
1803,C,24,2021-02-07T09:08:12-05:00[America/New_York],2021-02-07T09:08:36-05:00[America/New_York],Yes,2021-02-07,32892,Sunday
1803,<A>,44,2021-02-07T09:08:36-05:00[America/New_York],2021-02-07T09:09:20-05:00[America/New_York],Yes,2021-02-07,32916,Sunday
1803,B,15,2021-02-07T09:09:20-05:00[America/New_York],2021-02-07T09:09:35-05:00[America/New_York],NA,2021-02-07,32960,Sunday
1803,C,22,2021-02-07T09:09:35-05:00[America/New_York],2021-02-07T09:09:57-05:00[America/New_York],Yes,2021-02-07,32975,Sunday
1803,<A>,37,2021-02-07T09:09:57-05:00[America/New_York],2021-02-07T09:10:34-05:00[America/New_York],Yes,2021-02-07,32997,Sunday
1803,B,26,2021-02-07T09:10:34-05:00[America/New_York],2021-02-07T09:11:00-05:00[America/New_York],NA,2021-02-07,33034,Sunday
1803,C,15,2021-02-07T09:11:00-05:00[America/New_York],2021-02-07T09:11:15-05:00[America/New_York],Yes,2021-02-07,33060,Sunday
1803,<A>,38,2021-02-07T09:11:15-05:00[America/New_York],2021-02-07T09:11:53-05:00[America/New_York],Yes,2021-02-07,33075,Sunday
1803,B,14,2021-02-07T09:11:53-05:00[America/New_York],2021-02-07T09:12:07-05:00[America/New_York],Yes,2021-02-07,33113,Sunday
1803,C,28,2021-02-07T09:12:07-05:00[America/New_York],2021-02-07T09:12:35-05:00[America/New_York],Yes,2021-02-07,33127,Sunday
1803,<A>,37,2021-02-07T09:12:35-05:00[America/New_York],2021-02-07T09:13:12-05:00[America/New_York],Yes,2021-02-07,33155,Sunday
1803,B,21,2021-02-07T09:13:12-05:00[America/New_York],2021-02-07T09:13:33-05:00[America/New_York],Yes,2021-02-07,33192,Sunday
1803,C,16,2021-02-07T09:13:33-05:00[America/New_York],2021-02-07T09:13:49-05:00[America/New_York],Yes,2021-02-07,33213,Sunday
1803,<A>,46,2021-02-07T09:13:49-05:00[America/New_York],2021-02-07T09:14:35-05:00[America/New_York],Yes,2021-02-07,33229,Sunday
1803,B,23,2021-02-07T09:14:35-05:00[America/New_York],2021-02-07T09:14:58-05:00[America/New_York],Yes,2021-02-07,33275,Sunday
1803,C,20,2021-02-07T09:14:58-05:00[America/New_York],2021-02-07T09:15:18-05:00[America/New_York],Yes,2021-02-07,33298,Sunday
1803,<A>,42,2021-02-07T09:15:18-05:00[America/New_York],2021-02-07T09:16:00-05:00[America/New_York],Yes,2021-02-07,33318,Sunday
1803,B,23,2021-02-07T09:16:00-05:00[America/New_York],2021-02-07T09:16:23-05:00[America/New_York],NA,2021-02-07,33360,Sunday
1803,C,30,2021-02-07T09:16:23-05:00[America/New_York],2021-02-07T09:16:53-05:00[America/New_York],NA,2021-02-07,33383,Sunday
1803,<A>,39,2021-02-07T09:16:53-05:00[America/New_York],2021-02-07T09:17:32-05:00[America/New_York],Yes,2021-02-07,33413,Sunday
1803,B,20,2021-02-07T09:17:32-05:00[America/New_York],2021-02-07T09:17:52-05:00[America/New_York],NA,2021-02-07,33452,Sunday
1803,C,21,2021-02-07T09:17:52-05:00[America/New_York],2021-02-07T09:18:13-05:00[America/New_York],Yes,2021-02-07,33472,Sunday
1803,<A>,38,2021-02-07T09:18:13-05:00[America/New_York],2021-02-07T09:18:51-05:00[America/New_York],Yes,2021-02-07,33493,Sunday
1803,B,18,2021-02-07T09:18:51-05:00[America/New_York],2021-02-07T09:19:09-05:00[America/New_York],NA,2021-02-07,33531,Sunday
1803,C,14,2021-02-07T09:19:09-05:00[America/New_York],2021-02-07T09:19:23-05:00[America/New_York],Yes,2021-02-07,33549,Sunday
1803,<A>,43,2021-02-07T09:19:23-05:00[America/New_York],2021-02-07T09:20:06-05:00[America/New_York],Yes,2021-02-07,33563,Sunday
1803,B,18,2021-02-07T09:20:06-05:00[America/New_York],2021-02-07T09:20:24-05:00[America/New_York],Yes,2021-02-07,33606,Sunday
1803,C,16,2021-02-07T09:20:24-05:00[America/New_York],2021-02-07T09:20:40-05:00[America/New_York],Yes,2021-02-07,33624,Sunday
1803,<A>,37,2021-02-07T09:20:40-05:00[America/New_York],2021-02-07T09:21:17-05:00[America/New_York],Yes,2021-02-07,33640,Sunday
1803,B,24,2021-02-07T09:21:17-05:00[America/New_York],2021-02-07T09:21:41-05:00[America/New_York],Yes,2021-02-07,33677,Sunday
1803,C,17,2021-02-07T09:21:41-05:00[America/New_York],2021-02-07T09:21:58-05:00[America/New_York],Yes,2021-02-07,33701,Sunday
1803,<A>,44,2021-02-07T09:21:58-05:00[America/New_York],2021-02-07T09:22:42-05:00[America/New_York],Yes,2021-02-07,33718,Sunday
1803,B,20,2021-02-07T09:22:42-05:00[America/New_York],2021-02-07T09:23:02-05:00[America/New_York],Yes,2021-02-07,33762,Sunday
1803,C,26,2021-02-07T09:23:02-05:00[America/New_York],2021-02-07T09:23:28-05:00[America/New_York],Yes,2021-02-07,33782,Sunday
1803,<A>,37,2021-02-07T09:23:28-05:00[America/New_York],2021-02-07T09:24:05-05:00[America/New_York],Yes,2021-02-07,33808,Sunday
1803,B,24,2021-02-07T09:24:05-05:00[America/New_York],2021-02-07T09:24:29-05:00[America/New_York],NA,2021-02-07,33845,Sunday
1803,C,19,2021-02-07T09:24:29-05:00[America/New_York],2021-02-07T09:24:48-05:00[America/New_York],Yes,2021-02-07,33869,Sunday
1803,<A>,38,2021-02-07T09:24:48-05:00[America/New_York],2021-02-07T09:25:26-05:00[America/New_York],Yes,2021-02-07,33888,Sunday
1803,B,21,2021-02-07T09:25:26-05:00[America/New_York],2021-02-07T09:25:47-05:00[America/New_York],NA,2021-02-07,33926,Sunday
1803,C,17,2021-02-07T09:25:47-05:00[America/New_York],2021-02-07T09:26:04-05:00[America/New_York],Yes,2021-02-07,33947,Sunday
1803,<A>,37,2021-02-07T09:26:04-05:00[America/New_York],2021-02-07T09:26:41-05:00[America/New_York],Yes,2021-02-07,33964,Sunday
1803,B,20,2021-02-07T09:26:41-05:00[America/New_York],2021-02-07T09:27:01-05:00[America/New_York],Yes,2021-02-07,34001,Sunday
1803,C,25,2021-02-07T09:27:01-05:00[America/New_York],2021-02-07T09:27:26-05:00[America/New_York],Yes,2021-02-07,34021,Sunday
1803,<A>,42,2021-02-07T09:27:26-05:00[America/New_York],2021-02-07T09:28:08-05:00[America/New_York],Yes,2021-02-07,34046,Sunday
1803,B,22,2021-02-07T09:28:08-05:00[America/New_York],2021-02-07T09:28:30-05:00[America/New_York],Yes,2021-02-07,34088,Sunday
1803,C,21,2021-02-07T09:28:30-05:00[America/New_York],2021-02-07T09:28:51-05:00[America/New_York],Yes,2021-02-07,34110,Sunday
1803,<A>,38,2021-02-07T09:28:51-05:00[America/New_York],2021-02-07T09:29:29-05:00[America/New_York],Yes,2021-02-07,34131,Sunday
1803,B,26,2021-02-07T09:29:29-05:00[America/New_York],2021-02-07T09:29:55-05:00[America/New_York],NA,2021-02-07,34169,Sunday
1803,C,22,2021-02-07T09:29:55-05:00[America/New_York],2021-02-07T09:30:17-05:00[America/New_York],Yes,2021-02-07,34195,Sunday
1803,<A>,42,2021-02-07T09:30:17-05:00[America/New_York],2021-02-07T09:30:59-05:00[America/New_York],Yes,2021-02-07,34217,Sunday
1803,B,26,2021-02-07T09:30:59-05:00[America/New_York],2021-02-07T09:31:25-05:00[America/New_York],Yes,2021-02-07,34259,Sunday
1803,<A>,45,2021-02-07T09:31:25-05:00[America/New_York],2021-02-07T09:32:10-05:00[America/New_York],Yes,2021-02-07,34285,Sunday
1803,B,16,2021-02-07T09:32:10-05:00[America/New_York],2021-02-07T09:32:26-05:00[America/New_York],Yes,2021-02-07,34330,Sunday
1803,C,31,2021-02-07T09:32:26-05:00[America/New_York],2021-02-07T09:32:57-05:00[America/New_York],Yes,2021-02-07,34346,Sunday
1803,<A>,43,2021-02-07T09:32:57-05:00[America/New_York],2021-02-07T09:33:40-05:00[America/New_York],Yes,2021-02-07,34377,Sunday
1803,B,21,2021-02-07T09:33:40-05:00[America/New_York],2021-02-07T09:34:01-05:00[America/New_York],NA,2021-02-07,34420,Sunday
1803,C,25,2021-02-07T09:34:01-05:00[America/New_York],2021-02-07T09:34:26-05:00[America/New_York],Yes,2021-02-07,34441,Sunday
1803,<A>,46,2021-02-07T09:34:26-05:00[America/New_York],2021-02-07T09:35:12-05:00[America/New_York],Yes,2021-02-07,34466,Sunday
1803,B,23,2021-02-07T09:35:12-05:00[America/New_York],2021-02-07T09:35:35-05:00[America/New_York],Yes,2021-02-07,34512,Sunday
1803,C,17,2021-02-07T09:35:35-05:00[America/New_York],2021-02-07T09:35:52-05:00[America/New_York],Yes,2021-02-07,34535,Sunday
1803,<A>,42,2021-02-07T09:35:52-05:00[America/New_York],2021-02-07T09:36:34-05:00[America/New_York],Yes,2021-02-07,34552,Sunday
1803,C,24,2021-02-07T09:36:34-05:00[America/New_York],2021-02-07T09:36:58-05:00[America/New_York],Yes,2021-02-07,34594,Sunday
1803,<A>,40,2021-02-07T09:36:58-05:00[America/New_York],2021-02-07T09:37:38-05:00[America/New_York],Yes,2021-02-07,34618,Sunday
1803,B,18,2021-02-07T09:37:38-05:00[America/New_York],2021-02-07T09:37:56-05:00[America/New_York],Yes,2021-02-07,34658,Sunday
1803,C,17,2021-02-07T09:37:56-05:00[America/New_York],2021-02-07T09:38:13-05:00[America/New_York],Yes,2021-02-07,34676,Sunday
1803,<A>,41,2021-02-07T09:38:13-05:00[America/New_York],2021-02-07T09:38:54-05:00[America/New_York],Yes,2021-02-07,34693,Sunday
1803,B,20,2021-02-07T09:38:54-05:00[America/New_York],2021-02-07T09:39:14-05:00[America/New_York],Yes,2021-02-07,34734,Sunday
1803,C,16,2021-02-07T09:39:14-05:00[America/New_York],2021-02-07T09:39:30-05:00[America/New_York],Yes,2021-02-07,34754,Sunday
1803,<A>,64,2021-02-07T09:39:30-05:00[America/New_York],2021-02-07T09:40:34-05:00[America/New_York],NA,2021-02-07,34770,Sunday
1803,B,18,2021-02-07T09:40:34-05:00[America/New_York],2021-02-07T09:40:52-05:00[America/New_York],Yes,2021-02-07,34834,Sunday
1803,C,29,2021-02-07T09:40:52-05:00[America/New_York],2021-02-07T09:41:21-05:00[America/New_York],NA,2021-02-07,34852,Sunday
1803,<A>,37,2021-02-07T09:41:21-05:00[America/New_York],2021-02-07T09:41:58-05:00[America/New_York],Yes,2021-02-07,34881,Sunday
1803,B,21,2021-02-07T09:41:58-05:00[America/New_York],2021-02-07T09:42:19-05:00[America/New_York],NA,2021-02-07,34918,Sunday
1803,C,26,2021-02-07T09:42:19-05:00[America/New_York],2021-02-07T09:42:45-05:00[America/New_York],Yes,2021-02-07,34939,Sunday
1803,<A>,45,2021-02-07T09:42:45-05:00[America/New_York],2021-02-07T09:43:30-05:00[America/New_York],Yes,2021-02-07,34965,Sunday
1803,B,18,2021-02-07T09:43:30-05:00[America/New_York],2021-02-07T09:43:48-05:00[America/New_York],NA,2021-02-07,35010,Sunday
1803,C,21,2021-02-07T09:43:48-05:00[America/New_York],2021-02-07T09:44:09-05:00[America/New_York],Yes,2021-02-07,35028,Sunday
1803,<A>,43,2021-02-07T09:44:09-05:00[America/New_York],2021-02-07T09:44:52-05:00[America/New_York],Yes,2021-02-07,35049,Sunday
1803,B,16,2021-02-07T09:44:52-05:00[America/New_York],2021-02-07T09:45:08-05:00[America/New_York],NA,2021-02-07,35092,Sunday
1803,C,24,2021-02-07T09:45:08-05:00[America/New_York],2021-02-07T09:45:32-05:00[America/New_York],Yes,2021-02-07,35108,Sunday
1803,<A>,37,2021-02-07T09:45:32-05:00[America/New_York],2021-02-07T09:46:09-05:00[America/New_York],Yes,2021-02-07,35132,Sunday
1803,B,16,2021-02-07T09:46:09-05:00[America/New_York],2021-02-07T09:46:25-05:00[America/New_York],NA,2021-02-07,35169,Sunday
1803,C,22,2021-02-07T09:46:25-05:00[America/New_York],2021-02-07T09:46:47-05:00[America/New_York],Yes,2021-02-07,35185,Sunday
1803,<A>,40,2021-02-07T09:46:47-05:00[America/New_York],2021-02-07T09:47:27-05:00[America/New_York],Yes,2021-02-07,35207,Sunday
1803,B,21,2021-02-07T09:47:27-05:00[America/New_York],2021-02-07T09:47:48-05:00[America/New_York],Yes,2021-02-07,35247,Sunday
1803,C,19,2021-02-07T09:47:48-05:00[America/New_York],2021-02-07T09:48:07-05:00[America/New_York],Yes,2021-02-07,35268,Sunday
1803,<A>,51,2021-02-07T09:48:07-05:00[America/New_York],2021-02-07T09:48:58-05:00[America/New_York],Yes,2021-02-07,35287,Sunday
1803,B,19,2021-02-07T09:48:58-05:00[America/New_York],2021-02-07T09:49:17-05:00[America/New_York],Yes,2021-02-07,35338,Sunday
1803,C,26,2021-02-07T09:49:17-05:00[America/New_York],2021-02-07T09:49:43-05:00[America/New_York],Yes,2021-02-07,35357,Sunday
1803,<A>,43,2021-02-07T09:49:43-05:00[America/New_York],2021-02-07T09:50:26-05:00[America/New_York],Yes,2021-02-07,35383,Sunday
1803,B,20,2021-02-07T09:50:26-05:00[America/New_York],2021-02-07T09:50:46-05:00[America/New_York],NA,2021-02-07,35426,Sunday
1803,C,19,2021-02-07T09:50:46-05:00[America/New_York],2021-02-07T09:51:05-05:00[America/New_York],Yes,2021-02-07,35446,Sunday
1803,<A>,42,2021-02-07T09:51:05-05:00[America/New_York],2021-02-07T09:51:47-05:00[America/New_York],Yes,2021-02-07,35465,Sunday
1803,B,18,2021-02-07T09:51:47-05:00[America/New_York],2021-02-07T09:52:05-05:00[America/New_York],NA,2021-02-07,35507,Sunday
1803,C,20,2021-02-07T09:52:05-05:00[America/New_York],2021-02-07T09:52:25-05:00[America/New_York],Yes,2021-02-07,35525,Sunday
1803,<A>,46,2021-02-07T09:52:25-05:00[America/New_York],2021-02-07T09:53:11-05:00[America/New_York],Yes,2021-02-07,35545,Sunday
1803,B,26,2021-02-07T09:53:11-05:00[America/New_York],2021-02-07T09:53:37-05:00[America/New_York],NA,2021-02-07,35591,Sunday
1803,C,26,2021-02-07T09:53:37-05:00[America/New_York],2021-02-07T09:54:03-05:00[America/New_York],NA,2021-02-07,35617,Sunday
1803,<A>,43,2021-02-07T09:54:03-05:00[America/New_York],2021-02-07T09:54:46-05:00[America/New_York],NA,2021-02-07,35643,Sunday
1803,B,23,2021-02-07T09:54:46-05:00[America/New_York],2021-02-07T09:55:09-05:00[America/New_York],Yes,2021-02-07,35686,Sunday
1803,C,28,2021-02-07T09:55:09-05:00[America/New_York],2021-02-07T09:55:37-05:00[America/New_York],Yes,2021-02-07,35709,Sunday
1803,<A>,44,2021-02-07T09:55:37-05:00[America/New_York],2021-02-07T09:56:21-05:00[America/New_York],NA,2021-02-07,35737,Sunday
1803,B,19,2021-02-07T09:56:21-05:00[America/New_York],2021-02-07T09:56:40-05:00[America/New_York],Yes,2021-02-07,35781,Sunday
1803,C,19,2021-02-07T09:56:40-05:00[America/New_York],2021-02-07T09:56:59-05:00[America/New_York],Yes,2021-02-07,35800,Sunday
1803,<A>,48,2021-02-07T09:56:59-05:00[America/New_York],2021-02-07T09:57:47-05:00[America/New_York],Yes,2021-02-07,35819,Sunday
1803,B,23,2021-02-07T09:57:47-05:00[America/New_York],2021-02-07T09:58:10-05:00[America/New_York],NA,2021-02-07,35867,Sunday
1803,C,18,2021-02-07T09:58:10-05:00[America/New_York],2021-02-07T09:58:28-05:00[America/New_York],Yes,2021-02-07,35890,Sunday
1803,<A>,38,2021-02-07T09:58:28-05:00[America/New_York],2021-02-07T09:59:06-05:00[America/New_York],Yes,2021-02-07,35908,Sunday
1803,B,26,2021-02-07T09:59:06-05:00[America/New_York],2021-02-07T09:59:32-05:00[America/New_York],NA,2021-02-07,35946,Sunday
1803,C,26,2021-02-07T09:59:32-05:00[America/New_York],2021-02-07T09:59:58-05:00[America/New_York],Yes,2021-02-07,35972,Sunday
1803,<A>,37,2021-02-07T09:59:58-05:00[America/New_York],2021-02-07T10:00:35-05:00[America/New_York],Yes,2021-02-07,35998,Sunday
1803,B,45,2021-02-07T10:00:35-05:00[America/New_York],2021-02-07T10:01:20-05:00[America/New_York],Yes,2021-02-07,36035,Sunday
1803,<A>,52,2021-02-07T10:01:20-05:00[America/New_York],2021-02-07T10:02:12-05:00[America/New_York],NA,2021-02-07,36080,Sunday
1803,B,17,2021-02-07T10:02:12-05:00[America/New_York],2021-02-07T10:02:29-05:00[America/New_York],Yes,2021-02-07,36132,Sunday
1803,C,22,2021-02-07T10:02:29-05:00[America/New_York],2021-02-07T10:02:51-05:00[America/New_York],Yes,2021-02-07,36149,Sunday
1803,<A>,37,2021-02-07T10:02:51-05:00[America/New_York],2021-02-07T10:03:28-05:00[America/New_York],Yes,2021-02-07,36171,Sunday
1803,B,20,2021-02-07T10:03:28-05:00[America/New_York],2021-02-07T10:03:48-05:00[America/New_York],Yes,2021-02-07,36208,Sunday
1803,C,29,2021-02-07T10:03:48-05:00[America/New_York],2021-02-07T10:04:17-05:00[America/New_York],Yes,2021-02-07,36228,Sunday
1803,<A>,38,2021-02-07T10:04:17-05:00[America/New_York],2021-02-07T10:04:55-05:00[America/New_York],Yes,2021-02-07,36257,Sunday
1803,B,17,2021-02-07T10:04:55-05:00[America/New_York],2021-02-07T10:05:12-05:00[America/New_York],Yes,2021-02-07,36295,Sunday
1803,C,16,2021-02-07T10:05:12-05:00[America/New_York],2021-02-07T10:05:28-05:00[America/New_York],Yes,2021-02-07,36312,Sunday
1803,<A>,46,2021-02-07T10:05:28-05:00[America/New_York],2021-02-07T10:06:14-05:00[America/New_York],Yes,2021-02-07,36328,Sunday
1803,B,24,2021-02-07T10:06:14-05:00[America/New_York],2021-02-07T10:06:38-05:00[America/New_York],Yes,2021-02-07,36374,Sunday
1803,C,19,2021-02-07T10:06:38-05:00[America/New_York],2021-02-07T10:06:57-05:00[America/New_York],Yes,2021-02-07,36398,Sunday
1803,<A>,46,2021-02-07T10:06:57-05:00[America/New_York],2021-02-07T10:07:43-05:00[America/New_York],Yes,2021-02-07,36417,Sunday
1803,C,16,2021-02-07T10:07:43-05:00[America/New_York],2021-02-07T10:07:59-05:00[America/New_York],Yes,2021-02-07,36463,Sunday
1803,<A>,39,2021-02-07T10:07:59-05:00[America/New_York],2021-02-07T10:08:38-05:00[America/New_York],Yes,2021-02-07,36479,Sunday
1803,B,16,2021-02-07T10:08:38-05:00[America/New_York],2021-02-07T10:08:54-05:00[America/New_York],Yes,2021-02-07,36518,Sunday
1803,C,18,2021-02-07T10:08:54-05:00[America/New_York],2021-02-07T10:09:12-05:00[America/New_York],Yes,2021-02-07,36534,Sunday
1803,<A>,41,2021-02-07T10:09:12-05:00[America/New_York],2021-02-07T10:09:53-05:00[America/New_York],Yes,2021-02-07,36552,Sunday
1803,B,17,2021-02-07T10:09:53-05:00[America/New_York],2021-02-07T10:10:10-05:00[America/New_York],Yes,2021-02-07,36593,Sunday
1803,C,17,2021-02-07T10:10:10-05:00[America/New_York],2021-02-07T10:10:27-05:00[America/New_York],Yes,2021-02-07,36610,Sunday
1803,<A>,77,2021-02-07T10:10:27-05:00[America/New_York],2021-02-07T10:11:44-05:00[America/New_York],NA,2021-02-07,36627,Sunday
1803,B,24,2021-02-07T10:11:44-05:00[America/New_York],2021-02-07T10:12:08-05:00[America/New_York],NA,2021-02-07,36704,Sunday
1803,C,23,2021-02-07T10:12:08-05:00[America/New_York],2021-02-07T10:12:31-05:00[America/New_York],Yes,2021-02-07,36728,Sunday
1803,<A>,72,2021-02-07T10:12:31-05:00[America/New_York],2021-02-07T10:13:43-05:00[America/New_York],NA,2021-02-07,36751,Sunday
1803,B,21,2021-02-07T10:13:43-05:00[America/New_York],2021-02-07T10:14:04-05:00[America/New_York],NA,2021-02-07,36823,Sunday
1803,C,20,2021-02-07T10:14:04-05:00[America/New_York],2021-02-07T10:14:24-05:00[America/New_York],Yes,2021-02-07,36844,Sunday
1803,<A>,61,2021-02-07T10:14:24-05:00[America/New_York],2021-02-07T10:15:25-05:00[America/New_York],NA,2021-02-07,36864,Sunday
1803,B,19,2021-02-07T10:15:25-05:00[America/New_York],2021-02-07T10:15:44-05:00[America/New_York],Yes,2021-02-07,36925,Sunday
1803,C,24,2021-02-07T10:15:44-05:00[America/New_York],2021-02-07T10:16:08-05:00[America/New_York],Yes,2021-02-07,36944,Sunday
1803,<A>,69,2021-02-07T10:16:08-05:00[America/New_York],2021-02-07T10:17:17-05:00[America/New_York],NA,2021-02-07,36968,Sunday
1803,B,23,2021-02-07T10:17:17-05:00[America/New_York],2021-02-07T10:17:40-05:00[America/New_York],Yes,2021-02-07,37037,Sunday
1803,C,21,2021-02-07T10:17:40-05:00[America/New_York],2021-02-07T10:18:01-05:00[America/New_York],Yes,2021-02-07,37060,Sunday
1803,<A>,56,2021-02-07T10:18:01-05:00[America/New_York],2021-02-07T10:18:57-05:00[America/New_York],NA,2021-02-07,37081,Sunday
1803,B,19,2021-02-07T10:18:57-05:00[America/New_York],2021-02-07T10:19:16-05:00[America/New_York],Yes,2021-02-07,37137,Sunday
1803,C,18,2021-02-07T10:19:16-05:00[America/New_York],2021-02-07T10:19:34-05:00[America/New_York],Yes,2021-02-07,37156,Sunday
1803,<A>,46,2021-02-07T10:19:34-05:00[America/New_York],2021-02-07T10:20:20-05:00[America/New_York],Yes,2021-02-07,37174,Sunday
1803,B,20,2021-02-07T10:20:20-05:00[America/New_York],2021-02-07T10:20:40-05:00[America/New_York],NA,2021-02-07,37220,Sunday
1803,C,20,2021-02-07T10:20:40-05:00[America/New_York],2021-02-07T10:21:00-05:00[America/New_York],Yes,2021-02-07,37240,Sunday
1803,<A>,47,2021-02-07T10:21:00-05:00[America/New_York],2021-02-07T10:21:47-05:00[America/New_York],Yes,2021-02-07,37260,Sunday
1803,B,18,2021-02-07T10:21:47-05:00[America/New_York],2021-02-07T10:22:05-05:00[America/New_York],NA,2021-02-07,37307,Sunday
1803,C,17,2021-02-07T10:22:05-05:00[America/New_York],2021-02-07T10:22:22-05:00[America/New_York],Yes,2021-02-07,37325,Sunday
1803,<A>,50,2021-02-07T10:22:22-05:00[America/New_York],2021-02-07T10:23:12-05:00[America/New_York],Yes,2021-02-07,37342,Sunday
1803,B,17,2021-02-07T10:23:12-05:00[America/New_York],2021-02-07T10:23:29-05:00[America/New_York],NA,2021-02-07,37392,Sunday
1803,C,19,2021-02-07T10:23:29-05:00[America/New_York],2021-02-07T10:23:48-05:00[America/New_York],Yes,2021-02-07,37409,Sunday
1803,<A>,40,2021-02-07T10:23:48-05:00[America/New_York],2021-02-07T10:24:28-05:00[America/New_York],Yes,2021-02-07,37428,Sunday
1803,C,15,2021-02-07T10:24:28-05:00[America/New_York],2021-02-07T10:24:43-05:00[America/New_York],Yes,2021-02-07,37468,Sunday
1803,<A>,38,2021-02-07T10:24:43-05:00[America/New_York],2021-02-07T10:25:21-05:00[America/New_York],Yes,2021-02-07,37483,Sunday
1803,B,16,2021-02-07T10:25:21-05:00[America/New_York],2021-02-07T10:25:37-05:00[America/New_York],Yes,2021-02-07,37521,Sunday
1803,<A>,51,2021-02-07T10:25:37-05:00[America/New_York],2021-02-07T10:26:28-05:00[America/New_York],Yes,2021-02-07,37537,Sunday
1803,B,16,2021-02-07T10:26:28-05:00[America/New_York],2021-02-07T10:26:44-05:00[America/New_York],NA,2021-02-07,37588,Sunday
1803,C,20,2021-02-07T10:26:44-05:00[America/New_York],2021-02-07T10:27:04-05:00[America/New_York],Yes,2021-02-07,37604,Sunday
1803,<A>,40,2021-02-07T10:27:04-05:00[America/New_York],2021-02-07T10:27:44-05:00[America/New_York],Yes,2021-02-07,37624,Sunday
1803,B,15,2021-02-07T10:27:44-05:00[America/New_York],2021-02-07T10:27:59-05:00[America/New_York],Yes,2021-02-07,37664,Sunday
1803,C,25,2021-02-07T10:27:59-05:00[America/New_York],2021-02-07T10:28:24-05:00[America/New_York],Yes,2021-02-07,37679,Sunday
1803,<A>,39,2021-02-07T10:28:24-05:00[America/New_York],2021-02-07T10:29:03-05:00[America/New_York],Yes,2021-02-07,37704,Sunday
1803,B,17,2021-02-07T10:29:03-05:00[America/New_York],2021-02-07T10:29:20-05:00[America/New_York],NA,2021-02-07,37743,Sunday
1803,C,29,2021-02-07T10:29:20-05:00[America/New_York],2021-02-07T10:29:49-05:00[America/New_York],Yes,2021-02-07,37760,Sunday
1803,<A>,37,2021-02-07T10:29:49-05:00[America/New_York],2021-02-07T10:30:26-05:00[America/New_York],Yes,2021-02-07,37789,Sunday
1803,B,22,2021-02-07T10:30:26-05:00[America/New_York],2021-02-07T10:30:48-05:00[America/New_York],Yes,2021-02-07,37826,Sunday
1803,<A>,65,2021-02-07T10:30:48-05:00[America/New_York],2021-02-07T10:31:53-05:00[America/New_York],NA,2021-02-07,37848,Sunday
1803,B,16,2021-02-07T10:31:53-05:00[America/New_York],2021-02-07T10:32:09-05:00[America/New_York],NA,2021-02-07,37913,Sunday
1803,C,17,2021-02-07T10:32:09-05:00[America/New_York],2021-02-07T10:32:26-05:00[America/New_York],NA,2021-02-07,37929,Sunday
1803,<A>,37,2021-02-07T10:32:26-05:00[America/New_York],2021-02-07T10:33:03-05:00[America/New_York],Yes,2021-02-07,37946,Sunday
1803,B,16,2021-02-07T10:33:03-05:00[America/New_York],2021-02-07T10:33:19-05:00[America/New_York],NA,2021-02-07,37983,Sunday
1803,C,26,2021-02-07T10:33:19-05:00[America/New_York],2021-02-07T10:33:45-05:00[America/New_York],Yes,2021-02-07,37999,Sunday
1803,<A>,39,2021-02-07T10:33:45-05:00[America/New_York],2021-02-07T10:34:24-05:00[America/New_York],Yes,2021-02-07,38025,Sunday
1803,C,24,2021-02-07T10:34:24-05:00[America/New_York],2021-02-07T10:34:48-05:00[America/New_York],Yes,2021-02-07,38064,Sunday
1803,<A>,37,2021-02-07T10:34:48-05:00[America/New_York],2021-02-07T10:35:25-05:00[America/New_York],Yes,2021-02-07,38088,Sunday
1803,B,16,2021-02-07T10:35:25-05:00[America/New_York],2021-02-07T10:35:41-05:00[America/New_York],NA,2021-02-07,38125,Sunday
1803,C,24,2021-02-07T10:35:41-05:00[America/New_York],2021-02-07T10:36:05-05:00[America/New_York],Yes,2021-02-07,38141,Sunday
1803,<A>,90,2021-02-07T10:36:05-05:00[America/New_York],2021-02-07T10:37:35-05:00[America/New_York],NA,2021-02-07,38165,Sunday
1803,B,28,2021-02-07T10:37:35-05:00[America/New_York],2021-02-07T10:38:03-05:00[America/New_York],NA,2021-02-07,38255,Sunday
1803,C,20,2021-02-07T10:38:03-05:00[America/New_York],2021-02-07T10:38:23-05:00[America/New_York],Yes,2021-02-07,38283,Sunday
1803,<A>,50,2021-02-07T10:38:23-05:00[America/New_York],2021-02-07T10:39:13-05:00[America/New_York],NA,2021-02-07,38303,Sunday
1803,B,22,2021-02-07T10:39:13-05:00[America/New_York],2021-02-07T10:39:35-05:00[America/New_York],Yes,2021-02-07,38353,Sunday
1803,C,17,2021-02-07T10:39:35-05:00[America/New_York],2021-02-07T10:39:52-05:00[America/New_York],Yes,2021-02-07,38375,Sunday
1803,<A>,75,2021-02-07T10:39:52-05:00[America/New_York],2021-02-07T10:41:07-05:00[America/New_York],NA,2021-02-07,38392,Sunday
1803,B,19,2021-02-07T10:41:07-05:00[America/New_York],2021-02-07T10:41:26-05:00[America/New_York],Yes,2021-02-07,38467,Sunday
1803,C,31,2021-02-07T10:41:26-05:00[America/New_York],2021-02-07T10:41:57-05:00[America/New_York],Yes,2021-02-07,38486,Sunday
1803,<A>,70,2021-02-07T10:41:57-05:00[America/New_York],2021-02-07T10:43:07-05:00[America/New_York],NA,2021-02-07,38517,Sunday
1803,B,24,2021-02-07T10:43:07-05:00[America/New_York],2021-02-07T10:43:31-05:00[America/New_York],Yes,2021-02-07,38587,Sunday
1803,C,16,2021-02-07T10:43:31-05:00[America/New_York],2021-02-07T10:43:47-05:00[America/New_York],Yes,2021-02-07,38611,Sunday
1803,<A>,84,2021-02-07T10:43:47-05:00[America/New_York],2021-02-07T10:45:11-05:00[America/New_York],NA,2021-02-07,38627,Sunday
1803,B,23,2021-02-07T10:45:11-05:00[America/New_York],2021-02-07T10:45:34-05:00[America/New_York],Yes,2021-02-07,38711,Sunday
1803,C,28,2021-02-07T10:45:34-05:00[America/New_York],2021-02-07T10:46:02-05:00[America/New_York],Yes,2021-02-07,38734,Sunday
1803,<A>,72,2021-02-07T10:46:02-05:00[America/New_York],2021-02-07T10:47:14-05:00[America/New_York],NA,2021-02-07,38762,Sunday
1803,B,24,2021-02-07T10:47:14-05:00[America/New_York],2021-02-07T10:47:38-05:00[America/New_York],Yes,2021-02-07,38834,Sunday
1803,C,19,2021-02-07T10:47:38-05:00[America/New_York],2021-02-07T10:47:57-05:00[America/New_York],Yes,2021-02-07,38858,Sunday
1803,<A>,78,2021-02-07T10:47:57-05:00[America/New_York],2021-02-07T10:49:15-05:00[America/New_York],NA,2021-02-07,38877,Sunday
1803,B,22,2021-02-07T10:49:15-05:00[America/New_York],2021-02-07T10:49:37-05:00[America/New_York],Yes,2021-02-07,38955,Sunday
1803,C,30,2021-02-07T10:49:37-05:00[America/New_York],2021-02-07T10:50:07-05:00[America/New_York],NA,2021-02-07,38977,Sunday
1803,<A>,62,2021-02-07T10:50:07-05:00[America/New_York],2021-02-07T10:51:09-05:00[America/New_York],NA,2021-02-07,39007,Sunday
1803,B,24,2021-02-07T10:51:09-05:00[America/New_York],2021-02-07T10:51:33-05:00[America/New_York],Yes,2021-02-07,39069,Sunday
1803,C,24,2021-02-07T10:51:33-05:00[America/New_York],2021-02-07T10:51:57-05:00[America/New_York],NA,2021-02-07,39093,Sunday
1803,<A>,64,2021-02-07T10:51:57-05:00[America/New_York],2021-02-07T10:53:01-05:00[America/New_York],NA,2021-02-07,39117,Sunday
1803,B,23,2021-02-07T10:53:01-05:00[America/New_York],2021-02-07T10:53:24-05:00[America/New_York],NA,2021-02-07,39181,Sunday
1803,C,19,2021-02-07T10:53:24-05:00[America/New_York],2021-02-07T10:53:43-05:00[America/New_York],Yes,2021-02-07,39204,Sunday
1803,<A>,77,2021-02-07T10:53:43-05:00[America/New_York],2021-02-07T10:55:00-05:00[America/New_York],NA,2021-02-07,39223,Sunday
1803,B,19,2021-02-07T10:55:00-05:00[America/New_York],2021-02-07T10:55:19-05:00[America/New_York],NA,2021-02-07,39300,Sunday
1803,C,15,2021-02-07T10:55:19-05:00[America/New_York],2021-02-07T10:55:34-05:00[America/New_York],Yes,2021-02-07,39319,Sunday
1803,<A>,79,2021-02-07T10:55:34-05:00[America/New_York],2021-02-07T10:56:53-05:00[America/New_York],NA,2021-02-07,39334,Sunday
1803,B,32,2021-02-07T10:56:53-05:00[America/New_York],2021-02-07T10:57:25-05:00[America/New_York],NA,2021-02-07,39413,Sunday
1803,C,26,2021-02-07T10:57:25-05:00[America/New_York],2021-02-07T10:57:51-05:00[America/New_York],Yes,2021-02-07,39445,Sunday
1803,<A>,62,2021-02-07T10:57:51-05:00[America/New_York],2021-02-07T10:58:53-05:00[America/New_York],NA,2021-02-07,39471,Sunday
1803,B,19,2021-02-07T10:58:53-05:00[America/New_York],2021-02-07T10:59:12-05:00[America/New_York],Yes,2021-02-07,39533,Sunday
1803,C,24,2021-02-07T10:59:12-05:00[America/New_York],2021-02-07T10:59:36-05:00[America/New_York],Yes,2021-02-07,39552,Sunday
1803,<A>,76,2021-02-07T10:59:36-05:00[America/New_York],2021-02-07T11:00:52-05:00[America/New_York],NA,2021-02-07,39576,Sunday
1803,B,20,2021-02-07T11:00:52-05:00[America/New_York],2021-02-07T11:01:12-05:00[America/New_York],Yes,2021-02-07,39652,Sunday
1803,C,28,2021-02-07T11:01:12-05:00[America/New_York],2021-02-07T11:01:40-05:00[America/New_York],Yes,2021-02-07,39672,Sunday
1803,<A>,70,2021-02-07T11:01:40-05:00[America/New_York],2021-02-07T11:02:50-05:00[America/New_York],NA,2021-02-07,39700,Sunday
1803,B,15,2021-02-07T11:02:50-05:00[America/New_York],2021-02-07T11:03:05-05:00[America/New_York],Yes,2021-02-07,39770,Sunday
1803,C,31,2021-02-07T11:03:05-05:00[America/New_York],2021-02-07T11:03:36-05:00[America/New_York],Yes,2021-02-07,39785,Sunday
1803,<A>,84,2021-02-07T11:03:36-05:00[America/New_York],2021-02-07T11:05:00-05:00[America/New_York],NA,2021-02-07,39816,Sunday
1803,B,18,2021-02-07T11:05:00-05:00[America/New_York],2021-02-07T11:05:18-05:00[America/New_York],Yes,2021-02-07,39900,Sunday
1803,<A>,100,2021-02-07T11:05:18-05:00[America/New_York],2021-02-07T11:06:58-05:00[America/New_York],NA,2021-02-07,39918,Sunday
1803,B,25,2021-02-07T11:06:58-05:00[America/New_York],2021-02-07T11:07:23-05:00[America/New_York],Yes,2021-02-07,40018,Sunday
1803,C,16,2021-02-07T11:07:23-05:00[America/New_York],2021-02-07T11:07:39-05:00[America/New_York],Yes,2021-02-07,40043,Sunday
1803,<A>,74,2021-02-07T11:07:39-05:00[America/New_York],2021-02-07T11:08:53-05:00[America/New_York],NA,2021-02-07,40059,Sunday
1803,B,19,2021-02-07T11:08:53-05:00[America/New_York],2021-02-07T11:09:12-05:00[America/New_York],Yes,2021-02-07,40133,Sunday
1803,C,14,2021-02-07T11:09:12-05:00[America/New_York],2021-02-07T11:09:26-05:00[America/New_York],Yes,2021-02-07,40152,Sunday
1803,<A>,81,2021-02-07T11:09:26-05:00[America/New_York],2021-02-07T11:10:47-05:00[America/New_York],NA,2021-02-07,40166,Sunday
1803,B,15,2021-02-07T11:10:47-05:00[America/New_York],2021-02-07T11:11:02-05:00[America/New_York],Yes,2021-02-07,40247,Sunday
1803,C,18,2021-02-07T11:11:02-05:00[America/New_York],2021-02-07T11:11:20-05:00[America/New_York],Yes,2021-02-07,40262,Sunday
1803,<A>,80,2021-02-07T11:11:20-05:00[America/New_York],2021-02-07T11:12:40-05:00[America/New_York],NA,2021-02-07,40280,Sunday
1803,B,20,2021-02-07T11:12:40-05:00[America/New_York],2021-02-07T11:13:00-05:00[America/New_York],NA,2021-02-07,40360,Sunday
1803,C,24,2021-02-07T11:13:00-05:00[America/New_York],2021-02-07T11:13:24-05:00[America/New_York],NA,2021-02-07,40380,Sunday
1803,<A>,64,2021-02-07T11:13:24-05:00[America/New_York],2021-02-07T11:14:28-05:00[America/New_York],NA,2021-02-07,40404,Sunday
1803,B,19,2021-02-07T11:14:28-05:00[America/New_York],2021-02-07T11:14:47-05:00[America/New_York],NA,2021-02-07,40468,Sunday
1803,C,16,2021-02-07T11:14:47-05:00[America/New_York],2021-02-07T11:15:03-05:00[America/New_York],Yes,2021-02-07,40487,Sunday
1803,<A>,64,2021-02-07T11:15:03-05:00[America/New_York],2021-02-07T11:16:07-05:00[America/New_York],NA,2021-02-07,40503,Sunday
1803,B,18,2021-02-07T11:16:07-05:00[America/New_York],2021-02-07T11:16:25-05:00[America/New_York],Yes,2021-02-07,40567,Sunday
1803,C,32,2021-02-07T11:16:25-05:00[America/New_York],2021-02-07T11:16:57-05:00[America/New_York],Yes,2021-02-07,40585,Sunday
1803,<A>,64,2021-02-07T11:16:57-05:00[America/New_York],2021-02-07T11:18:01-05:00[America/New_York],NA,2021-02-07,40617,Sunday
1803,B,18,2021-02-07T11:18:01-05:00[America/New_York],2021-02-07T11:18:19-05:00[America/New_York],Yes,2021-02-07,40681,Sunday
1803,C,25,2021-02-07T11:18:19-05:00[America/New_York],2021-02-07T11:18:44-05:00[America/New_York],Yes,2021-02-07,40699,Sunday
1803,<A>,73,2021-02-07T11:18:44-05:00[America/New_York],2021-02-07T11:19:57-05:00[America/New_York],NA,2021-02-07,40724,Sunday
1803,B,23,2021-02-07T11:19:57-05:00[America/New_York],2021-02-07T11:20:20-05:00[America/New_York],NA,2021-02-07,40797,Sunday
1803,C,24,2021-02-07T11:20:20-05:00[America/New_York],2021-02-07T11:20:44-05:00[America/New_York],Yes,2021-02-07,40820,Sunday
1803,<A>,62,2021-02-07T11:20:44-05:00[America/New_York],2021-02-07T11:21:46-05:00[America/New_York],NA,2021-02-07,40844,Sunday
1803,B,19,2021-02-07T11:21:46-05:00[America/New_York],2021-02-07T11:22:05-05:00[America/New_York],NA,2021-02-07,40906,Sunday
1803,C,18,2021-02-07T11:22:05-05:00[America/New_York],2021-02-07T11:22:23-05:00[America/New_York],Yes,2021-02-07,40925,Sunday
1803,<A>,67,2021-02-07T11:22:23-05:00[America/New_York],2021-02-07T11:23:30-05:00[America/New_York],NA,2021-02-07,40943,Sunday
1803,B,16,2021-02-07T11:23:30-05:00[America/New_York],2021-02-07T11:23:46-05:00[America/New_York],Yes,2021-02-07,41010,Sunday
1803,C,24,2021-02-07T11:23:46-05:00[America/New_York],2021-02-07T11:24:10-05:00[America/New_York],Yes,2021-02-07,41026,Sunday
1803,<A>,73,2021-02-07T11:24:10-05:00[America/New_York],2021-02-07T11:25:23-05:00[America/New_York],NA,2021-02-07,41050,Sunday
1803,B,26,2021-02-07T11:25:23-05:00[America/New_York],2021-02-07T11:25:49-05:00[America/New_York],Yes,2021-02-07,41123,Sunday
1803,C,22,2021-02-07T11:25:49-05:00[America/New_York],2021-02-07T11:26:11-05:00[America/New_York],Yes,2021-02-07,41149,Sunday
1803,<A>,59,2021-02-07T11:26:11-05:00[America/New_York],2021-02-07T11:27:10-05:00[America/New_York],NA,2021-02-07,41171,Sunday
1803,B,26,2021-02-07T11:27:10-05:00[America/New_York],2021-02-07T11:27:36-05:00[America/New_York],Yes,2021-02-07,41230,Sunday
1803,C,19,2021-02-07T11:27:36-05:00[America/New_York],2021-02-07T11:27:55-05:00[America/New_York],Yes,2021-02-07,41256,Sunday
1803,<A>,62,2021-02-07T11:27:55-05:00[America/New_York],2021-02-07T11:28:57-05:00[America/New_York],NA,2021-02-07,41275,Sunday
1803,B,15,2021-02-07T11:28:57-05:00[America/New_York],2021-02-07T11:29:12-05:00[America/New_York],Yes,2021-02-07,41337,Sunday
1803,C,22,2021-02-07T11:29:12-05:00[America/New_York],2021-02-07T11:29:34-05:00[America/New_York],Yes,2021-02-07,41352,Sunday
1803,<A>,64,2021-02-07T11:29:34-05:00[America/New_York],2021-02-07T11:30:38-05:00[America/New_York],NA,2021-02-07,41374,Sunday
1803,B,23,2021-02-07T11:30:38-05:00[America/New_York],2021-02-07T11:31:01-05:00[America/New_York],NA,2021-02-07,41438,Sunday
1803,C,15,2021-02-07T11:31:01-05:00[America/New_York],2021-02-07T11:31:16-05:00[America/New_York],Yes,2021-02-07,41461,Sunday
1803,<A>,69,2021-02-07T11:31:16-05:00[America/New_York],2021-02-07T11:32:25-05:00[America/New_York],NA,2021-02-07,41476,Sunday
1803,B,22,2021-02-07T11:32:25-05:00[America/New_York],2021-02-07T11:32:47-05:00[America/New_York],Yes,2021-02-07,41545,Sunday
1803,C,19,2021-02-07T11:32:47-05:00[America/New_York],2021-02-07T11:33:06-05:00[America/New_York],Yes,2021-02-07,41567,Sunday
1803,<A>,63,2021-02-07T11:33:06-05:00[America/New_York],2021-02-07T11:34:09-05:00[America/New_York],NA,2021-02-07,41586,Sunday
1803,B,19,2021-02-07T11:34:09-05:00[America/New_York],2021-02-07T11:34:28-05:00[America/New_York],Yes,2021-02-07,41649,Sunday
1803,C,18,2021-02-07T11:34:28-05:00[America/New_York],2021-02-07T11:34:46-05:00[America/New_York],Yes,2021-02-07,41668,Sunday
1803,<A>,37,2021-02-07T11:34:46-05:00[America/New_York],2021-02-07T11:35:23-05:00[America/New_York],Yes,2021-02-07,41686,Sunday
1803,B,16,2021-02-07T11:35:23-05:00[America/New_York],2021-02-07T11:35:39-05:00[America/New_York],Yes,2021-02-07,41723,Sunday
1803,C,21,2021-02-07T11:35:39-05:00[America/New_York],2021-02-07T11:36:00-05:00[America/New_York],Yes,2021-02-07,41739,Sunday
1803,<A>,39,2021-02-07T11:36:00-05:00[America/New_York],2021-02-07T11:36:39-05:00[America/New_York],Yes,2021-02-07,41760,Sunday
1803,B,20,2021-02-07T11:36:39-05:00[America/New_York],2021-02-07T11:36:59-05:00[America/New_York],Yes,2021-02-07,41799,Sunday
1803,C,15,2021-02-07T11:36:59-05:00[America/New_York],2021-02-07T11:37:14-05:00[America/New_York],Yes,2021-02-07,41819,Sunday
1803,<A>,38,2021-02-07T11:37:14-05:00[America/New_York],2021-02-07T11:37:52-05:00[America/New_York],Yes,2021-02-07,41834,Sunday
1803,C,23,2021-02-07T11:37:52-05:00[America/New_York],2021-02-07T11:38:15-05:00[America/New_York],Yes,2021-02-07,41872,Sunday
1803,<A>,53,2021-02-07T11:38:15-05:00[America/New_York],2021-02-07T11:39:08-05:00[America/New_York],NA,2021-02-07,41895,Sunday
1803,C,20,2021-02-07T11:39:08-05:00[America/New_York],2021-02-07T11:39:28-05:00[America/New_York],Yes,2021-02-07,41948,Sunday
1803,<A>,45,2021-02-07T11:39:28-05:00[America/New_York],2021-02-07T11:40:13-05:00[America/New_York],Yes,2021-02-07,41968,Sunday
1803,B,19,2021-02-07T11:40:13-05:00[America/New_York],2021-02-07T11:40:32-05:00[America/New_York],NA,2021-02-07,42013,Sunday
1803,C,15,2021-02-07T11:40:32-05:00[America/New_York],2021-02-07T11:40:47-05:00[America/New_York],Yes,2021-02-07,42032,Sunday
1803,<A>,41,2021-02-07T11:40:47-05:00[America/New_York],2021-02-07T11:41:28-05:00[America/New_York],Yes,2021-02-07,42047,Sunday
1803,C,18,2021-02-07T11:41:28-05:00[America/New_York],2021-02-07T11:41:46-05:00[America/New_York],Yes,2021-02-07,42088,Sunday
1803,<A>,51,2021-02-07T11:41:46-05:00[America/New_York],2021-02-07T11:42:37-05:00[America/New_York],Yes,2021-02-07,42106,Sunday
1803,B,17,2021-02-07T11:42:37-05:00[America/New_York],2021-02-07T11:42:54-05:00[America/New_York],NA,2021-02-07,42157,Sunday
1803,C,15,2021-02-07T11:42:54-05:00[America/New_York],2021-02-07T11:43:09-05:00[America/New_York],Yes,2021-02-07,42174,Sunday
1803,<A>,68,2021-02-07T11:43:09-05:00[America/New_York],2021-02-07T11:44:17-05:00[America/New_York],Yes,2021-02-07,42189,Sunday
1803,C,16,2021-02-07T11:44:17-05:00[America/New_York],2021-02-07T11:44:33-05:00[America/New_York],Yes,2021-02-07,42257,Sunday
1803,<A>,51,2021-02-07T11:44:33-05:00[America/New_York],2021-02-07T11:45:24-05:00[America/New_York],Yes,2021-02-07,42273,Sunday
1803,C,17,2021-02-07T11:45:24-05:00[America/New_York],2021-02-07T11:45:41-05:00[America/New_York],Yes,2021-02-07,42324,Sunday
1803,<A>,48,2021-02-07T11:45:41-05:00[America/New_York],2021-02-07T11:46:29-05:00[America/New_York],Yes,2021-02-07,42341,Sunday
1803,B,16,2021-02-07T11:46:29-05:00[America/New_York],2021-02-07T11:46:45-05:00[America/New_York],NA,2021-02-07,42389,Sunday
1803,C,15,2021-02-07T11:46:45-05:00[America/New_York],2021-02-07T11:47:00-05:00[America/New_York],Yes,2021-02-07,42405,Sunday
1803,<A>,40,2021-02-07T11:47:00-05:00[America/New_York],2021-02-07T11:47:40-05:00[America/New_York],Yes,2021-02-07,42420,Sunday
1803,C,22,2021-02-07T11:47:40-05:00[America/New_York],2021-02-07T11:48:02-05:00[America/New_York],Yes,2021-02-07,42460,Sunday
1803,<A>,49,2021-02-07T11:48:02-05:00[America/New_York],2021-02-07T11:48:51-05:00[America/New_York],Yes,2021-02-07,42482,Sunday
1803,B,16,2021-02-07T11:48:51-05:00[America/New_York],2021-02-07T11:49:07-05:00[America/New_York],NA,2021-02-07,42531,Sunday
1803,C,26,2021-02-07T11:49:07-05:00[America/New_York],2021-02-07T11:49:33-05:00[America/New_York],Yes,2021-02-07,42547,Sunday
1803,<A>,48,2021-02-07T11:49:33-05:00[America/New_York],2021-02-07T11:50:21-05:00[America/New_York],Yes,2021-02-07,42573,Sunday
1803,B,15,2021-02-07T11:50:21-05:00[America/New_York],2021-02-07T11:50:36-05:00[America/New_York],NA,2021-02-07,42621,Sunday
1803,C,19,2021-02-07T11:50:36-05:00[America/New_York],2021-02-07T11:50:55-05:00[America/New_York],Yes,2021-02-07,42636,Sunday
1803,<A>,37,2021-02-07T11:50:55-05:00[America/New_York],2021-02-07T11:51:32-05:00[America/New_York],Yes,2021-02-07,42655,Sunday
1803,B,15,2021-02-07T11:51:32-05:00[America/New_York],2021-02-07T11:51:47-05:00[America/New_York],NA,2021-02-07,42692,Sunday
1803,C,23,2021-02-07T11:51:47-05:00[America/New_York],2021-02-07T11:52:10-05:00[America/New_York],Yes,2021-02-07,42707,Sunday
1803,<A>,37,2021-02-07T11:52:10-05:00[America/New_York],2021-02-07T11:52:47-05:00[America/New_York],Yes,2021-02-07,42730,Sunday
1803,B,15,2021-02-07T11:52:47-05:00[America/New_York],2021-02-07T11:53:02-05:00[America/New_York],NA,2021-02-07,42767,Sunday
1803,C,19,2021-02-07T11:53:02-05:00[America/New_York],2021-02-07T11:53:21-05:00[America/New_York],Yes,2021-02-07,42782,Sunday
1803,<A>,68,2021-02-07T11:53:21-05:00[America/New_York],2021-02-07T11:54:29-05:00[America/New_York],Yes,2021-02-07,42801,Sunday
1803,B,26,2021-02-07T11:54:29-05:00[America/New_York],2021-02-07T11:54:55-05:00[America/New_York],NA,2021-02-07,42869,Sunday
1803,C,20,2021-02-07T11:54:55-05:00[America/New_York],2021-02-07T11:55:15-05:00[America/New_York],Yes,2021-02-07,42895,Sunday
1803,<A>,37,2021-02-07T11:55:15-05:00[America/New_York],2021-02-07T11:55:52-05:00[America/New_York],Yes,2021-02-07,42915,Sunday
1803,B,21,2021-02-07T11:55:52-05:00[America/New_York],2021-02-07T11:56:13-05:00[America/New_York],Yes,2021-02-07,42952,Sunday
1803,C,16,2021-02-07T11:56:13-05:00[America/New_York],2021-02-07T11:56:29-05:00[America/New_York],Yes,2021-02-07,42973,Sunday
1803,<A>,42,2021-02-07T11:56:29-05:00[America/New_York],2021-02-07T11:57:11-05:00[America/New_York],NA,2021-02-07,42989,Sunday
1803,B,16,2021-02-07T11:57:11-05:00[America/New_York],2021-02-07T11:57:27-05:00[America/New_York],Yes,2021-02-07,43031,Sunday
1803,C,28,2021-02-07T11:57:27-05:00[America/New_York],2021-02-07T11:57:55-05:00[America/New_York],Yes,2021-02-07,43047,Sunday
1803,<A>,68,2021-02-07T11:57:55-05:00[America/New_York],2021-02-07T11:59:03-05:00[America/New_York],NA,2021-02-07,43075,Sunday
1803,B,30,2021-02-07T11:59:03-05:00[America/New_York],2021-02-07T11:59:33-05:00[America/New_York],NA,2021-02-07,43143,Sunday
1803,C,21,2021-02-07T11:59:33-05:00[America/New_York],2021-02-07T11:59:54-05:00[America/New_York],Yes,2021-02-07,43173,Sunday
1803,<A>,64,2021-02-07T11:59:54-05:00[America/New_York],2021-02-07T12:00:58-05:00[America/New_York],NA,2021-02-07,43194,Sunday
1803,B,15,2021-02-07T12:00:58-05:00[America/New_York],2021-02-07T12:01:13-05:00[America/New_York],Yes,2021-02-07,43258,Sunday
1803,C,14,2021-02-07T12:01:13-05:00[America/New_York],2021-02-07T12:01:27-05:00[America/New_York],Yes,2021-02-07,43273,Sunday
1803,<A>,91,2021-02-07T12:01:27-05:00[America/New_York],2021-02-07T12:02:58-05:00[America/New_York],NA,2021-02-07,43287,Sunday
1803,B,17,2021-02-07T12:02:58-05:00[America/New_York],2021-02-07T12:03:15-05:00[America/New_York],Yes,2021-02-07,43378,Sunday
1803,C,25,2021-02-07T12:03:15-05:00[America/New_York],2021-02-07T12:03:40-05:00[America/New_York],Yes,2021-02-07,43395,Sunday
1803,<A>,68,2021-02-07T12:03:40-05:00[America/New_York],2021-02-07T12:04:48-05:00[America/New_York],NA,2021-02-07,43420,Sunday
1803,B,16,2021-02-07T12:04:48-05:00[America/New_York],2021-02-07T12:05:04-05:00[America/New_York],Yes,2021-02-07,43488,Sunday
1803,C,14,2021-02-07T12:05:04-05:00[America/New_York],2021-02-07T12:05:18-05:00[America/New_York],Yes,2021-02-07,43504,Sunday
1803,<A>,47,2021-02-07T12:05:18-05:00[America/New_York],2021-02-07T12:06:05-05:00[America/New_York],Yes,2021-02-07,43518,Sunday
1803,C,18,2021-02-07T12:06:05-05:00[America/New_York],2021-02-07T12:06:23-05:00[America/New_York],Yes,2021-02-07,43565,Sunday
1803,<A>,48,2021-02-07T12:06:23-05:00[America/New_York],2021-02-07T12:07:11-05:00[America/New_York],NA,2021-02-07,43583,Sunday
1803,B,19,2021-02-07T12:07:11-05:00[America/New_York],2021-02-07T12:07:30-05:00[America/New_York],Yes,2021-02-07,43631,Sunday
1803,<A>,51,2021-02-07T12:07:30-05:00[America/New_York],2021-02-07T12:08:21-05:00[America/New_York],Yes,2021-02-07,43650,Sunday
1803,B,17,2021-02-07T12:08:21-05:00[America/New_York],2021-02-07T12:08:38-05:00[America/New_York],NA,2021-02-07,43701,Sunday
1803,C,26,2021-02-07T12:08:38-05:00[America/New_York],2021-02-07T12:09:04-05:00[America/New_York],NA,2021-02-07,43718,Sunday
1803,<A>,53,2021-02-07T12:09:04-05:00[America/New_York],2021-02-07T12:09:57-05:00[America/New_York],NA,2021-02-07,43744,Sunday
1803,B,18,2021-02-07T12:09:57-05:00[America/New_York],2021-02-07T12:10:15-05:00[America/New_York],NA,2021-02-07,43797,Sunday
1803,C,24,2021-02-07T12:10:15-05:00[America/New_York],2021-02-07T12:10:39-05:00[America/New_York],NA,2021-02-07,43815,Sunday
1803,<A>,59,2021-02-07T12:10:39-05:00[America/New_York],2021-02-07T12:11:38-05:00[America/New_York],NA,2021-02-07,43839,Sunday
1803,B,19,2021-02-07T12:11:38-05:00[America/New_York],2021-02-07T12:11:57-05:00[America/New_York],NA,2021-02-07,43898,Sunday
1803,C,20,2021-02-07T12:11:57-05:00[America/New_York],2021-02-07T12:12:17-05:00[America/New_York],Yes,2021-02-07,43917,Sunday
1803,<A>,42,2021-02-07T12:12:17-05:00[America/New_York],2021-02-07T12:12:59-05:00[America/New_York],NA,2021-02-07,43937,Sunday
1803,B,22,2021-02-07T12:12:59-05:00[America/New_York],2021-02-07T12:13:21-05:00[America/New_York],NA,2021-02-07,43979,Sunday
1803,C,21,2021-02-07T12:13:21-05:00[America/New_York],2021-02-07T12:13:42-05:00[America/New_York],Yes,2021-02-07,44001,Sunday
1803,<A>,63,2021-02-07T12:13:42-05:00[America/New_York],2021-02-07T12:14:45-05:00[America/New_York],NA,2021-02-07,44022,Sunday
1803,B,23,2021-02-07T12:14:45-05:00[America/New_York],2021-02-07T12:15:08-05:00[America/New_York],NA,2021-02-07,44085,Sunday
1803,C,23,2021-02-07T12:15:08-05:00[America/New_York],2021-02-07T12:15:31-05:00[America/New_York],NA,2021-02-07,44108,Sunday
1803,<A>,65,2021-02-07T12:15:31-05:00[America/New_York],2021-02-07T12:16:36-05:00[America/New_York],NA,2021-02-07,44131,Sunday
1803,B,16,2021-02-07T12:16:36-05:00[America/New_York],2021-02-07T12:16:52-05:00[America/New_York],Yes,2021-02-07,44196,Sunday
1803,C,16,2021-02-07T12:16:52-05:00[America/New_York],2021-02-07T12:17:08-05:00[America/New_York],Yes,2021-02-07,44212,Sunday
1803,<A>,102,2021-02-07T12:17:08-05:00[America/New_York],2021-02-07T12:18:50-05:00[America/New_York],NA,2021-02-07,44228,Sunday
1803,B,22,2021-02-07T12:18:50-05:00[America/New_York],2021-02-07T12:19:12-05:00[America/New_York],Yes,2021-02-07,44330,Sunday
1803,C,33,2021-02-07T12:19:12-05:00[America/New_York],2021-02-07T12:19:45-05:00[America/New_York],Yes,2021-02-07,44352,Sunday
1803,<A>,47,2021-02-07T12:19:45-05:00[America/New_York],2021-02-07T12:20:32-05:00[America/New_York],NA,2021-02-07,44385,Sunday
1803,B,14,2021-02-07T12:20:32-05:00[America/New_York],2021-02-07T12:20:46-05:00[America/New_York],Yes,2021-02-07,44432,Sunday
1803,C,28,2021-02-07T12:20:46-05:00[America/New_York],2021-02-07T12:21:14-05:00[America/New_York],Yes,2021-02-07,44446,Sunday
1803,<A>,68,2021-02-07T12:21:14-05:00[America/New_York],2021-02-07T12:22:22-05:00[America/New_York],NA,2021-02-07,44474,Sunday
1803,B,25,2021-02-07T12:22:22-05:00[America/New_York],2021-02-07T12:22:47-05:00[America/New_York],Yes,2021-02-07,44542,Sunday
1803,C,21,2021-02-07T12:22:47-05:00[America/New_York],2021-02-07T12:23:08-05:00[America/New_York],Yes,2021-02-07,44567,Sunday
1803,<A>,67,2021-02-07T12:23:08-05:00[America/New_York],2021-02-07T12:24:15-05:00[America/New_York],NA,2021-02-07,44588,Sunday
1803,C,14,2021-02-07T12:24:15-05:00[America/New_York],2021-02-07T12:24:29-05:00[America/New_York],Yes,2021-02-07,44655,Sunday
1803,<A>,101,2021-02-07T12:24:29-05:00[America/New_York],2021-02-07T12:26:10-05:00[America/New_York],NA,2021-02-07,44669,Sunday
1803,B,22,2021-02-07T12:26:10-05:00[America/New_York],2021-02-07T12:26:32-05:00[America/New_York],Yes,2021-02-07,44770,Sunday
1803,C,26,2021-02-07T12:26:32-05:00[America/New_York],2021-02-07T12:26:58-05:00[America/New_York],Yes,2021-02-07,44792,Sunday
1803,<A>,64,2021-02-07T12:26:58-05:00[America/New_York],2021-02-07T12:28:02-05:00[America/New_York],NA,2021-02-07,44818,Sunday
1803,B,16,2021-02-07T12:28:02-05:00[America/New_York],2021-02-07T12:28:18-05:00[America/New_York],Yes,2021-02-07,44882,Sunday
1803,C,31,2021-02-07T12:28:18-05:00[America/New_York],2021-02-07T12:28:49-05:00[America/New_York],Yes,2021-02-07,44898,Sunday
1803,<A>,61,2021-02-07T12:28:49-05:00[America/New_York],2021-02-07T12:29:50-05:00[America/New_York],NA,2021-02-07,44929,Sunday
1803,B,14,2021-02-07T12:29:50-05:00[America/New_York],2021-02-07T12:30:04-05:00[America/New_York],Yes,2021-02-07,44990,Sunday
1803,C,15,2021-02-07T12:30:04-05:00[America/New_York],2021-02-07T12:30:19-05:00[America/New_York],Yes,2021-02-07,45004,Sunday
1803,<A>,42,2021-02-07T12:30:19-05:00[America/New_York],2021-02-07T12:31:01-05:00[America/New_York],Yes,2021-02-07,45019,Sunday
1803,B,16,2021-02-07T12:31:01-05:00[America/New_York],2021-02-07T12:31:17-05:00[America/New_York],Yes,2021-02-07,45061,Sunday
1803,C,15,2021-02-07T12:31:17-05:00[America/New_York],2021-02-07T12:31:32-05:00[America/New_York],Yes,2021-02-07,45077,Sunday
1803,<A>,56,2021-02-07T12:31:32-05:00[America/New_York],2021-02-07T12:32:28-05:00[America/New_York],Yes,2021-02-07,45092,Sunday
1803,B,19,2021-02-07T12:32:28-05:00[America/New_York],2021-02-07T12:32:47-05:00[America/New_York],NA,2021-02-07,45148,Sunday
1803,C,17,2021-02-07T12:32:47-05:00[America/New_York],2021-02-07T12:33:04-05:00[America/New_York],Yes,2021-02-07,45167,Sunday
1803,<A>,37,2021-02-07T12:33:04-05:00[America/New_York],2021-02-07T12:33:41-05:00[America/New_York],Yes,2021-02-07,45184,Sunday
1803,B,16,2021-02-07T12:33:41-05:00[America/New_York],2021-02-07T12:33:57-05:00[America/New_York],Yes,2021-02-07,45221,Sunday
1803,C,19,2021-02-07T12:33:57-05:00[America/New_York],2021-02-07T12:34:16-05:00[America/New_York],Yes,2021-02-07,45237,Sunday
1803,<A>,42,2021-02-07T12:34:16-05:00[America/New_York],2021-02-07T12:34:58-05:00[America/New_York],Yes,2021-02-07,45256,Sunday
1803,B,17,2021-02-07T12:34:58-05:00[America/New_York],2021-02-07T12:35:15-05:00[America/New_York],NA,2021-02-07,45298,Sunday
1803,C,17,2021-02-07T12:35:15-05:00[America/New_York],2021-02-07T12:35:32-05:00[America/New_York],Yes,2021-02-07,45315,Sunday
1803,<A>,38,2021-02-07T12:35:32-05:00[America/New_York],2021-02-07T12:36:10-05:00[America/New_York],Yes,2021-02-07,45332,Sunday
1803,B,16,2021-02-07T12:36:10-05:00[America/New_York],2021-02-07T12:36:26-05:00[America/New_York],NA,2021-02-07,45370,Sunday
1803,C,21,2021-02-07T12:36:26-05:00[America/New_York],2021-02-07T12:36:47-05:00[America/New_York],Yes,2021-02-07,45386,Sunday
1803,<A>,43,2021-02-07T12:36:47-05:00[America/New_York],2021-02-07T12:37:30-05:00[America/New_York],Yes,2021-02-07,45407,Sunday
1803,B,17,2021-02-07T12:37:30-05:00[America/New_York],2021-02-07T12:37:47-05:00[America/New_York],Yes,2021-02-07,45450,Sunday
1803,C,18,2021-02-07T12:37:47-05:00[America/New_York],2021-02-07T12:38:05-05:00[America/New_York],Yes,2021-02-07,45467,Sunday
1803,<A>,37,2021-02-07T12:38:05-05:00[America/New_York],2021-02-07T12:38:42-05:00[America/New_York],Yes,2021-02-07,45485,Sunday
1803,C,21,2021-02-07T12:38:42-05:00[America/New_York],2021-02-07T12:39:03-05:00[America/New_York],Yes,2021-02-07,45522,Sunday
1803,<A>,37,2021-02-07T12:39:03-05:00[America/New_York],2021-02-07T12:39:40-05:00[America/New_York],Yes,2021-02-07,45543,Sunday
1803,B,23,2021-02-07T12:39:40-05:00[America/New_York],2021-02-07T12:40:03-05:00[America/New_York],Yes,2021-02-07,45580,Sunday
1803,C,18,2021-02-07T12:40:03-05:00[America/New_York],2021-02-07T12:40:21-05:00[America/New_York],Yes,2021-02-07,45603,Sunday
1803,<A>,68,2021-02-07T12:40:21-05:00[America/New_York],2021-02-07T12:41:29-05:00[America/New_York],NA,2021-02-07,45621,Sunday
1803,B,26,2021-02-07T12:41:29-05:00[America/New_York],2021-02-07T12:41:55-05:00[America/New_York],Yes,2021-02-07,45689,Sunday
1803,C,20,2021-02-07T12:41:55-05:00[America/New_York],2021-02-07T12:42:15-05:00[America/New_York],Yes,2021-02-07,45715,Sunday
1803,<A>,44,2021-02-07T12:42:15-05:00[America/New_York],2021-02-07T12:42:59-05:00[America/New_York],Yes,2021-02-07,45735,Sunday
1803,B,23,2021-02-07T12:42:59-05:00[America/New_York],2021-02-07T12:43:22-05:00[America/New_York],NA,2021-02-07,45779,Sunday
1803,C,17,2021-02-07T12:43:22-05:00[America/New_York],2021-02-07T12:43:39-05:00[America/New_York],Yes,2021-02-07,45802,Sunday
1803,<A>,42,2021-02-07T12:43:39-05:00[America/New_York],2021-02-07T12:44:21-05:00[America/New_York],Yes,2021-02-07,45819,Sunday
1803,B,19,2021-02-07T12:44:21-05:00[America/New_York],2021-02-07T12:44:40-05:00[America/New_York],Yes,2021-02-07,45861,Sunday
1803,C,22,2021-02-07T12:44:40-05:00[America/New_York],2021-02-07T12:45:02-05:00[America/New_York],Yes,2021-02-07,45880,Sunday
1803,<A>,37,2021-02-07T12:45:02-05:00[America/New_York],2021-02-07T12:45:39-05:00[America/New_York],Yes,2021-02-07,45902,Sunday
1803,B,19,2021-02-07T12:45:39-05:00[America/New_York],2021-02-07T12:45:58-05:00[America/New_York],NA,2021-02-07,45939,Sunday
1803,C,14,2021-02-07T12:45:58-05:00[America/New_York],2021-02-07T12:46:12-05:00[America/New_York],Yes,2021-02-07,45958,Sunday
1803,<A>,46,2021-02-07T12:46:12-05:00[America/New_York],2021-02-07T12:46:58-05:00[America/New_York],Yes,2021-02-07,45972,Sunday
1803,C,18,2021-02-07T12:46:58-05:00[America/New_York],2021-02-07T12:47:16-05:00[America/New_York],Yes,2021-02-07,46018,Sunday
1803,<A>,38,2021-02-07T12:47:16-05:00[America/New_York],2021-02-07T12:47:54-05:00[America/New_York],Yes,2021-02-07,46036,Sunday
1803,B,16,2021-02-07T12:47:54-05:00[America/New_York],2021-02-07T12:48:10-05:00[America/New_York],NA,2021-02-07,46074,Sunday
1803,C,18,2021-02-07T12:48:10-05:00[America/New_York],2021-02-07T12:48:28-05:00[America/New_York],Yes,2021-02-07,46090,Sunday
1803,<A>,37,2021-02-07T12:48:28-05:00[America/New_York],2021-02-07T12:49:05-05:00[America/New_York],Yes,2021-02-07,46108,Sunday
1803,B,18,2021-02-07T12:49:05-05:00[America/New_York],2021-02-07T12:49:23-05:00[America/New_York],Yes,2021-02-07,46145,Sunday
1803,C,19,2021-02-07T12:49:23-05:00[America/New_York],2021-02-07T12:49:42-05:00[America/New_York],Yes,2021-02-07,46163,Sunday
1803,<A>,44,2021-02-07T12:49:42-05:00[America/New_York],2021-02-07T12:50:26-05:00[America/New_York],Yes,2021-02-07,46182,Sunday
1803,C,21,2021-02-07T12:50:26-05:00[America/New_York],2021-02-07T12:50:47-05:00[America/New_York],Yes,2021-02-07,46226,Sunday
1803,<A>,46,2021-02-07T12:50:47-05:00[America/New_York],2021-02-07T12:51:33-05:00[America/New_York],NA,2021-02-07,46247,Sunday
1803,B,20,2021-02-07T12:51:33-05:00[America/New_York],2021-02-07T12:51:53-05:00[America/New_York],Yes,2021-02-07,46293,Sunday
1803,C,16,2021-02-07T12:51:53-05:00[America/New_York],2021-02-07T12:52:09-05:00[America/New_York],Yes,2021-02-07,46313,Sunday
1803,<A>,37,2021-02-07T12:52:09-05:00[America/New_York],2021-02-07T12:52:46-05:00[America/New_York],Yes,2021-02-07,46329,Sunday
1803,B,16,2021-02-07T12:52:46-05:00[America/New_York],2021-02-07T12:53:02-05:00[America/New_York],Yes,2021-02-07,46366,Sunday
1803,C,17,2021-02-07T12:53:02-05:00[America/New_York],2021-02-07T12:53:19-05:00[America/New_York],Yes,2021-02-07,46382,Sunday
1803,<A>,37,2021-02-07T12:53:19-05:00[America/New_York],2021-02-07T12:53:56-05:00[America/New_York],Yes,2021-02-07,46399,Sunday
1803,B,21,2021-02-07T12:53:56-05:00[America/New_York],2021-02-07T12:54:17-05:00[America/New_York],NA,2021-02-07,46436,Sunday
1803,C,30,2021-02-07T12:54:17-05:00[America/New_York],2021-02-07T12:54:47-05:00[America/New_York],Yes,2021-02-07,46457,Sunday
1803,<A>,37,2021-02-07T12:54:47-05:00[America/New_York],2021-02-07T12:55:24-05:00[America/New_York],Yes,2021-02-07,46487,Sunday
1803,B,19,2021-02-07T12:55:24-05:00[America/New_York],2021-02-07T12:55:43-05:00[America/New_York],Yes,2021-02-07,46524,Sunday
1803,C,24,2021-02-07T12:55:43-05:00[America/New_York],2021-02-07T12:56:07-05:00[America/New_York],Yes,2021-02-07,46543,Sunday
1803,<A>,44,2021-02-07T12:56:07-05:00[America/New_York],2021-02-07T12:56:51-05:00[America/New_York],Yes,2021-02-07,46567,Sunday
1803,B,18,2021-02-07T12:56:51-05:00[America/New_York],2021-02-07T12:57:09-05:00[America/New_York],NA,2021-02-07,46611,Sunday
1803,C,26,2021-02-07T12:57:09-05:00[America/New_York],2021-02-07T12:57:35-05:00[America/New_York],Yes,2021-02-07,46629,Sunday
1803,<A>,41,2021-02-07T12:57:35-05:00[America/New_York],2021-02-07T12:58:16-05:00[America/New_York],Yes,2021-02-07,46655,Sunday
1803,B,16,2021-02-07T12:58:16-05:00[America/New_York],2021-02-07T12:58:32-05:00[America/New_York],NA,2021-02-07,46696,Sunday
1803,C,16,2021-02-07T12:58:32-05:00[America/New_York],2021-02-07T12:58:48-05:00[America/New_York],Yes,2021-02-07,46712,Sunday
1803,<A>,43,2021-02-07T12:58:48-05:00[America/New_York],2021-02-07T12:59:31-05:00[America/New_York],Yes,2021-02-07,46728,Sunday
1803,B,15,2021-02-07T12:59:31-05:00[America/New_York],2021-02-07T12:59:46-05:00[America/New_York],NA,2021-02-07,46771,Sunday
1803,C,30,2021-02-07T12:59:46-05:00[America/New_York],2021-02-07T13:00:16-05:00[America/New_York],Yes,2021-02-07,46786,Sunday
1803,<A>,43,2021-02-07T13:00:16-05:00[America/New_York],2021-02-07T13:00:59-05:00[America/New_York],Yes,2021-02-07,46816,Sunday
1803,B,22,2021-02-07T13:00:59-05:00[America/New_York],2021-02-07T13:01:21-05:00[America/New_York],Yes,2021-02-07,46859,Sunday
1803,C,19,2021-02-07T13:01:21-05:00[America/New_York],2021-02-07T13:01:40-05:00[America/New_York],Yes,2021-02-07,46881,Sunday
1803,<A>,41,2021-02-07T13:01:40-05:00[America/New_York],2021-02-07T13:02:21-05:00[America/New_York],Yes,2021-02-07,46900,Sunday
1803,B,20,2021-02-07T13:02:21-05:00[America/New_York],2021-02-07T13:02:41-05:00[America/New_York],Yes,2021-02-07,46941,Sunday
1803,C,23,2021-02-07T13:02:41-05:00[America/New_York],2021-02-07T13:03:04-05:00[America/New_York],Yes,2021-02-07,46961,Sunday
1803,<A>,49,2021-02-07T13:03:04-05:00[America/New_York],2021-02-07T13:03:53-05:00[America/New_York],Yes,2021-02-07,46984,Sunday
1803,B,21,2021-02-07T13:03:53-05:00[America/New_York],2021-02-07T13:04:14-05:00[America/New_York],Yes,2021-02-07,47033,Sunday
1803,C,17,2021-02-07T13:04:14-05:00[America/New_York],2021-02-07T13:04:31-05:00[America/New_York],Yes,2021-02-07,47054,Sunday
1803,<A>,39,2021-02-07T13:04:31-05:00[America/New_York],2021-02-07T13:05:10-05:00[America/New_York],Yes,2021-02-07,47071,Sunday
1803,B,56,2021-02-07T13:05:10-05:00[America/New_York],2021-02-07T13:06:06-05:00[America/New_York],NA,2021-02-07,47110,Sunday
1803,<A>,37,2021-02-07T13:06:06-05:00[America/New_York],2021-02-07T13:06:43-05:00[America/New_York],Yes,2021-02-07,47166,Sunday
1803,B,19,2021-02-07T13:06:43-05:00[America/New_York],2021-02-07T13:07:02-05:00[America/New_York],Yes,2021-02-07,47203,Sunday
1803,<A>,39,2021-02-07T13:07:02-05:00[America/New_York],2021-02-07T13:07:41-05:00[America/New_York],Yes,2021-02-07,47222,Sunday
1803,C,15,2021-02-07T13:07:41-05:00[America/New_York],2021-02-07T13:07:56-05:00[America/New_York],Yes,2021-02-07,47261,Sunday
1803,<A>,47,2021-02-07T13:07:56-05:00[America/New_York],2021-02-07T13:08:43-05:00[America/New_York],NA,2021-02-07,47276,Sunday
1803,B,15,2021-02-07T13:08:43-05:00[America/New_York],2021-02-07T13:08:58-05:00[America/New_York],Yes,2021-02-07,47323,Sunday
1803,C,17,2021-02-07T13:08:58-05:00[America/New_York],2021-02-07T13:09:15-05:00[America/New_York],Yes,2021-02-07,47338,Sunday
1803,<A>,38,2021-02-07T13:09:15-05:00[America/New_York],2021-02-07T13:09:53-05:00[America/New_York],Yes,2021-02-07,47355,Sunday
1803,B,16,2021-02-07T13:09:53-05:00[America/New_York],2021-02-07T13:10:09-05:00[America/New_York],NA,2021-02-07,47393,Sunday
1803,C,16,2021-02-07T13:10:09-05:00[America/New_York],2021-02-07T13:10:25-05:00[America/New_York],Yes,2021-02-07,47409,Sunday
1803,<A>,40,2021-02-07T13:10:25-05:00[America/New_York],2021-02-07T13:11:05-05:00[America/New_York],Yes,2021-02-07,47425,Sunday
1803,B,16,2021-02-07T13:11:05-05:00[America/New_York],2021-02-07T13:11:21-05:00[America/New_York],NA,2021-02-07,47465,Sunday
1803,C,22,2021-02-07T13:11:21-05:00[America/New_York],2021-02-07T13:11:43-05:00[America/New_York],Yes,2021-02-07,47481,Sunday
1803,<A>,40,2021-02-07T13:11:43-05:00[America/New_York],2021-02-07T13:12:23-05:00[America/New_York],Yes,2021-02-07,47503,Sunday
1803,B,15,2021-02-07T13:12:23-05:00[America/New_York],2021-02-07T13:12:38-05:00[America/New_York],NA,2021-02-07,47543,Sunday
1803,C,18,2021-02-07T13:12:38-05:00[America/New_York],2021-02-07T13:12:56-05:00[America/New_York],Yes,2021-02-07,47558,Sunday
1803,<A>,37,2021-02-07T13:12:56-05:00[America/New_York],2021-02-07T13:13:33-05:00[America/New_York],Yes,2021-02-07,47576,Sunday
1803,B,50,2021-02-07T13:13:33-05:00[America/New_York],2021-02-07T13:14:23-05:00[America/New_York],Yes,2021-02-07,47613,Sunday
1803,C,16,2021-02-07T13:14:23-05:00[America/New_York],2021-02-07T13:14:39-05:00[America/New_York],Yes,2021-02-07,47663,Sunday
1803,<A>,40,2021-02-07T13:14:39-05:00[America/New_York],2021-02-07T13:15:19-05:00[America/New_York],Yes,2021-02-07,47679,Sunday
1803,B,20,2021-02-07T13:15:19-05:00[America/New_York],2021-02-07T13:15:39-05:00[America/New_York],Yes,2021-02-07,47719,Sunday
1803,<A>,41,2021-02-07T13:15:39-05:00[America/New_York],2021-02-07T13:16:20-05:00[America/New_York],Yes,2021-02-07,47739,Sunday
1803,B,25,2021-02-07T13:16:20-05:00[America/New_York],2021-02-07T13:16:45-05:00[America/New_York],Yes,2021-02-07,47780,Sunday
1803,<A>,38,2021-02-07T13:16:45-05:00[America/New_York],2021-02-07T13:17:23-05:00[America/New_York],Yes,2021-02-07,47805,Sunday
1803,C,15,2021-02-07T13:17:23-05:00[America/New_York],2021-02-07T13:17:38-05:00[America/New_York],Yes,2021-02-07,47843,Sunday
1803,<A>,37,2021-02-07T13:17:38-05:00[America/New_York],2021-02-07T13:18:15-05:00[America/New_York],Yes,2021-02-07,47858,Sunday
1803,B,16,2021-02-07T13:18:15-05:00[America/New_York],2021-02-07T13:18:31-05:00[America/New_York],NA,2021-02-07,47895,Sunday
1803,C,16,2021-02-07T13:18:31-05:00[America/New_York],2021-02-07T13:18:47-05:00[America/New_York],Yes,2021-02-07,47911,Sunday
1803,<A>,38,2021-02-07T13:18:47-05:00[America/New_York],2021-02-07T13:19:25-05:00[America/New_York],Yes,2021-02-07,47927,Sunday
1803,C,17,2021-02-07T13:19:25-05:00[America/New_York],2021-02-07T13:19:42-05:00[America/New_York],Yes,2021-02-07,47965,Sunday
1803,<A>,38,2021-02-07T13:19:42-05:00[America/New_York],2021-02-07T13:20:20-05:00[America/New_York],Yes,2021-02-07,47982,Sunday
1803,B,16,2021-02-07T13:20:20-05:00[America/New_York],2021-02-07T13:20:36-05:00[America/New_York],NA,2021-02-07,48020,Sunday
1803,C,20,2021-02-07T13:20:36-05:00[America/New_York],2021-02-07T13:20:56-05:00[America/New_York],Yes,2021-02-07,48036,Sunday
1803,<A>,38,2021-02-07T13:20:56-05:00[America/New_York],2021-02-07T13:21:34-05:00[America/New_York],Yes,2021-02-07,48056,Sunday
1803,B,23,2021-02-07T13:21:34-05:00[America/New_York],2021-02-07T13:21:57-05:00[America/New_York],Yes,2021-02-07,48094,Sunday
1803,<A>,37,2021-02-07T13:21:57-05:00[America/New_York],2021-02-07T13:22:34-05:00[America/New_York],Yes,2021-02-07,48117,Sunday
1803,C,18,2021-02-07T13:22:34-05:00[America/New_York],2021-02-07T13:22:52-05:00[America/New_York],Yes,2021-02-07,48154,Sunday
1803,<A>,40,2021-02-07T13:22:52-05:00[America/New_York],2021-02-07T13:23:32-05:00[America/New_York],Yes,2021-02-07,48172,Sunday
1803,B,15,2021-02-07T13:23:32-05:00[America/New_York],2021-02-07T13:23:47-05:00[America/New_York],NA,2021-02-07,48212,Sunday
1803,C,18,2021-02-07T13:23:47-05:00[America/New_York],2021-02-07T13:24:05-05:00[America/New_York],Yes,2021-02-07,48227,Sunday
1803,<A>,38,2021-02-07T13:24:05-05:00[America/New_York],2021-02-07T13:24:43-05:00[America/New_York],Yes,2021-02-07,48245,Sunday
1803,C,16,2021-02-07T13:24:43-05:00[America/New_York],2021-02-07T13:24:59-05:00[America/New_York],Yes,2021-02-07,48283,Sunday
1803,<A>,46,2021-02-07T13:24:59-05:00[America/New_York],2021-02-07T13:25:45-05:00[America/New_York],Yes,2021-02-07,48299,Sunday
1803,B,16,2021-02-07T13:25:45-05:00[America/New_York],2021-02-07T13:26:01-05:00[America/New_York],Yes,2021-02-07,48345,Sunday
1803,<A>,41,2021-02-07T13:26:01-05:00[America/New_York],2021-02-07T13:26:42-05:00[America/New_York],Yes,2021-02-07,48361,Sunday
1803,B,16,2021-02-07T13:26:42-05:00[America/New_York],2021-02-07T13:26:58-05:00[America/New_York],NA,2021-02-07,48402,Sunday
1803,C,17,2021-02-07T13:26:58-05:00[America/New_York],2021-02-07T13:27:15-05:00[America/New_York],Yes,2021-02-07,48418,Sunday
1803,<A>,44,2021-02-07T13:27:15-05:00[America/New_York],2021-02-07T13:27:59-05:00[America/New_York],Yes,2021-02-07,48435,Sunday
1803,B,17,2021-02-07T13:27:59-05:00[America/New_York],2021-02-07T13:28:16-05:00[America/New_York],NA,2021-02-07,48479,Sunday
1803,C,26,2021-02-07T13:28:16-05:00[America/New_York],2021-02-07T13:28:42-05:00[America/New_York],Yes,2021-02-07,48496,Sunday
1803,<A>,37,2021-02-07T13:28:42-05:00[America/New_York],2021-02-07T13:29:19-05:00[America/New_York],Yes,2021-02-07,48522,Sunday
1803,B,16,2021-02-07T13:29:19-05:00[America/New_York],2021-02-07T13:29:35-05:00[America/New_York],Yes,2021-02-07,48559,Sunday
1803,<A>,50,2021-02-07T13:29:35-05:00[America/New_York],2021-02-07T13:30:25-05:00[America/New_York],Yes,2021-02-07,48575,Sunday
1803,C,16,2021-02-07T13:30:25-05:00[America/New_York],2021-02-07T13:30:41-05:00[America/New_York],Yes,2021-02-07,48625,Sunday
1803,<A>,37,2021-02-07T13:30:41-05:00[America/New_York],2021-02-07T13:31:18-05:00[America/New_York],Yes,2021-02-07,48641,Sunday
1803,B,19,2021-02-07T13:31:18-05:00[America/New_York],2021-02-07T13:31:37-05:00[America/New_York],Yes,2021-02-07,48678,Sunday
1803,<A>,43,2021-02-07T13:31:37-05:00[America/New_York],2021-02-07T13:32:20-05:00[America/New_York],Yes,2021-02-07,48697,Sunday
1803,C,19,2021-02-07T13:32:20-05:00[America/New_York],2021-02-07T13:32:39-05:00[America/New_York],Yes,2021-02-07,48740,Sunday
1803,<A>,38,2021-02-07T13:32:39-05:00[America/New_York],2021-02-07T13:33:17-05:00[America/New_York],Yes,2021-02-07,48759,Sunday
1803,B,21,2021-02-07T13:33:17-05:00[America/New_York],2021-02-07T13:33:38-05:00[America/New_York],Yes,2021-02-07,48797,Sunday
1803,<A>,38,2021-02-07T13:33:38-05:00[America/New_York],2021-02-07T13:34:16-05:00[America/New_York],Yes,2021-02-07,48818,Sunday
1803,B,16,2021-02-07T13:34:16-05:00[America/New_York],2021-02-07T13:34:32-05:00[America/New_York],NA,2021-02-07,48856,Sunday
1803,C,17,2021-02-07T13:34:32-05:00[America/New_York],2021-02-07T13:34:49-05:00[America/New_York],Yes,2021-02-07,48872,Sunday
1803,<A>,44,2021-02-07T13:34:49-05:00[America/New_York],2021-02-07T13:35:33-05:00[America/New_York],Yes,2021-02-07,48889,Sunday
1803,C,27,2021-02-07T13:35:33-05:00[America/New_York],2021-02-07T13:36:00-05:00[America/New_York],Yes,2021-02-07,48933,Sunday
1803,<A>,60,2021-02-07T13:36:00-05:00[America/New_York],2021-02-07T13:37:00-05:00[America/New_York],Yes,2021-02-07,48960,Sunday
1803,B,16,2021-02-07T13:37:00-05:00[America/New_York],2021-02-07T13:37:16-05:00[America/New_York],NA,2021-02-07,49020,Sunday
1803,C,24,2021-02-07T13:37:16-05:00[America/New_York],2021-02-07T13:37:40-05:00[America/New_York],NA,2021-02-07,49036,Sunday
1803,<A>,50,2021-02-07T13:37:40-05:00[America/New_York],2021-02-07T13:38:30-05:00[America/New_York],Yes,2021-02-07,49060,Sunday
1803,B,16,2021-02-07T13:38:30-05:00[America/New_York],2021-02-07T13:38:46-05:00[America/New_York],NA,2021-02-07,49110,Sunday
1803,C,17,2021-02-07T13:38:46-05:00[America/New_York],2021-02-07T13:39:03-05:00[America/New_York],Yes,2021-02-07,49126,Sunday
1803,<A>,37,2021-02-07T13:39:03-05:00[America/New_York],2021-02-07T13:39:40-05:00[America/New_York],Yes,2021-02-07,49143,Sunday
1803,B,15,2021-02-07T13:39:40-05:00[America/New_York],2021-02-07T13:39:55-05:00[America/New_York],Yes,2021-02-07,49180,Sunday
1803,<A>,46,2021-02-07T13:39:55-05:00[America/New_York],2021-02-07T13:40:41-05:00[America/New_York],Yes,2021-02-07,49195,Sunday
1803,C,17,2021-02-07T13:40:41-05:00[America/New_York],2021-02-07T13:40:58-05:00[America/New_York],Yes,2021-02-07,49241,Sunday
1803,<A>,37,2021-02-07T13:40:58-05:00[America/New_York],2021-02-07T13:41:35-05:00[America/New_York],Yes,2021-02-07,49258,Sunday
1803,B,15,2021-02-07T13:41:35-05:00[America/New_York],2021-02-07T13:41:50-05:00[America/New_York],NA,2021-02-07,49295,Sunday
1803,C,19,2021-02-07T13:41:50-05:00[America/New_York],2021-02-07T13:42:09-05:00[America/New_York],Yes,2021-02-07,49310,Sunday
1803,<A>,38,2021-02-07T13:42:09-05:00[America/New_York],2021-02-07T13:42:47-05:00[America/New_York],Yes,2021-02-07,49329,Sunday
1803,C,14,2021-02-07T13:42:47-05:00[America/New_York],2021-02-07T13:43:01-05:00[America/New_York],Yes,2021-02-07,49367,Sunday
1803,<A>,37,2021-02-07T13:43:01-05:00[America/New_York],2021-02-07T13:43:38-05:00[America/New_York],Yes,2021-02-07,49381,Sunday
1803,B,20,2021-02-07T13:43:38-05:00[America/New_York],2021-02-07T13:43:58-05:00[America/New_York],Yes,2021-02-07,49418,Sunday
1803,<A>,40,2021-02-07T13:43:58-05:00[America/New_York],2021-02-07T13:44:38-05:00[America/New_York],Yes,2021-02-07,49438,Sunday
1803,B,18,2021-02-07T13:44:38-05:00[America/New_York],2021-02-07T13:44:56-05:00[America/New_York],Yes,2021-02-07,49478,Sunday
1803,<A>,40,2021-02-07T13:44:56-05:00[America/New_York],2021-02-07T13:45:36-05:00[America/New_York],Yes,2021-02-07,49496,Sunday
1803,C,15,2021-02-07T13:45:36-05:00[America/New_York],2021-02-07T13:45:51-05:00[America/New_York],Yes,2021-02-07,49536,Sunday
1803,<A>,50,2021-02-07T13:45:51-05:00[America/New_York],2021-02-07T13:46:41-05:00[America/New_York],Yes,2021-02-07,49551,Sunday
1803,B,16,2021-02-07T13:46:41-05:00[America/New_York],2021-02-07T13:46:57-05:00[America/New_York],NA,2021-02-07,49601,Sunday
1803,C,18,2021-02-07T13:46:57-05:00[America/New_York],2021-02-07T13:47:15-05:00[America/New_York],Yes,2021-02-07,49617,Sunday
1803,<A>,38,2021-02-07T13:47:15-05:00[America/New_York],2021-02-07T13:47:53-05:00[America/New_York],Yes,2021-02-07,49635,Sunday
1803,C,15,2021-02-07T13:47:53-05:00[America/New_York],2021-02-07T13:48:08-05:00[America/New_York],Yes,2021-02-07,49673,Sunday
1803,<A>,37,2021-02-07T13:48:08-05:00[America/New_York],2021-02-07T13:48:45-05:00[America/New_York],Yes,2021-02-07,49688,Sunday
1803,B,16,2021-02-07T13:48:45-05:00[America/New_York],2021-02-07T13:49:01-05:00[America/New_York],NA,2021-02-07,49725,Sunday
1803,C,17,2021-02-07T13:49:01-05:00[America/New_York],2021-02-07T13:49:18-05:00[America/New_York],Yes,2021-02-07,49741,Sunday
1803,<A>,38,2021-02-07T13:49:18-05:00[America/New_York],2021-02-07T13:49:56-05:00[America/New_York],Yes,2021-02-07,49758,Sunday
1803,B,16,2021-02-07T13:49:56-05:00[America/New_York],2021-02-07T13:50:12-05:00[America/New_York],NA,2021-02-07,49796,Sunday
1803,C,16,2021-02-07T13:50:12-05:00[America/New_York],2021-02-07T13:50:28-05:00[America/New_York],Yes,2021-02-07,49812,Sunday
1803,<A>,37,2021-02-07T13:50:28-05:00[America/New_York],2021-02-07T13:51:05-05:00[America/New_York],Yes,2021-02-07,49828,Sunday
1803,C,25,2021-02-07T13:51:05-05:00[America/New_York],2021-02-07T13:51:30-05:00[America/New_York],Yes,2021-02-07,49865,Sunday
1803,<A>,50,2021-02-07T13:51:30-05:00[America/New_York],2021-02-07T13:52:20-05:00[America/New_York],Yes,2021-02-07,49890,Sunday
1803,B,16,2021-02-07T13:52:20-05:00[America/New_York],2021-02-07T13:52:36-05:00[America/New_York],NA,2021-02-07,49940,Sunday
1803,C,26,2021-02-07T13:52:36-05:00[America/New_York],2021-02-07T13:53:02-05:00[America/New_York],Yes,2021-02-07,49956,Sunday
1803,<A>,37,2021-02-07T13:53:02-05:00[America/New_York],2021-02-07T13:53:39-05:00[America/New_York],Yes,2021-02-07,49982,Sunday
1803,B,16,2021-02-07T13:53:39-05:00[America/New_York],2021-02-07T13:53:55-05:00[America/New_York],NA,2021-02-07,50019,Sunday
1803,C,27,2021-02-07T13:53:55-05:00[America/New_York],2021-02-07T13:54:22-05:00[America/New_York],Yes,2021-02-07,50035,Sunday
1803,<A>,37,2021-02-07T13:54:22-05:00[America/New_York],2021-02-07T13:54:59-05:00[America/New_York],Yes,2021-02-07,50062,Sunday
1803,B,16,2021-02-07T13:54:59-05:00[America/New_York],2021-02-07T13:55:15-05:00[America/New_York],NA,2021-02-07,50099,Sunday
1803,C,15,2021-02-07T13:55:15-05:00[America/New_York],2021-02-07T13:55:30-05:00[America/New_York],Yes,2021-02-07,50115,Sunday
1803,<A>,38,2021-02-07T13:55:30-05:00[America/New_York],2021-02-07T13:56:08-05:00[America/New_York],Yes,2021-02-07,50130,Sunday
1803,B,18,2021-02-07T13:56:08-05:00[America/New_York],2021-02-07T13:56:26-05:00[America/New_York],Yes,2021-02-07,50168,Sunday
1803,C,20,2021-02-07T13:56:26-05:00[America/New_York],2021-02-07T13:56:46-05:00[America/New_York],Yes,2021-02-07,50186,Sunday
1803,<A>,82,2021-02-07T13:56:46-05:00[America/New_York],2021-02-07T13:58:08-05:00[America/New_York],NA,2021-02-07,50206,Sunday
1803,C,14,2021-02-07T13:58:08-05:00[America/New_York],2021-02-07T13:58:22-05:00[America/New_York],Yes,2021-02-07,50288,Sunday
1803,<A>,38,2021-02-07T13:58:22-05:00[America/New_York],2021-02-07T13:59:00-05:00[America/New_York],Yes,2021-02-07,50302,Sunday
1803,B,18,2021-02-07T13:59:00-05:00[America/New_York],2021-02-07T13:59:18-05:00[America/New_York],Yes,2021-02-07,50340,Sunday
1803,C,21,2021-02-07T13:59:18-05:00[America/New_York],2021-02-07T13:59:39-05:00[America/New_York],Yes,2021-02-07,50358,Sunday
1803,<A>,54,2021-02-07T13:59:39-05:00[America/New_York],2021-02-07T14:00:33-05:00[America/New_York],Yes,2021-02-07,50379,Sunday
1803,B,17,2021-02-07T14:00:33-05:00[America/New_York],2021-02-07T14:00:50-05:00[America/New_York],Yes,2021-02-07,50433,Sunday
1803,<A>,78,2021-02-07T14:00:50-05:00[America/New_York],2021-02-07T14:02:08-05:00[America/New_York],Yes,2021-02-07,50450,Sunday
1803,B,21,2021-02-07T14:02:08-05:00[America/New_York],2021-02-07T14:02:29-05:00[America/New_York],Yes,2021-02-07,50528,Sunday
1803,<A>,38,2021-02-07T14:02:29-05:00[America/New_York],2021-02-07T14:03:07-05:00[America/New_York],Yes,2021-02-07,50549,Sunday
1803,C,20,2021-02-07T14:03:07-05:00[America/New_York],2021-02-07T14:03:27-05:00[America/New_York],Yes,2021-02-07,50587,Sunday
1803,<A>,37,2021-02-07T14:03:27-05:00[America/New_York],2021-02-07T14:04:04-05:00[America/New_York],Yes,2021-02-07,50607,Sunday
1803,B,20,2021-02-07T14:04:04-05:00[America/New_York],2021-02-07T14:04:24-05:00[America/New_York],NA,2021-02-07,50644,Sunday
1803,C,16,2021-02-07T14:04:24-05:00[America/New_York],2021-02-07T14:04:40-05:00[America/New_York],Yes,2021-02-07,50664,Sunday
1803,<A>,44,2021-02-07T14:04:40-05:00[America/New_York],2021-02-07T14:05:24-05:00[America/New_York],Yes,2021-02-07,50680,Sunday
1803,B,17,2021-02-07T14:05:24-05:00[America/New_York],2021-02-07T14:05:41-05:00[America/New_York],NA,2021-02-07,50724,Sunday
1803,C,16,2021-02-07T14:05:41-05:00[America/New_York],2021-02-07T14:05:57-05:00[America/New_York],Yes,2021-02-07,50741,Sunday
1803,<A>,37,2021-02-07T14:05:57-05:00[America/New_York],2021-02-07T14:06:34-05:00[America/New_York],Yes,2021-02-07,50757,Sunday
1803,C,26,2021-02-07T14:06:34-05:00[America/New_York],2021-02-07T14:07:00-05:00[America/New_York],Yes,2021-02-07,50794,Sunday
1803,<A>,38,2021-02-07T14:07:00-05:00[America/New_York],2021-02-07T14:07:38-05:00[America/New_York],Yes,2021-02-07,50820,Sunday
1803,B,16,2021-02-07T14:07:38-05:00[America/New_York],2021-02-07T14:07:54-05:00[America/New_York],NA,2021-02-07,50858,Sunday
1803,C,15,2021-02-07T14:07:54-05:00[America/New_York],2021-02-07T14:08:09-05:00[America/New_York],Yes,2021-02-07,50874,Sunday
1803,<A>,42,2021-02-07T14:08:09-05:00[America/New_York],2021-02-07T14:08:51-05:00[America/New_York],Yes,2021-02-07,50889,Sunday
1803,B,16,2021-02-07T14:08:51-05:00[America/New_York],2021-02-07T14:09:07-05:00[America/New_York],NA,2021-02-07,50931,Sunday
1803,C,25,2021-02-07T14:09:07-05:00[America/New_York],2021-02-07T14:09:32-05:00[America/New_York],Yes,2021-02-07,50947,Sunday
1803,<A>,46,2021-02-07T14:09:32-05:00[America/New_York],2021-02-07T14:10:18-05:00[America/New_York],Yes,2021-02-07,50972,Sunday
1803,B,16,2021-02-07T14:10:18-05:00[America/New_York],2021-02-07T14:10:34-05:00[America/New_York],NA,2021-02-07,51018,Sunday
1803,C,16,2021-02-07T14:10:34-05:00[America/New_York],2021-02-07T14:10:50-05:00[America/New_York],Yes,2021-02-07,51034,Sunday
1803,<A>,38,2021-02-07T14:10:50-05:00[America/New_York],2021-02-07T14:11:28-05:00[America/New_York],Yes,2021-02-07,51050,Sunday
1803,B,16,2021-02-07T14:11:28-05:00[America/New_York],2021-02-07T14:11:44-05:00[America/New_York],NA,2021-02-07,51088,Sunday
1803,C,14,2021-02-07T14:11:44-05:00[America/New_York],2021-02-07T14:11:58-05:00[America/New_York],Yes,2021-02-07,51104,Sunday
1803,<A>,39,2021-02-07T14:11:58-05:00[America/New_York],2021-02-07T14:12:37-05:00[America/New_York],Yes,2021-02-07,51118,Sunday
1803,B,16,2021-02-07T14:12:37-05:00[America/New_York],2021-02-07T14:12:53-05:00[America/New_York],NA,2021-02-07,51157,Sunday
1803,C,14,2021-02-07T14:12:53-05:00[America/New_York],2021-02-07T14:13:07-05:00[America/New_York],Yes,2021-02-07,51173,Sunday
1803,<A>,39,2021-02-07T14:13:07-05:00[America/New_York],2021-02-07T14:13:46-05:00[America/New_York],Yes,2021-02-07,51187,Sunday
1803,B,14,2021-02-07T14:13:46-05:00[America/New_York],2021-02-07T14:14:00-05:00[America/New_York],Yes,2021-02-07,51226,Sunday
1803,<A>,43,2021-02-07T14:14:00-05:00[America/New_York],2021-02-07T14:14:43-05:00[America/New_York],Yes,2021-02-07,51240,Sunday
1803,C,20,2021-02-07T14:14:43-05:00[America/New_York],2021-02-07T14:15:03-05:00[America/New_York],Yes,2021-02-07,51283,Sunday
1803,<A>,44,2021-02-07T14:15:03-05:00[America/New_York],2021-02-07T14:15:47-05:00[America/New_York],Yes,2021-02-07,51303,Sunday
1803,B,15,2021-02-07T14:15:47-05:00[America/New_York],2021-02-07T14:16:02-05:00[America/New_York],NA,2021-02-07,51347,Sunday
1803,C,31,2021-02-07T14:16:02-05:00[America/New_York],2021-02-07T14:16:33-05:00[America/New_York],Yes,2021-02-07,51362,Sunday
1803,<A>,38,2021-02-07T14:16:33-05:00[America/New_York],2021-02-07T14:17:11-05:00[America/New_York],Yes,2021-02-07,51393,Sunday
1803,B,16,2021-02-07T14:17:11-05:00[America/New_York],2021-02-07T14:17:27-05:00[America/New_York],NA,2021-02-07,51431,Sunday
1803,C,14,2021-02-07T14:17:27-05:00[America/New_York],2021-02-07T14:17:41-05:00[America/New_York],Yes,2021-02-07,51447,Sunday
1803,<A>,37,2021-02-07T14:17:41-05:00[America/New_York],2021-02-07T14:18:18-05:00[America/New_York],Yes,2021-02-07,51461,Sunday
1803,B,16,2021-02-07T14:18:18-05:00[America/New_York],2021-02-07T14:18:34-05:00[America/New_York],NA,2021-02-07,51498,Sunday
1803,C,19,2021-02-07T14:18:34-05:00[America/New_York],2021-02-07T14:18:53-05:00[America/New_York],Yes,2021-02-07,51514,Sunday
1803,<A>,37,2021-02-07T14:18:53-05:00[America/New_York],2021-02-07T14:19:30-05:00[America/New_York],Yes,2021-02-07,51533,Sunday
1803,B,16,2021-02-07T14:19:30-05:00[America/New_York],2021-02-07T14:19:46-05:00[America/New_York],NA,2021-02-07,51570,Sunday
1803,C,15,2021-02-07T14:19:46-05:00[America/New_York],2021-02-07T14:20:01-05:00[America/New_York],Yes,2021-02-07,51586,Sunday
1803,<A>,37,2021-02-07T14:20:01-05:00[America/New_York],2021-02-07T14:20:38-05:00[America/New_York],Yes,2021-02-07,51601,Sunday
1803,B,27,2021-02-07T14:20:38-05:00[America/New_York],2021-02-07T14:21:05-05:00[America/New_York],NA,2021-02-07,51638,Sunday
1803,C,14,2021-02-07T14:21:05-05:00[America/New_York],2021-02-07T14:21:19-05:00[America/New_York],Yes,2021-02-07,51665,Sunday
1803,<A>,38,2021-02-07T14:21:19-05:00[America/New_York],2021-02-07T14:21:57-05:00[America/New_York],Yes,2021-02-07,51679,Sunday
1803,C,15,2021-02-07T14:21:57-05:00[America/New_York],2021-02-07T14:22:12-05:00[America/New_York],Yes,2021-02-07,51717,Sunday
1803,<A>,38,2021-02-07T14:22:12-05:00[America/New_York],2021-02-07T14:22:50-05:00[America/New_York],NA,2021-02-07,51732,Sunday
1803,B,21,2021-02-07T14:22:50-05:00[America/New_York],2021-02-07T14:23:11-05:00[America/New_York],Yes,2021-02-07,51770,Sunday
1803,C,16,2021-02-07T14:23:11-05:00[America/New_York],2021-02-07T14:23:27-05:00[America/New_York],Yes,2021-02-07,51791,Sunday
1803,<A>,70,2021-02-07T14:23:27-05:00[America/New_York],2021-02-07T14:24:37-05:00[America/New_York],NA,2021-02-07,51807,Sunday
1803,B,20,2021-02-07T14:24:37-05:00[America/New_York],2021-02-07T14:24:57-05:00[America/New_York],Yes,2021-02-07,51877,Sunday
1803,C,24,2021-02-07T14:24:57-05:00[America/New_York],2021-02-07T14:25:21-05:00[America/New_York],Yes,2021-02-07,51897,Sunday
1803,<A>,58,2021-02-07T14:25:21-05:00[America/New_York],2021-02-07T14:26:19-05:00[America/New_York],NA,2021-02-07,51921,Sunday
1803,B,15,2021-02-07T14:26:19-05:00[America/New_York],2021-02-07T14:26:34-05:00[America/New_York],Yes,2021-02-07,51979,Sunday
1803,C,22,2021-02-07T14:26:34-05:00[America/New_York],2021-02-07T14:26:56-05:00[America/New_York],Yes,2021-02-07,51994,Sunday
1803,<A>,38,2021-02-07T14:26:56-05:00[America/New_York],2021-02-07T14:27:34-05:00[America/New_York],Yes,2021-02-07,52016,Sunday
1803,B,23,2021-02-07T14:27:34-05:00[America/New_York],2021-02-07T14:27:57-05:00[America/New_York],Yes,2021-02-07,52054,Sunday
1803,C,30,2021-02-07T14:27:57-05:00[America/New_York],2021-02-07T14:28:27-05:00[America/New_York],Yes,2021-02-07,52077,Sunday
1803,<A>,41,2021-02-07T14:28:27-05:00[America/New_York],2021-02-07T14:29:08-05:00[America/New_York],Yes,2021-02-07,52107,Sunday
1803,B,18,2021-02-07T14:29:08-05:00[America/New_York],2021-02-07T14:29:26-05:00[America/New_York],Yes,2021-02-07,52148,Sunday
1803,C,18,2021-02-07T14:29:26-05:00[America/New_York],2021-02-07T14:29:44-05:00[America/New_York],Yes,2021-02-07,52166,Sunday
1803,<A>,38,2021-02-07T14:29:44-05:00[America/New_York],2021-02-07T14:30:22-05:00[America/New_York],Yes,2021-02-07,52184,Sunday
1803,B,16,2021-02-07T14:30:22-05:00[America/New_York],2021-02-07T14:30:38-05:00[America/New_York],Yes,2021-02-07,52222,Sunday
1803,<A>,49,2021-02-07T14:30:38-05:00[America/New_York],2021-02-07T14:31:27-05:00[America/New_York],NA,2021-02-07,52238,Sunday
1803,B,21,2021-02-07T14:31:27-05:00[America/New_York],2021-02-07T14:31:48-05:00[America/New_York],NA,2021-02-07,52287,Sunday
1803,C,17,2021-02-07T14:31:48-05:00[America/New_York],2021-02-07T14:32:05-05:00[America/New_York],Yes,2021-02-07,52308,Sunday
1803,<A>,37,2021-02-07T14:32:05-05:00[America/New_York],2021-02-07T14:32:42-05:00[America/New_York],Yes,2021-02-07,52325,Sunday
1803,B,14,2021-02-07T14:32:42-05:00[America/New_York],2021-02-07T14:32:56-05:00[America/New_York],Yes,2021-02-07,52362,Sunday
1803,C,25,2021-02-07T14:32:56-05:00[America/New_York],2021-02-07T14:33:21-05:00[America/New_York],Yes,2021-02-07,52376,Sunday
1803,<A>,41,2021-02-07T14:33:21-05:00[America/New_York],2021-02-07T14:34:02-05:00[America/New_York],Yes,2021-02-07,52401,Sunday
1803,C,30,2021-02-07T14:34:02-05:00[America/New_York],2021-02-07T14:34:32-05:00[America/New_York],Yes,2021-02-07,52442,Sunday
1803,<A>,42,2021-02-07T14:34:32-05:00[America/New_York],2021-02-07T14:35:14-05:00[America/New_York],Yes,2021-02-07,52472,Sunday
1803,B,17,2021-02-07T14:35:14-05:00[America/New_York],2021-02-07T14:35:31-05:00[America/New_York],NA,2021-02-07,52514,Sunday
1803,C,21,2021-02-07T14:35:31-05:00[America/New_York],2021-02-07T14:35:52-05:00[America/New_York],Yes,2021-02-07,52531,Sunday
1803,<A>,54,2021-02-07T14:35:52-05:00[America/New_York],2021-02-07T14:36:46-05:00[America/New_York],Yes,2021-02-07,52552,Sunday
1803,B,15,2021-02-07T14:36:46-05:00[America/New_York],2021-02-07T14:37:01-05:00[America/New_York],Yes,2021-02-07,52606,Sunday
1803,<A>,45,2021-02-07T14:37:01-05:00[America/New_York],2021-02-07T14:37:46-05:00[America/New_York],Yes,2021-02-07,52621,Sunday
1803,C,18,2021-02-07T14:37:46-05:00[America/New_York],2021-02-07T14:38:04-05:00[America/New_York],Yes,2021-02-07,52666,Sunday
1803,<A>,43,2021-02-07T14:38:04-05:00[America/New_York],2021-02-07T14:38:47-05:00[America/New_York],Yes,2021-02-07,52684,Sunday
1803,B,16,2021-02-07T14:38:47-05:00[America/New_York],2021-02-07T14:39:03-05:00[America/New_York],NA,2021-02-07,52727,Sunday
1803,C,15,2021-02-07T14:39:03-05:00[America/New_York],2021-02-07T14:39:18-05:00[America/New_York],Yes,2021-02-07,52743,Sunday
1803,<A>,55,2021-02-07T14:39:18-05:00[America/New_York],2021-02-07T14:40:13-05:00[America/New_York],Yes,2021-02-07,52758,Sunday
1803,B,16,2021-02-07T14:40:13-05:00[America/New_York],2021-02-07T14:40:29-05:00[America/New_York],NA,2021-02-07,52813,Sunday
1803,C,15,2021-02-07T14:40:29-05:00[America/New_York],2021-02-07T14:40:44-05:00[America/New_York],Yes,2021-02-07,52829,Sunday
1803,<A>,37,2021-02-07T14:40:44-05:00[America/New_York],2021-02-07T14:41:21-05:00[America/New_York],Yes,2021-02-07,52844,Sunday
1803,B,16,2021-02-07T14:41:21-05:00[America/New_York],2021-02-07T14:41:37-05:00[America/New_York],NA,2021-02-07,52881,Sunday
1803,C,17,2021-02-07T14:41:37-05:00[America/New_York],2021-02-07T14:41:54-05:00[America/New_York],Yes,2021-02-07,52897,Sunday
1803,<A>,41,2021-02-07T14:41:54-05:00[America/New_York],2021-02-07T14:42:35-05:00[America/New_York],Yes,2021-02-07,52914,Sunday
1803,B,19,2021-02-07T14:42:35-05:00[America/New_York],2021-02-07T14:42:54-05:00[America/New_York],Yes,2021-02-07,52955,Sunday
1803,<A>,43,2021-02-07T14:42:54-05:00[America/New_York],2021-02-07T14:43:37-05:00[America/New_York],Yes,2021-02-07,52974,Sunday
1803,B,15,2021-02-07T14:43:37-05:00[America/New_York],2021-02-07T14:43:52-05:00[America/New_York],NA,2021-02-07,53017,Sunday
1803,C,18,2021-02-07T14:43:52-05:00[America/New_York],2021-02-07T14:44:10-05:00[America/New_York],Yes,2021-02-07,53032,Sunday
1803,<A>,44,2021-02-07T14:44:10-05:00[America/New_York],2021-02-07T14:44:54-05:00[America/New_York],Yes,2021-02-07,53050,Sunday
1803,B,15,2021-02-07T14:44:54-05:00[America/New_York],2021-02-07T14:45:09-05:00[America/New_York],Yes,2021-02-07,53094,Sunday
1803,C,19,2021-02-07T14:45:09-05:00[America/New_York],2021-02-07T14:45:28-05:00[America/New_York],Yes,2021-02-07,53109,Sunday
1803,<A>,38,2021-02-07T14:45:28-05:00[America/New_York],2021-02-07T14:46:06-05:00[America/New_York],Yes,2021-02-07,53128,Sunday
1803,C,24,2021-02-07T14:46:06-05:00[America/New_York],2021-02-07T14:46:30-05:00[America/New_York],Yes,2021-02-07,53166,Sunday
1803,<A>,42,2021-02-07T14:46:30-05:00[America/New_York],2021-02-07T14:47:12-05:00[America/New_York],Yes,2021-02-07,53190,Sunday
1803,B,18,2021-02-07T14:47:12-05:00[America/New_York],2021-02-07T14:47:30-05:00[America/New_York],Yes,2021-02-07,53232,Sunday
1803,<A>,61,2021-02-07T14:47:30-05:00[America/New_York],2021-02-07T14:48:31-05:00[America/New_York],Yes,2021-02-07,53250,Sunday
1803,C,17,2021-02-07T14:48:31-05:00[America/New_York],2021-02-07T14:48:48-05:00[America/New_York],Yes,2021-02-07,53311,Sunday
1803,<A>,49,2021-02-07T14:48:48-05:00[America/New_York],2021-02-07T14:49:37-05:00[America/New_York],Yes,2021-02-07,53328,Sunday
1803,B,16,2021-02-07T14:49:37-05:00[America/New_York],2021-02-07T14:49:53-05:00[America/New_York],NA,2021-02-07,53377,Sunday
1803,C,20,2021-02-07T14:49:53-05:00[America/New_York],2021-02-07T14:50:13-05:00[America/New_York],Yes,2021-02-07,53393,Sunday
1803,<A>,37,2021-02-07T14:50:13-05:00[America/New_York],2021-02-07T14:50:50-05:00[America/New_York],Yes,2021-02-07,53413,Sunday
1803,B,16,2021-02-07T14:50:50-05:00[America/New_York],2021-02-07T14:51:06-05:00[America/New_York],NA,2021-02-07,53450,Sunday
1803,C,18,2021-02-07T14:51:06-05:00[America/New_York],2021-02-07T14:51:24-05:00[America/New_York],Yes,2021-02-07,53466,Sunday
1803,<A>,41,2021-02-07T14:51:24-05:00[America/New_York],2021-02-07T14:52:05-05:00[America/New_York],Yes,2021-02-07,53484,Sunday
1803,C,21,2021-02-07T14:52:05-05:00[America/New_York],2021-02-07T14:52:26-05:00[America/New_York],Yes,2021-02-07,53525,Sunday
1803,<A>,40,2021-02-07T14:52:26-05:00[America/New_York],2021-02-07T14:53:06-05:00[America/New_York],Yes,2021-02-07,53546,Sunday
1803,B,16,2021-02-07T14:53:06-05:00[America/New_York],2021-02-07T14:53:22-05:00[America/New_York],NA,2021-02-07,53586,Sunday
1803,C,15,2021-02-07T14:53:22-05:00[America/New_York],2021-02-07T14:53:37-05:00[America/New_York],Yes,2021-02-07,53602,Sunday
1803,<A>,39,2021-02-07T14:53:37-05:00[America/New_York],2021-02-07T14:54:16-05:00[America/New_York],Yes,2021-02-07,53617,Sunday
1803,B,21,2021-02-07T14:54:16-05:00[America/New_York],2021-02-07T14:54:37-05:00[America/New_York],Yes,2021-02-07,53656,Sunday
1803,<A>,86,2021-02-07T14:54:37-05:00[America/New_York],2021-02-07T14:56:03-05:00[America/New_York],NA,2021-02-07,53677,Sunday
1803,C,17,2021-02-07T14:56:03-05:00[America/New_York],2021-02-07T14:56:20-05:00[America/New_York],Yes,2021-02-07,53763,Sunday
1803,<A>,37,2021-02-07T14:56:20-05:00[America/New_York],2021-02-07T14:56:57-05:00[America/New_York],Yes,2021-02-07,53780,Sunday
1803,B,15,2021-02-07T14:56:57-05:00[America/New_York],2021-02-07T14:57:12-05:00[America/New_York],NA,2021-02-07,53817,Sunday
1803,C,15,2021-02-07T14:57:12-05:00[America/New_York],2021-02-07T14:57:27-05:00[America/New_York],Yes,2021-02-07,53832,Sunday
1803,<A>,37,2021-02-07T14:57:27-05:00[America/New_York],2021-02-07T14:58:04-05:00[America/New_York],Yes,2021-02-07,53847,Sunday
1803,B,15,2021-02-07T14:58:04-05:00[America/New_York],2021-02-07T14:58:19-05:00[America/New_York],NA,2021-02-07,53884,Sunday
1803,C,21,2021-02-07T14:58:19-05:00[America/New_York],2021-02-07T14:58:40-05:00[America/New_York],Yes,2021-02-07,53899,Sunday
1803,<A>,38,2021-02-07T14:58:40-05:00[America/New_York],2021-02-07T14:59:18-05:00[America/New_York],Yes,2021-02-07,53920,Sunday
1803,C,26,2021-02-07T14:59:18-05:00[America/New_York],2021-02-07T14:59:44-05:00[America/New_York],Yes,2021-02-07,53958,Sunday
1803,<A>,58,2021-02-07T14:59:44-05:00[America/New_York],2021-02-07T15:00:42-05:00[America/New_York],Yes,2021-02-07,53984,Sunday
1803,B,14,2021-02-07T15:00:42-05:00[America/New_York],2021-02-07T15:00:56-05:00[America/New_York],Yes,2021-02-07,54042,Sunday
1803,<A>,37,2021-02-07T15:00:56-05:00[America/New_York],2021-02-07T15:01:33-05:00[America/New_York],Yes,2021-02-07,54056,Sunday
1803,C,28,2021-02-07T15:01:33-05:00[America/New_York],2021-02-07T15:02:01-05:00[America/New_York],Yes,2021-02-07,54093,Sunday
1803,<A>,38,2021-02-07T15:02:01-05:00[America/New_York],2021-02-07T15:02:39-05:00[America/New_York],Yes,2021-02-07,54121,Sunday
1803,B,15,2021-02-07T15:02:39-05:00[America/New_York],2021-02-07T15:02:54-05:00[America/New_York],NA,2021-02-07,54159,Sunday
1803,C,20,2021-02-07T15:02:54-05:00[America/New_York],2021-02-07T15:03:14-05:00[America/New_York],Yes,2021-02-07,54174,Sunday
1803,<A>,46,2021-02-07T15:03:14-05:00[America/New_York],2021-02-07T15:04:00-05:00[America/New_York],Yes,2021-02-07,54194,Sunday
1803,B,16,2021-02-07T15:04:00-05:00[America/New_York],2021-02-07T15:04:16-05:00[America/New_York],NA,2021-02-07,54240,Sunday
1803,C,24,2021-02-07T15:04:16-05:00[America/New_York],2021-02-07T15:04:40-05:00[America/New_York],Yes,2021-02-07,54256,Sunday
1803,<A>,37,2021-02-07T15:04:40-05:00[America/New_York],2021-02-07T15:05:17-05:00[America/New_York],Yes,2021-02-07,54280,Sunday
1803,B,16,2021-02-07T15:05:17-05:00[America/New_York],2021-02-07T15:05:33-05:00[America/New_York],NA,2021-02-07,54317,Sunday
1803,C,14,2021-02-07T15:05:33-05:00[America/New_York],2021-02-07T15:05:47-05:00[America/New_York],Yes,2021-02-07,54333,Sunday
1803,<A>,86,2021-02-07T15:05:47-05:00[America/New_York],2021-02-07T15:07:13-05:00[America/New_York],Yes,2021-02-07,54347,Sunday
1803,B,15,2021-02-07T15:07:13-05:00[America/New_York],2021-02-07T15:07:28-05:00[America/New_York],Yes,2021-02-07,54433,Sunday
1803,<A>,38,2021-02-07T15:07:28-05:00[America/New_York],2021-02-07T15:08:06-05:00[America/New_York],Yes,2021-02-07,54448,Sunday
1803,C,20,2021-02-07T15:08:06-05:00[America/New_York],2021-02-07T15:08:26-05:00[America/New_York],Yes,2021-02-07,54486,Sunday
1803,<A>,66,2021-02-07T15:08:26-05:00[America/New_York],2021-02-07T15:09:32-05:00[America/New_York],NA,2021-02-07,54506,Sunday
1803,B,16,2021-02-07T15:09:32-05:00[America/New_York],2021-02-07T15:09:48-05:00[America/New_York],NA,2021-02-07,54572,Sunday
1803,C,14,2021-02-07T15:09:48-05:00[America/New_York],2021-02-07T15:10:02-05:00[America/New_York],Yes,2021-02-07,54588,Sunday
1803,<A>,48,2021-02-07T15:10:02-05:00[America/New_York],2021-02-07T15:10:50-05:00[America/New_York],Yes,2021-02-07,54602,Sunday
1803,B,19,2021-02-07T15:10:50-05:00[America/New_York],2021-02-07T15:11:09-05:00[America/New_York],Yes,2021-02-07,54650,Sunday
1803,<A>,38,2021-02-07T15:11:09-05:00[America/New_York],2021-02-07T15:11:47-05:00[America/New_York],Yes,2021-02-07,54669,Sunday
1803,B,18,2021-02-07T15:11:47-05:00[America/New_York],2021-02-07T15:12:05-05:00[America/New_York],Yes,2021-02-07,54707,Sunday
1803,<A>,56,2021-02-07T15:12:05-05:00[America/New_York],2021-02-07T15:13:01-05:00[America/New_York],Yes,2021-02-07,54725,Sunday
1803,B,16,2021-02-07T15:13:01-05:00[America/New_York],2021-02-07T15:13:17-05:00[America/New_York],Yes,2021-02-07,54781,Sunday
1803,<A>,40,2021-02-07T15:13:17-05:00[America/New_York],2021-02-07T15:13:57-05:00[America/New_York],Yes,2021-02-07,54797,Sunday
1803,C,17,2021-02-07T15:13:57-05:00[America/New_York],2021-02-07T15:14:14-05:00[America/New_York],Yes,2021-02-07,54837,Sunday
1803,<A>,38,2021-02-07T15:14:14-05:00[America/New_York],2021-02-07T15:14:52-05:00[America/New_York],Yes,2021-02-07,54854,Sunday
1803,C,14,2021-02-07T15:14:52-05:00[America/New_York],2021-02-07T15:15:06-05:00[America/New_York],Yes,2021-02-07,54892,Sunday
1803,<A>,90,2021-02-07T15:15:06-05:00[America/New_York],2021-02-07T15:16:36-05:00[America/New_York],NA,2021-02-07,54906,Sunday
1803,C,14,2021-02-07T15:16:36-05:00[America/New_York],2021-02-07T15:16:50-05:00[America/New_York],Yes,2021-02-07,54996,Sunday
1803,<A>,43,2021-02-07T15:16:50-05:00[America/New_York],2021-02-07T15:17:33-05:00[America/New_York],Yes,2021-02-07,55010,Sunday
1803,B,26,2021-02-07T15:17:33-05:00[America/New_York],2021-02-07T15:17:59-05:00[America/New_York],Yes,2021-02-07,55053,Sunday
1803,<A>,49,2021-02-07T15:17:59-05:00[America/New_York],2021-02-07T15:18:48-05:00[America/New_York],Yes,2021-02-07,55079,Sunday
1803,B,19,2021-02-07T15:18:48-05:00[America/New_York],2021-02-07T15:19:07-05:00[America/New_York],Yes,2021-02-07,55128,Sunday
1803,C,16,2021-02-07T15:19:07-05:00[America/New_York],2021-02-07T15:19:23-05:00[America/New_York],Yes,2021-02-07,55147,Sunday
1803,<A>,47,2021-02-07T15:19:23-05:00[America/New_York],2021-02-07T15:20:10-05:00[America/New_York],Yes,2021-02-07,55163,Sunday
1803,B,16,2021-02-07T15:20:10-05:00[America/New_York],2021-02-07T15:20:26-05:00[America/New_York],NA,2021-02-07,55210,Sunday
1803,C,18,2021-02-07T15:20:26-05:00[America/New_York],2021-02-07T15:20:44-05:00[America/New_York],Yes,2021-02-07,55226,Sunday
1803,<A>,55,2021-02-07T15:20:44-05:00[America/New_York],2021-02-07T15:21:39-05:00[America/New_York],Yes,2021-02-07,55244,Sunday
1803,B,14,2021-02-07T15:21:39-05:00[America/New_York],2021-02-07T15:21:53-05:00[America/New_York],Yes,2021-02-07,55299,Sunday
1803,<A>,38,2021-02-07T15:21:53-05:00[America/New_York],2021-02-07T15:22:31-05:00[America/New_York],Yes,2021-02-07,55313,Sunday
1803,C,16,2021-02-07T15:22:31-05:00[America/New_York],2021-02-07T15:22:47-05:00[America/New_York],Yes,2021-02-07,55351,Sunday
1803,<A>,47,2021-02-07T15:22:47-05:00[America/New_York],2021-02-07T15:23:34-05:00[America/New_York],Yes,2021-02-07,55367,Sunday
1803,B,41,2021-02-07T15:23:34-05:00[America/New_York],2021-02-07T15:24:15-05:00[America/New_York],Yes,2021-02-07,55414,Sunday
1803,<A>,41,2021-02-07T15:24:15-05:00[America/New_York],2021-02-07T15:24:56-05:00[America/New_York],Yes,2021-02-07,55455,Sunday
1803,C,15,2021-02-07T15:24:56-05:00[America/New_York],2021-02-07T15:25:11-05:00[America/New_York],Yes,2021-02-07,55496,Sunday
1803,<A>,40,2021-02-07T15:25:11-05:00[America/New_York],2021-02-07T15:25:51-05:00[America/New_York],Yes,2021-02-07,55511,Sunday
1803,C,15,2021-02-07T15:25:51-05:00[America/New_York],2021-02-07T15:26:06-05:00[America/New_York],Yes,2021-02-07,55551,Sunday
1803,<A>,42,2021-02-07T15:26:06-05:00[America/New_York],2021-02-07T15:26:48-05:00[America/New_York],Yes,2021-02-07,55566,Sunday
1803,B,16,2021-02-07T15:26:48-05:00[America/New_York],2021-02-07T15:27:04-05:00[America/New_York],NA,2021-02-07,55608,Sunday
1803,C,18,2021-02-07T15:27:04-05:00[America/New_York],2021-02-07T15:27:22-05:00[America/New_York],Yes,2021-02-07,55624,Sunday
1803,<A>,41,2021-02-07T15:27:22-05:00[America/New_York],2021-02-07T15:28:03-05:00[America/New_York],Yes,2021-02-07,55642,Sunday
1803,B,14,2021-02-07T15:28:03-05:00[America/New_York],2021-02-07T15:28:17-05:00[America/New_York],Yes,2021-02-07,55683,Sunday
1803,C,17,2021-02-07T15:28:17-05:00[America/New_York],2021-02-07T15:28:34-05:00[America/New_York],Yes,2021-02-07,55697,Sunday
1803,<A>,38,2021-02-07T15:28:34-05:00[America/New_York],2021-02-07T15:29:12-05:00[America/New_York],Yes,2021-02-07,55714,Sunday
1803,B,15,2021-02-07T15:29:12-05:00[America/New_York],2021-02-07T15:29:27-05:00[America/New_York],NA,2021-02-07,55752,Sunday
1803,C,17,2021-02-07T15:29:27-05:00[America/New_York],2021-02-07T15:29:44-05:00[America/New_York],Yes,2021-02-07,55767,Sunday
1803,<A>,55,2021-02-07T15:29:44-05:00[America/New_York],2021-02-07T15:30:39-05:00[America/New_York],Yes,2021-02-07,55784,Sunday
1803,B,16,2021-02-07T15:30:39-05:00[America/New_York],2021-02-07T15:30:55-05:00[America/New_York],NA,2021-02-07,55839,Sunday
1803,C,16,2021-02-07T15:30:55-05:00[America/New_York],2021-02-07T15:31:11-05:00[America/New_York],Yes,2021-02-07,55855,Sunday
1803,<A>,37,2021-02-07T15:31:11-05:00[America/New_York],2021-02-07T15:31:48-05:00[America/New_York],Yes,2021-02-07,55871,Sunday
1803,B,16,2021-02-07T15:31:48-05:00[America/New_York],2021-02-07T15:32:04-05:00[America/New_York],NA,2021-02-07,55908,Sunday
1803,C,26,2021-02-07T15:32:04-05:00[America/New_York],2021-02-07T15:32:30-05:00[America/New_York],Yes,2021-02-07,55924,Sunday
1803,<A>,37,2021-02-07T15:32:30-05:00[America/New_York],2021-02-07T15:33:07-05:00[America/New_York],Yes,2021-02-07,55950,Sunday
1803,B,22,2021-02-07T15:33:07-05:00[America/New_York],2021-02-07T15:33:29-05:00[America/New_York],Yes,2021-02-07,55987,Sunday
1803,<A>,45,2021-02-07T15:33:29-05:00[America/New_York],2021-02-07T15:34:14-05:00[America/New_York],Yes,2021-02-07,56009,Sunday
1803,B,14,2021-02-07T15:34:14-05:00[America/New_York],2021-02-07T15:34:28-05:00[America/New_York],Yes,2021-02-07,56054,Sunday
1803,C,18,2021-02-07T15:34:28-05:00[America/New_York],2021-02-07T15:34:46-05:00[America/New_York],Yes,2021-02-07,56068,Sunday
1803,<A>,41,2021-02-07T15:34:46-05:00[America/New_York],2021-02-07T15:35:27-05:00[America/New_York],Yes,2021-02-07,56086,Sunday
1803,C,21,2021-02-07T15:35:27-05:00[America/New_York],2021-02-07T15:35:48-05:00[America/New_York],Yes,2021-02-07,56127,Sunday
1803,<A>,40,2021-02-07T15:35:48-05:00[America/New_York],2021-02-07T15:36:28-05:00[America/New_York],Yes,2021-02-07,56148,Sunday
1803,B,15,2021-02-07T15:36:28-05:00[America/New_York],2021-02-07T15:36:43-05:00[America/New_York],NA,2021-02-07,56188,Sunday
1803,C,14,2021-02-07T15:36:43-05:00[America/New_York],2021-02-07T15:36:57-05:00[America/New_York],Yes,2021-02-07,56203,Sunday
1803,<A>,45,2021-02-07T15:36:57-05:00[America/New_York],2021-02-07T15:37:42-05:00[America/New_York],Yes,2021-02-07,56217,Sunday
1803,B,15,2021-02-07T15:37:42-05:00[America/New_York],2021-02-07T15:37:57-05:00[America/New_York],NA,2021-02-07,56262,Sunday
1803,C,18,2021-02-07T15:37:57-05:00[America/New_York],2021-02-07T15:38:15-05:00[America/New_York],Yes,2021-02-07,56277,Sunday
1803,<A>,39,2021-02-07T15:38:15-05:00[America/New_York],2021-02-07T15:38:54-05:00[America/New_York],Yes,2021-02-07,56295,Sunday
1803,B,17,2021-02-07T15:38:54-05:00[America/New_York],2021-02-07T15:39:11-05:00[America/New_York],Yes,2021-02-07,56334,Sunday
1803,<A>,40,2021-02-07T15:39:11-05:00[America/New_York],2021-02-07T15:39:51-05:00[America/New_York],Yes,2021-02-07,56351,Sunday
1803,B,16,2021-02-07T15:39:51-05:00[America/New_York],2021-02-07T15:40:07-05:00[America/New_York],Yes,2021-02-07,56391,Sunday
1803,<A>,40,2021-02-07T15:40:07-05:00[America/New_York],2021-02-07T15:40:47-05:00[America/New_York],Yes,2021-02-07,56407,Sunday
1803,B,15,2021-02-07T15:40:47-05:00[America/New_York],2021-02-07T15:41:02-05:00[America/New_York],NA,2021-02-07,56447,Sunday
1803,C,20,2021-02-07T15:41:02-05:00[America/New_York],2021-02-07T15:41:22-05:00[America/New_York],Yes,2021-02-07,56462,Sunday
1803,<A>,51,2021-02-07T15:41:22-05:00[America/New_York],2021-02-07T15:42:13-05:00[America/New_York],Yes,2021-02-07,56482,Sunday
1803,C,19,2021-02-07T15:42:13-05:00[America/New_York],2021-02-07T15:42:32-05:00[America/New_York],Yes,2021-02-07,56533,Sunday
1803,<A>,39,2021-02-07T15:42:32-05:00[America/New_York],2021-02-07T15:43:11-05:00[America/New_York],Yes,2021-02-07,56552,Sunday
1803,B,15,2021-02-07T15:43:11-05:00[America/New_York],2021-02-07T15:43:26-05:00[America/New_York],Yes,2021-02-07,56591,Sunday
1803,<A>,39,2021-02-07T15:43:26-05:00[America/New_York],2021-02-07T15:44:05-05:00[America/New_York],Yes,2021-02-07,56606,Sunday
1803,B,15,2021-02-07T15:44:05-05:00[America/New_York],2021-02-07T15:44:20-05:00[America/New_York],NA,2021-02-07,56645,Sunday
1803,C,18,2021-02-07T15:44:20-05:00[America/New_York],2021-02-07T15:44:38-05:00[America/New_York],Yes,2021-02-07,56660,Sunday
1803,<A>,43,2021-02-07T15:44:38-05:00[America/New_York],2021-02-07T15:45:21-05:00[America/New_York],Yes,2021-02-07,56678,Sunday
1803,B,15,2021-02-07T15:45:21-05:00[America/New_York],2021-02-07T15:45:36-05:00[America/New_York],NA,2021-02-07,56721,Sunday
1803,C,15,2021-02-07T15:45:36-05:00[America/New_York],2021-02-07T15:45:51-05:00[America/New_York],Yes,2021-02-07,56736,Sunday
1803,<A>,37,2021-02-07T15:45:51-05:00[America/New_York],2021-02-07T15:46:28-05:00[America/New_York],Yes,2021-02-07,56751,Sunday
1803,B,19,2021-02-07T15:46:28-05:00[America/New_York],2021-02-07T15:46:47-05:00[America/New_York],Yes,2021-02-07,56788,Sunday
1803,<A>,52,2021-02-07T15:46:47-05:00[America/New_York],2021-02-07T15:47:39-05:00[America/New_York],Yes,2021-02-07,56807,Sunday
1803,B,15,2021-02-07T15:47:39-05:00[America/New_York],2021-02-07T15:47:54-05:00[America/New_York],NA,2021-02-07,56859,Sunday
1803,C,25,2021-02-07T15:47:54-05:00[America/New_York],2021-02-07T15:48:19-05:00[America/New_York],Yes,2021-02-07,56874,Sunday
1803,<A>,37,2021-02-07T15:48:19-05:00[America/New_York],2021-02-07T15:48:56-05:00[America/New_York],Yes,2021-02-07,56899,Sunday
1803,B,16,2021-02-07T15:48:56-05:00[America/New_York],2021-02-07T15:49:12-05:00[America/New_York],NA,2021-02-07,56936,Sunday
1803,C,15,2021-02-07T15:49:12-05:00[America/New_York],2021-02-07T15:49:27-05:00[America/New_York],Yes,2021-02-07,56952,Sunday
1803,<A>,42,2021-02-07T15:49:27-05:00[America/New_York],2021-02-07T15:50:09-05:00[America/New_York],Yes,2021-02-07,56967,Sunday
1803,B,14,2021-02-07T15:50:09-05:00[America/New_York],2021-02-07T15:50:23-05:00[America/New_York],NA,2021-02-07,57009,Sunday
1803,C,17,2021-02-07T15:50:23-05:00[America/New_York],2021-02-07T15:50:40-05:00[America/New_York],Yes,2021-02-07,57023,Sunday
1803,<A>,38,2021-02-07T15:50:40-05:00[America/New_York],2021-02-07T15:51:18-05:00[America/New_York],Yes,2021-02-07,57040,Sunday
1803,C,15,2021-02-07T15:51:18-05:00[America/New_York],2021-02-07T15:51:33-05:00[America/New_York],Yes,2021-02-07,57078,Sunday
1803,<A>,38,2021-02-07T15:51:33-05:00[America/New_York],2021-02-07T15:52:11-05:00[America/New_York],Yes,2021-02-07,57093,Sunday
1803,C,15,2021-02-07T15:52:11-05:00[America/New_York],2021-02-07T15:52:26-05:00[America/New_York],Yes,2021-02-07,57131,Sunday
1803,<A>,38,2021-02-07T15:52:26-05:00[America/New_York],2021-02-07T15:53:04-05:00[America/New_York],Yes,2021-02-07,57146,Sunday
1803,B,15,2021-02-07T15:53:04-05:00[America/New_York],2021-02-07T15:53:19-05:00[America/New_York],Yes,2021-02-07,57184,Sunday
1803,<A>,39,2021-02-07T15:53:19-05:00[America/New_York],2021-02-07T15:53:58-05:00[America/New_York],Yes,2021-02-07,57199,Sunday
1803,C,18,2021-02-07T15:53:58-05:00[America/New_York],2021-02-07T15:54:16-05:00[America/New_York],Yes,2021-02-07,57238,Sunday
1803,<A>,39,2021-02-07T15:54:16-05:00[America/New_York],2021-02-07T15:54:55-05:00[America/New_York],Yes,2021-02-07,57256,Sunday
1803,B,19,2021-02-07T15:54:55-05:00[America/New_York],2021-02-07T15:55:14-05:00[America/New_York],Yes,2021-02-07,57295,Sunday
1803,<A>,37,2021-02-07T15:55:14-05:00[America/New_York],2021-02-07T15:55:51-05:00[America/New_York],Yes,2021-02-07,57314,Sunday
1803,B,19,2021-02-07T15:55:51-05:00[America/New_York],2021-02-07T15:56:10-05:00[America/New_York],Yes,2021-02-07,57351,Sunday
1803,C,16,2021-02-07T15:56:10-05:00[America/New_York],2021-02-07T15:56:26-05:00[America/New_York],Yes,2021-02-07,57370,Sunday
1803,<A>,37,2021-02-07T15:56:26-05:00[America/New_York],2021-02-07T15:57:03-05:00[America/New_York],Yes,2021-02-07,57386,Sunday
1803,B,17,2021-02-07T15:57:03-05:00[America/New_York],2021-02-07T15:57:20-05:00[America/New_York],Yes,2021-02-07,57423,Sunday
1803,C,15,2021-02-07T15:57:20-05:00[America/New_York],2021-02-07T15:57:35-05:00[America/New_York],Yes,2021-02-07,57440,Sunday
1803,<A>,91,2021-02-07T15:57:35-05:00[America/New_York],2021-02-07T15:59:06-05:00[America/New_York],NA,2021-02-07,57455,Sunday
1803,C,15,2021-02-07T15:59:06-05:00[America/New_York],2021-02-07T15:59:21-05:00[America/New_York],Yes,2021-02-07,57546,Sunday
1803,<A>,39,2021-02-07T15:59:21-05:00[America/New_York],2021-02-07T16:00:00-05:00[America/New_York],Yes,2021-02-07,57561,Sunday
1803,B,17,2021-02-07T16:00:00-05:00[America/New_York],2021-02-07T16:00:17-05:00[America/New_York],NA,2021-02-07,57600,Sunday
1803,C,17,2021-02-07T16:00:17-05:00[America/New_York],2021-02-07T16:00:34-05:00[America/New_York],Yes,2021-02-07,57617,Sunday
1803,<A>,53,2021-02-07T16:00:34-05:00[America/New_York],2021-02-07T16:01:27-05:00[America/New_York],Yes,2021-02-07,57634,Sunday
1803,B,15,2021-02-07T16:01:27-05:00[America/New_York],2021-02-07T16:01:42-05:00[America/New_York],NA,2021-02-07,57687,Sunday
1803,C,23,2021-02-07T16:01:42-05:00[America/New_York],2021-02-07T16:02:05-05:00[America/New_York],Yes,2021-02-07,57702,Sunday
1803,<A>,43,2021-02-07T16:02:05-05:00[America/New_York],2021-02-07T16:02:48-05:00[America/New_York],Yes,2021-02-07,57725,Sunday
1803,B,15,2021-02-07T16:02:48-05:00[America/New_York],2021-02-07T16:03:03-05:00[America/New_York],NA,2021-02-07,57768,Sunday
1803,C,14,2021-02-07T16:03:03-05:00[America/New_York],2021-02-07T16:03:17-05:00[America/New_York],Yes,2021-02-07,57783,Sunday
1803,<A>,42,2021-02-07T16:03:17-05:00[America/New_York],2021-02-07T16:03:59-05:00[America/New_York],Yes,2021-02-07,57797,Sunday
1803,B,15,2021-02-07T16:03:59-05:00[America/New_York],2021-02-07T16:04:14-05:00[America/New_York],NA,2021-02-07,57839,Sunday
1803,C,19,2021-02-07T16:04:14-05:00[America/New_York],2021-02-07T16:04:33-05:00[America/New_York],Yes,2021-02-07,57854,Sunday
1803,<A>,38,2021-02-07T16:04:33-05:00[America/New_York],2021-02-07T16:05:11-05:00[America/New_York],Yes,2021-02-07,57873,Sunday
1803,B,15,2021-02-07T16:05:11-05:00[America/New_York],2021-02-07T16:05:26-05:00[America/New_York],NA,2021-02-07,57911,Sunday
1803,C,16,2021-02-07T16:05:26-05:00[America/New_York],2021-02-07T16:05:42-05:00[America/New_York],Yes,2021-02-07,57926,Sunday
1803,<A>,38,2021-02-07T16:05:42-05:00[America/New_York],2021-02-07T16:06:20-05:00[America/New_York],Yes,2021-02-07,57942,Sunday
1803,B,15,2021-02-07T16:06:20-05:00[America/New_York],2021-02-07T16:06:35-05:00[America/New_York],NA,2021-02-07,57980,Sunday
1803,C,18,2021-02-07T16:06:35-05:00[America/New_York],2021-02-07T16:06:53-05:00[America/New_York],Yes,2021-02-07,57995,Sunday
1803,<A>,41,2021-02-07T16:06:53-05:00[America/New_York],2021-02-07T16:07:34-05:00[America/New_York],Yes,2021-02-07,58013,Sunday
1803,B,23,2021-02-07T16:07:34-05:00[America/New_York],2021-02-07T16:07:57-05:00[America/New_York],Yes,2021-02-07,58054,Sunday
1803,C,15,2021-02-07T16:07:57-05:00[America/New_York],2021-02-07T16:08:12-05:00[America/New_York],Yes,2021-02-07,58077,Sunday
1803,<A>,37,2021-02-07T16:08:12-05:00[America/New_York],2021-02-07T16:08:49-05:00[America/New_York],Yes,2021-02-07,58092,Sunday
1803,C,23,2021-02-07T16:08:49-05:00[America/New_York],2021-02-07T16:09:12-05:00[America/New_York],Yes,2021-02-07,58129,Sunday
1803,<A>,48,2021-02-07T16:09:12-05:00[America/New_York],2021-02-07T16:10:00-05:00[America/New_York],Yes,2021-02-07,58152,Sunday
1803,B,25,2021-02-07T16:10:00-05:00[America/New_York],2021-02-07T16:10:25-05:00[America/New_York],NA,2021-02-07,58200,Sunday
1803,C,17,2021-02-07T16:10:25-05:00[America/New_York],2021-02-07T16:10:42-05:00[America/New_York],Yes,2021-02-07,58225,Sunday
1803,<A>,37,2021-02-07T16:10:42-05:00[America/New_York],2021-02-07T16:11:19-05:00[America/New_York],Yes,2021-02-07,58242,Sunday
1803,B,21,2021-02-07T16:11:19-05:00[America/New_York],2021-02-07T16:11:40-05:00[America/New_York],NA,2021-02-07,58279,Sunday
1803,C,17,2021-02-07T16:11:40-05:00[America/New_York],2021-02-07T16:11:57-05:00[America/New_York],Yes,2021-02-07,58300,Sunday
1803,<A>,49,2021-02-07T16:11:57-05:00[America/New_York],2021-02-07T16:12:46-05:00[America/New_York],Yes,2021-02-07,58317,Sunday
1803,B,17,2021-02-07T16:12:46-05:00[America/New_York],2021-02-07T16:13:03-05:00[America/New_York],Yes,2021-02-07,58366,Sunday
1803,C,19,2021-02-07T16:13:03-05:00[America/New_York],2021-02-07T16:13:22-05:00[America/New_York],Yes,2021-02-07,58383,Sunday
1803,<A>,41,2021-02-07T16:13:22-05:00[America/New_York],2021-02-07T16:14:03-05:00[America/New_York],Yes,2021-02-07,58402,Sunday
1803,C,34,2021-02-07T16:14:03-05:00[America/New_York],2021-02-07T16:14:37-05:00[America/New_York],Yes,2021-02-07,58443,Sunday
1803,<A>,38,2021-02-07T16:14:37-05:00[America/New_York],2021-02-07T16:15:15-05:00[America/New_York],Yes,2021-02-07,58477,Sunday
1803,B,15,2021-02-07T16:15:15-05:00[America/New_York],2021-02-07T16:15:30-05:00[America/New_York],Yes,2021-02-07,58515,Sunday
1803,C,29,2021-02-07T16:15:30-05:00[America/New_York],2021-02-07T16:15:59-05:00[America/New_York],Yes,2021-02-07,58530,Sunday
1803,<A>,41,2021-02-07T16:15:59-05:00[America/New_York],2021-02-07T16:16:40-05:00[America/New_York],Yes,2021-02-07,58559,Sunday
1803,B,16,2021-02-07T16:16:40-05:00[America/New_York],2021-02-07T16:16:56-05:00[America/New_York],NA,2021-02-07,58600,Sunday
1803,C,22,2021-02-07T16:16:56-05:00[America/New_York],2021-02-07T16:17:18-05:00[America/New_York],Yes,2021-02-07,58616,Sunday
1803,<A>,39,2021-02-07T16:17:18-05:00[America/New_York],2021-02-07T16:17:57-05:00[America/New_York],Yes,2021-02-07,58638,Sunday
1803,C,21,2021-02-07T16:17:57-05:00[America/New_York],2021-02-07T16:18:18-05:00[America/New_York],Yes,2021-02-07,58677,Sunday
1803,<A>,68,2021-02-07T16:18:18-05:00[America/New_York],2021-02-07T16:19:26-05:00[America/New_York],NA,2021-02-07,58698,Sunday
1803,C,14,2021-02-07T16:19:26-05:00[America/New_York],2021-02-07T16:19:40-05:00[America/New_York],Yes,2021-02-07,58766,Sunday
1803,<A>,43,2021-02-07T16:19:40-05:00[America/New_York],2021-02-07T16:20:23-05:00[America/New_York],Yes,2021-02-07,58780,Sunday
1803,B,15,2021-02-07T16:20:23-05:00[America/New_York],2021-02-07T16:20:38-05:00[America/New_York],NA,2021-02-07,58823,Sunday
1803,C,19,2021-02-07T16:20:38-05:00[America/New_York],2021-02-07T16:20:57-05:00[America/New_York],Yes,2021-02-07,58838,Sunday
1803,<A>,44,2021-02-07T16:20:57-05:00[America/New_York],2021-02-07T16:21:41-05:00[America/New_York],Yes,2021-02-07,58857,Sunday
1803,C,19,2021-02-07T16:21:41-05:00[America/New_York],2021-02-07T16:22:00-05:00[America/New_York],Yes,2021-02-07,58901,Sunday
1803,<A>,40,2021-02-07T16:22:00-05:00[America/New_York],2021-02-07T16:22:40-05:00[America/New_York],Yes,2021-02-07,58920,Sunday
1803,B,15,2021-02-07T16:22:40-05:00[America/New_York],2021-02-07T16:22:55-05:00[America/New_York],NA,2021-02-07,58960,Sunday
1803,C,15,2021-02-07T16:22:55-05:00[America/New_York],2021-02-07T16:23:10-05:00[America/New_York],Yes,2021-02-07,58975,Sunday
1803,<A>,52,2021-02-07T16:23:10-05:00[America/New_York],2021-02-07T16:24:02-05:00[America/New_York],Yes,2021-02-07,58990,Sunday
1803,B,15,2021-02-07T16:24:02-05:00[America/New_York],2021-02-07T16:24:17-05:00[America/New_York],NA,2021-02-07,59042,Sunday
1803,C,22,2021-02-07T16:24:17-05:00[America/New_York],2021-02-07T16:24:39-05:00[America/New_York],Yes,2021-02-07,59057,Sunday
1803,<A>,38,2021-02-07T16:24:39-05:00[America/New_York],2021-02-07T16:25:17-05:00[America/New_York],Yes,2021-02-07,59079,Sunday
1803,B,14,2021-02-07T16:25:17-05:00[America/New_York],2021-02-07T16:25:31-05:00[America/New_York],NA,2021-02-07,59117,Sunday
1803,C,19,2021-02-07T16:25:31-05:00[America/New_York],2021-02-07T16:25:50-05:00[America/New_York],Yes,2021-02-07,59131,Sunday
1803,<A>,39,2021-02-07T16:25:50-05:00[America/New_York],2021-02-07T16:26:29-05:00[America/New_York],Yes,2021-02-07,59150,Sunday
1803,B,15,2021-02-07T16:26:29-05:00[America/New_York],2021-02-07T16:26:44-05:00[America/New_York],NA,2021-02-07,59189,Sunday
1803,C,20,2021-02-07T16:26:44-05:00[America/New_York],2021-02-07T16:27:04-05:00[America/New_York],Yes,2021-02-07,59204,Sunday
1803,<A>,55,2021-02-07T16:27:04-05:00[America/New_York],2021-02-07T16:27:59-05:00[America/New_York],Yes,2021-02-07,59224,Sunday
1803,B,15,2021-02-07T16:27:59-05:00[America/New_York],2021-02-07T16:28:14-05:00[America/New_York],NA,2021-02-07,59279,Sunday
1803,C,25,2021-02-07T16:28:14-05:00[America/New_York],2021-02-07T16:28:39-05:00[America/New_York],NA,2021-02-07,59294,Sunday
1803,<A>,37,2021-02-07T16:28:39-05:00[America/New_York],2021-02-07T16:29:16-05:00[America/New_York],Yes,2021-02-07,59319,Sunday
1803,B,14,2021-02-07T16:29:16-05:00[America/New_York],2021-02-07T16:29:30-05:00[America/New_York],Yes,2021-02-07,59356,Sunday
1803,<A>,38,2021-02-07T16:29:30-05:00[America/New_York],2021-02-07T16:30:08-05:00[America/New_York],Yes,2021-02-07,59370,Sunday
1803,C,22,2021-02-07T16:30:08-05:00[America/New_York],2021-02-07T16:30:30-05:00[America/New_York],Yes,2021-02-07,59408,Sunday
1803,<A>,37,2021-02-07T16:30:30-05:00[America/New_York],2021-02-07T16:31:07-05:00[America/New_York],Yes,2021-02-07,59430,Sunday
1803,B,15,2021-02-07T16:31:07-05:00[America/New_York],2021-02-07T16:31:22-05:00[America/New_York],NA,2021-02-07,59467,Sunday
1803,C,15,2021-02-07T16:31:22-05:00[America/New_York],2021-02-07T16:31:37-05:00[America/New_York],Yes,2021-02-07,59482,Sunday
1803,<A>,37,2021-02-07T16:31:37-05:00[America/New_York],2021-02-07T16:32:14-05:00[America/New_York],Yes,2021-02-07,59497,Sunday
1803,C,26,2021-02-07T16:32:14-05:00[America/New_York],2021-02-07T16:32:40-05:00[America/New_York],Yes,2021-02-07,59534,Sunday
1803,<A>,47,2021-02-07T16:32:40-05:00[America/New_York],2021-02-07T16:33:27-05:00[America/New_York],Yes,2021-02-07,59560,Sunday
1803,B,15,2021-02-07T16:33:27-05:00[America/New_York],2021-02-07T16:33:42-05:00[America/New_York],NA,2021-02-07,59607,Sunday
1803,C,15,2021-02-07T16:33:42-05:00[America/New_York],2021-02-07T16:33:57-05:00[America/New_York],Yes,2021-02-07,59622,Sunday
1803,<A>,37,2021-02-07T16:33:57-05:00[America/New_York],2021-02-07T16:34:34-05:00[America/New_York],Yes,2021-02-07,59637,Sunday
1803,C,19,2021-02-07T16:34:34-05:00[America/New_York],2021-02-07T16:34:53-05:00[America/New_York],Yes,2021-02-07,59674,Sunday
1803,<A>,54,2021-02-07T16:34:53-05:00[America/New_York],2021-02-07T16:35:47-05:00[America/New_York],Yes,2021-02-07,59693,Sunday
1803,B,15,2021-02-07T16:35:47-05:00[America/New_York],2021-02-07T16:36:02-05:00[America/New_York],NA,2021-02-07,59747,Sunday
1803,C,23,2021-02-07T16:36:02-05:00[America/New_York],2021-02-07T16:36:25-05:00[America/New_York],Yes,2021-02-07,59762,Sunday
1803,<A>,38,2021-02-07T16:36:25-05:00[America/New_York],2021-02-07T16:37:03-05:00[America/New_York],Yes,2021-02-07,59785,Sunday
1803,C,20,2021-02-07T16:37:03-05:00[America/New_York],2021-02-07T16:37:23-05:00[America/New_York],Yes,2021-02-07,59823,Sunday
1803,<A>,38,2021-02-07T16:37:23-05:00[America/New_York],2021-02-07T16:38:01-05:00[America/New_York],Yes,2021-02-07,59843,Sunday
1803,B,15,2021-02-07T16:38:01-05:00[America/New_York],2021-02-07T16:38:16-05:00[America/New_York],NA,2021-02-07,59881,Sunday
1803,C,15,2021-02-07T16:38:16-05:00[America/New_York],2021-02-07T16:38:31-05:00[America/New_York],Yes,2021-02-07,59896,Sunday
1803,<A>,43,2021-02-07T16:38:31-05:00[America/New_York],2021-02-07T16:39:14-05:00[America/New_York],Yes,2021-02-07,59911,Sunday
1803,B,18,2021-02-07T16:39:14-05:00[America/New_York],2021-02-07T16:39:32-05:00[America/New_York],Yes,2021-02-07,59954,Sunday
1803,<A>,37,2021-02-07T16:39:32-05:00[America/New_York],2021-02-07T16:40:09-05:00[America/New_York],Yes,2021-02-07,59972,Sunday
1803,B,15,2021-02-07T16:40:09-05:00[America/New_York],2021-02-07T16:40:24-05:00[America/New_York],NA,2021-02-07,60009,Sunday
1803,C,14,2021-02-07T16:40:24-05:00[America/New_York],2021-02-07T16:40:38-05:00[America/New_York],Yes,2021-02-07,60024,Sunday
1803,<A>,38,2021-02-07T16:40:38-05:00[America/New_York],2021-02-07T16:41:16-05:00[America/New_York],Yes,2021-02-07,60038,Sunday
1803,B,15,2021-02-07T16:41:16-05:00[America/New_York],2021-02-07T16:41:31-05:00[America/New_York],NA,2021-02-07,60076,Sunday
1803,C,18,2021-02-07T16:41:31-05:00[America/New_York],2021-02-07T16:41:49-05:00[America/New_York],Yes,2021-02-07,60091,Sunday
1803,<A>,37,2021-02-07T16:41:49-05:00[America/New_York],2021-02-07T16:42:26-05:00[America/New_York],Yes,2021-02-07,60109,Sunday
1803,B,15,2021-02-07T16:42:26-05:00[America/New_York],2021-02-07T16:42:41-05:00[America/New_York],NA,2021-02-07,60146,Sunday
1803,C,14,2021-02-07T16:42:41-05:00[America/New_York],2021-02-07T16:42:55-05:00[America/New_York],Yes,2021-02-07,60161,Sunday
1803,<A>,44,2021-02-07T16:42:55-05:00[America/New_York],2021-02-07T16:43:39-05:00[America/New_York],Yes,2021-02-07,60175,Sunday
1803,B,18,2021-02-07T16:43:39-05:00[America/New_York],2021-02-07T16:43:57-05:00[America/New_York],Yes,2021-02-07,60219,Sunday
1803,C,14,2021-02-07T16:43:57-05:00[America/New_York],2021-02-07T16:44:11-05:00[America/New_York],Yes,2021-02-07,60237,Sunday
1803,<A>,46,2021-02-07T16:44:11-05:00[America/New_York],2021-02-07T16:44:57-05:00[America/New_York],Yes,2021-02-07,60251,Sunday
1803,C,15,2021-02-07T16:44:57-05:00[America/New_York],2021-02-07T16:45:12-05:00[America/New_York],Yes,2021-02-07,60297,Sunday
1803,<A>,38,2021-02-07T16:45:12-05:00[America/New_York],2021-02-07T16:45:50-05:00[America/New_York],Yes,2021-02-07,60312,Sunday
1803,B,14,2021-02-07T16:45:50-05:00[America/New_York],2021-02-07T16:46:04-05:00[America/New_York],Yes,2021-02-07,60350,Sunday
1803,C,17,2021-02-07T16:46:04-05:00[America/New_York],2021-02-07T16:46:21-05:00[America/New_York],Yes,2021-02-07,60364,Sunday
1803,<A>,55,2021-02-07T16:46:21-05:00[America/New_York],2021-02-07T16:47:16-05:00[America/New_York],Yes,2021-02-07,60381,Sunday
1803,B,16,2021-02-07T16:47:16-05:00[America/New_York],2021-02-07T16:47:32-05:00[America/New_York],Yes,2021-02-07,60436,Sunday
1803,C,16,2021-02-07T16:47:32-05:00[America/New_York],2021-02-07T16:47:48-05:00[America/New_York],Yes,2021-02-07,60452,Sunday
1803,<A>,40,2021-02-07T16:47:48-05:00[America/New_York],2021-02-07T16:48:28-05:00[America/New_York],Yes,2021-02-07,60468,Sunday
1803,C,14,2021-02-07T16:48:28-05:00[America/New_York],2021-02-07T16:48:42-05:00[America/New_York],Yes,2021-02-07,60508,Sunday
1803,<A>,39,2021-02-07T16:48:42-05:00[America/New_York],2021-02-07T16:49:21-05:00[America/New_York],Yes,2021-02-07,60522,Sunday
1803,C,16,2021-02-07T16:49:21-05:00[America/New_York],2021-02-07T16:49:37-05:00[America/New_York],Yes,2021-02-07,60561,Sunday
1803,<A>,55,2021-02-07T16:49:37-05:00[America/New_York],2021-02-07T16:50:32-05:00[America/New_York],Yes,2021-02-07,60577,Sunday
1803,B,19,2021-02-07T16:50:32-05:00[America/New_York],2021-02-07T16:50:51-05:00[America/New_York],NA,2021-02-07,60632,Sunday
1803,C,19,2021-02-07T16:50:51-05:00[America/New_York],2021-02-07T16:51:10-05:00[America/New_York],Yes,2021-02-07,60651,Sunday
1803,<A>,37,2021-02-07T16:51:10-05:00[America/New_York],2021-02-07T16:51:47-05:00[America/New_York],Yes,2021-02-07,60670,Sunday
1803,B,25,2021-02-07T16:51:47-05:00[America/New_York],2021-02-07T16:52:12-05:00[America/New_York],Yes,2021-02-07,60707,Sunday
1803,C,21,2021-02-07T16:52:12-05:00[America/New_York],2021-02-07T16:52:33-05:00[America/New_York],Yes,2021-02-07,60732,Sunday
1803,<A>,41,2021-02-07T16:52:33-05:00[America/New_York],2021-02-07T16:53:14-05:00[America/New_York],Yes,2021-02-07,60753,Sunday
1803,B,16,2021-02-07T16:53:14-05:00[America/New_York],2021-02-07T16:53:30-05:00[America/New_York],NA,2021-02-07,60794,Sunday
1803,C,18,2021-02-07T16:53:30-05:00[America/New_York],2021-02-07T16:53:48-05:00[America/New_York],Yes,2021-02-07,60810,Sunday
1803,<A>,55,2021-02-07T16:53:48-05:00[America/New_York],2021-02-07T16:54:43-05:00[America/New_York],Yes,2021-02-07,60828,Sunday
1803,C,16,2021-02-07T16:54:43-05:00[America/New_York],2021-02-07T16:54:59-05:00[America/New_York],Yes,2021-02-07,60883,Sunday
1803,<A>,41,2021-02-07T16:54:59-05:00[America/New_York],2021-02-07T16:55:40-05:00[America/New_York],Yes,2021-02-07,60899,Sunday
1803,B,15,2021-02-07T16:55:40-05:00[America/New_York],2021-02-07T16:55:55-05:00[America/New_York],NA,2021-02-07,60940,Sunday
1803,C,27,2021-02-07T16:55:55-05:00[America/New_York],2021-02-07T16:56:22-05:00[America/New_York],Yes,2021-02-07,60955,Sunday
1803,<A>,47,2021-02-07T16:56:22-05:00[America/New_York],2021-02-07T16:57:09-05:00[America/New_York],Yes,2021-02-07,60982,Sunday
1803,B,15,2021-02-07T16:57:09-05:00[America/New_York],2021-02-07T16:57:24-05:00[America/New_York],NA,2021-02-07,61029,Sunday
1803,C,15,2021-02-07T16:57:24-05:00[America/New_York],2021-02-07T16:57:39-05:00[America/New_York],Yes,2021-02-07,61044,Sunday
1803,<A>,39,2021-02-07T16:57:39-05:00[America/New_York],2021-02-07T16:58:18-05:00[America/New_York],Yes,2021-02-07,61059,Sunday
1803,B,15,2021-02-07T16:58:18-05:00[America/New_York],2021-02-07T16:58:33-05:00[America/New_York],NA,2021-02-07,61098,Sunday
1803,C,18,2021-02-07T16:58:33-05:00[America/New_York],2021-02-07T16:58:51-05:00[America/New_York],Yes,2021-02-07,61113,Sunday
1803,<A>,38,2021-02-07T16:58:51-05:00[America/New_York],2021-02-07T16:59:29-05:00[America/New_York],Yes,2021-02-07,61131,Sunday
1803,B,29,2021-02-07T16:59:29-05:00[America/New_York],2021-02-07T16:59:58-05:00[America/New_York],Yes,2021-02-07,61169,Sunday
1803,<A>,50,2021-02-07T16:59:58-05:00[America/New_York],2021-02-07T17:00:48-05:00[America/New_York],Yes,2021-02-07,61198,Sunday
1803,B,15,2021-02-07T17:00:48-05:00[America/New_York],2021-02-07T17:01:03-05:00[America/New_York],NA,2021-02-07,61248,Sunday
1803,C,22,2021-02-07T17:01:03-05:00[America/New_York],2021-02-07T17:01:25-05:00[America/New_York],Yes,2021-02-07,61263,Sunday
1803,<A>,38,2021-02-07T17:01:25-05:00[America/New_York],2021-02-07T17:02:03-05:00[America/New_York],Yes,2021-02-07,61285,Sunday
1803,B,15,2021-02-07T17:02:03-05:00[America/New_York],2021-02-07T17:02:18-05:00[America/New_York],NA,2021-02-07,61323,Sunday
1803,C,18,2021-02-07T17:02:18-05:00[America/New_York],2021-02-07T17:02:36-05:00[America/New_York],Yes,2021-02-07,61338,Sunday
1803,<A>,38,2021-02-07T17:02:36-05:00[America/New_York],2021-02-07T17:03:14-05:00[America/New_York],Yes,2021-02-07,61356,Sunday
1803,B,15,2021-02-07T17:03:14-05:00[America/New_York],2021-02-07T17:03:29-05:00[America/New_York],NA,2021-02-07,61394,Sunday
1803,C,19,2021-02-07T17:03:29-05:00[America/New_York],2021-02-07T17:03:48-05:00[America/New_York],Yes,2021-02-07,61409,Sunday
1803,<A>,40,2021-02-07T17:03:48-05:00[America/New_York],2021-02-07T17:04:28-05:00[America/New_York],Yes,2021-02-07,61428,Sunday
1803,B,22,2021-02-07T17:04:28-05:00[America/New_York],2021-02-07T17:04:50-05:00[America/New_York],Yes,2021-02-07,61468,Sunday
1803,C,17,2021-02-07T17:04:50-05:00[America/New_York],2021-02-07T17:05:07-05:00[America/New_York],Yes,2021-02-07,61490,Sunday
1803,<A>,47,2021-02-07T17:05:07-05:00[America/New_York],2021-02-07T17:05:54-05:00[America/New_York],Yes,2021-02-07,61507,Sunday
1803,B,16,2021-02-07T17:05:54-05:00[America/New_York],2021-02-07T17:06:10-05:00[America/New_York],Yes,2021-02-07,61554,Sunday
1803,<A>,38,2021-02-07T17:06:10-05:00[America/New_York],2021-02-07T17:06:48-05:00[America/New_York],Yes,2021-02-07,61570,Sunday
1803,B,15,2021-02-07T17:06:48-05:00[America/New_York],2021-02-07T17:07:03-05:00[America/New_York],Yes,2021-02-07,61608,Sunday
1803,C,26,2021-02-07T17:07:03-05:00[America/New_York],2021-02-07T17:07:29-05:00[America/New_York],Yes,2021-02-07,61623,Sunday
1803,<A>,47,2021-02-07T17:07:29-05:00[America/New_York],2021-02-07T17:08:16-05:00[America/New_York],Yes,2021-02-07,61649,Sunday
1803,B,19,2021-02-07T17:08:16-05:00[America/New_York],2021-02-07T17:08:35-05:00[America/New_York],Yes,2021-02-07,61696,Sunday
1803,C,19,2021-02-07T17:08:35-05:00[America/New_York],2021-02-07T17:08:54-05:00[America/New_York],Yes,2021-02-07,61715,Sunday
1803,<A>,44,2021-02-07T17:08:54-05:00[America/New_York],2021-02-07T17:09:38-05:00[America/New_York],Yes,2021-02-07,61734,Sunday
1803,B,17,2021-02-07T17:09:38-05:00[America/New_York],2021-02-07T17:09:55-05:00[America/New_York],Yes,2021-02-07,61778,Sunday
1803,C,24,2021-02-07T17:09:55-05:00[America/New_York],2021-02-07T17:10:19-05:00[America/New_York],Yes,2021-02-07,61795,Sunday
1803,<A>,52,2021-02-07T17:10:19-05:00[America/New_York],2021-02-07T17:11:11-05:00[America/New_York],Yes,2021-02-07,61819,Sunday
1803,B,22,2021-02-07T17:11:11-05:00[America/New_York],2021-02-07T17:11:33-05:00[America/New_York],Yes,2021-02-07,61871,Sunday
1803,C,20,2021-02-07T17:11:33-05:00[America/New_York],2021-02-07T17:11:53-05:00[America/New_York],Yes,2021-02-07,61893,Sunday
1803,<A>,40,2021-02-07T17:11:53-05:00[America/New_York],2021-02-07T17:12:33-05:00[America/New_York],Yes,2021-02-07,61913,Sunday
1803,B,20,2021-02-07T17:12:33-05:00[America/New_York],2021-02-07T17:12:53-05:00[America/New_York],Yes,2021-02-07,61953,Sunday
1803,C,17,2021-02-07T17:12:53-05:00[America/New_York],2021-02-07T17:13:10-05:00[America/New_York],Yes,2021-02-07,61973,Sunday
1803,<A>,58,2021-02-07T17:13:10-05:00[America/New_York],2021-02-07T17:14:08-05:00[America/New_York],Yes,2021-02-07,61990,Sunday
1803,B,19,2021-02-07T17:14:08-05:00[America/New_York],2021-02-07T17:14:27-05:00[America/New_York],Yes,2021-02-07,62048,Sunday
1803,C,20,2021-02-07T17:14:27-05:00[America/New_York],2021-02-07T17:14:47-05:00[America/New_York],Yes,2021-02-07,62067,Sunday
1803,<A>,38,2021-02-07T17:14:47-05:00[America/New_York],2021-02-07T17:15:25-05:00[America/New_York],Yes,2021-02-07,62087,Sunday
1803,B,20,2021-02-07T17:15:25-05:00[America/New_York],2021-02-07T17:15:45-05:00[America/New_York],NA,2021-02-07,62125,Sunday
1803,C,21,2021-02-07T17:15:45-05:00[America/New_York],2021-02-07T17:16:06-05:00[America/New_York],Yes,2021-02-07,62145,Sunday
1803,<A>,48,2021-02-07T17:16:06-05:00[America/New_York],2021-02-07T17:16:54-05:00[America/New_York],Yes,2021-02-07,62166,Sunday
1803,B,21,2021-02-07T17:16:54-05:00[America/New_York],2021-02-07T17:17:15-05:00[America/New_York],Yes,2021-02-07,62214,Sunday
1803,<A>,38,2021-02-07T17:17:15-05:00[America/New_York],2021-02-07T17:17:53-05:00[America/New_York],Yes,2021-02-07,62235,Sunday
1803,C,16,2021-02-07T17:17:53-05:00[America/New_York],2021-02-07T17:18:09-05:00[America/New_York],Yes,2021-02-07,62273,Sunday
1803,<A>,44,2021-02-07T17:18:09-05:00[America/New_York],2021-02-07T17:18:53-05:00[America/New_York],Yes,2021-02-07,62289,Sunday
1803,B,17,2021-02-07T17:18:53-05:00[America/New_York],2021-02-07T17:19:10-05:00[America/New_York],NA,2021-02-07,62333,Sunday
1803,C,23,2021-02-07T17:19:10-05:00[America/New_York],2021-02-07T17:19:33-05:00[America/New_York],Yes,2021-02-07,62350,Sunday
1803,<A>,71,2021-02-07T17:19:33-05:00[America/New_York],2021-02-07T17:20:44-05:00[America/New_York],NA,2021-02-07,62373,Sunday
1803,B,15,2021-02-07T17:20:44-05:00[America/New_York],2021-02-07T17:20:59-05:00[America/New_York],NA,2021-02-07,62444,Sunday
1803,C,17,2021-02-07T17:20:59-05:00[America/New_York],2021-02-07T17:21:16-05:00[America/New_York],NA,2021-02-07,62459,Sunday
1803,<A>,37,2021-02-07T17:21:16-05:00[America/New_York],2021-02-07T17:21:53-05:00[America/New_York],Yes,2021-02-07,62476,Sunday
1803,B,15,2021-02-07T17:21:53-05:00[America/New_York],2021-02-07T17:22:08-05:00[America/New_York],NA,2021-02-07,62513,Sunday
1803,C,15,2021-02-07T17:22:08-05:00[America/New_York],2021-02-07T17:22:23-05:00[America/New_York],Yes,2021-02-07,62528,Sunday
1803,<A>,48,2021-02-07T17:22:23-05:00[America/New_York],2021-02-07T17:23:11-05:00[America/New_York],Yes,2021-02-07,62543,Sunday
1803,B,23,2021-02-07T17:23:11-05:00[America/New_York],2021-02-07T17:23:34-05:00[America/New_York],Yes,2021-02-07,62591,Sunday
1803,C,16,2021-02-07T17:23:34-05:00[America/New_York],2021-02-07T17:23:50-05:00[America/New_York],Yes,2021-02-07,62614,Sunday
1803,<A>,39,2021-02-07T17:23:50-05:00[America/New_York],2021-02-07T17:24:29-05:00[America/New_York],Yes,2021-02-07,62630,Sunday
1803,C,32,2021-02-07T17:24:29-05:00[America/New_York],2021-02-07T17:25:01-05:00[America/New_York],Yes,2021-02-07,62669,Sunday
1803,<A>,47,2021-02-07T17:25:01-05:00[America/New_York],2021-02-07T17:25:48-05:00[America/New_York],Yes,2021-02-07,62701,Sunday
1803,B,16,2021-02-07T17:25:48-05:00[America/New_York],2021-02-07T17:26:04-05:00[America/New_York],NA,2021-02-07,62748,Sunday
1803,C,18,2021-02-07T17:26:04-05:00[America/New_York],2021-02-07T17:26:22-05:00[America/New_York],Yes,2021-02-07,62764,Sunday
1803,<A>,55,2021-02-07T17:26:22-05:00[America/New_York],2021-02-07T17:27:17-05:00[America/New_York],Yes,2021-02-07,62782,Sunday
1803,C,21,2021-02-07T17:27:17-05:00[America/New_York],2021-02-07T17:27:38-05:00[America/New_York],Yes,2021-02-07,62837,Sunday
1803,<A>,42,2021-02-07T17:27:38-05:00[America/New_York],2021-02-07T17:28:20-05:00[America/New_York],Yes,2021-02-07,62858,Sunday
1803,B,16,2021-02-07T17:28:20-05:00[America/New_York],2021-02-07T17:28:36-05:00[America/New_York],NA,2021-02-07,62900,Sunday
1803,C,16,2021-02-07T17:28:36-05:00[America/New_York],2021-02-07T17:28:52-05:00[America/New_York],Yes,2021-02-07,62916,Sunday
1803,<A>,54,2021-02-07T17:28:52-05:00[America/New_York],2021-02-07T17:29:46-05:00[America/New_York],Yes,2021-02-07,62932,Sunday
1803,B,23,2021-02-07T17:29:46-05:00[America/New_York],2021-02-07T17:30:09-05:00[America/New_York],Yes,2021-02-07,62986,Sunday
1803,C,15,2021-02-07T17:30:09-05:00[America/New_York],2021-02-07T17:30:24-05:00[America/New_York],Yes,2021-02-07,63009,Sunday
1803,<A>,41,2021-02-07T17:30:24-05:00[America/New_York],2021-02-07T17:31:05-05:00[America/New_York],Yes,2021-02-07,63024,Sunday
1803,B,16,2021-02-07T17:31:05-05:00[America/New_York],2021-02-07T17:31:21-05:00[America/New_York],Yes,2021-02-07,63065,Sunday
1803,C,17,2021-02-07T17:31:21-05:00[America/New_York],2021-02-07T17:31:38-05:00[America/New_York],Yes,2021-02-07,63081,Sunday
1803,<A>,38,2021-02-07T17:31:38-05:00[America/New_York],2021-02-07T17:32:16-05:00[America/New_York],Yes,2021-02-07,63098,Sunday
1803,B,19,2021-02-07T17:32:16-05:00[America/New_York],2021-02-07T17:32:35-05:00[America/New_York],Yes,2021-02-07,63136,Sunday
1803,C,20,2021-02-07T17:32:35-05:00[America/New_York],2021-02-07T17:32:55-05:00[America/New_York],Yes,2021-02-07,63155,Sunday
1803,<A>,69,2021-02-07T17:32:55-05:00[America/New_York],2021-02-07T17:34:04-05:00[America/New_York],Yes,2021-02-07,63175,Sunday
1803,B,21,2021-02-07T17:34:04-05:00[America/New_York],2021-02-07T17:34:25-05:00[America/New_York],Yes,2021-02-07,63244,Sunday
1803,C,26,2021-02-07T17:34:25-05:00[America/New_York],2021-02-07T17:34:51-05:00[America/New_York],Yes,2021-02-07,63265,Sunday
1803,<A>,53,2021-02-07T17:34:51-05:00[America/New_York],2021-02-07T17:35:44-05:00[America/New_York],NA,2021-02-07,63291,Sunday
1803,B,19,2021-02-07T17:35:44-05:00[America/New_York],2021-02-07T17:36:03-05:00[America/New_York],Yes,2021-02-07,63344,Sunday
1803,C,15,2021-02-07T17:36:03-05:00[America/New_York],2021-02-07T17:36:18-05:00[America/New_York],Yes,2021-02-07,63363,Sunday
1803,<A>,40,2021-02-07T17:36:18-05:00[America/New_York],2021-02-07T17:36:58-05:00[America/New_York],Yes,2021-02-07,63378,Sunday
1803,B,21,2021-02-07T17:36:58-05:00[America/New_York],2021-02-07T17:37:19-05:00[America/New_York],Yes,2021-02-07,63418,Sunday
1803,<A>,41,2021-02-07T17:37:19-05:00[America/New_York],2021-02-07T17:38:00-05:00[America/New_York],Yes,2021-02-07,63439,Sunday
1803,C,15,2021-02-07T17:38:00-05:00[America/New_York],2021-02-07T17:38:15-05:00[America/New_York],Yes,2021-02-07,63480,Sunday
1803,<A>,45,2021-02-07T17:38:15-05:00[America/New_York],2021-02-07T17:39:00-05:00[America/New_York],Yes,2021-02-07,63495,Sunday
1803,B,14,2021-02-07T17:39:00-05:00[America/New_York],2021-02-07T17:39:14-05:00[America/New_York],Yes,2021-02-07,63540,Sunday
1803,C,17,2021-02-07T17:39:14-05:00[America/New_York],2021-02-07T17:39:31-05:00[America/New_York],Yes,2021-02-07,63554,Sunday
1803,<A>,48,2021-02-07T17:39:31-05:00[America/New_York],2021-02-07T17:40:19-05:00[America/New_York],Yes,2021-02-07,63571,Sunday
1803,B,20,2021-02-07T17:40:19-05:00[America/New_York],2021-02-07T17:40:39-05:00[America/New_York],NA,2021-02-07,63619,Sunday
1803,C,22,2021-02-07T17:40:39-05:00[America/New_York],2021-02-07T17:41:01-05:00[America/New_York],Yes,2021-02-07,63639,Sunday
1803,<A>,37,2021-02-07T17:41:01-05:00[America/New_York],2021-02-07T17:41:38-05:00[America/New_York],Yes,2021-02-07,63661,Sunday
1803,B,17,2021-02-07T17:41:38-05:00[America/New_York],2021-02-07T17:41:55-05:00[America/New_York],NA,2021-02-07,63698,Sunday
1803,C,24,2021-02-07T17:41:55-05:00[America/New_York],2021-02-07T17:42:19-05:00[America/New_York],Yes,2021-02-07,63715,Sunday
1803,<A>,46,2021-02-07T17:42:19-05:00[America/New_York],2021-02-07T17:43:05-05:00[America/New_York],Yes,2021-02-07,63739,Sunday
1803,B,15,2021-02-07T17:43:05-05:00[America/New_York],2021-02-07T17:43:20-05:00[America/New_York],Yes,2021-02-07,63785,Sunday
1803,C,14,2021-02-07T17:43:20-05:00[America/New_York],2021-02-07T17:43:34-05:00[America/New_York],Yes,2021-02-07,63800,Sunday
1803,<A>,41,2021-02-07T17:43:34-05:00[America/New_York],2021-02-07T17:44:15-05:00[America/New_York],Yes,2021-02-07,63814,Sunday
1803,B,15,2021-02-07T17:44:15-05:00[America/New_York],2021-02-07T17:44:30-05:00[America/New_York],NA,2021-02-07,63855,Sunday
1803,C,20,2021-02-07T17:44:30-05:00[America/New_York],2021-02-07T17:44:50-05:00[America/New_York],Yes,2021-02-07,63870,Sunday
1803,<A>,38,2021-02-07T17:44:50-05:00[America/New_York],2021-02-07T17:45:28-05:00[America/New_York],Yes,2021-02-07,63890,Sunday
1803,B,16,2021-02-07T17:45:28-05:00[America/New_York],2021-02-07T17:45:44-05:00[America/New_York],NA,2021-02-07,63928,Sunday
1803,C,15,2021-02-07T17:45:44-05:00[America/New_York],2021-02-07T17:45:59-05:00[America/New_York],Yes,2021-02-07,63944,Sunday
1803,<A>,38,2021-02-07T17:45:59-05:00[America/New_York],2021-02-07T17:46:37-05:00[America/New_York],Yes,2021-02-07,63959,Sunday
1803,B,24,2021-02-07T17:46:37-05:00[America/New_York],2021-02-07T17:47:01-05:00[America/New_York],Yes,2021-02-07,63997,Sunday
1803,<A>,50,2021-02-07T17:47:01-05:00[America/New_York],2021-02-07T17:47:51-05:00[America/New_York],Yes,2021-02-07,64021,Sunday
1803,B,22,2021-02-07T17:47:51-05:00[America/New_York],2021-02-07T17:48:13-05:00[America/New_York],Yes,2021-02-07,64071,Sunday
1803,C,15,2021-02-07T17:48:13-05:00[America/New_York],2021-02-07T17:48:28-05:00[America/New_York],Yes,2021-02-07,64093,Sunday
1803,<A>,44,2021-02-07T17:48:28-05:00[America/New_York],2021-02-07T17:49:12-05:00[America/New_York],Yes,2021-02-07,64108,Sunday
1803,B,16,2021-02-07T17:49:12-05:00[America/New_York],2021-02-07T17:49:28-05:00[America/New_York],NA,2021-02-07,64152,Sunday
1803,C,19,2021-02-07T17:49:28-05:00[America/New_York],2021-02-07T17:49:47-05:00[America/New_York],Yes,2021-02-07,64168,Sunday
1803,<A>,52,2021-02-07T17:49:47-05:00[America/New_York],2021-02-07T17:50:39-05:00[America/New_York],Yes,2021-02-07,64187,Sunday
1803,B,15,2021-02-07T17:50:39-05:00[America/New_York],2021-02-07T17:50:54-05:00[America/New_York],Yes,2021-02-07,64239,Sunday
1803,C,24,2021-02-07T17:50:54-05:00[America/New_York],2021-02-07T17:51:18-05:00[America/New_York],Yes,2021-02-07,64254,Sunday
1803,<A>,38,2021-02-07T17:51:18-05:00[America/New_York],2021-02-07T17:51:56-05:00[America/New_York],Yes,2021-02-07,64278,Sunday
1803,B,16,2021-02-07T17:51:56-05:00[America/New_York],2021-02-07T17:52:12-05:00[America/New_York],NA,2021-02-07,64316,Sunday
1803,C,19,2021-02-07T17:52:12-05:00[America/New_York],2021-02-07T17:52:31-05:00[America/New_York],Yes,2021-02-07,64332,Sunday
1803,<A>,38,2021-02-07T17:52:31-05:00[America/New_York],2021-02-07T17:53:09-05:00[America/New_York],Yes,2021-02-07,64351,Sunday
1803,B,16,2021-02-07T17:53:09-05:00[America/New_York],2021-02-07T17:53:25-05:00[America/New_York],NA,2021-02-07,64389,Sunday
1803,C,16,2021-02-07T17:53:25-05:00[America/New_York],2021-02-07T17:53:41-05:00[America/New_York],Yes,2021-02-07,64405,Sunday
1803,<A>,38,2021-02-07T17:53:41-05:00[America/New_York],2021-02-07T17:54:19-05:00[America/New_York],Yes,2021-02-07,64421,Sunday
1803,B,15,2021-02-07T17:54:19-05:00[America/New_York],2021-02-07T17:54:34-05:00[America/New_York],NA,2021-02-07,64459,Sunday
1803,C,26,2021-02-07T17:54:34-05:00[America/New_York],2021-02-07T17:55:00-05:00[America/New_York],Yes,2021-02-07,64474,Sunday
1803,<A>,41,2021-02-07T17:55:00-05:00[America/New_York],2021-02-07T17:55:41-05:00[America/New_York],Yes,2021-02-07,64500,Sunday
1803,B,16,2021-02-07T17:55:41-05:00[America/New_York],2021-02-07T17:55:57-05:00[America/New_York],NA,2021-02-07,64541,Sunday
1803,C,31,2021-02-07T17:55:57-05:00[America/New_York],2021-02-07T17:56:28-05:00[America/New_York],Yes,2021-02-07,64557,Sunday
1803,<A>,37,2021-02-07T17:56:28-05:00[America/New_York],2021-02-07T17:57:05-05:00[America/New_York],Yes,2021-02-07,64588,Sunday
1803,B,16,2021-02-07T17:57:05-05:00[America/New_York],2021-02-07T17:57:21-05:00[America/New_York],NA,2021-02-07,64625,Sunday
1803,C,14,2021-02-07T17:57:21-05:00[America/New_York],2021-02-07T17:57:35-05:00[America/New_York],Yes,2021-02-07,64641,Sunday
1803,<A>,44,2021-02-07T17:57:35-05:00[America/New_York],2021-02-07T17:58:19-05:00[America/New_York],Yes,2021-02-07,64655,Sunday
1803,B,21,2021-02-07T17:58:19-05:00[America/New_York],2021-02-07T17:58:40-05:00[America/New_York],Yes,2021-02-07,64699,Sunday
1803,C,23,2021-02-07T17:58:40-05:00[America/New_York],2021-02-07T17:59:03-05:00[America/New_York],Yes,2021-02-07,64720,Sunday
1803,<A>,50,2021-02-07T17:59:03-05:00[America/New_York],2021-02-07T17:59:53-05:00[America/New_York],NA,2021-02-07,64743,Sunday
1803,B,22,2021-02-07T17:59:53-05:00[America/New_York],2021-02-07T18:00:15-05:00[America/New_York],Yes,2021-02-07,64793,Sunday
1803,C,15,2021-02-07T18:00:15-05:00[America/New_York],2021-02-07T18:00:30-05:00[America/New_York],Yes,2021-02-07,64815,Sunday
1803,<A>,74,2021-02-07T18:00:30-05:00[America/New_York],2021-02-07T18:01:44-05:00[America/New_York],NA,2021-02-07,64830,Sunday
1803,B,23,2021-02-07T18:01:44-05:00[America/New_York],2021-02-07T18:02:07-05:00[America/New_York],Yes,2021-02-07,64904,Sunday
1803,C,20,2021-02-07T18:02:07-05:00[America/New_York],2021-02-07T18:02:27-05:00[America/New_York],Yes,2021-02-07,64927,Sunday
1803,<A>,59,2021-02-07T18:02:27-05:00[America/New_York],2021-02-07T18:03:26-05:00[America/New_York],NA,2021-02-07,64947,Sunday
1803,B,14,2021-02-07T18:03:26-05:00[America/New_York],2021-02-07T18:03:40-05:00[America/New_York],Yes,2021-02-07,65006,Sunday
1803,C,22,2021-02-07T18:03:40-05:00[America/New_York],2021-02-07T18:04:02-05:00[America/New_York],Yes,2021-02-07,65020,Sunday
1803,<A>,37,2021-02-07T18:04:02-05:00[America/New_York],2021-02-07T18:04:39-05:00[America/New_York],Yes,2021-02-07,65042,Sunday
1803,B,19,2021-02-07T18:04:39-05:00[America/New_York],2021-02-07T18:04:58-05:00[America/New_York],NA,2021-02-07,65079,Sunday
1803,C,17,2021-02-07T18:04:58-05:00[America/New_York],2021-02-07T18:05:15-05:00[America/New_York],Yes,2021-02-07,65098,Sunday
1803,<A>,55,2021-02-07T18:05:15-05:00[America/New_York],2021-02-07T18:06:10-05:00[America/New_York],Yes,2021-02-07,65115,Sunday
1803,C,19,2021-02-07T18:06:10-05:00[America/New_York],2021-02-07T18:06:29-05:00[America/New_York],Yes,2021-02-07,65170,Sunday
1803,<A>,44,2021-02-07T18:06:29-05:00[America/New_York],2021-02-07T18:07:13-05:00[America/New_York],Yes,2021-02-07,65189,Sunday
1803,B,15,2021-02-07T18:07:13-05:00[America/New_York],2021-02-07T18:07:28-05:00[America/New_York],Yes,2021-02-07,65233,Sunday
1803,C,15,2021-02-07T18:07:28-05:00[America/New_York],2021-02-07T18:07:43-05:00[America/New_York],Yes,2021-02-07,65248,Sunday
1803,<A>,42,2021-02-07T18:07:43-05:00[America/New_York],2021-02-07T18:08:25-05:00[America/New_York],Yes,2021-02-07,65263,Sunday
1803,B,16,2021-02-07T18:08:25-05:00[America/New_York],2021-02-07T18:08:41-05:00[America/New_York],NA,2021-02-07,65305,Sunday
1803,C,15,2021-02-07T18:08:41-05:00[America/New_York],2021-02-07T18:08:56-05:00[America/New_York],Yes,2021-02-07,65321,Sunday
1803,<A>,48,2021-02-07T18:08:56-05:00[America/New_York],2021-02-07T18:09:44-05:00[America/New_York],Yes,2021-02-07,65336,Sunday
1803,C,23,2021-02-07T18:09:44-05:00[America/New_York],2021-02-07T18:10:07-05:00[America/New_York],Yes,2021-02-07,65384,Sunday
1803,<A>,40,2021-02-07T18:10:07-05:00[America/New_York],2021-02-07T18:10:47-05:00[America/New_York],Yes,2021-02-07,65407,Sunday
1803,B,15,2021-02-07T18:10:47-05:00[America/New_York],2021-02-07T18:11:02-05:00[America/New_York],NA,2021-02-07,65447,Sunday
1803,C,14,2021-02-07T18:11:02-05:00[America/New_York],2021-02-07T18:11:16-05:00[America/New_York],Yes,2021-02-07,65462,Sunday
1803,<A>,46,2021-02-07T18:11:16-05:00[America/New_York],2021-02-07T18:12:02-05:00[America/New_York],Yes,2021-02-07,65476,Sunday
1803,C,21,2021-02-07T18:12:02-05:00[America/New_York],2021-02-07T18:12:23-05:00[America/New_York],Yes,2021-02-07,65522,Sunday
1803,<A>,52,2021-02-07T18:12:23-05:00[America/New_York],2021-02-07T18:13:15-05:00[America/New_York],Yes,2021-02-07,65543,Sunday
1803,B,16,2021-02-07T18:13:15-05:00[America/New_York],2021-02-07T18:13:31-05:00[America/New_York],NA,2021-02-07,65595,Sunday
1803,C,21,2021-02-07T18:13:31-05:00[America/New_York],2021-02-07T18:13:52-05:00[America/New_York],Yes,2021-02-07,65611,Sunday
1803,<A>,43,2021-02-07T18:13:52-05:00[America/New_York],2021-02-07T18:14:35-05:00[America/New_York],Yes,2021-02-07,65632,Sunday
1803,B,16,2021-02-07T18:14:35-05:00[America/New_York],2021-02-07T18:14:51-05:00[America/New_York],NA,2021-02-07,65675,Sunday
1803,C,14,2021-02-07T18:14:51-05:00[America/New_York],2021-02-07T18:15:05-05:00[America/New_York],Yes,2021-02-07,65691,Sunday
1803,<A>,44,2021-02-07T18:15:05-05:00[America/New_York],2021-02-07T18:15:49-05:00[America/New_York],Yes,2021-02-07,65705,Sunday
1803,B,16,2021-02-07T18:15:49-05:00[America/New_York],2021-02-07T18:16:05-05:00[America/New_York],NA,2021-02-07,65749,Sunday
1803,C,17,2021-02-07T18:16:05-05:00[America/New_York],2021-02-07T18:16:22-05:00[America/New_York],Yes,2021-02-07,65765,Sunday
1803,<A>,42,2021-02-07T18:16:22-05:00[America/New_York],2021-02-07T18:17:04-05:00[America/New_York],Yes,2021-02-07,65782,Sunday
1803,B,21,2021-02-07T18:17:04-05:00[America/New_York],2021-02-07T18:17:25-05:00[America/New_York],Yes,2021-02-07,65824,Sunday
1803,C,18,2021-02-07T18:17:25-05:00[America/New_York],2021-02-07T18:17:43-05:00[America/New_York],Yes,2021-02-07,65845,Sunday
1803,<A>,41,2021-02-07T18:17:43-05:00[America/New_York],2021-02-07T18:18:24-05:00[America/New_York],Yes,2021-02-07,65863,Sunday
1803,C,14,2021-02-07T18:18:24-05:00[America/New_York],2021-02-07T18:18:38-05:00[America/New_York],Yes,2021-02-07,65904,Sunday
1803,<A>,46,2021-02-07T18:18:38-05:00[America/New_York],2021-02-07T18:19:24-05:00[America/New_York],NA,2021-02-07,65918,Sunday
1803,B,17,2021-02-07T18:19:24-05:00[America/New_York],2021-02-07T18:19:41-05:00[America/New_York],Yes,2021-02-07,65964,Sunday
1803,<A>,37,2021-02-07T18:19:41-05:00[America/New_York],2021-02-07T18:20:18-05:00[America/New_York],Yes,2021-02-07,65981,Sunday
1803,C,15,2021-02-07T18:20:18-05:00[America/New_York],2021-02-07T18:20:33-05:00[America/New_York],Yes,2021-02-07,66018,Sunday
1803,<A>,38,2021-02-07T18:20:33-05:00[America/New_York],2021-02-07T18:21:11-05:00[America/New_York],Yes,2021-02-07,66033,Sunday
1803,B,15,2021-02-07T18:21:11-05:00[America/New_York],2021-02-07T18:21:26-05:00[America/New_York],Yes,2021-02-07,66071,Sunday
1803,C,16,2021-02-07T18:21:26-05:00[America/New_York],2021-02-07T18:21:42-05:00[America/New_York],Yes,2021-02-07,66086,Sunday
1803,<A>,38,2021-02-07T18:21:42-05:00[America/New_York],2021-02-07T18:22:20-05:00[America/New_York],Yes,2021-02-07,66102,Sunday
1803,B,20,2021-02-07T18:22:20-05:00[America/New_York],2021-02-07T18:22:40-05:00[America/New_York],Yes,2021-02-07,66140,Sunday
1803,C,21,2021-02-07T18:22:40-05:00[America/New_York],2021-02-07T18:23:01-05:00[America/New_York],Yes,2021-02-07,66160,Sunday
1803,<A>,49,2021-02-07T18:23:01-05:00[America/New_York],2021-02-07T18:23:50-05:00[America/New_York],Yes,2021-02-07,66181,Sunday
1803,B,19,2021-02-07T18:23:50-05:00[America/New_York],2021-02-07T18:24:09-05:00[America/New_York],NA,2021-02-07,66230,Sunday
1803,C,28,2021-02-07T18:24:09-05:00[America/New_York],2021-02-07T18:24:37-05:00[America/New_York],Yes,2021-02-07,66249,Sunday
1803,<A>,53,2021-02-07T18:24:37-05:00[America/New_York],2021-02-07T18:25:30-05:00[America/New_York],Yes,2021-02-07,66277,Sunday
1803,B,16,2021-02-07T18:25:30-05:00[America/New_York],2021-02-07T18:25:46-05:00[America/New_York],NA,2021-02-07,66330,Sunday
1803,C,18,2021-02-07T18:25:46-05:00[America/New_York],2021-02-07T18:26:04-05:00[America/New_York],Yes,2021-02-07,66346,Sunday
1803,<A>,38,2021-02-07T18:26:04-05:00[America/New_York],2021-02-07T18:26:42-05:00[America/New_York],Yes,2021-02-07,66364,Sunday
1803,B,18,2021-02-07T18:26:42-05:00[America/New_York],2021-02-07T18:27:00-05:00[America/New_York],Yes,2021-02-07,66402,Sunday
1803,<A>,42,2021-02-07T18:27:00-05:00[America/New_York],2021-02-07T18:27:42-05:00[America/New_York],Yes,2021-02-07,66420,Sunday
1803,C,14,2021-02-07T18:27:42-05:00[America/New_York],2021-02-07T18:27:56-05:00[America/New_York],Yes,2021-02-07,66462,Sunday
1803,<A>,40,2021-02-07T18:27:56-05:00[America/New_York],2021-02-07T18:28:36-05:00[America/New_York],Yes,2021-02-07,66476,Sunday
1803,B,16,2021-02-07T18:28:36-05:00[America/New_York],2021-02-07T18:28:52-05:00[America/New_York],NA,2021-02-07,66516,Sunday
1803,C,14,2021-02-07T18:28:52-05:00[America/New_York],2021-02-07T18:29:06-05:00[America/New_York],Yes,2021-02-07,66532,Sunday
1803,<A>,38,2021-02-07T18:29:06-05:00[America/New_York],2021-02-07T18:29:44-05:00[America/New_York],Yes,2021-02-07,66546,Sunday
1803,C,17,2021-02-07T18:29:44-05:00[America/New_York],2021-02-07T18:30:01-05:00[America/New_York],Yes,2021-02-07,66584,Sunday
1803,<A>,38,2021-02-07T18:30:01-05:00[America/New_York],2021-02-07T18:30:39-05:00[America/New_York],Yes,2021-02-07,66601,Sunday
1803,B,14,2021-02-07T18:30:39-05:00[America/New_York],2021-02-07T18:30:53-05:00[America/New_York],Yes,2021-02-07,66639,Sunday
1803,<A>,41,2021-02-07T18:30:53-05:00[America/New_York],2021-02-07T18:31:34-05:00[America/New_York],Yes,2021-02-07,66653,Sunday
1803,B,21,2021-02-07T18:31:34-05:00[America/New_York],2021-02-07T18:31:55-05:00[America/New_York],Yes,2021-02-07,66694,Sunday
1803,C,14,2021-02-07T18:31:55-05:00[America/New_York],2021-02-07T18:32:09-05:00[America/New_York],Yes,2021-02-07,66715,Sunday
1803,<A>,42,2021-02-07T18:32:09-05:00[America/New_York],2021-02-07T18:32:51-05:00[America/New_York],Yes,2021-02-07,66729,Sunday
1803,C,17,2021-02-07T18:32:51-05:00[America/New_York],2021-02-07T18:33:08-05:00[America/New_York],Yes,2021-02-07,66771,Sunday
1803,<A>,39,2021-02-07T18:33:08-05:00[America/New_York],2021-02-07T18:33:47-05:00[America/New_York],Yes,2021-02-07,66788,Sunday
1803,B,17,2021-02-07T18:33:47-05:00[America/New_York],2021-02-07T18:34:04-05:00[America/New_York],Yes,2021-02-07,66827,Sunday
1803,<A>,57,2021-02-07T18:34:04-05:00[America/New_York],2021-02-07T18:35:01-05:00[America/New_York],Yes,2021-02-07,66844,Sunday
1803,B,15,2021-02-07T18:35:01-05:00[America/New_York],2021-02-07T18:35:16-05:00[America/New_York],NA,2021-02-07,66901,Sunday
1803,C,14,2021-02-07T18:35:16-05:00[America/New_York],2021-02-07T18:35:30-05:00[America/New_York],Yes,2021-02-07,66916,Sunday
1803,<A>,39,2021-02-07T18:35:30-05:00[America/New_York],2021-02-07T18:36:09-05:00[America/New_York],Yes,2021-02-07,66930,Sunday
1803,B,16,2021-02-07T18:36:09-05:00[America/New_York],2021-02-07T18:36:25-05:00[America/New_York],NA,2021-02-07,66969,Sunday
1803,C,14,2021-02-07T18:36:25-05:00[America/New_York],2021-02-07T18:36:39-05:00[America/New_York],Yes,2021-02-07,66985,Sunday
1803,<A>,37,2021-02-07T18:36:39-05:00[America/New_York],2021-02-07T18:37:16-05:00[America/New_York],Yes,2021-02-07,66999,Sunday
1803,B,15,2021-02-07T18:37:16-05:00[America/New_York],2021-02-07T18:37:31-05:00[America/New_York],NA,2021-02-07,67036,Sunday
1803,C,14,2021-02-07T18:37:31-05:00[America/New_York],2021-02-07T18:37:45-05:00[America/New_York],Yes,2021-02-07,67051,Sunday
1803,<A>,41,2021-02-07T18:37:45-05:00[America/New_York],2021-02-07T18:38:26-05:00[America/New_York],Yes,2021-02-07,67065,Sunday
1803,B,16,2021-02-07T18:38:26-05:00[America/New_York],2021-02-07T18:38:42-05:00[America/New_York],NA,2021-02-07,67106,Sunday
1803,C,14,2021-02-07T18:38:42-05:00[America/New_York],2021-02-07T18:38:56-05:00[America/New_York],Yes,2021-02-07,67122,Sunday
1803,<A>,37,2021-02-07T18:38:56-05:00[America/New_York],2021-02-07T18:39:33-05:00[America/New_York],Yes,2021-02-07,67136,Sunday
1803,C,15,2021-02-07T18:39:33-05:00[America/New_York],2021-02-07T18:39:48-05:00[America/New_York],Yes,2021-02-07,67173,Sunday
1803,<A>,37,2021-02-07T18:39:48-05:00[America/New_York],2021-02-07T18:40:25-05:00[America/New_York],Yes,2021-02-07,67188,Sunday
1803,B,18,2021-02-07T18:40:25-05:00[America/New_York],2021-02-07T18:40:43-05:00[America/New_York],Yes,2021-02-07,67225,Sunday
1803,<A>,38,2021-02-07T18:40:43-05:00[America/New_York],2021-02-07T18:41:21-05:00[America/New_York],Yes,2021-02-07,67243,Sunday
1803,B,14,2021-02-07T18:41:21-05:00[America/New_York],2021-02-07T18:41:35-05:00[America/New_York],Yes,2021-02-07,67281,Sunday
1803,<A>,37,2021-02-07T18:41:35-05:00[America/New_York],2021-02-07T18:42:12-05:00[America/New_York],Yes,2021-02-07,67295,Sunday
1803,B,18,2021-02-07T18:42:12-05:00[America/New_York],2021-02-07T18:42:30-05:00[America/New_York],Yes,2021-02-07,67332,Sunday
1803,C,18,2021-02-07T18:42:30-05:00[America/New_York],2021-02-07T18:42:48-05:00[America/New_York],Yes,2021-02-07,67350,Sunday
1803,<A>,47,2021-02-07T18:42:48-05:00[America/New_York],2021-02-07T18:43:35-05:00[America/New_York],Yes,2021-02-07,67368,Sunday
1803,B,21,2021-02-07T18:43:35-05:00[America/New_York],2021-02-07T18:43:56-05:00[America/New_York],Yes,2021-02-07,67415,Sunday
1803,<A>,42,2021-02-07T18:43:56-05:00[America/New_York],2021-02-07T18:44:38-05:00[America/New_York],Yes,2021-02-07,67436,Sunday
1803,B,15,2021-02-07T18:44:38-05:00[America/New_York],2021-02-07T18:44:53-05:00[America/New_York],Yes,2021-02-07,67478,Sunday
1803,<A>,40,2021-02-07T18:44:53-05:00[America/New_York],2021-02-07T18:45:33-05:00[America/New_York],Yes,2021-02-07,67493,Sunday
1803,C,14,2021-02-07T18:45:33-05:00[America/New_York],2021-02-07T18:45:47-05:00[America/New_York],Yes,2021-02-07,67533,Sunday
1803,<A>,37,2021-02-07T18:45:47-05:00[America/New_York],2021-02-07T18:46:24-05:00[America/New_York],Yes,2021-02-07,67547,Sunday
1803,B,21,2021-02-07T18:46:24-05:00[America/New_York],2021-02-07T18:46:45-05:00[America/New_York],NA,2021-02-07,67584,Sunday
1803,C,14,2021-02-07T18:46:45-05:00[America/New_York],2021-02-07T18:46:59-05:00[America/New_York],Yes,2021-02-07,67605,Sunday
1803,<A>,38,2021-02-07T18:46:59-05:00[America/New_York],2021-02-07T18:47:37-05:00[America/New_York],Yes,2021-02-07,67619,Sunday
1803,B,23,2021-02-07T18:47:37-05:00[America/New_York],2021-02-07T18:48:00-05:00[America/New_York],Yes,2021-02-07,67657,Sunday
1803,<A>,107,2021-02-07T18:48:00-05:00[America/New_York],2021-02-07T18:49:47-05:00[America/New_York],NA,2021-02-07,67680,Sunday
1803,B,14,2021-02-07T18:49:47-05:00[America/New_York],2021-02-07T18:50:01-05:00[America/New_York],Yes,2021-02-07,67787,Sunday
1803,<A>,39,2021-02-07T18:50:01-05:00[America/New_York],2021-02-07T18:50:40-05:00[America/New_York],Yes,2021-02-07,67801,Sunday
1803,C,18,2021-02-07T18:50:40-05:00[America/New_York],2021-02-07T18:50:58-05:00[America/New_York],Yes,2021-02-07,67840,Sunday
1803,<A>,38,2021-02-07T18:50:58-05:00[America/New_York],2021-02-07T18:51:36-05:00[America/New_York],Yes,2021-02-07,67858,Sunday
1803,B,19,2021-02-07T18:51:36-05:00[America/New_York],2021-02-07T18:51:55-05:00[America/New_York],Yes,2021-02-07,67896,Sunday
1803,<A>,37,2021-02-07T18:51:55-05:00[America/New_York],2021-02-07T18:52:32-05:00[America/New_York],Yes,2021-02-07,67915,Sunday
1803,B,27,2021-02-07T18:52:32-05:00[America/New_York],2021-02-07T18:52:59-05:00[America/New_York],Yes,2021-02-07,67952,Sunday
1803,C,17,2021-02-07T18:52:59-05:00[America/New_York],2021-02-07T18:53:16-05:00[America/New_York],Yes,2021-02-07,67979,Sunday
1803,<A>,47,2021-02-07T18:53:16-05:00[America/New_York],2021-02-07T18:54:03-05:00[America/New_York],Yes,2021-02-07,67996,Sunday
1803,B,16,2021-02-07T18:54:03-05:00[America/New_York],2021-02-07T18:54:19-05:00[America/New_York],NA,2021-02-07,68043,Sunday
1803,C,14,2021-02-07T18:54:19-05:00[America/New_York],2021-02-07T18:54:33-05:00[America/New_York],Yes,2021-02-07,68059,Sunday
1803,<A>,41,2021-02-07T18:54:33-05:00[America/New_York],2021-02-07T18:55:14-05:00[America/New_York],Yes,2021-02-07,68073,Sunday
1803,B,15,2021-02-07T18:55:14-05:00[America/New_York],2021-02-07T18:55:29-05:00[America/New_York],NA,2021-02-07,68114,Sunday
1803,C,14,2021-02-07T18:55:29-05:00[America/New_York],2021-02-07T18:55:43-05:00[America/New_York],Yes,2021-02-07,68129,Sunday
1803,<A>,41,2021-02-07T18:55:43-05:00[America/New_York],2021-02-07T18:56:24-05:00[America/New_York],Yes,2021-02-07,68143,Sunday
1803,C,18,2021-02-07T18:56:24-05:00[America/New_York],2021-02-07T18:56:42-05:00[America/New_York],Yes,2021-02-07,68184,Sunday
1803,<A>,38,2021-02-07T18:56:42-05:00[America/New_York],2021-02-07T18:57:20-05:00[America/New_York],Yes,2021-02-07,68202,Sunday
1803,B,16,2021-02-07T18:57:20-05:00[America/New_York],2021-02-07T18:57:36-05:00[America/New_York],NA,2021-02-07,68240,Sunday
1803,C,19,2021-02-07T18:57:36-05:00[America/New_York],2021-02-07T18:57:55-05:00[America/New_York],Yes,2021-02-07,68256,Sunday
1803,<A>,37,2021-02-07T18:57:55-05:00[America/New_York],2021-02-07T18:58:32-05:00[America/New_York],Yes,2021-02-07,68275,Sunday
1803,C,19,2021-02-07T18:58:32-05:00[America/New_York],2021-02-07T18:58:51-05:00[America/New_York],Yes,2021-02-07,68312,Sunday
1803,<A>,39,2021-02-07T18:58:51-05:00[America/New_York],2021-02-07T18:59:30-05:00[America/New_York],Yes,2021-02-07,68331,Sunday
1803,C,15,2021-02-07T18:59:30-05:00[America/New_York],2021-02-07T18:59:45-05:00[America/New_York],Yes,2021-02-07,68370,Sunday
1803,<A>,37,2021-02-07T18:59:45-05:00[America/New_York],2021-02-07T19:00:22-05:00[America/New_York],Yes,2021-02-07,68385,Sunday
1803,B,16,2021-02-07T19:00:22-05:00[America/New_York],2021-02-07T19:00:38-05:00[America/New_York],NA,2021-02-07,68422,Sunday
1803,C,17,2021-02-07T19:00:38-05:00[America/New_York],2021-02-07T19:00:55-05:00[America/New_York],Yes,2021-02-07,68438,Sunday
1803,<A>,38,2021-02-07T19:00:55-05:00[America/New_York],2021-02-07T19:01:33-05:00[America/New_York],Yes,2021-02-07,68455,Sunday
1803,B,18,2021-02-07T19:01:33-05:00[America/New_York],2021-02-07T19:01:51-05:00[America/New_York],Yes,2021-02-07,68493,Sunday
1803,<A>,40,2021-02-07T19:01:51-05:00[America/New_York],2021-02-07T19:02:31-05:00[America/New_York],Yes,2021-02-07,68511,Sunday
1803,B,14,2021-02-07T19:02:31-05:00[America/New_York],2021-02-07T19:02:45-05:00[America/New_York],Yes,2021-02-07,68551,Sunday
1803,C,16,2021-02-07T19:02:45-05:00[America/New_York],2021-02-07T19:03:01-05:00[America/New_York],Yes,2021-02-07,68565,Sunday
1803,<A>,37,2021-02-07T19:03:01-05:00[America/New_York],2021-02-07T19:03:38-05:00[America/New_York],Yes,2021-02-07,68581,Sunday
1803,B,16,2021-02-07T19:03:38-05:00[America/New_York],2021-02-07T19:03:54-05:00[America/New_York],NA,2021-02-07,68618,Sunday
1803,C,14,2021-02-07T19:03:54-05:00[America/New_York],2021-02-07T19:04:08-05:00[America/New_York],Yes,2021-02-07,68634,Sunday
1803,<A>,40,2021-02-07T19:04:08-05:00[America/New_York],2021-02-07T19:04:48-05:00[America/New_York],Yes,2021-02-07,68648,Sunday
1803,B,16,2021-02-07T19:04:48-05:00[America/New_York],2021-02-07T19:05:04-05:00[America/New_York],NA,2021-02-07,68688,Sunday
1803,C,14,2021-02-07T19:05:04-05:00[America/New_York],2021-02-07T19:05:18-05:00[America/New_York],Yes,2021-02-07,68704,Sunday
1803,<A>,37,2021-02-07T19:05:18-05:00[America/New_York],2021-02-07T19:05:55-05:00[America/New_York],Yes,2021-02-07,68718,Sunday
1803,B,16,2021-02-07T19:05:55-05:00[America/New_York],2021-02-07T19:06:11-05:00[America/New_York],NA,2021-02-07,68755,Sunday
1803,C,18,2021-02-07T19:06:11-05:00[America/New_York],2021-02-07T19:06:29-05:00[America/New_York],Yes,2021-02-07,68771,Sunday
1803,<A>,38,2021-02-07T19:06:29-05:00[America/New_York],2021-02-07T19:07:07-05:00[America/New_York],Yes,2021-02-07,68789,Sunday
1803,B,16,2021-02-07T19:07:07-05:00[America/New_York],2021-02-07T19:07:23-05:00[America/New_York],NA,2021-02-07,68827,Sunday
1803,C,17,2021-02-07T19:07:23-05:00[America/New_York],2021-02-07T19:07:40-05:00[America/New_York],Yes,2021-02-07,68843,Sunday
1803,<A>,44,2021-02-07T19:07:40-05:00[America/New_York],2021-02-07T19:08:24-05:00[America/New_York],Yes,2021-02-07,68860,Sunday
1803,B,20,2021-02-07T19:08:24-05:00[America/New_York],2021-02-07T19:08:44-05:00[America/New_York],Yes,2021-02-07,68904,Sunday
1803,<A>,82,2021-02-07T19:08:44-05:00[America/New_York],2021-02-07T19:10:06-05:00[America/New_York],NA,2021-02-07,68924,Sunday
1803,B,21,2021-02-07T19:10:06-05:00[America/New_York],2021-02-07T19:10:27-05:00[America/New_York],Yes,2021-02-07,69006,Sunday
1803,C,19,2021-02-07T19:10:27-05:00[America/New_York],2021-02-07T19:10:46-05:00[America/New_York],Yes,2021-02-07,69027,Sunday
1803,<A>,67,2021-02-07T19:10:46-05:00[America/New_York],2021-02-07T19:11:53-05:00[America/New_York],NA,2021-02-07,69046,Sunday
1803,B,17,2021-02-07T19:11:53-05:00[America/New_York],2021-02-07T19:12:10-05:00[America/New_York],Yes,2021-02-07,69113,Sunday
1803,C,14,2021-02-07T19:12:10-05:00[America/New_York],2021-02-07T19:12:24-05:00[America/New_York],Yes,2021-02-07,69130,Sunday
1803,<A>,41,2021-02-07T19:12:24-05:00[America/New_York],2021-02-07T19:13:05-05:00[America/New_York],Yes,2021-02-07,69144,Sunday
1803,B,17,2021-02-07T19:13:05-05:00[America/New_York],2021-02-07T19:13:22-05:00[America/New_York],Yes,2021-02-07,69185,Sunday
1803,C,20,2021-02-07T19:13:22-05:00[America/New_York],2021-02-07T19:13:42-05:00[America/New_York],Yes,2021-02-07,69202,Sunday
1803,<A>,41,2021-02-07T19:13:42-05:00[America/New_York],2021-02-07T19:14:23-05:00[America/New_York],Yes,2021-02-07,69222,Sunday
1803,C,15,2021-02-07T19:14:23-05:00[America/New_York],2021-02-07T19:14:38-05:00[America/New_York],Yes,2021-02-07,69263,Sunday
1803,<A>,77,2021-02-07T19:14:38-05:00[America/New_York],2021-02-07T19:15:55-05:00[America/New_York],NA,2021-02-07,69278,Sunday
1803,C,14,2021-02-07T19:15:55-05:00[America/New_York],2021-02-07T19:16:09-05:00[America/New_York],Yes,2021-02-07,69355,Sunday
1803,<A>,44,2021-02-07T19:16:09-05:00[America/New_York],2021-02-07T19:16:53-05:00[America/New_York],Yes,2021-02-07,69369,Sunday
1803,B,15,2021-02-07T19:16:53-05:00[America/New_York],2021-02-07T19:17:08-05:00[America/New_York],Yes,2021-02-07,69413,Sunday
1803,<A>,58,2021-02-07T19:17:08-05:00[America/New_York],2021-02-07T19:18:06-05:00[America/New_York],Yes,2021-02-07,69428,Sunday
1803,B,14,2021-02-07T19:18:06-05:00[America/New_York],2021-02-07T19:18:20-05:00[America/New_York],Yes,2021-02-07,69486,Sunday
1803,C,14,2021-02-07T19:18:20-05:00[America/New_York],2021-02-07T19:18:34-05:00[America/New_York],Yes,2021-02-07,69500,Sunday
1803,<A>,38,2021-02-07T19:18:34-05:00[America/New_York],2021-02-07T19:19:12-05:00[America/New_York],Yes,2021-02-07,69514,Sunday
1803,C,16,2021-02-07T19:19:12-05:00[America/New_York],2021-02-07T19:19:28-05:00[America/New_York],Yes,2021-02-07,69552,Sunday
1803,<A>,37,2021-02-07T19:19:28-05:00[America/New_York],2021-02-07T19:20:05-05:00[America/New_York],Yes,2021-02-07,69568,Sunday
1803,B,16,2021-02-07T19:20:05-05:00[America/New_York],2021-02-07T19:20:21-05:00[America/New_York],Yes,2021-02-07,69605,Sunday
1803,<A>,43,2021-02-07T19:20:21-05:00[America/New_York],2021-02-07T19:21:04-05:00[America/New_York],Yes,2021-02-07,69621,Sunday
1803,B,15,2021-02-07T19:21:04-05:00[America/New_York],2021-02-07T19:21:19-05:00[America/New_York],Yes,2021-02-07,69664,Sunday
1803,<A>,37,2021-02-07T19:21:19-05:00[America/New_York],2021-02-07T19:21:56-05:00[America/New_York],Yes,2021-02-07,69679,Sunday
1803,B,16,2021-02-07T19:21:56-05:00[America/New_York],2021-02-07T19:22:12-05:00[America/New_York],NA,2021-02-07,69716,Sunday
1803,C,20,2021-02-07T19:22:12-05:00[America/New_York],2021-02-07T19:22:32-05:00[America/New_York],Yes,2021-02-07,69732,Sunday
1803,<A>,38,2021-02-07T19:22:32-05:00[America/New_York],2021-02-07T19:23:10-05:00[America/New_York],Yes,2021-02-07,69752,Sunday
1803,C,19,2021-02-07T19:23:10-05:00[America/New_York],2021-02-07T19:23:29-05:00[America/New_York],Yes,2021-02-07,69790,Sunday
1803,<A>,37,2021-02-07T19:23:29-05:00[America/New_York],2021-02-07T19:24:06-05:00[America/New_York],Yes,2021-02-07,69809,Sunday
1803,B,14,2021-02-07T19:24:06-05:00[America/New_York],2021-02-07T19:24:20-05:00[America/New_York],Yes,2021-02-07,69846,Sunday
1803,<A>,42,2021-02-07T19:24:20-05:00[America/New_York],2021-02-07T19:25:02-05:00[America/New_York],Yes,2021-02-07,69860,Sunday
1803,C,15,2021-02-07T19:25:02-05:00[America/New_York],2021-02-07T19:25:17-05:00[America/New_York],Yes,2021-02-07,69902,Sunday
1803,<A>,43,2021-02-07T19:25:17-05:00[America/New_York],2021-02-07T19:26:00-05:00[America/New_York],Yes,2021-02-07,69917,Sunday
1803,B,16,2021-02-07T19:26:00-05:00[America/New_York],2021-02-07T19:26:16-05:00[America/New_York],Yes,2021-02-07,69960,Sunday
1803,<A>,39,2021-02-07T19:26:16-05:00[America/New_York],2021-02-07T19:26:55-05:00[America/New_York],Yes,2021-02-07,69976,Sunday
1803,B,16,2021-02-07T19:26:55-05:00[America/New_York],2021-02-07T19:27:11-05:00[America/New_York],Yes,2021-02-07,70015,Sunday
1803,<A>,70,2021-02-07T19:27:11-05:00[America/New_York],2021-02-07T19:28:21-05:00[America/New_York],NA,2021-02-07,70031,Sunday
1803,C,15,2021-02-07T19:28:21-05:00[America/New_York],2021-02-07T19:28:36-05:00[America/New_York],Yes,2021-02-07,70101,Sunday
1803,<A>,38,2021-02-07T19:28:36-05:00[America/New_York],2021-02-07T19:29:14-05:00[America/New_York],Yes,2021-02-07,70116,Sunday
1803,B,19,2021-02-07T19:29:14-05:00[America/New_York],2021-02-07T19:29:33-05:00[America/New_York],Yes,2021-02-07,70154,Sunday
1803,<A>,61,2021-02-07T19:29:33-05:00[America/New_York],2021-02-07T19:30:34-05:00[America/New_York],NA,2021-02-07,70173,Sunday
1803,B,14,2021-02-07T19:30:34-05:00[America/New_York],2021-02-07T19:30:48-05:00[America/New_York],Yes,2021-02-07,70234,Sunday
1803,<A>,37,2021-02-07T19:30:48-05:00[America/New_York],2021-02-07T19:31:25-05:00[America/New_York],Yes,2021-02-07,70248,Sunday
1803,C,15,2021-02-07T19:31:25-05:00[America/New_York],2021-02-07T19:31:40-05:00[America/New_York],Yes,2021-02-07,70285,Sunday
1803,<A>,38,2021-02-07T19:31:40-05:00[America/New_York],2021-02-07T19:32:18-05:00[America/New_York],Yes,2021-02-07,70300,Sunday
1803,B,15,2021-02-07T19:32:18-05:00[America/New_York],2021-02-07T19:32:33-05:00[America/New_York],Yes,2021-02-07,70338,Sunday
1803,<A>,40,2021-02-07T19:32:33-05:00[America/New_York],2021-02-07T19:33:13-05:00[America/New_York],Yes,2021-02-07,70353,Sunday
1803,C,19,2021-02-07T19:33:13-05:00[America/New_York],2021-02-07T19:33:32-05:00[America/New_York],Yes,2021-02-07,70393,Sunday
1803,<A>,46,2021-02-07T19:33:32-05:00[America/New_York],2021-02-07T19:34:18-05:00[America/New_York],Yes,2021-02-07,70412,Sunday
1803,B,15,2021-02-07T19:34:18-05:00[America/New_York],2021-02-07T19:34:33-05:00[America/New_York],NA,2021-02-07,70458,Sunday
1803,C,14,2021-02-07T19:34:33-05:00[America/New_York],2021-02-07T19:34:47-05:00[America/New_York],Yes,2021-02-07,70473,Sunday
1803,<A>,39,2021-02-07T19:34:47-05:00[America/New_York],2021-02-07T19:35:26-05:00[America/New_York],Yes,2021-02-07,70487,Sunday
1803,B,15,2021-02-07T19:35:26-05:00[America/New_York],2021-02-07T19:35:41-05:00[America/New_York],NA,2021-02-07,70526,Sunday
1803,C,19,2021-02-07T19:35:41-05:00[America/New_York],2021-02-07T19:36:00-05:00[America/New_York],Yes,2021-02-07,70541,Sunday
1803,<A>,37,2021-02-07T19:36:00-05:00[America/New_York],2021-02-07T19:36:37-05:00[America/New_York],Yes,2021-02-07,70560,Sunday
1803,B,15,2021-02-07T19:36:37-05:00[America/New_York],2021-02-07T19:36:52-05:00[America/New_York],Yes,2021-02-07,70597,Sunday
1803,<A>,56,2021-02-07T19:36:52-05:00[America/New_York],2021-02-07T19:37:48-05:00[America/New_York],Yes,2021-02-07,70612,Sunday
1803,B,14,2021-02-07T19:37:48-05:00[America/New_York],2021-02-07T19:38:02-05:00[America/New_York],NA,2021-02-07,70668,Sunday
1803,C,14,2021-02-07T19:38:02-05:00[America/New_York],2021-02-07T19:38:16-05:00[America/New_York],Yes,2021-02-07,70682,Sunday
1803,<A>,51,2021-02-07T19:38:16-05:00[America/New_York],2021-02-07T19:39:07-05:00[America/New_York],Yes,2021-02-07,70696,Sunday
1803,C,17,2021-02-07T19:39:07-05:00[America/New_York],2021-02-07T19:39:24-05:00[America/New_York],Yes,2021-02-07,70747,Sunday
1803,<A>,40,2021-02-07T19:39:24-05:00[America/New_York],2021-02-07T19:40:04-05:00[America/New_York],Yes,2021-02-07,70764,Sunday
1803,C,17,2021-02-07T19:40:04-05:00[America/New_York],2021-02-07T19:40:21-05:00[America/New_York],Yes,2021-02-07,70804,Sunday
1803,<A>,37,2021-02-07T19:40:21-05:00[America/New_York],2021-02-07T19:40:58-05:00[America/New_York],Yes,2021-02-07,70821,Sunday
1803,B,15,2021-02-07T19:40:58-05:00[America/New_York],2021-02-07T19:41:13-05:00[America/New_York],Yes,2021-02-07,70858,Sunday
1803,<A>,37,2021-02-07T19:41:13-05:00[America/New_York],2021-02-07T19:41:50-05:00[America/New_York],Yes,2021-02-07,70873,Sunday
1803,C,15,2021-02-07T19:41:50-05:00[America/New_York],2021-02-07T19:42:05-05:00[America/New_York],Yes,2021-02-07,70910,Sunday
1803,<A>,40,2021-02-07T19:42:05-05:00[America/New_York],2021-02-07T19:42:45-05:00[America/New_York],Yes,2021-02-07,70925,Sunday
1803,C,14,2021-02-07T19:42:45-05:00[America/New_York],2021-02-07T19:42:59-05:00[America/New_York],Yes,2021-02-07,70965,Sunday
1803,<A>,40,2021-02-07T19:42:59-05:00[America/New_York],2021-02-07T19:43:39-05:00[America/New_York],Yes,2021-02-07,70979,Sunday
1803,B,15,2021-02-07T19:43:39-05:00[America/New_York],2021-02-07T19:43:54-05:00[America/New_York],NA,2021-02-07,71019,Sunday
1803,C,18,2021-02-07T19:43:54-05:00[America/New_York],2021-02-07T19:44:12-05:00[America/New_York],Yes,2021-02-07,71034,Sunday
1803,<A>,38,2021-02-07T19:44:12-05:00[America/New_York],2021-02-07T19:44:50-05:00[America/New_York],Yes,2021-02-07,71052,Sunday
1803,B,14,2021-02-07T19:44:50-05:00[America/New_York],2021-02-07T19:45:04-05:00[America/New_York],NA,2021-02-07,71090,Sunday
1803,C,15,2021-02-07T19:45:04-05:00[America/New_York],2021-02-07T19:45:19-05:00[America/New_York],Yes,2021-02-07,71104,Sunday
1803,<A>,41,2021-02-07T19:45:19-05:00[America/New_York],2021-02-07T19:46:00-05:00[America/New_York],Yes,2021-02-07,71119,Sunday
1803,B,15,2021-02-07T19:46:00-05:00[America/New_York],2021-02-07T19:46:15-05:00[America/New_York],NA,2021-02-07,71160,Sunday
1803,C,15,2021-02-07T19:46:15-05:00[America/New_York],2021-02-07T19:46:30-05:00[America/New_York],Yes,2021-02-07,71175,Sunday
1803,<A>,48,2021-02-07T19:46:30-05:00[America/New_York],2021-02-07T19:47:18-05:00[America/New_York],Yes,2021-02-07,71190,Sunday
1803,B,15,2021-02-07T19:47:18-05:00[America/New_York],2021-02-07T19:47:33-05:00[America/New_York],NA,2021-02-07,71238,Sunday
1803,C,14,2021-02-07T19:47:33-05:00[America/New_York],2021-02-07T19:47:47-05:00[America/New_York],Yes,2021-02-07,71253,Sunday
1803,<A>,37,2021-02-07T19:47:47-05:00[America/New_York],2021-02-07T19:48:24-05:00[America/New_York],Yes,2021-02-07,71267,Sunday
1803,B,15,2021-02-07T19:48:24-05:00[America/New_York],2021-02-07T19:48:39-05:00[America/New_York],Yes,2021-02-07,71304,Sunday
1803,<A>,51,2021-02-07T19:48:39-05:00[America/New_York],2021-02-07T19:49:30-05:00[America/New_York],Yes,2021-02-07,71319,Sunday
1803,B,16,2021-02-07T19:49:30-05:00[America/New_York],2021-02-07T19:49:46-05:00[America/New_York],Yes,2021-02-07,71370,Sunday
1803,<A>,37,2021-02-07T19:49:46-05:00[America/New_York],2021-02-07T19:50:23-05:00[America/New_York],Yes,2021-02-07,71386,Sunday
1803,B,14,2021-02-07T19:50:23-05:00[America/New_York],2021-02-07T19:50:37-05:00[America/New_York],Yes,2021-02-07,71423,Sunday
1803,<A>,38,2021-02-07T19:50:37-05:00[America/New_York],2021-02-07T19:51:15-05:00[America/New_York],Yes,2021-02-07,71437,Sunday
1803,B,14,2021-02-07T19:51:15-05:00[America/New_York],2021-02-07T19:51:29-05:00[America/New_York],NA,2021-02-07,71475,Sunday
1803,C,16,2021-02-07T19:51:29-05:00[America/New_York],2021-02-07T19:51:45-05:00[America/New_York],Yes,2021-02-07,71489,Sunday
1803,<A>,101,2021-02-07T19:51:45-05:00[America/New_York],2021-02-07T19:53:26-05:00[America/New_York],NA,2021-02-07,71505,Sunday
1803,C,14,2021-02-07T19:53:26-05:00[America/New_York],2021-02-07T19:53:40-05:00[America/New_York],Yes,2021-02-07,71606,Sunday
1803,<A>,92,2021-02-07T19:53:40-05:00[America/New_York],2021-02-07T19:55:12-05:00[America/New_York],NA,2021-02-07,71620,Sunday
1803,B,14,2021-02-07T19:55:12-05:00[America/New_York],2021-02-07T19:55:26-05:00[America/New_York],Yes,2021-02-07,71712,Sunday
1803,<A>,37,2021-02-07T19:55:26-05:00[America/New_York],2021-02-07T19:56:03-05:00[America/New_York],Yes,2021-02-07,71726,Sunday
1803,C,19,2021-02-07T19:56:03-05:00[America/New_York],2021-02-07T19:56:22-05:00[America/New_York],Yes,2021-02-07,71763,Sunday
1803,<A>,57,2021-02-07T19:56:22-05:00[America/New_York],2021-02-07T19:57:19-05:00[America/New_York],Yes,2021-02-07,71782,Sunday
1803,B,14,2021-02-07T19:57:19-05:00[America/New_York],2021-02-07T19:57:33-05:00[America/New_York],Yes,2021-02-07,71839,Sunday
1803,<A>,69,2021-02-07T19:57:33-05:00[America/New_York],2021-02-07T19:58:42-05:00[America/New_York],Yes,2021-02-07,71853,Sunday
1803,C,14,2021-02-07T19:58:42-05:00[America/New_York],2021-02-07T19:58:56-05:00[America/New_York],Yes,2021-02-07,71922,Sunday
1803,<A>,37,2021-02-07T19:58:56-05:00[America/New_York],2021-02-07T19:59:33-05:00[America/New_York],Yes,2021-02-07,71936,Sunday
1803,B,19,2021-02-07T19:59:33-05:00[America/New_York],2021-02-07T19:59:52-05:00[America/New_York],Yes,2021-02-07,71973,Sunday
1803,<A>,37,2021-02-07T19:59:52-05:00[America/New_York],2021-02-07T20:00:29-05:00[America/New_York],Yes,2021-02-07,71992,Sunday
1803,B,14,2021-02-07T20:00:29-05:00[America/New_York],2021-02-07T20:00:43-05:00[America/New_York],Yes,2021-02-07,72029,Sunday
1803,<A>,78,2021-02-07T20:00:43-05:00[America/New_York],2021-02-07T20:02:01-05:00[America/New_York],NA,2021-02-07,72043,Sunday
1803,B,19,2021-02-07T20:02:01-05:00[America/New_York],2021-02-07T20:02:20-05:00[America/New_York],Yes,2021-02-07,72121,Sunday
1803,<A>,38,2021-02-07T20:02:20-05:00[America/New_York],2021-02-07T20:02:58-05:00[America/New_York],Yes,2021-02-07,72140,Sunday
1803,C,19,2021-02-07T20:02:58-05:00[America/New_York],2021-02-07T20:03:17-05:00[America/New_York],Yes,2021-02-07,72178,Sunday
1803,<A>,94,2021-02-07T20:03:17-05:00[America/New_York],2021-02-07T20:04:51-05:00[America/New_York],NA,2021-02-07,72197,Sunday
1803,B,14,2021-02-07T20:04:51-05:00[America/New_York],2021-02-07T20:05:05-05:00[America/New_York],Yes,2021-02-07,72291,Sunday
1803,<A>,37,2021-02-07T20:05:05-05:00[America/New_York],2021-02-07T20:05:42-05:00[America/New_York],Yes,2021-02-07,72305,Sunday
1803,B,15,2021-02-07T20:05:42-05:00[America/New_York],2021-02-07T20:05:57-05:00[America/New_York],NA,2021-02-07,72342,Sunday
1803,C,14,2021-02-07T20:05:57-05:00[America/New_York],2021-02-07T20:06:11-05:00[America/New_York],Yes,2021-02-07,72357,Sunday
1803,<A>,38,2021-02-07T20:06:11-05:00[America/New_York],2021-02-07T20:06:49-05:00[America/New_York],Yes,2021-02-07,72371,Sunday
1803,C,16,2021-02-07T20:06:49-05:00[America/New_York],2021-02-07T20:07:05-05:00[America/New_York],Yes,2021-02-07,72409,Sunday
1803,<A>,37,2021-02-07T20:07:05-05:00[America/New_York],2021-02-07T20:07:42-05:00[America/New_York],Yes,2021-02-07,72425,Sunday
1803,B,14,2021-02-07T20:07:42-05:00[America/New_York],2021-02-07T20:07:56-05:00[America/New_York],Yes,2021-02-07,72462,Sunday
1803,<A>,38,2021-02-07T20:07:56-05:00[America/New_York],2021-02-07T20:08:34-05:00[America/New_York],Yes,2021-02-07,72476,Sunday
1803,C,15,2021-02-07T20:08:34-05:00[America/New_York],2021-02-07T20:08:49-05:00[America/New_York],Yes,2021-02-07,72514,Sunday
1803,<A>,42,2021-02-07T20:08:49-05:00[America/New_York],2021-02-07T20:09:31-05:00[America/New_York],Yes,2021-02-07,72529,Sunday
1803,B,15,2021-02-07T20:09:31-05:00[America/New_York],2021-02-07T20:09:46-05:00[America/New_York],NA,2021-02-07,72571,Sunday
1803,C,14,2021-02-07T20:09:46-05:00[America/New_York],2021-02-07T20:10:00-05:00[America/New_York],Yes,2021-02-07,72586,Sunday
1803,<A>,37,2021-02-07T20:10:00-05:00[America/New_York],2021-02-07T20:10:37-05:00[America/New_York],Yes,2021-02-07,72600,Sunday
1803,B,15,2021-02-07T20:10:37-05:00[America/New_York],2021-02-07T20:10:52-05:00[America/New_York],NA,2021-02-07,72637,Sunday
1803,C,16,2021-02-07T20:10:52-05:00[America/New_York],2021-02-07T20:11:08-05:00[America/New_York],Yes,2021-02-07,72652,Sunday
1803,<A>,37,2021-02-07T20:11:08-05:00[America/New_York],2021-02-07T20:11:45-05:00[America/New_York],Yes,2021-02-07,72668,Sunday
1803,B,15,2021-02-07T20:11:45-05:00[America/New_York],2021-02-07T20:12:00-05:00[America/New_York],Yes,2021-02-07,72705,Sunday
1803,<A>,38,2021-02-07T20:12:00-05:00[America/New_York],2021-02-07T20:12:38-05:00[America/New_York],Yes,2021-02-07,72720,Sunday
1803,C,14,2021-02-07T20:12:38-05:00[America/New_York],2021-02-07T20:12:52-05:00[America/New_York],Yes,2021-02-07,72758,Sunday
1803,<A>,45,2021-02-07T20:12:52-05:00[America/New_York],2021-02-07T20:13:37-05:00[America/New_York],Yes,2021-02-07,72772,Sunday
1803,B,15,2021-02-07T20:13:37-05:00[America/New_York],2021-02-07T20:13:52-05:00[America/New_York],NA,2021-02-07,72817,Sunday
1803,C,15,2021-02-07T20:13:52-05:00[America/New_York],2021-02-07T20:14:07-05:00[America/New_York],Yes,2021-02-07,72832,Sunday
1803,<A>,38,2021-02-07T20:14:07-05:00[America/New_York],2021-02-07T20:14:45-05:00[America/New_York],Yes,2021-02-07,72847,Sunday
1803,B,15,2021-02-07T20:14:45-05:00[America/New_York],2021-02-07T20:15:00-05:00[America/New_York],NA,2021-02-07,72885,Sunday
1803,C,14,2021-02-07T20:15:00-05:00[America/New_York],2021-02-07T20:15:14-05:00[America/New_York],Yes,2021-02-07,72900,Sunday
1803,<A>,37,2021-02-07T20:15:14-05:00[America/New_York],2021-02-07T20:15:51-05:00[America/New_York],Yes,2021-02-07,72914,Sunday
1803,B,15,2021-02-07T20:15:51-05:00[America/New_York],2021-02-07T20:16:06-05:00[America/New_York],Yes,2021-02-07,72951,Sunday
1803,<A>,39,2021-02-07T20:16:06-05:00[America/New_York],2021-02-07T20:16:45-05:00[America/New_York],Yes,2021-02-07,72966,Sunday
1803,B,24,2021-02-07T20:16:45-05:00[America/New_York],2021-02-07T20:17:09-05:00[America/New_York],Yes,2021-02-07,73005,Sunday
1803,<A>,37,2021-02-07T20:17:09-05:00[America/New_York],2021-02-07T20:17:46-05:00[America/New_York],Yes,2021-02-07,73029,Sunday
1803,B,15,2021-02-07T20:17:46-05:00[America/New_York],2021-02-07T20:18:01-05:00[America/New_York],NA,2021-02-07,73066,Sunday
1803,C,15,2021-02-07T20:18:01-05:00[America/New_York],2021-02-07T20:18:16-05:00[America/New_York],Yes,2021-02-07,73081,Sunday
1803,<A>,75,2021-02-07T20:18:16-05:00[America/New_York],2021-02-07T20:19:31-05:00[America/New_York],Yes,2021-02-07,73096,Sunday
1803,C,15,2021-02-07T20:19:31-05:00[America/New_York],2021-02-07T20:19:46-05:00[America/New_York],Yes,2021-02-07,73171,Sunday
1803,<A>,40,2021-02-07T20:19:46-05:00[America/New_York],2021-02-07T20:20:26-05:00[America/New_York],Yes,2021-02-07,73186,Sunday
1803,B,15,2021-02-07T20:20:26-05:00[America/New_York],2021-02-07T20:20:41-05:00[America/New_York],Yes,2021-02-07,73226,Sunday
1803,<A>,37,2021-02-07T20:20:41-05:00[America/New_York],2021-02-07T20:21:18-05:00[America/New_York],Yes,2021-02-07,73241,Sunday
1803,B,15,2021-02-07T20:21:18-05:00[America/New_York],2021-02-07T20:21:33-05:00[America/New_York],Yes,2021-02-07,73278,Sunday
1803,<A>,49,2021-02-07T20:21:33-05:00[America/New_York],2021-02-07T20:22:22-05:00[America/New_York],Yes,2021-02-07,73293,Sunday
1803,B,15,2021-02-07T20:22:22-05:00[America/New_York],2021-02-07T20:22:37-05:00[America/New_York],Yes,2021-02-07,73342,Sunday
1803,<A>,41,2021-02-07T20:22:37-05:00[America/New_York],2021-02-07T20:23:18-05:00[America/New_York],Yes,2021-02-07,73357,Sunday
1803,C,14,2021-02-07T20:23:18-05:00[America/New_York],2021-02-07T20:23:32-05:00[America/New_York],Yes,2021-02-07,73398,Sunday
1803,<A>,39,2021-02-07T20:23:32-05:00[America/New_York],2021-02-07T20:24:11-05:00[America/New_York],Yes,2021-02-07,73412,Sunday
1803,B,15,2021-02-07T20:24:11-05:00[America/New_York],2021-02-07T20:24:26-05:00[America/New_York],NA,2021-02-07,73451,Sunday
1803,C,14,2021-02-07T20:24:26-05:00[America/New_York],2021-02-07T20:24:40-05:00[America/New_York],Yes,2021-02-07,73466,Sunday
1803,<A>,97,2021-02-07T20:24:40-05:00[America/New_York],2021-02-07T20:26:17-05:00[America/New_York],NA,2021-02-07,73480,Sunday
1803,C,14,2021-02-07T20:26:17-05:00[America/New_York],2021-02-07T20:26:31-05:00[America/New_York],Yes,2021-02-07,73577,Sunday
1803,<A>,39,2021-02-07T20:26:31-05:00[America/New_York],2021-02-07T20:27:10-05:00[America/New_York],Yes,2021-02-07,73591,Sunday
1803,B,19,2021-02-07T20:27:10-05:00[America/New_York],2021-02-07T20:27:29-05:00[America/New_York],Yes,2021-02-07,73630,Sunday
1803,<A>,43,2021-02-07T20:27:29-05:00[America/New_York],2021-02-07T20:28:12-05:00[America/New_York],Yes,2021-02-07,73649,Sunday
1803,B,15,2021-02-07T20:28:12-05:00[America/New_York],2021-02-07T20:28:27-05:00[America/New_York],NA,2021-02-07,73692,Sunday
1803,C,14,2021-02-07T20:28:27-05:00[America/New_York],2021-02-07T20:28:41-05:00[America/New_York],Yes,2021-02-07,73707,Sunday
1803,<A>,49,2021-02-07T20:28:41-05:00[America/New_York],2021-02-07T20:29:30-05:00[America/New_York],Yes,2021-02-07,73721,Sunday
1803,B,14,2021-02-07T20:29:30-05:00[America/New_York],2021-02-07T20:29:44-05:00[America/New_York],Yes,2021-02-07,73770,Sunday
1803,<A>,40,2021-02-07T20:29:44-05:00[America/New_York],2021-02-07T20:30:24-05:00[America/New_York],Yes,2021-02-07,73784,Sunday
1803,B,14,2021-02-07T20:30:24-05:00[America/New_York],2021-02-07T20:30:38-05:00[America/New_York],Yes,2021-02-07,73824,Sunday
1803,<A>,42,2021-02-07T20:30:38-05:00[America/New_York],2021-02-07T20:31:20-05:00[America/New_York],Yes,2021-02-07,73838,Sunday
1803,B,15,2021-02-07T20:31:20-05:00[America/New_York],2021-02-07T20:31:35-05:00[America/New_York],NA,2021-02-07,73880,Sunday
1803,C,15,2021-02-07T20:31:35-05:00[America/New_York],2021-02-07T20:31:50-05:00[America/New_York],Yes,2021-02-07,73895,Sunday
1803,<A>,47,2021-02-07T20:31:50-05:00[America/New_York],2021-02-07T20:32:37-05:00[America/New_York],Yes,2021-02-07,73910,Sunday
1803,B,18,2021-02-07T20:32:37-05:00[America/New_York],2021-02-07T20:32:55-05:00[America/New_York],Yes,2021-02-07,73957,Sunday
1803,<A>,40,2021-02-07T20:32:55-05:00[America/New_York],2021-02-07T20:33:35-05:00[America/New_York],Yes,2021-02-07,73975,Sunday
1803,B,14,2021-02-07T20:33:35-05:00[America/New_York],2021-02-07T20:33:49-05:00[America/New_York],NA,2021-02-07,74015,Sunday
1803,C,15,2021-02-07T20:33:49-05:00[America/New_York],2021-02-07T20:34:04-05:00[America/New_York],Yes,2021-02-07,74029,Sunday
1803,<A>,40,2021-02-07T20:34:04-05:00[America/New_York],2021-02-07T20:34:44-05:00[America/New_York],Yes,2021-02-07,74044,Sunday
1803,B,15,2021-02-07T20:34:44-05:00[America/New_York],2021-02-07T20:34:59-05:00[America/New_York],Yes,2021-02-07,74084,Sunday
1803,<A>,37,2021-02-07T20:34:59-05:00[America/New_York],2021-02-07T20:35:36-05:00[America/New_York],Yes,2021-02-07,74099,Sunday
1803,B,24,2021-02-07T20:35:36-05:00[America/New_York],2021-02-07T20:36:00-05:00[America/New_York],Yes,2021-02-07,74136,Sunday
1803,<A>,132,2021-02-07T20:36:00-05:00[America/New_York],2021-02-07T20:38:12-05:00[America/New_York],Yes,2021-02-07,74160,Sunday
1803,C,14,2021-02-07T20:38:12-05:00[America/New_York],2021-02-07T20:38:26-05:00[America/New_York],Yes,2021-02-07,74292,Sunday
1803,<A>,37,2021-02-07T20:38:26-05:00[America/New_York],2021-02-07T20:39:03-05:00[America/New_York],Yes,2021-02-07,74306,Sunday
1803,C,16,2021-02-07T20:39:03-05:00[America/New_York],2021-02-07T20:39:19-05:00[America/New_York],Yes,2021-02-07,74343,Sunday
1803,<A>,37,2021-02-07T20:39:19-05:00[America/New_York],2021-02-07T20:39:56-05:00[America/New_York],Yes,2021-02-07,74359,Sunday
1803,B,15,2021-02-07T20:39:56-05:00[America/New_York],2021-02-07T20:40:11-05:00[America/New_York],NA,2021-02-07,74396,Sunday
1803,C,16,2021-02-07T20:40:11-05:00[America/New_York],2021-02-07T20:40:27-05:00[America/New_York],Yes,2021-02-07,74411,Sunday
1803,<A>,90,2021-02-07T20:40:27-05:00[America/New_York],2021-02-07T20:41:57-05:00[America/New_York],NA,2021-02-07,74427,Sunday
1803,C,14,2021-02-07T20:41:57-05:00[America/New_York],2021-02-07T20:42:11-05:00[America/New_York],Yes,2021-02-07,74517,Sunday
1803,<A>,38,2021-02-07T20:42:11-05:00[America/New_York],2021-02-07T20:42:49-05:00[America/New_York],Yes,2021-02-07,74531,Sunday
1803,B,14,2021-02-07T20:42:49-05:00[America/New_York],2021-02-07T20:43:03-05:00[America/New_York],NA,2021-02-07,74569,Sunday
1803,C,15,2021-02-07T20:43:03-05:00[America/New_York],2021-02-07T20:43:18-05:00[America/New_York],Yes,2021-02-07,74583,Sunday
1803,<A>,94,2021-02-07T20:43:18-05:00[America/New_York],2021-02-07T20:44:52-05:00[America/New_York],NA,2021-02-07,74598,Sunday
1803,B,14,2021-02-07T20:44:52-05:00[America/New_York],2021-02-07T20:45:06-05:00[America/New_York],Yes,2021-02-07,74692,Sunday
1803,<A>,38,2021-02-07T20:45:06-05:00[America/New_York],2021-02-07T20:45:44-05:00[America/New_York],Yes,2021-02-07,74706,Sunday
1803,B,14,2021-02-07T20:45:44-05:00[America/New_York],2021-02-07T20:45:58-05:00[America/New_York],Yes,2021-02-07,74744,Sunday
1803,C,21,2021-02-07T20:45:58-05:00[America/New_York],2021-02-07T20:46:19-05:00[America/New_York],Yes,2021-02-07,74758,Sunday
1803,<A>,43,2021-02-07T20:46:19-05:00[America/New_York],2021-02-07T20:47:02-05:00[America/New_York],Yes,2021-02-07,74779,Sunday
1803,B,15,2021-02-07T20:47:02-05:00[America/New_York],2021-02-07T20:47:17-05:00[America/New_York],NA,2021-02-07,74822,Sunday
1803,C,14,2021-02-07T20:47:17-05:00[America/New_York],2021-02-07T20:47:31-05:00[America/New_York],Yes,2021-02-07,74837,Sunday
1803,<A>,60,2021-02-07T20:47:31-05:00[America/New_York],2021-02-07T20:48:31-05:00[America/New_York],Yes,2021-02-07,74851,Sunday
1803,B,19,2021-02-07T20:48:31-05:00[America/New_York],2021-02-07T20:48:50-05:00[America/New_York],Yes,2021-02-07,74911,Sunday
1803,<A>,64,2021-02-07T20:48:50-05:00[America/New_York],2021-02-07T20:49:54-05:00[America/New_York],Yes,2021-02-07,74930,Sunday
1803,B,16,2021-02-07T20:49:54-05:00[America/New_York],2021-02-07T20:50:10-05:00[America/New_York],NA,2021-02-07,74994,Sunday
1803,C,14,2021-02-07T20:50:10-05:00[America/New_York],2021-02-07T20:50:24-05:00[America/New_York],Yes,2021-02-07,75010,Sunday
1803,<A>,134,2021-02-07T20:50:24-05:00[America/New_York],2021-02-07T20:52:38-05:00[America/New_York],Yes,2021-02-07,75024,Sunday
1803,C,16,2021-02-07T20:52:38-05:00[America/New_York],2021-02-07T20:52:54-05:00[America/New_York],Yes,2021-02-07,75158,Sunday
1803,<A>,37,2021-02-07T20:52:54-05:00[America/New_York],2021-02-07T20:53:31-05:00[America/New_York],Yes,2021-02-07,75174,Sunday
1803,B,16,2021-02-07T20:53:31-05:00[America/New_York],2021-02-07T20:53:47-05:00[America/New_York],NA,2021-02-07,75211,Sunday
1803,C,14,2021-02-07T20:53:47-05:00[America/New_York],2021-02-07T20:54:01-05:00[America/New_York],Yes,2021-02-07,75227,Sunday
1803,<A>,51,2021-02-07T20:54:01-05:00[America/New_York],2021-02-07T20:54:52-05:00[America/New_York],Yes,2021-02-07,75241,Sunday
1803,B,16,2021-02-07T20:54:52-05:00[America/New_York],2021-02-07T20:55:08-05:00[America/New_York],Yes,2021-02-07,75292,Sunday
1803,<A>,37,2021-02-07T20:55:08-05:00[America/New_York],2021-02-07T20:55:45-05:00[America/New_York],Yes,2021-02-07,75308,Sunday
1803,C,15,2021-02-07T20:55:45-05:00[America/New_York],2021-02-07T20:56:00-05:00[America/New_York],Yes,2021-02-07,75345,Sunday
1803,<A>,37,2021-02-07T20:56:00-05:00[America/New_York],2021-02-07T20:56:37-05:00[America/New_York],Yes,2021-02-07,75360,Sunday
1803,B,15,2021-02-07T20:56:37-05:00[America/New_York],2021-02-07T20:56:52-05:00[America/New_York],NA,2021-02-07,75397,Sunday
1803,C,16,2021-02-07T20:56:52-05:00[America/New_York],2021-02-07T20:57:08-05:00[America/New_York],Yes,2021-02-07,75412,Sunday
1803,<A>,40,2021-02-07T20:57:08-05:00[America/New_York],2021-02-07T20:57:48-05:00[America/New_York],Yes,2021-02-07,75428,Sunday
1803,B,18,2021-02-07T20:57:48-05:00[America/New_York],2021-02-07T20:58:06-05:00[America/New_York],Yes,2021-02-07,75468,Sunday
1803,<A>,50,2021-02-07T20:58:06-05:00[America/New_York],2021-02-07T20:58:56-05:00[America/New_York],Yes,2021-02-07,75486,Sunday
1803,C,15,2021-02-07T20:58:56-05:00[America/New_York],2021-02-07T20:59:11-05:00[America/New_York],Yes,2021-02-07,75536,Sunday
1803,<A>,50,2021-02-07T20:59:11-05:00[America/New_York],2021-02-07T21:00:01-05:00[America/New_York],Yes,2021-02-07,75551,Sunday
1803,C,19,2021-02-07T21:00:01-05:00[America/New_York],2021-02-07T21:00:20-05:00[America/New_York],Yes,2021-02-07,75601,Sunday
1803,<A>,44,2021-02-07T21:00:20-05:00[America/New_York],2021-02-07T21:01:04-05:00[America/New_York],Yes,2021-02-07,75620,Sunday
1803,B,14,2021-02-07T21:01:04-05:00[America/New_York],2021-02-07T21:01:18-05:00[America/New_York],Yes,2021-02-07,75664,Sunday
1803,C,14,2021-02-07T21:01:18-05:00[America/New_York],2021-02-07T21:01:32-05:00[America/New_York],Yes,2021-02-07,75678,Sunday
1803,<A>,38,2021-02-07T21:01:32-05:00[America/New_York],2021-02-07T21:02:10-05:00[America/New_York],Yes,2021-02-07,75692,Sunday
1803,B,14,2021-02-07T21:02:10-05:00[America/New_York],2021-02-07T21:02:24-05:00[America/New_York],Yes,2021-02-07,75730,Sunday
1803,<A>,112,2021-02-07T21:02:24-05:00[America/New_York],2021-02-07T21:04:16-05:00[America/New_York],Yes,2021-02-07,75744,Sunday
1803,B,16,2021-02-07T21:04:16-05:00[America/New_York],2021-02-07T21:04:32-05:00[America/New_York],Yes,2021-02-07,75856,Sunday
1803,<A>,45,2021-02-07T21:04:32-05:00[America/New_York],2021-02-07T21:05:17-05:00[America/New_York],Yes,2021-02-07,75872,Sunday
1803,C,15,2021-02-07T21:05:17-05:00[America/New_York],2021-02-07T21:05:32-05:00[America/New_York],Yes,2021-02-07,75917,Sunday
1803,<A>,37,2021-02-07T21:05:32-05:00[America/New_York],2021-02-07T21:06:09-05:00[America/New_York],Yes,2021-02-07,75932,Sunday
1803,B,19,2021-02-07T21:06:09-05:00[America/New_York],2021-02-07T21:06:28-05:00[America/New_York],Yes,2021-02-07,75969,Sunday
1803,<A>,95,2021-02-07T21:06:28-05:00[America/New_York],2021-02-07T21:08:03-05:00[America/New_York],NA,2021-02-07,75988,Sunday
1803,C,14,2021-02-07T21:08:03-05:00[America/New_York],2021-02-07T21:08:17-05:00[America/New_York],Yes,2021-02-07,76083,Sunday
1803,<A>,41,2021-02-07T21:08:17-05:00[America/New_York],2021-02-07T21:08:58-05:00[America/New_York],Yes,2021-02-07,76097,Sunday
1803,B,15,2021-02-07T21:08:58-05:00[America/New_York],2021-02-07T21:09:13-05:00[America/New_York],NA,2021-02-07,76138,Sunday
1803,C,14,2021-02-07T21:09:13-05:00[America/New_York],2021-02-07T21:09:27-05:00[America/New_York],Yes,2021-02-07,76153,Sunday
1803,<A>,37,2021-02-07T21:09:27-05:00[America/New_York],2021-02-07T21:10:04-05:00[America/New_York],Yes,2021-02-07,76167,Sunday
1803,B,15,2021-02-07T21:10:04-05:00[America/New_York],2021-02-07T21:10:19-05:00[America/New_York],NA,2021-02-07,76204,Sunday
1803,C,14,2021-02-07T21:10:19-05:00[America/New_York],2021-02-07T21:10:33-05:00[America/New_York],Yes,2021-02-07,76219,Sunday
1803,<A>,82,2021-02-07T21:10:33-05:00[America/New_York],2021-02-07T21:11:55-05:00[America/New_York],NA,2021-02-07,76233,Sunday
1803,B,14,2021-02-07T21:11:55-05:00[America/New_York],2021-02-07T21:12:09-05:00[America/New_York],Yes,2021-02-07,76315,Sunday
1803,<A>,97,2021-02-07T21:12:09-05:00[America/New_York],2021-02-07T21:13:46-05:00[America/New_York],NA,2021-02-07,76329,Sunday
1803,C,14,2021-02-07T21:13:46-05:00[America/New_York],2021-02-07T21:14:00-05:00[America/New_York],Yes,2021-02-07,76426,Sunday
1803,<A>,37,2021-02-07T21:14:00-05:00[America/New_York],2021-02-07T21:14:37-05:00[America/New_York],Yes,2021-02-07,76440,Sunday
1803,C,15,2021-02-07T21:14:37-05:00[America/New_York],2021-02-07T21:14:52-05:00[America/New_York],Yes,2021-02-07,76477,Sunday
1803,<A>,38,2021-02-07T21:14:52-05:00[America/New_York],2021-02-07T21:15:30-05:00[America/New_York],Yes,2021-02-07,76492,Sunday
1803,B,15,2021-02-07T21:15:30-05:00[America/New_York],2021-02-07T21:15:45-05:00[America/New_York],NA,2021-02-07,76530,Sunday
1803,C,14,2021-02-07T21:15:45-05:00[America/New_York],2021-02-07T21:15:59-05:00[America/New_York],Yes,2021-02-07,76545,Sunday
1803,<A>,37,2021-02-07T21:15:59-05:00[America/New_York],2021-02-07T21:16:36-05:00[America/New_York],Yes,2021-02-07,76559,Sunday
1803,C,19,2021-02-07T21:16:36-05:00[America/New_York],2021-02-07T21:16:55-05:00[America/New_York],Yes,2021-02-07,76596,Sunday
1803,<A>,86,2021-02-07T21:16:55-05:00[America/New_York],2021-02-07T21:18:21-05:00[America/New_York],NA,2021-02-07,76615,Sunday
1803,B,14,2021-02-07T21:18:21-05:00[America/New_York],2021-02-07T21:18:35-05:00[America/New_York],NA,2021-02-07,76701,Sunday
1803,C,17,2021-02-07T21:18:35-05:00[America/New_York],2021-02-07T21:18:52-05:00[America/New_York],NA,2021-02-07,76715,Sunday
1803,<A>,57,2021-02-07T21:18:52-05:00[America/New_York],2021-02-07T21:19:49-05:00[America/New_York],Yes,2021-02-07,76732,Sunday
1803,C,14,2021-02-07T21:19:49-05:00[America/New_York],2021-02-07T21:20:03-05:00[America/New_York],Yes,2021-02-07,76789,Sunday
1803,<A>,62,2021-02-07T21:20:03-05:00[America/New_York],2021-02-07T21:21:05-05:00[America/New_York],Yes,2021-02-07,76803,Sunday
1803,B,14,2021-02-07T21:21:05-05:00[America/New_York],2021-02-07T21:21:19-05:00[America/New_York],Yes,2021-02-07,76865,Sunday
1803,<A>,52,2021-02-07T21:21:19-05:00[America/New_York],2021-02-07T21:22:11-05:00[America/New_York],Yes,2021-02-07,76879,Sunday
1803,B,14,2021-02-07T21:22:11-05:00[America/New_York],2021-02-07T21:22:25-05:00[America/New_York],NA,2021-02-07,76931,Sunday
1803,C,14,2021-02-07T21:22:25-05:00[America/New_York],2021-02-07T21:22:39-05:00[America/New_York],Yes,2021-02-07,76945,Sunday
1803,<A>,91,2021-02-07T21:22:39-05:00[America/New_York],2021-02-07T21:24:10-05:00[America/New_York],NA,2021-02-07,76959,Sunday
1803,C,14,2021-02-07T21:24:10-05:00[America/New_York],2021-02-07T21:24:24-05:00[America/New_York],Yes,2021-02-07,77050,Sunday
1803,<A>,37,2021-02-07T21:24:24-05:00[America/New_York],2021-02-07T21:25:01-05:00[America/New_York],Yes,2021-02-07,77064,Sunday
1803,B,16,2021-02-07T21:25:01-05:00[America/New_York],2021-02-07T21:25:17-05:00[America/New_York],Yes,2021-02-07,77101,Sunday
1803,<A>,37,2021-02-07T21:25:17-05:00[America/New_York],2021-02-07T21:25:54-05:00[America/New_York],Yes,2021-02-07,77117,Sunday
1803,C,14,2021-02-07T21:25:54-05:00[America/New_York],2021-02-07T21:26:08-05:00[America/New_York],Yes,2021-02-07,77154,Sunday
1803,<A>,38,2021-02-07T21:26:08-05:00[America/New_York],2021-02-07T21:26:46-05:00[America/New_York],Yes,2021-02-07,77168,Sunday
1803,C,14,2021-02-07T21:26:46-05:00[America/New_York],2021-02-07T21:27:00-05:00[America/New_York],Yes,2021-02-07,77206,Sunday
1803,<A>,38,2021-02-07T21:27:00-05:00[America/New_York],2021-02-07T21:27:38-05:00[America/New_York],Yes,2021-02-07,77220,Sunday
1803,B,14,2021-02-07T21:27:38-05:00[America/New_York],2021-02-07T21:27:52-05:00[America/New_York],Yes,2021-02-07,77258,Sunday
1803,<A>,37,2021-02-07T21:27:52-05:00[America/New_York],2021-02-07T21:28:29-05:00[America/New_York],Yes,2021-02-07,77272,Sunday
1803,B,15,2021-02-07T21:28:29-05:00[America/New_York],2021-02-07T21:28:44-05:00[America/New_York],Yes,2021-02-07,77309,Sunday
1803,<A>,49,2021-02-07T21:28:44-05:00[America/New_York],2021-02-07T21:29:33-05:00[America/New_York],Yes,2021-02-07,77324,Sunday
1803,C,17,2021-02-07T21:29:33-05:00[America/New_York],2021-02-07T21:29:50-05:00[America/New_York],Yes,2021-02-07,77373,Sunday
1803,<A>,37,2021-02-07T21:29:50-05:00[America/New_York],2021-02-07T21:30:27-05:00[America/New_York],Yes,2021-02-07,77390,Sunday
1803,C,15,2021-02-07T21:30:27-05:00[America/New_York],2021-02-07T21:30:42-05:00[America/New_York],Yes,2021-02-07,77427,Sunday
1803,<A>,37,2021-02-07T21:30:42-05:00[America/New_York],2021-02-07T21:31:19-05:00[America/New_York],Yes,2021-02-07,77442,Sunday
1803,B,15,2021-02-07T21:31:19-05:00[America/New_York],2021-02-07T21:31:34-05:00[America/New_York],NA,2021-02-07,77479,Sunday
1803,C,14,2021-02-07T21:31:34-05:00[America/New_York],2021-02-07T21:31:48-05:00[America/New_York],Yes,2021-02-07,77494,Sunday
1803,<A>,38,2021-02-07T21:31:48-05:00[America/New_York],2021-02-07T21:32:26-05:00[America/New_York],Yes,2021-02-07,77508,Sunday
1803,B,14,2021-02-07T21:32:26-05:00[America/New_York],2021-02-07T21:32:40-05:00[America/New_York],NA,2021-02-07,77546,Sunday
1803,C,15,2021-02-07T21:32:40-05:00[America/New_York],2021-02-07T21:32:55-05:00[America/New_York],Yes,2021-02-07,77560,Sunday
1803,<A>,37,2021-02-07T21:32:55-05:00[America/New_York],2021-02-07T21:33:32-05:00[America/New_York],Yes,2021-02-07,77575,Sunday
1803,B,15,2021-02-07T21:33:32-05:00[America/New_York],2021-02-07T21:33:47-05:00[America/New_York],NA,2021-02-07,77612,Sunday
1803,C,21,2021-02-07T21:33:47-05:00[America/New_York],2021-02-07T21:34:08-05:00[America/New_York],Yes,2021-02-07,77627,Sunday
1803,<A>,38,2021-02-07T21:34:08-05:00[America/New_York],2021-02-07T21:34:46-05:00[America/New_York],Yes,2021-02-07,77648,Sunday
1803,B,15,2021-02-07T21:34:46-05:00[America/New_York],2021-02-07T21:35:01-05:00[America/New_York],Yes,2021-02-07,77686,Sunday
1803,<A>,43,2021-02-07T21:35:01-05:00[America/New_York],2021-02-07T21:35:44-05:00[America/New_York],Yes,2021-02-07,77701,Sunday
1803,B,14,2021-02-07T21:35:44-05:00[America/New_York],2021-02-07T21:35:58-05:00[America/New_York],Yes,2021-02-07,77744,Sunday
1803,<A>,37,2021-02-07T21:35:58-05:00[America/New_York],2021-02-07T21:36:35-05:00[America/New_York],Yes,2021-02-07,77758,Sunday
1803,B,15,2021-02-07T21:36:35-05:00[America/New_York],2021-02-07T21:36:50-05:00[America/New_York],NA,2021-02-07,77795,Sunday
1803,C,21,2021-02-07T21:36:50-05:00[America/New_York],2021-02-07T21:37:11-05:00[America/New_York],Yes,2021-02-07,77810,Sunday
1803,<A>,38,2021-02-07T21:37:11-05:00[America/New_York],2021-02-07T21:37:49-05:00[America/New_York],Yes,2021-02-07,77831,Sunday
1803,B,27,2021-02-07T21:37:49-05:00[America/New_York],2021-02-07T21:38:16-05:00[America/New_York],Yes,2021-02-07,77869,Sunday
1803,<A>,71,2021-02-07T21:38:16-05:00[America/New_York],2021-02-07T21:39:27-05:00[America/New_York],Yes,2021-02-07,77896,Sunday
1803,C,14,2021-02-07T21:39:27-05:00[America/New_York],2021-02-07T21:39:41-05:00[America/New_York],Yes,2021-02-07,77967,Sunday
1803,<A>,41,2021-02-07T21:39:41-05:00[America/New_York],2021-02-07T21:40:22-05:00[America/New_York],Yes,2021-02-07,77981,Sunday
1803,B,14,2021-02-07T21:40:22-05:00[America/New_York],2021-02-07T21:40:36-05:00[America/New_York],NA,2021-02-07,78022,Sunday
1803,C,14,2021-02-07T21:40:36-05:00[America/New_York],2021-02-07T21:40:50-05:00[America/New_York],Yes,2021-02-07,78036,Sunday
1803,<A>,38,2021-02-07T21:40:50-05:00[America/New_York],2021-02-07T21:41:28-05:00[America/New_York],Yes,2021-02-07,78050,Sunday
1803,C,16,2021-02-07T21:41:28-05:00[America/New_York],2021-02-07T21:41:44-05:00[America/New_York],Yes,2021-02-07,78088,Sunday
1803,<A>,40,2021-02-07T21:41:44-05:00[America/New_York],2021-02-07T21:42:24-05:00[America/New_York],Yes,2021-02-07,78104,Sunday
1803,B,14,2021-02-07T21:42:24-05:00[America/New_York],2021-02-07T21:42:38-05:00[America/New_York],Yes,2021-02-07,78144,Sunday
1803,<A>,72,2021-02-07T21:42:38-05:00[America/New_York],2021-02-07T21:43:50-05:00[America/New_York],NA,2021-02-07,78158,Sunday
1803,C,14,2021-02-07T21:43:50-05:00[America/New_York],2021-02-07T21:44:04-05:00[America/New_York],Yes,2021-02-07,78230,Sunday
1803,<A>,38,2021-02-07T21:44:04-05:00[America/New_York],2021-02-07T21:44:42-05:00[America/New_York],Yes,2021-02-07,78244,Sunday
1803,B,16,2021-02-07T21:44:42-05:00[America/New_York],2021-02-07T21:44:58-05:00[America/New_York],NA,2021-02-07,78282,Sunday
1803,C,15,2021-02-07T21:44:58-05:00[America/New_York],2021-02-07T21:45:13-05:00[America/New_York],Yes,2021-02-07,78298,Sunday
1803,<A>,46,2021-02-07T21:45:13-05:00[America/New_York],2021-02-07T21:45:59-05:00[America/New_York],Yes,2021-02-07,78313,Sunday
1803,C,14,2021-02-07T21:45:59-05:00[America/New_York],2021-02-07T21:46:13-05:00[America/New_York],Yes,2021-02-07,78359,Sunday
1803,<A>,37,2021-02-07T21:46:13-05:00[America/New_York],2021-02-07T21:46:50-05:00[America/New_York],Yes,2021-02-07,78373,Sunday
1803,B,16,2021-02-07T21:46:50-05:00[America/New_York],2021-02-07T21:47:06-05:00[America/New_York],NA,2021-02-07,78410,Sunday
1803,C,14,2021-02-07T21:47:06-05:00[America/New_York],2021-02-07T21:47:20-05:00[America/New_York],Yes,2021-02-07,78426,Sunday
1803,<A>,37,2021-02-07T21:47:20-05:00[America/New_York],2021-02-07T21:47:57-05:00[America/New_York],Yes,2021-02-07,78440,Sunday
1803,B,15,2021-02-07T21:47:57-05:00[America/New_York],2021-02-07T21:48:12-05:00[America/New_York],Yes,2021-02-07,78477,Sunday
1803,<A>,73,2021-02-07T21:48:12-05:00[America/New_York],2021-02-07T21:49:25-05:00[America/New_York],NA,2021-02-07,78492,Sunday
1803,B,14,2021-02-07T21:49:25-05:00[America/New_York],2021-02-07T21:49:39-05:00[America/New_York],NA,2021-02-07,78565,Sunday
1803,C,14,2021-02-07T21:49:39-05:00[America/New_York],2021-02-07T21:49:53-05:00[America/New_York],Yes,2021-02-07,78579,Sunday
1803,<A>,38,2021-02-07T21:49:53-05:00[America/New_York],2021-02-07T21:50:31-05:00[America/New_York],Yes,2021-02-07,78593,Sunday
1803,B,14,2021-02-07T21:50:31-05:00[America/New_York],2021-02-07T21:50:45-05:00[America/New_York],Yes,2021-02-07,78631,Sunday
1803,<A>,206,2021-02-07T21:50:45-05:00[America/New_York],2021-02-07T21:54:11-05:00[America/New_York],Yes,2021-02-07,78645,Sunday
1803,B,16,2021-02-07T21:54:11-05:00[America/New_York],2021-02-07T21:54:27-05:00[America/New_York],Yes,2021-02-07,78851,Sunday
1803,<A>,42,2021-02-07T21:54:27-05:00[America/New_York],2021-02-07T21:55:09-05:00[America/New_York],Yes,2021-02-07,78867,Sunday
1803,C,14,2021-02-07T21:55:09-05:00[America/New_York],2021-02-07T21:55:23-05:00[America/New_York],Yes,2021-02-07,78909,Sunday
1803,<A>,39,2021-02-07T21:55:23-05:00[America/New_York],2021-02-07T21:56:02-05:00[America/New_York],Yes,2021-02-07,78923,Sunday
1803,B,14,2021-02-07T21:56:02-05:00[America/New_York],2021-02-07T21:56:16-05:00[America/New_York],Yes,2021-02-07,78962,Sunday
1803,<A>,37,2021-02-07T21:56:16-05:00[America/New_York],2021-02-07T21:56:53-05:00[America/New_York],Yes,2021-02-07,78976,Sunday
1803,C,15,2021-02-07T21:56:53-05:00[America/New_York],2021-02-07T21:57:08-05:00[America/New_York],Yes,2021-02-07,79013,Sunday
1803,<A>,57,2021-02-07T21:57:08-05:00[America/New_York],2021-02-07T21:58:05-05:00[America/New_York],Yes,2021-02-07,79028,Sunday
1803,B,14,2021-02-07T21:58:05-05:00[America/New_York],2021-02-07T21:58:19-05:00[America/New_York],Yes,2021-02-07,79085,Sunday
1803,<A>,49,2021-02-07T21:58:19-05:00[America/New_York],2021-02-07T21:59:08-05:00[America/New_York],Yes,2021-02-07,79099,Sunday
1803,C,16,2021-02-07T21:59:08-05:00[America/New_York],2021-02-07T21:59:24-05:00[America/New_York],Yes,2021-02-07,79148,Sunday
1803,<A>,40,2021-02-07T21:59:24-05:00[America/New_York],2021-02-07T22:00:04-05:00[America/New_York],Yes,2021-02-07,79164,Sunday
1803,C,14,2021-02-07T22:00:04-05:00[America/New_York],2021-02-07T22:00:18-05:00[America/New_York],Yes,2021-02-07,79204,Sunday
1803,<A>,46,2021-02-07T22:00:18-05:00[America/New_York],2021-02-07T22:01:04-05:00[America/New_York],Yes,2021-02-07,79218,Sunday
1803,B,16,2021-02-07T22:01:04-05:00[America/New_York],2021-02-07T22:01:20-05:00[America/New_York],Yes,2021-02-07,79264,Sunday
1803,<A>,196,2021-02-07T22:01:20-05:00[America/New_York],2021-02-07T22:04:36-05:00[America/New_York],NA,2021-02-07,79280,Sunday
1803,C,14,2021-02-07T22:04:36-05:00[America/New_York],2021-02-07T22:04:50-05:00[America/New_York],Yes,2021-02-07,79476,Sunday
1803,<A>,38,2021-02-07T22:04:50-05:00[America/New_York],2021-02-07T22:05:28-05:00[America/New_York],Yes,2021-02-07,79490,Sunday
1803,C,14,2021-02-07T22:05:28-05:00[America/New_York],2021-02-07T22:05:42-05:00[America/New_York],Yes,2021-02-07,79528,Sunday
1803,<A>,37,2021-02-07T22:05:42-05:00[America/New_York],2021-02-07T22:06:19-05:00[America/New_York],Yes,2021-02-07,79542,Sunday
1803,C,15,2021-02-07T22:06:19-05:00[America/New_York],2021-02-07T22:06:34-05:00[America/New_York],Yes,2021-02-07,79579,Sunday
1803,<A>,83,2021-02-07T22:06:34-05:00[America/New_York],2021-02-07T22:07:57-05:00[America/New_York],NA,2021-02-07,79594,Sunday
1803,C,14,2021-02-07T22:07:57-05:00[America/New_York],2021-02-07T22:08:11-05:00[America/New_York],Yes,2021-02-07,79677,Sunday
1803,<A>,46,2021-02-07T22:08:11-05:00[America/New_York],2021-02-07T22:08:57-05:00[America/New_York],Yes,2021-02-07,79691,Sunday
1803,B,15,2021-02-07T22:08:57-05:00[America/New_York],2021-02-07T22:09:12-05:00[America/New_York],Yes,2021-02-07,79737,Sunday
1803,<A>,78,2021-02-07T22:09:12-05:00[America/New_York],2021-02-07T22:10:30-05:00[America/New_York],NA,2021-02-07,79752,Sunday
1803,C,17,2021-02-07T22:10:30-05:00[America/New_York],2021-02-07T22:10:47-05:00[America/New_York],Yes,2021-02-07,79830,Sunday
1803,<A>,37,2021-02-07T22:10:47-05:00[America/New_York],2021-02-07T22:11:24-05:00[America/New_York],Yes,2021-02-07,79847,Sunday
1803,B,14,2021-02-07T22:11:24-05:00[America/New_York],2021-02-07T22:11:38-05:00[America/New_York],Yes,2021-02-07,79884,Sunday
1803,<A>,38,2021-02-07T22:11:38-05:00[America/New_York],2021-02-07T22:12:16-05:00[America/New_York],Yes,2021-02-07,79898,Sunday
1803,C,14,2021-02-07T22:12:16-05:00[America/New_York],2021-02-07T22:12:30-05:00[America/New_York],Yes,2021-02-07,79936,Sunday
1803,<A>,63,2021-02-07T22:12:30-05:00[America/New_York],2021-02-07T22:13:33-05:00[America/New_York],NA,2021-02-07,79950,Sunday
1803,B,14,2021-02-07T22:13:33-05:00[America/New_York],2021-02-07T22:13:47-05:00[America/New_York],Yes,2021-02-07,80013,Sunday
1803,<A>,43,2021-02-07T22:13:47-05:00[America/New_York],2021-02-07T22:14:30-05:00[America/New_York],Yes,2021-02-07,80027,Sunday
1803,C,14,2021-02-07T22:14:30-05:00[America/New_York],2021-02-07T22:14:44-05:00[America/New_York],Yes,2021-02-07,80070,Sunday
1803,<A>,38,2021-02-07T22:14:44-05:00[America/New_York],2021-02-07T22:15:22-05:00[America/New_York],Yes,2021-02-07,80084,Sunday
1803,C,16,2021-02-07T22:15:22-05:00[America/New_York],2021-02-07T22:15:38-05:00[America/New_York],Yes,2021-02-07,80122,Sunday
1803,<A>,38,2021-02-07T22:15:38-05:00[America/New_York],2021-02-07T22:16:16-05:00[America/New_York],Yes,2021-02-07,80138,Sunday
1803,B,16,2021-02-07T22:16:16-05:00[America/New_York],2021-02-07T22:16:32-05:00[America/New_York],Yes,2021-02-07,80176,Sunday
1803,<A>,40,2021-02-07T22:16:32-05:00[America/New_York],2021-02-07T22:17:12-05:00[America/New_York],Yes,2021-02-07,80192,Sunday
1803,B,14,2021-02-07T22:17:12-05:00[America/New_York],2021-02-07T22:17:26-05:00[America/New_York],NA,2021-02-07,80232,Sunday
1803,C,18,2021-02-07T22:17:26-05:00[America/New_York],2021-02-07T22:17:44-05:00[America/New_York],Yes,2021-02-07,80246,Sunday
1803,<A>,38,2021-02-07T22:17:44-05:00[America/New_York],2021-02-07T22:18:22-05:00[America/New_York],Yes,2021-02-07,80264,Sunday
1803,B,14,2021-02-07T22:18:22-05:00[America/New_York],2021-02-07T22:18:36-05:00[America/New_York],NA,2021-02-07,80302,Sunday
1803,C,15,2021-02-07T22:18:36-05:00[America/New_York],2021-02-07T22:18:51-05:00[America/New_York],Yes,2021-02-07,80316,Sunday
1803,<A>,37,2021-02-07T22:18:51-05:00[America/New_York],2021-02-07T22:19:28-05:00[America/New_York],Yes,2021-02-07,80331,Sunday
1803,C,16,2021-02-07T22:19:28-05:00[America/New_York],2021-02-07T22:19:44-05:00[America/New_York],Yes,2021-02-07,80368,Sunday
1803,<A>,122,2021-02-07T22:19:44-05:00[America/New_York],2021-02-07T22:21:46-05:00[America/New_York],Yes,2021-02-07,80384,Sunday
1803,C,15,2021-02-07T22:21:46-05:00[America/New_York],2021-02-07T22:22:01-05:00[America/New_York],Yes,2021-02-07,80506,Sunday
1803,<A>,37,2021-02-07T22:22:01-05:00[America/New_York],2021-02-07T22:22:38-05:00[America/New_York],Yes,2021-02-07,80521,Sunday
1803,B,15,2021-02-07T22:22:38-05:00[America/New_York],2021-02-07T22:22:53-05:00[America/New_York],NA,2021-02-07,80558,Sunday
1803,C,14,2021-02-07T22:22:53-05:00[America/New_York],2021-02-07T22:23:07-05:00[America/New_York],Yes,2021-02-07,80573,Sunday
1803,<A>,67,2021-02-07T22:23:07-05:00[America/New_York],2021-02-07T22:24:14-05:00[America/New_York],Yes,2021-02-07,80587,Sunday
1803,B,17,2021-02-07T22:24:14-05:00[America/New_York],2021-02-07T22:24:31-05:00[America/New_York],Yes,2021-02-07,80654,Sunday
1803,<A>,40,2021-02-07T22:24:31-05:00[America/New_York],2021-02-07T22:25:11-05:00[America/New_York],Yes,2021-02-07,80671,Sunday
1803,B,14,2021-02-07T22:25:11-05:00[America/New_York],2021-02-07T22:25:25-05:00[America/New_York],Yes,2021-02-07,80711,Sunday
1803,<A>,50,2021-02-07T22:25:25-05:00[America/New_York],2021-02-07T22:26:15-05:00[America/New_York],Yes,2021-02-07,80725,Sunday
1803,B,14,2021-02-07T22:26:15-05:00[America/New_York],2021-02-07T22:26:29-05:00[America/New_York],Yes,2021-02-07,80775,Sunday
1803,<A>,41,2021-02-07T22:26:29-05:00[America/New_York],2021-02-07T22:27:10-05:00[America/New_York],Yes,2021-02-07,80789,Sunday
1803,C,15,2021-02-07T22:27:10-05:00[America/New_York],2021-02-07T22:27:25-05:00[America/New_York],Yes,2021-02-07,80830,Sunday
1803,<A>,37,2021-02-07T22:27:25-05:00[America/New_York],2021-02-07T22:28:02-05:00[America/New_York],Yes,2021-02-07,80845,Sunday
1803,B,16,2021-02-07T22:28:02-05:00[America/New_York],2021-02-07T22:28:18-05:00[America/New_York],Yes,2021-02-07,80882,Sunday
1803,<A>,46,2021-02-07T22:28:18-05:00[America/New_York],2021-02-07T22:29:04-05:00[America/New_York],Yes,2021-02-07,80898,Sunday
1803,B,15,2021-02-07T22:29:04-05:00[America/New_York],2021-02-07T22:29:19-05:00[America/New_York],Yes,2021-02-07,80944,Sunday
1803,<A>,37,2021-02-07T22:29:19-05:00[America/New_York],2021-02-07T22:29:56-05:00[America/New_York],Yes,2021-02-07,80959,Sunday
1803,B,15,2021-02-07T22:29:56-05:00[America/New_York],2021-02-07T22:30:11-05:00[America/New_York],Yes,2021-02-07,80996,Sunday
1803,<A>,37,2021-02-07T22:30:11-05:00[America/New_York],2021-02-07T22:30:48-05:00[America/New_York],Yes,2021-02-07,81011,Sunday
1803,B,14,2021-02-07T22:30:48-05:00[America/New_York],2021-02-07T22:31:02-05:00[America/New_York],NA,2021-02-07,81048,Sunday
1803,C,16,2021-02-07T22:31:02-05:00[America/New_York],2021-02-07T22:31:18-05:00[America/New_York],Yes,2021-02-07,81062,Sunday
1803,<A>,50,2021-02-07T22:31:18-05:00[America/New_York],2021-02-07T22:32:08-05:00[America/New_York],Yes,2021-02-07,81078,Sunday
1803,B,15,2021-02-07T22:32:08-05:00[America/New_York],2021-02-07T22:32:23-05:00[America/New_York],NA,2021-02-07,81128,Sunday
1803,C,14,2021-02-07T22:32:23-05:00[America/New_York],2021-02-07T22:32:37-05:00[America/New_York],Yes,2021-02-07,81143,Sunday
1803,<A>,67,2021-02-07T22:32:37-05:00[America/New_York],2021-02-07T22:33:44-05:00[America/New_York],Yes,2021-02-07,81157,Sunday
1803,C,14,2021-02-07T22:33:44-05:00[America/New_York],2021-02-07T22:33:58-05:00[America/New_York],Yes,2021-02-07,81224,Sunday
1803,<A>,38,2021-02-07T22:33:58-05:00[America/New_York],2021-02-07T22:34:36-05:00[America/New_York],Yes,2021-02-07,81238,Sunday
1803,B,14,2021-02-07T22:34:36-05:00[America/New_York],2021-02-07T22:34:50-05:00[America/New_York],Yes,2021-02-07,81276,Sunday
1803,C,24,2021-02-07T22:34:50-05:00[America/New_York],2021-02-07T22:35:14-05:00[America/New_York],Yes,2021-02-07,81290,Sunday
1803,<A>,37,2021-02-07T22:35:14-05:00[America/New_York],2021-02-07T22:35:51-05:00[America/New_York],Yes,2021-02-07,81314,Sunday
1803,B,16,2021-02-07T22:35:51-05:00[America/New_York],2021-02-07T22:36:07-05:00[America/New_York],NA,2021-02-07,81351,Sunday
1803,C,21,2021-02-07T22:36:07-05:00[America/New_York],2021-02-07T22:36:28-05:00[America/New_York],Yes,2021-02-07,81367,Sunday
1803,<A>,38,2021-02-07T22:36:28-05:00[America/New_York],2021-02-07T22:37:06-05:00[America/New_York],Yes,2021-02-07,81388,Sunday
1803,C,14,2021-02-07T22:37:06-05:00[America/New_York],2021-02-07T22:37:20-05:00[America/New_York],Yes,2021-02-07,81426,Sunday
1803,<A>,39,2021-02-07T22:37:20-05:00[America/New_York],2021-02-07T22:37:59-05:00[America/New_York],Yes,2021-02-07,81440,Sunday
1803,B,16,2021-02-07T22:37:59-05:00[America/New_York],2021-02-07T22:38:15-05:00[America/New_York],NA,2021-02-07,81479,Sunday
1803,C,14,2021-02-07T22:38:15-05:00[America/New_York],2021-02-07T22:38:29-05:00[America/New_York],Yes,2021-02-07,81495,Sunday
1803,<A>,37,2021-02-07T22:38:29-05:00[America/New_York],2021-02-07T22:39:06-05:00[America/New_York],Yes,2021-02-07,81509,Sunday
1803,B,15,2021-02-07T22:39:06-05:00[America/New_York],2021-02-07T22:39:21-05:00[America/New_York],NA,2021-02-07,81546,Sunday
1803,C,14,2021-02-07T22:39:21-05:00[America/New_York],2021-02-07T22:39:35-05:00[America/New_York],Yes,2021-02-07,81561,Sunday
1803,<A>,48,2021-02-07T22:39:35-05:00[America/New_York],2021-02-07T22:40:23-05:00[America/New_York],Yes,2021-02-07,81575,Sunday
1803,B,16,2021-02-07T22:40:23-05:00[America/New_York],2021-02-07T22:40:39-05:00[America/New_York],NA,2021-02-07,81623,Sunday
1803,C,16,2021-02-07T22:40:39-05:00[America/New_York],2021-02-07T22:40:55-05:00[America/New_York],Yes,2021-02-07,81639,Sunday
1803,<A>,87,2021-02-07T22:40:55-05:00[America/New_York],2021-02-07T22:42:22-05:00[America/New_York],NA,2021-02-07,81655,Sunday
1803,C,14,2021-02-07T22:42:22-05:00[America/New_York],2021-02-07T22:42:36-05:00[America/New_York],Yes,2021-02-07,81742,Sunday
1803,<A>,39,2021-02-07T22:42:36-05:00[America/New_York],2021-02-07T22:43:15-05:00[America/New_York],Yes,2021-02-07,81756,Sunday
1803,B,16,2021-02-07T22:43:15-05:00[America/New_York],2021-02-07T22:43:31-05:00[America/New_York],NA,2021-02-07,81795,Sunday
1803,C,16,2021-02-07T22:43:31-05:00[America/New_York],2021-02-07T22:43:47-05:00[America/New_York],Yes,2021-02-07,81811,Sunday
1803,<A>,38,2021-02-07T22:43:47-05:00[America/New_York],2021-02-07T22:44:25-05:00[America/New_York],Yes,2021-02-07,81827,Sunday
1803,B,14,2021-02-07T22:44:25-05:00[America/New_York],2021-02-07T22:44:39-05:00[America/New_York],Yes,2021-02-07,81865,Sunday
1803,<A>,47,2021-02-07T22:44:39-05:00[America/New_York],2021-02-07T22:45:26-05:00[America/New_York],Yes,2021-02-07,81879,Sunday
1803,C,15,2021-02-07T22:45:26-05:00[America/New_York],2021-02-07T22:45:41-05:00[America/New_York],Yes,2021-02-07,81926,Sunday
1803,<A>,39,2021-02-07T22:45:41-05:00[America/New_York],2021-02-07T22:46:20-05:00[America/New_York],Yes,2021-02-07,81941,Sunday
1803,C,19,2021-02-07T22:46:20-05:00[America/New_York],2021-02-07T22:46:39-05:00[America/New_York],Yes,2021-02-07,81980,Sunday
1803,<A>,37,2021-02-07T22:46:39-05:00[America/New_York],2021-02-07T22:47:16-05:00[America/New_York],Yes,2021-02-07,81999,Sunday
1803,B,16,2021-02-07T22:47:16-05:00[America/New_York],2021-02-07T22:47:32-05:00[America/New_York],NA,2021-02-07,82036,Sunday
1803,C,14,2021-02-07T22:47:32-05:00[America/New_York],2021-02-07T22:47:46-05:00[America/New_York],Yes,2021-02-07,82052,Sunday
1803,<A>,45,2021-02-07T22:47:46-05:00[America/New_York],2021-02-07T22:48:31-05:00[America/New_York],Yes,2021-02-07,82066,Sunday
1803,C,14,2021-02-07T22:48:31-05:00[America/New_York],2021-02-07T22:48:45-05:00[America/New_York],Yes,2021-02-07,82111,Sunday
1803,<A>,38,2021-02-07T22:48:45-05:00[America/New_York],2021-02-07T22:49:23-05:00[America/New_York],Yes,2021-02-07,82125,Sunday
1803,B,22,2021-02-07T22:49:23-05:00[America/New_York],2021-02-07T22:49:45-05:00[America/New_York],Yes,2021-02-07,82163,Sunday
1803,<A>,38,2021-02-07T22:49:45-05:00[America/New_York],2021-02-07T22:50:23-05:00[America/New_York],Yes,2021-02-07,82185,Sunday
1803,B,14,2021-02-07T22:50:23-05:00[America/New_York],2021-02-07T22:50:37-05:00[America/New_York],Yes,2021-02-07,82223,Sunday
1803,C,18,2021-02-07T22:50:37-05:00[America/New_York],2021-02-07T22:50:55-05:00[America/New_York],Yes,2021-02-07,82237,Sunday
1803,<A>,41,2021-02-07T22:50:55-05:00[America/New_York],2021-02-07T22:51:36-05:00[America/New_York],Yes,2021-02-07,82255,Sunday
1803,B,16,2021-02-07T22:51:36-05:00[America/New_York],2021-02-07T22:51:52-05:00[America/New_York],Yes,2021-02-07,82296,Sunday
1803,<A>,42,2021-02-07T22:51:52-05:00[America/New_York],2021-02-07T22:52:34-05:00[America/New_York],Yes,2021-02-07,82312,Sunday
1803,C,15,2021-02-07T22:52:34-05:00[America/New_York],2021-02-07T22:52:49-05:00[America/New_York],Yes,2021-02-07,82354,Sunday
1803,<A>,42,2021-02-07T22:52:49-05:00[America/New_York],2021-02-07T22:53:31-05:00[America/New_York],Yes,2021-02-07,82369,Sunday
1803,B,16,2021-02-07T22:53:31-05:00[America/New_York],2021-02-07T22:53:47-05:00[America/New_York],NA,2021-02-07,82411,Sunday
1803,C,14,2021-02-07T22:53:47-05:00[America/New_York],2021-02-07T22:54:01-05:00[America/New_York],Yes,2021-02-07,82427,Sunday
1803,<A>,38,2021-02-07T22:54:01-05:00[America/New_York],2021-02-07T22:54:39-05:00[America/New_York],Yes,2021-02-07,82441,Sunday
1803,B,16,2021-02-07T22:54:39-05:00[America/New_York],2021-02-07T22:54:55-05:00[America/New_York],NA,2021-02-07,82479,Sunday
1803,C,16,2021-02-07T22:54:55-05:00[America/New_York],2021-02-07T22:55:11-05:00[America/New_York],Yes,2021-02-07,82495,Sunday
1803,<A>,89,2021-02-07T22:55:11-05:00[America/New_York],2021-02-07T22:56:40-05:00[America/New_York],Yes,2021-02-07,82511,Sunday
1803,B,15,2021-02-07T22:56:40-05:00[America/New_York],2021-02-07T22:56:55-05:00[America/New_York],Yes,2021-02-07,82600,Sunday
1803,<A>,44,2021-02-07T22:56:55-05:00[America/New_York],2021-02-07T22:57:39-05:00[America/New_York],Yes,2021-02-07,82615,Sunday
1803,B,19,2021-02-07T22:57:39-05:00[America/New_York],2021-02-07T22:57:58-05:00[America/New_York],Yes,2021-02-07,82659,Sunday
1803,<A>,103,2021-02-07T22:57:58-05:00[America/New_York],2021-02-07T22:59:41-05:00[America/New_York],NA,2021-02-07,82678,Sunday
1803,C,14,2021-02-07T22:59:41-05:00[America/New_York],2021-02-07T22:59:55-05:00[America/New_York],Yes,2021-02-07,82781,Sunday
1803,<A>,58,2021-02-07T22:59:55-05:00[America/New_York],2021-02-07T23:00:53-05:00[America/New_York],Yes,2021-02-07,82795,Sunday
1803,C,15,2021-02-07T23:00:53-05:00[America/New_York],2021-02-07T23:01:08-05:00[America/New_York],Yes,2021-02-07,82853,Sunday
1803,<A>,74,2021-02-07T23:01:08-05:00[America/New_York],2021-02-07T23:02:22-05:00[America/New_York],NA,2021-02-07,82868,Sunday
1803,C,17,2021-02-07T23:02:22-05:00[America/New_York],2021-02-07T23:02:39-05:00[America/New_York],Yes,2021-02-07,82942,Sunday
1803,<A>,53,2021-02-07T23:02:39-05:00[America/New_York],2021-02-07T23:03:32-05:00[America/New_York],Yes,2021-02-07,82959,Sunday
1803,B,14,2021-02-07T23:03:32-05:00[America/New_York],2021-02-07T23:03:46-05:00[America/New_York],Yes,2021-02-07,83012,Sunday
1803,<A>,42,2021-02-07T23:03:46-05:00[America/New_York],2021-02-07T23:04:28-05:00[America/New_York],Yes,2021-02-07,83026,Sunday
1803,B,15,2021-02-07T23:04:28-05:00[America/New_York],2021-02-07T23:04:43-05:00[America/New_York],Yes,2021-02-07,83068,Sunday
1803,<A>,86,2021-02-07T23:04:43-05:00[America/New_York],2021-02-07T23:06:09-05:00[America/New_York],NA,2021-02-07,83083,Sunday
1803,B,14,2021-02-07T23:06:09-05:00[America/New_York],2021-02-07T23:06:23-05:00[America/New_York],Yes,2021-02-07,83169,Sunday
1803,<A>,42,2021-02-07T23:06:23-05:00[America/New_York],2021-02-07T23:07:05-05:00[America/New_York],Yes,2021-02-07,83183,Sunday
1803,C,15,2021-02-07T23:07:05-05:00[America/New_York],2021-02-07T23:07:20-05:00[America/New_York],Yes,2021-02-07,83225,Sunday
1803,<A>,54,2021-02-07T23:07:20-05:00[America/New_York],2021-02-07T23:08:14-05:00[America/New_York],Yes,2021-02-07,83240,Sunday
1803,B,14,2021-02-07T23:08:14-05:00[America/New_York],2021-02-07T23:08:28-05:00[America/New_York],Yes,2021-02-07,83294,Sunday
1803,<A>,80,2021-02-07T23:08:28-05:00[America/New_York],2021-02-07T23:09:48-05:00[America/New_York],Yes,2021-02-07,83308,Sunday
1803,B,15,2021-02-07T23:09:48-05:00[America/New_York],2021-02-07T23:10:03-05:00[America/New_York],Yes,2021-02-07,83388,Sunday
1803,<A>,58,2021-02-07T23:10:03-05:00[America/New_York],2021-02-07T23:11:01-05:00[America/New_York],Yes,2021-02-07,83403,Sunday
1803,C,14,2021-02-07T23:11:01-05:00[America/New_York],2021-02-07T23:11:15-05:00[America/New_York],Yes,2021-02-07,83461,Sunday
1803,<A>,37,2021-02-07T23:11:15-05:00[America/New_York],2021-02-07T23:11:52-05:00[America/New_York],Yes,2021-02-07,83475,Sunday
1803,B,16,2021-02-07T23:11:52-05:00[America/New_York],2021-02-07T23:12:08-05:00[America/New_York],NA,2021-02-07,83512,Sunday
1803,C,14,2021-02-07T23:12:08-05:00[America/New_York],2021-02-07T23:12:22-05:00[America/New_York],Yes,2021-02-07,83528,Sunday
1803,<A>,43,2021-02-07T23:12:22-05:00[America/New_York],2021-02-07T23:13:05-05:00[America/New_York],Yes,2021-02-07,83542,Sunday
1803,C,14,2021-02-07T23:13:05-05:00[America/New_York],2021-02-07T23:13:19-05:00[America/New_York],Yes,2021-02-07,83585,Sunday
1803,<A>,38,2021-02-07T23:13:19-05:00[America/New_York],2021-02-07T23:13:57-05:00[America/New_York],Yes,2021-02-07,83599,Sunday
1803,B,14,2021-02-07T23:13:57-05:00[America/New_York],2021-02-07T23:14:11-05:00[America/New_York],Yes,2021-02-07,83637,Sunday
1803,<A>,38,2021-02-07T23:14:11-05:00[America/New_York],2021-02-07T23:14:49-05:00[America/New_York],Yes,2021-02-07,83651,Sunday
1803,B,15,2021-02-07T23:14:49-05:00[America/New_York],2021-02-07T23:15:04-05:00[America/New_York],NA,2021-02-07,83689,Sunday
1803,C,18,2021-02-07T23:15:04-05:00[America/New_York],2021-02-07T23:15:22-05:00[America/New_York],Yes,2021-02-07,83704,Sunday
1803,<A>,37,2021-02-07T23:15:22-05:00[America/New_York],2021-02-07T23:15:59-05:00[America/New_York],Yes,2021-02-07,83722,Sunday
1803,B,17,2021-02-07T23:15:59-05:00[America/New_York],2021-02-07T23:16:16-05:00[America/New_York],Yes,2021-02-07,83759,Sunday
1803,<A>,37,2021-02-07T23:16:16-05:00[America/New_York],2021-02-07T23:16:53-05:00[America/New_York],Yes,2021-02-07,83776,Sunday
1803,C,19,2021-02-07T23:16:53-05:00[America/New_York],2021-02-07T23:17:12-05:00[America/New_York],Yes,2021-02-07,83813,Sunday
1803,<A>,37,2021-02-07T23:17:12-05:00[America/New_York],2021-02-07T23:17:49-05:00[America/New_York],Yes,2021-02-07,83832,Sunday
1803,B,17,2021-02-07T23:17:49-05:00[America/New_York],2021-02-07T23:18:06-05:00[America/New_York],Yes,2021-02-07,83869,Sunday
1803,<A>,37,2021-02-07T23:18:06-05:00[America/New_York],2021-02-07T23:18:43-05:00[America/New_York],Yes,2021-02-07,83886,Sunday
1803,B,15,2021-02-07T23:18:43-05:00[America/New_York],2021-02-07T23:18:58-05:00[America/New_York],Yes,2021-02-07,83923,Sunday
1803,<A>,42,2021-02-07T23:18:58-05:00[America/New_York],2021-02-07T23:19:40-05:00[America/New_York],Yes,2021-02-07,83938,Sunday
1803,B,14,2021-02-07T23:19:40-05:00[America/New_York],2021-02-07T23:19:54-05:00[America/New_York],Yes,2021-02-07,83980,Sunday
1803,<A>,53,2021-02-07T23:19:54-05:00[America/New_York],2021-02-07T23:20:47-05:00[America/New_York],Yes,2021-02-07,83994,Sunday
1803,B,15,2021-02-07T23:20:47-05:00[America/New_York],2021-02-07T23:21:02-05:00[America/New_York],NA,2021-02-07,84047,Sunday
1803,<A>,45,2021-02-07T23:21:02-05:00[America/New_York],2021-02-07T23:21:47-05:00[America/New_York],Yes,2021-02-07,84062,Sunday
1803,B,15,2021-02-07T23:21:47-05:00[America/New_York],2021-02-07T23:22:02-05:00[America/New_York],NA,2021-02-07,84107,Sunday
1803,C,20,2021-02-07T23:22:02-05:00[America/New_York],2021-02-07T23:22:22-05:00[America/New_York],Yes,2021-02-07,84122,Sunday
1803,<A>,37,2021-02-07T23:22:22-05:00[America/New_York],2021-02-07T23:22:59-05:00[America/New_York],Yes,2021-02-07,84142,Sunday
1803,C,15,2021-02-07T23:22:59-05:00[America/New_York],2021-02-07T23:23:14-05:00[America/New_York],Yes,2021-02-07,84179,Sunday
1803,<A>,37,2021-02-07T23:23:14-05:00[America/New_York],2021-02-07T23:23:51-05:00[America/New_York],Yes,2021-02-07,84194,Sunday
1803,B,14,2021-02-07T23:23:51-05:00[America/New_York],2021-02-07T23:24:05-05:00[America/New_York],Yes,2021-02-07,84231,Sunday
1803,<A>,49,2021-02-07T23:24:05-05:00[America/New_York],2021-02-07T23:24:54-05:00[America/New_York],Yes,2021-02-07,84245,Sunday
1803,B,14,2021-02-07T23:24:54-05:00[America/New_York],2021-02-07T23:25:08-05:00[America/New_York],Yes,2021-02-07,84294,Sunday
1803,C,17,2021-02-07T23:25:08-05:00[America/New_York],2021-02-07T23:25:25-05:00[America/New_York],Yes,2021-02-07,84308,Sunday
1803,<A>,79,2021-02-07T23:25:25-05:00[America/New_York],2021-02-07T23:26:44-05:00[America/New_York],Yes,2021-02-07,84325,Sunday
1803,C,14,2021-02-07T23:26:44-05:00[America/New_York],2021-02-07T23:26:58-05:00[America/New_York],Yes,2021-02-07,84404,Sunday
1803,<A>,68,2021-02-07T23:26:58-05:00[America/New_York],2021-02-07T23:28:06-05:00[America/New_York],Yes,2021-02-07,84418,Sunday
1803,C,16,2021-02-07T23:28:06-05:00[America/New_York],2021-02-07T23:28:22-05:00[America/New_York],Yes,2021-02-07,84486,Sunday
1803,<A>,37,2021-02-07T23:28:22-05:00[America/New_York],2021-02-07T23:28:59-05:00[America/New_York],Yes,2021-02-07,84502,Sunday
1803,B,15,2021-02-07T23:28:59-05:00[America/New_York],2021-02-07T23:29:14-05:00[America/New_York],Yes,2021-02-07,84539,Sunday
1803,<A>,37,2021-02-07T23:29:14-05:00[America/New_York],2021-02-07T23:29:51-05:00[America/New_York],Yes,2021-02-07,84554,Sunday
1803,C,15,2021-02-07T23:29:51-05:00[America/New_York],2021-02-07T23:30:06-05:00[America/New_York],Yes,2021-02-07,84591,Sunday
1803,<A>,37,2021-02-07T23:30:06-05:00[America/New_York],2021-02-07T23:30:43-05:00[America/New_York],Yes,2021-02-07,84606,Sunday
1803,B,18,2021-02-07T23:30:43-05:00[America/New_York],2021-02-07T23:31:01-05:00[America/New_York],Yes,2021-02-07,84643,Sunday
1803,<A>,48,2021-02-07T23:31:01-05:00[America/New_York],2021-02-07T23:31:49-05:00[America/New_York],Yes,2021-02-07,84661,Sunday
1803,B,16,2021-02-07T23:31:49-05:00[America/New_York],2021-02-07T23:32:05-05:00[America/New_York],Yes,2021-02-07,84709,Sunday
1803,<A>,44,2021-02-07T23:32:05-05:00[America/New_York],2021-02-07T23:32:49-05:00[America/New_York],Yes,2021-02-07,84725,Sunday
1803,C,14,2021-02-07T23:32:49-05:00[America/New_York],2021-02-07T23:33:03-05:00[America/New_York],Yes,2021-02-07,84769,Sunday
1803,<A>,42,2021-02-07T23:33:03-05:00[America/New_York],2021-02-07T23:33:45-05:00[America/New_York],Yes,2021-02-07,84783,Sunday
1803,B,14,2021-02-07T23:33:45-05:00[America/New_York],2021-02-07T23:33:59-05:00[America/New_York],Yes,2021-02-07,84825,Sunday
1803,<A>,38,2021-02-07T23:33:59-05:00[America/New_York],2021-02-07T23:34:37-05:00[America/New_York],Yes,2021-02-07,84839,Sunday
1803,B,14,2021-02-07T23:34:37-05:00[America/New_York],2021-02-07T23:34:51-05:00[America/New_York],Yes,2021-02-07,84877,Sunday
1803,C,15,2021-02-07T23:34:51-05:00[America/New_York],2021-02-07T23:35:06-05:00[America/New_York],Yes,2021-02-07,84891,Sunday
1803,<A>,37,2021-02-07T23:35:06-05:00[America/New_York],2021-02-07T23:35:43-05:00[America/New_York],Yes,2021-02-07,84906,Sunday
1803,C,27,2021-02-07T23:35:43-05:00[America/New_York],2021-02-07T23:36:10-05:00[America/New_York],Yes,2021-02-07,84943,Sunday
1803,<A>,38,2021-02-07T23:36:10-05:00[America/New_York],2021-02-07T23:36:48-05:00[America/New_York],Yes,2021-02-07,84970,Sunday
1803,C,14,2021-02-07T23:36:48-05:00[America/New_York],2021-02-07T23:37:02-05:00[America/New_York],Yes,2021-02-07,85008,Sunday
1803,<A>,39,2021-02-07T23:37:02-05:00[America/New_York],2021-02-07T23:37:41-05:00[America/New_York],Yes,2021-02-07,85022,Sunday
1803,C,14,2021-02-07T23:37:41-05:00[America/New_York],2021-02-07T23:37:55-05:00[America/New_York],Yes,2021-02-07,85061,Sunday
1803,<A>,40,2021-02-07T23:37:55-05:00[America/New_York],2021-02-07T23:38:35-05:00[America/New_York],Yes,2021-02-07,85075,Sunday
1803,B,14,2021-02-07T23:38:35-05:00[America/New_York],2021-02-07T23:38:49-05:00[America/New_York],Yes,2021-02-07,85115,Sunday
1803,<A>,42,2021-02-07T23:38:49-05:00[America/New_York],2021-02-07T23:39:31-05:00[America/New_York],Yes,2021-02-07,85129,Sunday
1803,B,14,2021-02-07T23:39:31-05:00[America/New_York],2021-02-07T23:39:45-05:00[America/New_York],Yes,2021-02-07,85171,Sunday
1803,<A>,48,2021-02-07T23:39:45-05:00[America/New_York],2021-02-07T23:40:33-05:00[America/New_York],Yes,2021-02-07,85185,Sunday
1803,C,14,2021-02-07T23:40:33-05:00[America/New_York],2021-02-07T23:40:47-05:00[America/New_York],Yes,2021-02-07,85233,Sunday
1803,<A>,39,2021-02-07T23:40:47-05:00[America/New_York],2021-02-07T23:41:26-05:00[America/New_York],Yes,2021-02-07,85247,Sunday
1803,B,16,2021-02-07T23:41:26-05:00[America/New_York],2021-02-07T23:41:42-05:00[America/New_York],Yes,2021-02-07,85286,Sunday
1803,<A>,79,2021-02-07T23:41:42-05:00[America/New_York],2021-02-07T23:43:01-05:00[America/New_York],NA,2021-02-07,85302,Sunday
1803,C,14,2021-02-07T23:43:01-05:00[America/New_York],2021-02-07T23:43:15-05:00[America/New_York],Yes,2021-02-07,85381,Sunday
1803,<A>,43,2021-02-07T23:43:15-05:00[America/New_York],2021-02-07T23:43:58-05:00[America/New_York],Yes,2021-02-07,85395,Sunday
1803,C,14,2021-02-07T23:43:58-05:00[America/New_York],2021-02-07T23:44:12-05:00[America/New_York],Yes,2021-02-07,85438,Sunday
1803,<A>,37,2021-02-07T23:44:12-05:00[America/New_York],2021-02-07T23:44:49-05:00[America/New_York],Yes,2021-02-07,85452,Sunday
1803,B,15,2021-02-07T23:44:49-05:00[America/New_York],2021-02-07T23:45:04-05:00[America/New_York],NA,2021-02-07,85489,Sunday
1803,C,14,2021-02-07T23:45:04-05:00[America/New_York],2021-02-07T23:45:18-05:00[America/New_York],Yes,2021-02-07,85504,Sunday
1803,<A>,43,2021-02-07T23:45:18-05:00[America/New_York],2021-02-07T23:46:01-05:00[America/New_York],Yes,2021-02-07,85518,Sunday
1803,B,15,2021-02-07T23:46:01-05:00[America/New_York],2021-02-07T23:46:16-05:00[America/New_York],NA,2021-02-07,85561,Sunday
1803,C,14,2021-02-07T23:46:16-05:00[America/New_York],2021-02-07T23:46:30-05:00[America/New_York],Yes,2021-02-07,85576,Sunday
1803,<A>,55,2021-02-07T23:46:30-05:00[America/New_York],2021-02-07T23:47:25-05:00[America/New_York],Yes,2021-02-07,85590,Sunday
1803,B,14,2021-02-07T23:47:25-05:00[America/New_York],2021-02-07T23:47:39-05:00[America/New_York],Yes,2021-02-07,85645,Sunday
1803,<A>,38,2021-02-07T23:47:39-05:00[America/New_York],2021-02-07T23:48:17-05:00[America/New_York],Yes,2021-02-07,85659,Sunday
1803,C,14,2021-02-07T23:48:17-05:00[America/New_York],2021-02-07T23:48:31-05:00[America/New_York],Yes,2021-02-07,85697,Sunday
1803,<A>,356,2021-02-07T23:48:31-05:00[America/New_York],2021-02-07T23:54:27-05:00[America/New_York],NA,2021-02-07,85711,Sunday
1803,C,15,2021-02-07T23:54:27-05:00[America/New_York],2021-02-07T23:54:42-05:00[America/New_York],Yes,2021-02-07,86067,Sunday
1803,<A>,58,2021-02-07T23:54:42-05:00[America/New_York],2021-02-07T23:55:40-05:00[America/New_York],Yes,2021-02-07,86082,Sunday
1803,C,15,2021-02-07T23:55:40-05:00[America/New_York],2021-02-07T23:55:55-05:00[America/New_York],Yes,2021-02-07,86140,Sunday
1803,<A>,39,2021-02-07T23:55:55-05:00[America/New_York],2021-02-07T23:56:34-05:00[America/New_York],Yes,2021-02-07,86155,Sunday
1803,B,15,2021-02-07T23:56:34-05:00[America/New_York],2021-02-07T23:56:49-05:00[America/New_York],Yes,2021-02-07,86194,Sunday
1803,<A>,37,2021-02-07T23:56:49-05:00[America/New_York],2021-02-07T23:57:26-05:00[America/New_York],Yes,2021-02-07,86209,Sunday
1803,B,15,2021-02-07T23:57:26-05:00[America/New_York],2021-02-07T23:57:41-05:00[America/New_York],NA,2021-02-07,86246,Sunday
1803,C,16,2021-02-07T23:57:41-05:00[America/New_York],2021-02-07T23:57:57-05:00[America/New_York],Yes,2021-02-07,86261,Sunday
1803,<A>,122,2021-02-07T23:57:57-05:00[America/New_York],2021-02-07T23:59:59-05:00[America/New_York],Yes,2021-02-07,86277,Sunday
1804,C,15,2021-02-07T00:00:38-05:00[America/New_York],2021-02-07T00:00:53-05:00[America/New_York],Yes,2021-02-07,38,Sunday
1804,<A>,30,2021-02-07T00:00:53-05:00[America/New_York],2021-02-07T00:01:23-05:00[America/New_York],Yes,2021-02-07,53,Sunday
1804,B,16,2021-02-07T00:01:23-05:00[America/New_York],2021-02-07T00:01:39-05:00[America/New_York],NA,2021-02-07,83,Sunday
1804,C,17,2021-02-07T00:01:39-05:00[America/New_York],2021-02-07T00:01:56-05:00[America/New_York],Yes,2021-02-07,99,Sunday
1804,<A>,33,2021-02-07T00:01:56-05:00[America/New_York],2021-02-07T00:02:29-05:00[America/New_York],Yes,2021-02-07,116,Sunday
1804,C,15,2021-02-07T00:02:29-05:00[America/New_York],2021-02-07T00:02:44-05:00[America/New_York],Yes,2021-02-07,149,Sunday
1804,<A>,62,2021-02-07T00:02:44-05:00[America/New_York],2021-02-07T00:03:46-05:00[America/New_York],Yes,2021-02-07,164,Sunday
1804,C,15,2021-02-07T00:03:46-05:00[America/New_York],2021-02-07T00:04:01-05:00[America/New_York],Yes,2021-02-07,226,Sunday
1804,<A>,61,2021-02-07T00:04:01-05:00[America/New_York],2021-02-07T00:05:02-05:00[America/New_York],Yes,2021-02-07,241,Sunday
1804,C,16,2021-02-07T00:05:02-05:00[America/New_York],2021-02-07T00:05:18-05:00[America/New_York],Yes,2021-02-07,302,Sunday
1804,<A>,58,2021-02-07T00:05:18-05:00[America/New_York],2021-02-07T00:06:16-05:00[America/New_York],Yes,2021-02-07,318,Sunday
1804,C,19,2021-02-07T00:06:16-05:00[America/New_York],2021-02-07T00:06:35-05:00[America/New_York],Yes,2021-02-07,376,Sunday
1804,<A>,125,2021-02-07T00:06:35-05:00[America/New_York],2021-02-07T00:08:40-05:00[America/New_York],Yes,2021-02-07,395,Sunday
1804,B,16,2021-02-07T00:08:40-05:00[America/New_York],2021-02-07T00:08:56-05:00[America/New_York],Yes,2021-02-07,520,Sunday
1804,<A>,83,2021-02-07T00:08:56-05:00[America/New_York],2021-02-07T00:10:19-05:00[America/New_York],NA,2021-02-07,536,Sunday
1804,C,15,2021-02-07T00:10:19-05:00[America/New_York],2021-02-07T00:10:34-05:00[America/New_York],Yes,2021-02-07,619,Sunday
1804,<A>,32,2021-02-07T00:10:34-05:00[America/New_York],2021-02-07T00:11:06-05:00[America/New_York],Yes,2021-02-07,634,Sunday
1804,C,15,2021-02-07T00:11:06-05:00[America/New_York],2021-02-07T00:11:21-05:00[America/New_York],Yes,2021-02-07,666,Sunday
1804,<A>,181,2021-02-07T00:11:21-05:00[America/New_York],2021-02-07T00:14:22-05:00[America/New_York],NA,2021-02-07,681,Sunday
1804,C,15,2021-02-07T00:14:22-05:00[America/New_York],2021-02-07T00:14:37-05:00[America/New_York],Yes,2021-02-07,862,Sunday
1804,<A>,78,2021-02-07T00:14:37-05:00[America/New_York],2021-02-07T00:15:55-05:00[America/New_York],Yes,2021-02-07,877,Sunday
1804,C,16,2021-02-07T00:15:55-05:00[America/New_York],2021-02-07T00:16:11-05:00[America/New_York],Yes,2021-02-07,955,Sunday
1804,<A>,87,2021-02-07T00:16:11-05:00[America/New_York],2021-02-07T00:17:38-05:00[America/New_York],NA,2021-02-07,971,Sunday
1804,C,15,2021-02-07T00:17:38-05:00[America/New_York],2021-02-07T00:17:53-05:00[America/New_York],Yes,2021-02-07,1058,Sunday
1804,<A>,90,2021-02-07T00:17:53-05:00[America/New_York],2021-02-07T00:19:23-05:00[America/New_York],NA,2021-02-07,1073,Sunday
1804,C,15,2021-02-07T00:19:23-05:00[America/New_York],2021-02-07T00:19:38-05:00[America/New_York],Yes,2021-02-07,1163,Sunday
1804,<A>,31,2021-02-07T00:19:38-05:00[America/New_York],2021-02-07T00:20:09-05:00[America/New_York],Yes,2021-02-07,1178,Sunday
1804,B,15,2021-02-07T00:20:09-05:00[America/New_York],2021-02-07T00:20:24-05:00[America/New_York],NA,2021-02-07,1209,Sunday
1804,C,15,2021-02-07T00:20:24-05:00[America/New_York],2021-02-07T00:20:39-05:00[America/New_York],Yes,2021-02-07,1224,Sunday
1804,<A>,94,2021-02-07T00:20:39-05:00[America/New_York],2021-02-07T00:22:13-05:00[America/New_York],NA,2021-02-07,1239,Sunday
1804,C,15,2021-02-07T00:22:13-05:00[America/New_York],2021-02-07T00:22:28-05:00[America/New_York],Yes,2021-02-07,1333,Sunday
1804,<A>,37,2021-02-07T00:22:28-05:00[America/New_York],2021-02-07T00:23:05-05:00[America/New_York],Yes,2021-02-07,1348,Sunday
1804,C,15,2021-02-07T00:23:05-05:00[America/New_York],2021-02-07T00:23:20-05:00[America/New_York],Yes,2021-02-07,1385,Sunday
1804,<A>,55,2021-02-07T00:23:20-05:00[America/New_York],2021-02-07T00:24:15-05:00[America/New_York],Yes,2021-02-07,1400,Sunday
1804,B,15,2021-02-07T00:24:15-05:00[America/New_York],2021-02-07T00:24:30-05:00[America/New_York],Yes,2021-02-07,1455,Sunday
1804,<A>,168,2021-02-07T00:24:30-05:00[America/New_York],2021-02-07T00:27:18-05:00[America/New_York],NA,2021-02-07,1470,Sunday
1804,C,15,2021-02-07T00:27:18-05:00[America/New_York],2021-02-07T00:27:33-05:00[America/New_York],Yes,2021-02-07,1638,Sunday
1804,<A>,101,2021-02-07T00:27:33-05:00[America/New_York],2021-02-07T00:29:14-05:00[America/New_York],NA,2021-02-07,1653,Sunday
1804,C,16,2021-02-07T00:29:14-05:00[America/New_York],2021-02-07T00:29:30-05:00[America/New_York],Yes,2021-02-07,1754,Sunday
1804,<A>,31,2021-02-07T00:29:30-05:00[America/New_York],2021-02-07T00:30:01-05:00[America/New_York],Yes,2021-02-07,1770,Sunday
1804,B,15,2021-02-07T00:30:01-05:00[America/New_York],2021-02-07T00:30:16-05:00[America/New_York],NA,2021-02-07,1801,Sunday
1804,C,15,2021-02-07T00:30:16-05:00[America/New_York],2021-02-07T00:30:31-05:00[America/New_York],Yes,2021-02-07,1816,Sunday
1804,<A>,31,2021-02-07T00:30:31-05:00[America/New_York],2021-02-07T00:31:02-05:00[America/New_York],Yes,2021-02-07,1831,Sunday
1804,C,16,2021-02-07T00:31:02-05:00[America/New_York],2021-02-07T00:31:18-05:00[America/New_York],Yes,2021-02-07,1862,Sunday
1804,<A>,100,2021-02-07T00:31:18-05:00[America/New_York],2021-02-07T00:32:58-05:00[America/New_York],NA,2021-02-07,1878,Sunday
1804,C,15,2021-02-07T00:32:58-05:00[America/New_York],2021-02-07T00:33:13-05:00[America/New_York],Yes,2021-02-07,1978,Sunday
1804,<A>,64,2021-02-07T00:33:13-05:00[America/New_York],2021-02-07T00:34:17-05:00[America/New_York],Yes,2021-02-07,1993,Sunday
1804,B,15,2021-02-07T00:34:17-05:00[America/New_York],2021-02-07T00:34:32-05:00[America/New_York],Yes,2021-02-07,2057,Sunday
1804,<A>,47,2021-02-07T00:34:32-05:00[America/New_York],2021-02-07T00:35:19-05:00[America/New_York],Yes,2021-02-07,2072,Sunday
1804,B,15,2021-02-07T00:35:19-05:00[America/New_York],2021-02-07T00:35:34-05:00[America/New_York],NA,2021-02-07,2119,Sunday
1804,C,15,2021-02-07T00:35:34-05:00[America/New_York],2021-02-07T00:35:49-05:00[America/New_York],Yes,2021-02-07,2134,Sunday
1804,<A>,84,2021-02-07T00:35:49-05:00[America/New_York],2021-02-07T00:37:13-05:00[America/New_York],NA,2021-02-07,2149,Sunday
1804,C,15,2021-02-07T00:37:13-05:00[America/New_York],2021-02-07T00:37:28-05:00[America/New_York],Yes,2021-02-07,2233,Sunday
1804,<A>,41,2021-02-07T00:37:28-05:00[America/New_York],2021-02-07T00:38:09-05:00[America/New_York],Yes,2021-02-07,2248,Sunday
1804,C,15,2021-02-07T00:38:09-05:00[America/New_York],2021-02-07T00:38:24-05:00[America/New_York],Yes,2021-02-07,2289,Sunday
1804,<A>,41,2021-02-07T00:38:24-05:00[America/New_York],2021-02-07T00:39:05-05:00[America/New_York],Yes,2021-02-07,2304,Sunday
1804,C,15,2021-02-07T00:39:05-05:00[America/New_York],2021-02-07T00:39:20-05:00[America/New_York],Yes,2021-02-07,2345,Sunday
1804,<A>,30,2021-02-07T00:39:20-05:00[America/New_York],2021-02-07T00:39:50-05:00[America/New_York],Yes,2021-02-07,2360,Sunday
1804,B,16,2021-02-07T00:39:50-05:00[America/New_York],2021-02-07T00:40:06-05:00[America/New_York],NA,2021-02-07,2390,Sunday
1804,C,15,2021-02-07T00:40:06-05:00[America/New_York],2021-02-07T00:40:21-05:00[America/New_York],Yes,2021-02-07,2406,Sunday
1804,<A>,31,2021-02-07T00:40:21-05:00[America/New_York],2021-02-07T00:40:52-05:00[America/New_York],Yes,2021-02-07,2421,Sunday
1804,B,15,2021-02-07T00:40:52-05:00[America/New_York],2021-02-07T00:41:07-05:00[America/New_York],Yes,2021-02-07,2452,Sunday
1804,<A>,64,2021-02-07T00:41:07-05:00[America/New_York],2021-02-07T00:42:11-05:00[America/New_York],NA,2021-02-07,2467,Sunday
1804,B,15,2021-02-07T00:42:11-05:00[America/New_York],2021-02-07T00:42:26-05:00[America/New_York],Yes,2021-02-07,2531,Sunday
1804,<A>,73,2021-02-07T00:42:26-05:00[America/New_York],2021-02-07T00:43:39-05:00[America/New_York],Yes,2021-02-07,2546,Sunday
1804,C,15,2021-02-07T00:43:39-05:00[America/New_York],2021-02-07T00:43:54-05:00[America/New_York],Yes,2021-02-07,2619,Sunday
1804,<A>,58,2021-02-07T00:43:54-05:00[America/New_York],2021-02-07T00:44:52-05:00[America/New_York],Yes,2021-02-07,2634,Sunday
1804,B,16,2021-02-07T00:44:52-05:00[America/New_York],2021-02-07T00:45:08-05:00[America/New_York],Yes,2021-02-07,2692,Sunday
1804,<A>,32,2021-02-07T00:45:08-05:00[America/New_York],2021-02-07T00:45:40-05:00[America/New_York],Yes,2021-02-07,2708,Sunday
1804,C,15,2021-02-07T00:45:40-05:00[America/New_York],2021-02-07T00:45:55-05:00[America/New_York],Yes,2021-02-07,2740,Sunday
1804,<A>,30,2021-02-07T00:45:55-05:00[America/New_York],2021-02-07T00:46:25-05:00[America/New_York],Yes,2021-02-07,2755,Sunday
1804,C,16,2021-02-07T00:46:25-05:00[America/New_York],2021-02-07T00:46:41-05:00[America/New_York],Yes,2021-02-07,2785,Sunday
1804,<A>,101,2021-02-07T00:46:41-05:00[America/New_York],2021-02-07T00:48:22-05:00[America/New_York],NA,2021-02-07,2801,Sunday
1804,B,15,2021-02-07T00:48:22-05:00[America/New_York],2021-02-07T00:48:37-05:00[America/New_York],Yes,2021-02-07,2902,Sunday
1804,<A>,67,2021-02-07T00:48:37-05:00[America/New_York],2021-02-07T00:49:44-05:00[America/New_York],Yes,2021-02-07,2917,Sunday
1804,B,15,2021-02-07T00:49:44-05:00[America/New_York],2021-02-07T00:49:59-05:00[America/New_York],Yes,2021-02-07,2984,Sunday
1804,<A>,34,2021-02-07T00:49:59-05:00[America/New_York],2021-02-07T00:50:33-05:00[America/New_York],Yes,2021-02-07,2999,Sunday
1804,C,15,2021-02-07T00:50:33-05:00[America/New_York],2021-02-07T00:50:48-05:00[America/New_York],Yes,2021-02-07,3033,Sunday
1804,<A>,191,2021-02-07T00:50:48-05:00[America/New_York],2021-02-07T00:53:59-05:00[America/New_York],NA,2021-02-07,3048,Sunday
1804,B,19,2021-02-07T00:53:59-05:00[America/New_York],2021-02-07T00:54:18-05:00[America/New_York],Yes,2021-02-07,3239,Sunday
1804,<A>,31,2021-02-07T00:54:18-05:00[America/New_York],2021-02-07T00:54:49-05:00[America/New_York],Yes,2021-02-07,3258,Sunday
1804,B,15,2021-02-07T00:54:49-05:00[America/New_York],2021-02-07T00:55:04-05:00[America/New_York],Yes,2021-02-07,3289,Sunday
1804,<A>,50,2021-02-07T00:55:04-05:00[America/New_York],2021-02-07T00:55:54-05:00[America/New_York],Yes,2021-02-07,3304,Sunday
1804,C,15,2021-02-07T00:55:54-05:00[America/New_York],2021-02-07T00:56:09-05:00[America/New_York],Yes,2021-02-07,3354,Sunday
1804,<A>,43,2021-02-07T00:56:09-05:00[America/New_York],2021-02-07T00:56:52-05:00[America/New_York],Yes,2021-02-07,3369,Sunday
1804,B,15,2021-02-07T00:56:52-05:00[America/New_York],2021-02-07T00:57:07-05:00[America/New_York],Yes,2021-02-07,3412,Sunday
1804,<A>,92,2021-02-07T00:57:07-05:00[America/New_York],2021-02-07T00:58:39-05:00[America/New_York],NA,2021-02-07,3427,Sunday
1804,C,15,2021-02-07T00:58:39-05:00[America/New_York],2021-02-07T00:58:54-05:00[America/New_York],Yes,2021-02-07,3519,Sunday
1804,<A>,65,2021-02-07T00:58:54-05:00[America/New_York],2021-02-07T00:59:59-05:00[America/New_York],Yes,2021-02-07,3534,Sunday
1804,C,15,2021-02-07T00:59:59-05:00[America/New_York],2021-02-07T01:00:14-05:00[America/New_York],Yes,2021-02-07,3599,Sunday
1804,<A>,86,2021-02-07T01:00:14-05:00[America/New_York],2021-02-07T01:01:40-05:00[America/New_York],Yes,2021-02-07,3614,Sunday
1804,C,17,2021-02-07T01:01:40-05:00[America/New_York],2021-02-07T01:01:57-05:00[America/New_York],Yes,2021-02-07,3700,Sunday
1804,<A>,116,2021-02-07T01:01:57-05:00[America/New_York],2021-02-07T01:03:53-05:00[America/New_York],Yes,2021-02-07,3717,Sunday
1804,B,15,2021-02-07T01:03:53-05:00[America/New_York],2021-02-07T01:04:08-05:00[America/New_York],Yes,2021-02-07,3833,Sunday
1804,<A>,269,2021-02-07T01:04:08-05:00[America/New_York],2021-02-07T01:08:37-05:00[America/New_York],NA,2021-02-07,3848,Sunday
1804,B,15,2021-02-07T01:08:37-05:00[America/New_York],2021-02-07T01:08:52-05:00[America/New_York],Yes,2021-02-07,4117,Sunday
1804,<A>,30,2021-02-07T01:08:52-05:00[America/New_York],2021-02-07T01:09:22-05:00[America/New_York],Yes,2021-02-07,4132,Sunday
1804,B,16,2021-02-07T01:09:22-05:00[America/New_York],2021-02-07T01:09:38-05:00[America/New_York],NA,2021-02-07,4162,Sunday
1804,C,15,2021-02-07T01:09:38-05:00[America/New_York],2021-02-07T01:09:53-05:00[America/New_York],Yes,2021-02-07,4178,Sunday
1804,<A>,55,2021-02-07T01:09:53-05:00[America/New_York],2021-02-07T01:10:48-05:00[America/New_York],Yes,2021-02-07,4193,Sunday
1804,B,15,2021-02-07T01:10:48-05:00[America/New_York],2021-02-07T01:11:03-05:00[America/New_York],Yes,2021-02-07,4248,Sunday
1804,<A>,35,2021-02-07T01:11:03-05:00[America/New_York],2021-02-07T01:11:38-05:00[America/New_York],Yes,2021-02-07,4263,Sunday
1804,B,17,2021-02-07T01:11:38-05:00[America/New_York],2021-02-07T01:11:55-05:00[America/New_York],Yes,2021-02-07,4298,Sunday
1804,<A>,34,2021-02-07T01:11:55-05:00[America/New_York],2021-02-07T01:12:29-05:00[America/New_York],Yes,2021-02-07,4315,Sunday
1804,B,17,2021-02-07T01:12:29-05:00[America/New_York],2021-02-07T01:12:46-05:00[America/New_York],NA,2021-02-07,4349,Sunday
1804,C,15,2021-02-07T01:12:46-05:00[America/New_York],2021-02-07T01:13:01-05:00[America/New_York],Yes,2021-02-07,4366,Sunday
1804,<A>,131,2021-02-07T01:13:01-05:00[America/New_York],2021-02-07T01:15:12-05:00[America/New_York],Yes,2021-02-07,4381,Sunday
1804,B,15,2021-02-07T01:15:12-05:00[America/New_York],2021-02-07T01:15:27-05:00[America/New_York],Yes,2021-02-07,4512,Sunday
1804,<A>,116,2021-02-07T01:15:27-05:00[America/New_York],2021-02-07T01:17:23-05:00[America/New_York],Yes,2021-02-07,4527,Sunday
1804,B,15,2021-02-07T01:17:23-05:00[America/New_York],2021-02-07T01:17:38-05:00[America/New_York],Yes,2021-02-07,4643,Sunday
1804,<A>,195,2021-02-07T01:17:38-05:00[America/New_York],2021-02-07T01:20:53-05:00[America/New_York],NA,2021-02-07,4658,Sunday
1804,C,15,2021-02-07T01:20:53-05:00[America/New_York],2021-02-07T01:21:08-05:00[America/New_York],Yes,2021-02-07,4853,Sunday
1804,<A>,30,2021-02-07T01:21:08-05:00[America/New_York],2021-02-07T01:21:38-05:00[America/New_York],Yes,2021-02-07,4868,Sunday
1804,B,16,2021-02-07T01:21:38-05:00[America/New_York],2021-02-07T01:21:54-05:00[America/New_York],Yes,2021-02-07,4898,Sunday
1804,<A>,55,2021-02-07T01:21:54-05:00[America/New_York],2021-02-07T01:22:49-05:00[America/New_York],Yes,2021-02-07,4914,Sunday
1804,C,16,2021-02-07T01:22:49-05:00[America/New_York],2021-02-07T01:23:05-05:00[America/New_York],Yes,2021-02-07,4969,Sunday
1804,<A>,30,2021-02-07T01:23:05-05:00[America/New_York],2021-02-07T01:23:35-05:00[America/New_York],Yes,2021-02-07,4985,Sunday
1804,B,16,2021-02-07T01:23:35-05:00[America/New_York],2021-02-07T01:23:51-05:00[America/New_York],Yes,2021-02-07,5015,Sunday
1804,<A>,112,2021-02-07T01:23:51-05:00[America/New_York],2021-02-07T01:25:43-05:00[America/New_York],Yes,2021-02-07,5031,Sunday
1804,B,15,2021-02-07T01:25:43-05:00[America/New_York],2021-02-07T01:25:58-05:00[America/New_York],Yes,2021-02-07,5143,Sunday
1804,<A>,32,2021-02-07T01:25:58-05:00[America/New_York],2021-02-07T01:26:30-05:00[America/New_York],Yes,2021-02-07,5158,Sunday
1804,C,16,2021-02-07T01:26:30-05:00[America/New_York],2021-02-07T01:26:46-05:00[America/New_York],Yes,2021-02-07,5190,Sunday
1804,<A>,34,2021-02-07T01:26:46-05:00[America/New_York],2021-02-07T01:27:20-05:00[America/New_York],Yes,2021-02-07,5206,Sunday
1804,C,15,2021-02-07T01:27:20-05:00[America/New_York],2021-02-07T01:27:35-05:00[America/New_York],Yes,2021-02-07,5240,Sunday
1804,<A>,112,2021-02-07T01:27:35-05:00[America/New_York],2021-02-07T01:29:27-05:00[America/New_York],Yes,2021-02-07,5255,Sunday
1804,B,15,2021-02-07T01:29:27-05:00[America/New_York],2021-02-07T01:29:42-05:00[America/New_York],Yes,2021-02-07,5367,Sunday
1804,<A>,200,2021-02-07T01:29:42-05:00[America/New_York],2021-02-07T01:33:02-05:00[America/New_York],Yes,2021-02-07,5382,Sunday
1804,C,15,2021-02-07T01:33:02-05:00[America/New_York],2021-02-07T01:33:17-05:00[America/New_York],Yes,2021-02-07,5582,Sunday
1804,<A>,34,2021-02-07T01:33:17-05:00[America/New_York],2021-02-07T01:33:51-05:00[America/New_York],Yes,2021-02-07,5597,Sunday
1804,C,17,2021-02-07T01:33:51-05:00[America/New_York],2021-02-07T01:34:08-05:00[America/New_York],Yes,2021-02-07,5631,Sunday
1804,<A>,87,2021-02-07T01:34:08-05:00[America/New_York],2021-02-07T01:35:35-05:00[America/New_York],NA,2021-02-07,5648,Sunday
1804,C,15,2021-02-07T01:35:35-05:00[America/New_York],2021-02-07T01:35:50-05:00[America/New_York],Yes,2021-02-07,5735,Sunday
1804,<A>,80,2021-02-07T01:35:50-05:00[America/New_York],2021-02-07T01:37:10-05:00[America/New_York],NA,2021-02-07,5750,Sunday
1804,C,15,2021-02-07T01:37:10-05:00[America/New_York],2021-02-07T01:37:25-05:00[America/New_York],Yes,2021-02-07,5830,Sunday
1804,<A>,41,2021-02-07T01:37:25-05:00[America/New_York],2021-02-07T01:38:06-05:00[America/New_York],Yes,2021-02-07,5845,Sunday
1804,C,15,2021-02-07T01:38:06-05:00[America/New_York],2021-02-07T01:38:21-05:00[America/New_York],Yes,2021-02-07,5886,Sunday
1804,<A>,55,2021-02-07T01:38:21-05:00[America/New_York],2021-02-07T01:39:16-05:00[America/New_York],Yes,2021-02-07,5901,Sunday
1804,C,15,2021-02-07T01:39:16-05:00[America/New_York],2021-02-07T01:39:31-05:00[America/New_York],Yes,2021-02-07,5956,Sunday
1804,<A>,31,2021-02-07T01:39:31-05:00[America/New_York],2021-02-07T01:40:02-05:00[America/New_York],Yes,2021-02-07,5971,Sunday
1804,B,15,2021-02-07T01:40:02-05:00[America/New_York],2021-02-07T01:40:17-05:00[America/New_York],Yes,2021-02-07,6002,Sunday
1804,<A>,35,2021-02-07T01:40:17-05:00[America/New_York],2021-02-07T01:40:52-05:00[America/New_York],Yes,2021-02-07,6017,Sunday
1804,C,15,2021-02-07T01:40:52-05:00[America/New_York],2021-02-07T01:41:07-05:00[America/New_York],Yes,2021-02-07,6052,Sunday
1804,<A>,294,2021-02-07T01:41:07-05:00[America/New_York],2021-02-07T01:46:01-05:00[America/New_York],Yes,2021-02-07,6067,Sunday
1804,C,15,2021-02-07T01:46:01-05:00[America/New_York],2021-02-07T01:46:16-05:00[America/New_York],Yes,2021-02-07,6361,Sunday
1804,<A>,87,2021-02-07T01:46:16-05:00[America/New_York],2021-02-07T01:47:43-05:00[America/New_York],NA,2021-02-07,6376,Sunday
1804,C,15,2021-02-07T01:47:43-05:00[America/New_York],2021-02-07T01:47:58-05:00[America/New_York],Yes,2021-02-07,6463,Sunday
1804,<A>,70,2021-02-07T01:47:58-05:00[America/New_York],2021-02-07T01:49:08-05:00[America/New_York],Yes,2021-02-07,6478,Sunday
1804,B,15,2021-02-07T01:49:08-05:00[America/New_York],2021-02-07T01:49:23-05:00[America/New_York],Yes,2021-02-07,6548,Sunday
1804,<A>,492,2021-02-07T01:49:23-05:00[America/New_York],2021-02-07T01:57:35-05:00[America/New_York],Yes,2021-02-07,6563,Sunday
1804,C,15,2021-02-07T01:57:35-05:00[America/New_York],2021-02-07T01:57:50-05:00[America/New_York],Yes,2021-02-07,7055,Sunday
1804,<A>,167,2021-02-07T01:57:50-05:00[America/New_York],2021-02-07T02:00:37-05:00[America/New_York],NA,2021-02-07,7070,Sunday
1804,C,15,2021-02-07T02:00:37-05:00[America/New_York],2021-02-07T02:00:52-05:00[America/New_York],Yes,2021-02-07,7237,Sunday
1804,<A>,525,2021-02-07T02:00:52-05:00[America/New_York],2021-02-07T02:09:37-05:00[America/New_York],Yes,2021-02-07,7252,Sunday
1804,C,15,2021-02-07T02:09:37-05:00[America/New_York],2021-02-07T02:09:52-05:00[America/New_York],Yes,2021-02-07,7777,Sunday
1804,<A>,345,2021-02-07T02:09:52-05:00[America/New_York],2021-02-07T02:15:37-05:00[America/New_York],Yes,2021-02-07,7792,Sunday
1804,B,15,2021-02-07T02:15:37-05:00[America/New_York],2021-02-07T02:15:52-05:00[America/New_York],Yes,2021-02-07,8137,Sunday
1804,<A>,35,2021-02-07T02:15:52-05:00[America/New_York],2021-02-07T02:16:27-05:00[America/New_York],Yes,2021-02-07,8152,Sunday
1804,C,15,2021-02-07T02:16:27-05:00[America/New_York],2021-02-07T02:16:42-05:00[America/New_York],Yes,2021-02-07,8187,Sunday
1804,<A>,80,2021-02-07T02:16:42-05:00[America/New_York],2021-02-07T02:18:02-05:00[America/New_York],NA,2021-02-07,8202,Sunday
1804,C,15,2021-02-07T02:18:02-05:00[America/New_York],2021-02-07T02:18:17-05:00[America/New_York],Yes,2021-02-07,8282,Sunday
1804,<A>,31,2021-02-07T02:18:17-05:00[America/New_York],2021-02-07T02:18:48-05:00[America/New_York],Yes,2021-02-07,8297,Sunday
1804,B,15,2021-02-07T02:18:48-05:00[America/New_York],2021-02-07T02:19:03-05:00[America/New_York],Yes,2021-02-07,8328,Sunday
1804,<A>,139,2021-02-07T02:19:03-05:00[America/New_York],2021-02-07T02:21:22-05:00[America/New_York],Yes,2021-02-07,8343,Sunday
1804,C,15,2021-02-07T02:21:22-05:00[America/New_York],2021-02-07T02:21:37-05:00[America/New_York],Yes,2021-02-07,8482,Sunday
1804,<A>,758,2021-02-07T02:21:37-05:00[America/New_York],2021-02-07T02:34:15-05:00[America/New_York],NA,2021-02-07,8497,Sunday
1804,B,15,2021-02-07T02:34:15-05:00[America/New_York],2021-02-07T02:34:30-05:00[America/New_York],Yes,2021-02-07,9255,Sunday
1804,<A>,225,2021-02-07T02:34:30-05:00[America/New_York],2021-02-07T02:38:15-05:00[America/New_York],Yes,2021-02-07,9270,Sunday
1804,C,15,2021-02-07T02:38:15-05:00[America/New_York],2021-02-07T02:38:30-05:00[America/New_York],Yes,2021-02-07,9495,Sunday
1804,<A>,47,2021-02-07T02:38:30-05:00[America/New_York],2021-02-07T02:39:17-05:00[America/New_York],Yes,2021-02-07,9510,Sunday
1804,B,15,2021-02-07T02:39:17-05:00[America/New_York],2021-02-07T02:39:32-05:00[America/New_York],Yes,2021-02-07,9557,Sunday
1804,<A>,282,2021-02-07T02:39:32-05:00[America/New_York],2021-02-07T02:44:14-05:00[America/New_York],NA,2021-02-07,9572,Sunday
1804,B,16,2021-02-07T02:44:14-05:00[America/New_York],2021-02-07T02:44:30-05:00[America/New_York],Yes,2021-02-07,9854,Sunday
1804,<A>,435,2021-02-07T02:44:30-05:00[America/New_York],2021-02-07T02:51:45-05:00[America/New_York],Yes,2021-02-07,9870,Sunday
1804,B,15,2021-02-07T02:51:45-05:00[America/New_York],2021-02-07T02:52:00-05:00[America/New_York],NA,2021-02-07,10305,Sunday
1804,C,17,2021-02-07T02:52:00-05:00[America/New_York],2021-02-07T02:52:17-05:00[America/New_York],Yes,2021-02-07,10320,Sunday
1804,<A>,425,2021-02-07T02:52:17-05:00[America/New_York],2021-02-07T02:59:22-05:00[America/New_York],Yes,2021-02-07,10337,Sunday
1804,C,15,2021-02-07T02:59:22-05:00[America/New_York],2021-02-07T02:59:37-05:00[America/New_York],Yes,2021-02-07,10762,Sunday
1804,<A>,146,2021-02-07T02:59:37-05:00[America/New_York],2021-02-07T03:02:03-05:00[America/New_York],Yes,2021-02-07,10777,Sunday
1804,B,15,2021-02-07T03:02:03-05:00[America/New_York],2021-02-07T03:02:18-05:00[America/New_York],Yes,2021-02-07,10923,Sunday
1804,<A>,486,2021-02-07T03:02:18-05:00[America/New_York],2021-02-07T03:10:24-05:00[America/New_York],Yes,2021-02-07,10938,Sunday
1804,B,15,2021-02-07T03:10:24-05:00[America/New_York],2021-02-07T03:10:39-05:00[America/New_York],Yes,2021-02-07,11424,Sunday
1804,<A>,252,2021-02-07T03:10:39-05:00[America/New_York],2021-02-07T03:14:51-05:00[America/New_York],Yes,2021-02-07,11439,Sunday
1804,C,15,2021-02-07T03:14:51-05:00[America/New_York],2021-02-07T03:15:06-05:00[America/New_York],Yes,2021-02-07,11691,Sunday
1804,<A>,80,2021-02-07T03:15:06-05:00[America/New_York],2021-02-07T03:16:26-05:00[America/New_York],Yes,2021-02-07,11706,Sunday
1804,B,15,2021-02-07T03:16:26-05:00[America/New_York],2021-02-07T03:16:41-05:00[America/New_York],Yes,2021-02-07,11786,Sunday
1804,<A>,249,2021-02-07T03:16:41-05:00[America/New_York],2021-02-07T03:20:50-05:00[America/New_York],Yes,2021-02-07,11801,Sunday
1804,C,15,2021-02-07T03:20:50-05:00[America/New_York],2021-02-07T03:21:05-05:00[America/New_York],Yes,2021-02-07,12050,Sunday
1804,<A>,30,2021-02-07T03:21:05-05:00[America/New_York],2021-02-07T03:21:35-05:00[America/New_York],Yes,2021-02-07,12065,Sunday
1804,C,17,2021-02-07T03:21:35-05:00[America/New_York],2021-02-07T03:21:52-05:00[America/New_York],Yes,2021-02-07,12095,Sunday
1804,<A>,286,2021-02-07T03:21:52-05:00[America/New_York],2021-02-07T03:26:38-05:00[America/New_York],NA,2021-02-07,12112,Sunday
1804,C,15,2021-02-07T03:26:38-05:00[America/New_York],2021-02-07T03:26:53-05:00[America/New_York],Yes,2021-02-07,12398,Sunday
1804,<A>,30,2021-02-07T03:26:53-05:00[America/New_York],2021-02-07T03:27:23-05:00[America/New_York],Yes,2021-02-07,12413,Sunday
1804,C,16,2021-02-07T03:27:23-05:00[America/New_York],2021-02-07T03:27:39-05:00[America/New_York],Yes,2021-02-07,12443,Sunday
1804,<A>,163,2021-02-07T03:27:39-05:00[America/New_York],2021-02-07T03:30:22-05:00[America/New_York],NA,2021-02-07,12459,Sunday
1804,B,15,2021-02-07T03:30:22-05:00[America/New_York],2021-02-07T03:30:37-05:00[America/New_York],Yes,2021-02-07,12622,Sunday
1804,<A>,515,2021-02-07T03:30:37-05:00[America/New_York],2021-02-07T03:39:12-05:00[America/New_York],Yes,2021-02-07,12637,Sunday
1804,B,15,2021-02-07T03:39:12-05:00[America/New_York],2021-02-07T03:39:27-05:00[America/New_York],Yes,2021-02-07,13152,Sunday
1804,<A>,68,2021-02-07T03:39:27-05:00[America/New_York],2021-02-07T03:40:35-05:00[America/New_York],NA,2021-02-07,13167,Sunday
1804,B,15,2021-02-07T03:40:35-05:00[America/New_York],2021-02-07T03:40:50-05:00[America/New_York],Yes,2021-02-07,13235,Sunday
1804,<A>,705,2021-02-07T03:40:50-05:00[America/New_York],2021-02-07T03:52:35-05:00[America/New_York],Yes,2021-02-07,13250,Sunday
1804,B,15,2021-02-07T03:52:35-05:00[America/New_York],2021-02-07T03:52:50-05:00[America/New_York],Yes,2021-02-07,13955,Sunday
1804,<A>,228,2021-02-07T03:52:50-05:00[America/New_York],2021-02-07T03:56:38-05:00[America/New_York],Yes,2021-02-07,13970,Sunday
1804,C,16,2021-02-07T03:56:38-05:00[America/New_York],2021-02-07T03:56:54-05:00[America/New_York],Yes,2021-02-07,14198,Sunday
1804,<A>,1113,2021-02-07T03:56:54-05:00[America/New_York],2021-02-07T04:15:27-05:00[America/New_York],NA,2021-02-07,14214,Sunday
1804,B,15,2021-02-07T04:15:27-05:00[America/New_York],2021-02-07T04:15:42-05:00[America/New_York],Yes,2021-02-07,15327,Sunday
1804,<A>,1073,2021-02-07T04:15:42-05:00[America/New_York],2021-02-07T04:33:35-05:00[America/New_York],Yes,2021-02-07,15342,Sunday
1804,B,15,2021-02-07T04:33:35-05:00[America/New_York],2021-02-07T04:33:50-05:00[America/New_York],Yes,2021-02-07,16415,Sunday
1804,<A>,103,2021-02-07T04:33:50-05:00[America/New_York],2021-02-07T04:35:33-05:00[America/New_York],NA,2021-02-07,16430,Sunday
1804,B,15,2021-02-07T04:35:33-05:00[America/New_York],2021-02-07T04:35:48-05:00[America/New_York],Yes,2021-02-07,16533,Sunday
1804,<A>,204,2021-02-07T04:35:48-05:00[America/New_York],2021-02-07T04:39:12-05:00[America/New_York],Yes,2021-02-07,16548,Sunday
1804,B,15,2021-02-07T04:39:12-05:00[America/New_York],2021-02-07T04:39:27-05:00[America/New_York],Yes,2021-02-07,16752,Sunday
1804,<A>,525,2021-02-07T04:39:27-05:00[America/New_York],2021-02-07T04:48:12-05:00[America/New_York],Yes,2021-02-07,16767,Sunday
1804,B,15,2021-02-07T04:48:12-05:00[America/New_York],2021-02-07T04:48:27-05:00[America/New_York],Yes,2021-02-07,17292,Sunday
1804,<A>,32,2021-02-07T04:48:27-05:00[America/New_York],2021-02-07T04:48:59-05:00[America/New_York],Yes,2021-02-07,17307,Sunday
1804,B,16,2021-02-07T04:48:59-05:00[America/New_York],2021-02-07T04:49:15-05:00[America/New_York],Yes,2021-02-07,17339,Sunday
1804,<A>,301,2021-02-07T04:49:15-05:00[America/New_York],2021-02-07T04:54:16-05:00[America/New_York],Yes,2021-02-07,17355,Sunday
1804,B,15,2021-02-07T04:54:16-05:00[America/New_York],2021-02-07T04:54:31-05:00[America/New_York],Yes,2021-02-07,17656,Sunday
1804,<A>,325,2021-02-07T04:54:31-05:00[America/New_York],2021-02-07T04:59:56-05:00[America/New_York],Yes,2021-02-07,17671,Sunday
1804,B,15,2021-02-07T04:59:56-05:00[America/New_York],2021-02-07T05:00:11-05:00[America/New_York],Yes,2021-02-07,17996,Sunday
1804,<A>,290,2021-02-07T05:00:11-05:00[America/New_York],2021-02-07T05:05:01-05:00[America/New_York],NA,2021-02-07,18011,Sunday
1804,B,15,2021-02-07T05:05:01-05:00[America/New_York],2021-02-07T05:05:16-05:00[America/New_York],Yes,2021-02-07,18301,Sunday
1804,<A>,288,2021-02-07T05:05:16-05:00[America/New_York],2021-02-07T05:10:04-05:00[America/New_York],NA,2021-02-07,18316,Sunday
1804,B,15,2021-02-07T05:10:04-05:00[America/New_York],2021-02-07T05:10:19-05:00[America/New_York],Yes,2021-02-07,18604,Sunday
1804,<A>,99,2021-02-07T05:10:19-05:00[America/New_York],2021-02-07T05:11:58-05:00[America/New_York],NA,2021-02-07,18619,Sunday
1804,C,15,2021-02-07T05:11:58-05:00[America/New_York],2021-02-07T05:12:13-05:00[America/New_York],Yes,2021-02-07,18718,Sunday
1804,<A>,133,2021-02-07T05:12:13-05:00[America/New_York],2021-02-07T05:14:26-05:00[America/New_York],Yes,2021-02-07,18733,Sunday
1804,C,15,2021-02-07T05:14:26-05:00[America/New_York],2021-02-07T05:14:41-05:00[America/New_York],Yes,2021-02-07,18866,Sunday
1804,<A>,198,2021-02-07T05:14:41-05:00[America/New_York],2021-02-07T05:17:59-05:00[America/New_York],NA,2021-02-07,18881,Sunday
1804,C,15,2021-02-07T05:17:59-05:00[America/New_York],2021-02-07T05:18:14-05:00[America/New_York],Yes,2021-02-07,19079,Sunday
1804,<A>,260,2021-02-07T05:18:14-05:00[America/New_York],2021-02-07T05:22:34-05:00[America/New_York],NA,2021-02-07,19094,Sunday
1804,B,15,2021-02-07T05:22:34-05:00[America/New_York],2021-02-07T05:22:49-05:00[America/New_York],Yes,2021-02-07,19354,Sunday
1804,<A>,30,2021-02-07T05:22:49-05:00[America/New_York],2021-02-07T05:23:19-05:00[America/New_York],Yes,2021-02-07,19369,Sunday
1804,B,16,2021-02-07T05:23:19-05:00[America/New_York],2021-02-07T05:23:35-05:00[America/New_York],Yes,2021-02-07,19399,Sunday
1804,<A>,158,2021-02-07T05:23:35-05:00[America/New_York],2021-02-07T05:26:13-05:00[America/New_York],NA,2021-02-07,19415,Sunday
1804,B,16,2021-02-07T05:26:13-05:00[America/New_York],2021-02-07T05:26:29-05:00[America/New_York],Yes,2021-02-07,19573,Sunday
1804,<A>,256,2021-02-07T05:26:29-05:00[America/New_York],2021-02-07T05:30:45-05:00[America/New_York],Yes,2021-02-07,19589,Sunday
1804,B,15,2021-02-07T05:30:45-05:00[America/New_York],2021-02-07T05:31:00-05:00[America/New_York],Yes,2021-02-07,19845,Sunday
1804,<A>,30,2021-02-07T05:31:00-05:00[America/New_York],2021-02-07T05:31:30-05:00[America/New_York],Yes,2021-02-07,19860,Sunday
1804,C,17,2021-02-07T05:31:30-05:00[America/New_York],2021-02-07T05:31:47-05:00[America/New_York],Yes,2021-02-07,19890,Sunday
1804,<A>,527,2021-02-07T05:31:47-05:00[America/New_York],2021-02-07T05:40:34-05:00[America/New_York],Yes,2021-02-07,19907,Sunday
1804,B,15,2021-02-07T05:40:34-05:00[America/New_York],2021-02-07T05:40:49-05:00[America/New_York],Yes,2021-02-07,20434,Sunday
1804,<A>,54,2021-02-07T05:40:49-05:00[America/New_York],2021-02-07T05:41:43-05:00[America/New_York],Yes,2021-02-07,20449,Sunday
1804,B,15,2021-02-07T05:41:43-05:00[America/New_York],2021-02-07T05:41:58-05:00[America/New_York],Yes,2021-02-07,20503,Sunday
1804,<A>,342,2021-02-07T05:41:58-05:00[America/New_York],2021-02-07T05:47:40-05:00[America/New_York],Yes,2021-02-07,20518,Sunday
1804,B,15,2021-02-07T05:47:40-05:00[America/New_York],2021-02-07T05:47:55-05:00[America/New_York],Yes,2021-02-07,20860,Sunday
1804,<A>,161,2021-02-07T05:47:55-05:00[America/New_York],2021-02-07T05:50:36-05:00[America/New_York],Yes,2021-02-07,20875,Sunday
1804,C,15,2021-02-07T05:50:36-05:00[America/New_York],2021-02-07T05:50:51-05:00[America/New_York],Yes,2021-02-07,21036,Sunday
1804,<A>,31,2021-02-07T05:50:51-05:00[America/New_York],2021-02-07T05:51:22-05:00[America/New_York],Yes,2021-02-07,21051,Sunday
1804,B,15,2021-02-07T05:51:22-05:00[America/New_York],2021-02-07T05:51:37-05:00[America/New_York],Yes,2021-02-07,21082,Sunday
1804,<A>,30,2021-02-07T05:51:37-05:00[America/New_York],2021-02-07T05:52:07-05:00[America/New_York],Yes,2021-02-07,21097,Sunday
1804,B,16,2021-02-07T05:52:07-05:00[America/New_York],2021-02-07T05:52:23-05:00[America/New_York],Yes,2021-02-07,21127,Sunday
1804,<A>,79,2021-02-07T05:52:23-05:00[America/New_York],2021-02-07T05:53:42-05:00[America/New_York],NA,2021-02-07,21143,Sunday
1804,B,15,2021-02-07T05:53:42-05:00[America/New_York],2021-02-07T05:53:57-05:00[America/New_York],Yes,2021-02-07,21222,Sunday
1804,<A>,31,2021-02-07T05:53:57-05:00[America/New_York],2021-02-07T05:54:28-05:00[America/New_York],Yes,2021-02-07,21237,Sunday
1804,B,16,2021-02-07T05:54:28-05:00[America/New_York],2021-02-07T05:54:44-05:00[America/New_York],NA,2021-02-07,21268,Sunday
1804,C,17,2021-02-07T05:54:44-05:00[America/New_York],2021-02-07T05:55:01-05:00[America/New_York],Yes,2021-02-07,21284,Sunday
1804,<A>,31,2021-02-07T05:55:01-05:00[America/New_York],2021-02-07T05:55:32-05:00[America/New_York],Yes,2021-02-07,21301,Sunday
1804,B,15,2021-02-07T05:55:32-05:00[America/New_York],2021-02-07T05:55:47-05:00[America/New_York],Yes,2021-02-07,21332,Sunday
1804,<A>,178,2021-02-07T05:55:47-05:00[America/New_York],2021-02-07T05:58:45-05:00[America/New_York],NA,2021-02-07,21347,Sunday
1804,B,15,2021-02-07T05:58:45-05:00[America/New_York],2021-02-07T05:59:00-05:00[America/New_York],Yes,2021-02-07,21525,Sunday
1804,<A>,104,2021-02-07T05:59:00-05:00[America/New_York],2021-02-07T06:00:44-05:00[America/New_York],Yes,2021-02-07,21540,Sunday
1804,C,15,2021-02-07T06:00:44-05:00[America/New_York],2021-02-07T06:00:59-05:00[America/New_York],Yes,2021-02-07,21644,Sunday
1804,<A>,123,2021-02-07T06:00:59-05:00[America/New_York],2021-02-07T06:03:02-05:00[America/New_York],Yes,2021-02-07,21659,Sunday
1804,B,15,2021-02-07T06:03:02-05:00[America/New_York],2021-02-07T06:03:17-05:00[America/New_York],Yes,2021-02-07,21782,Sunday
1804,<A>,31,2021-02-07T06:03:17-05:00[America/New_York],2021-02-07T06:03:48-05:00[America/New_York],Yes,2021-02-07,21797,Sunday
1804,B,16,2021-02-07T06:03:48-05:00[America/New_York],2021-02-07T06:04:04-05:00[America/New_York],Yes,2021-02-07,21828,Sunday
1804,<A>,57,2021-02-07T06:04:04-05:00[America/New_York],2021-02-07T06:05:01-05:00[America/New_York],Yes,2021-02-07,21844,Sunday
1804,C,15,2021-02-07T06:05:01-05:00[America/New_York],2021-02-07T06:05:16-05:00[America/New_York],Yes,2021-02-07,21901,Sunday
1804,<A>,75,2021-02-07T06:05:16-05:00[America/New_York],2021-02-07T06:06:31-05:00[America/New_York],Yes,2021-02-07,21916,Sunday
1804,B,15,2021-02-07T06:06:31-05:00[America/New_York],2021-02-07T06:06:46-05:00[America/New_York],Yes,2021-02-07,21991,Sunday
1804,<A>,166,2021-02-07T06:06:46-05:00[America/New_York],2021-02-07T06:09:32-05:00[America/New_York],NA,2021-02-07,22006,Sunday
1804,C,15,2021-02-07T06:09:32-05:00[America/New_York],2021-02-07T06:09:47-05:00[America/New_York],Yes,2021-02-07,22172,Sunday
1804,<A>,89,2021-02-07T06:09:47-05:00[America/New_York],2021-02-07T06:11:16-05:00[America/New_York],NA,2021-02-07,22187,Sunday
1804,B,15,2021-02-07T06:11:16-05:00[America/New_York],2021-02-07T06:11:31-05:00[America/New_York],Yes,2021-02-07,22276,Sunday
1804,<A>,138,2021-02-07T06:11:31-05:00[America/New_York],2021-02-07T06:13:49-05:00[America/New_York],Yes,2021-02-07,22291,Sunday
1804,B,15,2021-02-07T06:13:49-05:00[America/New_York],2021-02-07T06:14:04-05:00[America/New_York],Yes,2021-02-07,22429,Sunday
1804,<A>,132,2021-02-07T06:14:04-05:00[America/New_York],2021-02-07T06:16:16-05:00[America/New_York],Yes,2021-02-07,22444,Sunday
1804,B,15,2021-02-07T06:16:16-05:00[America/New_York],2021-02-07T06:16:31-05:00[America/New_York],Yes,2021-02-07,22576,Sunday
1804,<A>,30,2021-02-07T06:16:31-05:00[America/New_York],2021-02-07T06:17:01-05:00[America/New_York],Yes,2021-02-07,22591,Sunday
1804,C,16,2021-02-07T06:17:01-05:00[America/New_York],2021-02-07T06:17:17-05:00[America/New_York],Yes,2021-02-07,22621,Sunday
1804,<A>,44,2021-02-07T06:17:17-05:00[America/New_York],2021-02-07T06:18:01-05:00[America/New_York],Yes,2021-02-07,22637,Sunday
1804,C,15,2021-02-07T06:18:01-05:00[America/New_York],2021-02-07T06:18:16-05:00[America/New_York],Yes,2021-02-07,22681,Sunday
1804,<A>,34,2021-02-07T06:18:16-05:00[America/New_York],2021-02-07T06:18:50-05:00[America/New_York],Yes,2021-02-07,22696,Sunday
1804,B,15,2021-02-07T06:18:50-05:00[America/New_York],2021-02-07T06:19:05-05:00[America/New_York],NA,2021-02-07,22730,Sunday
1804,C,16,2021-02-07T06:19:05-05:00[America/New_York],2021-02-07T06:19:21-05:00[America/New_York],Yes,2021-02-07,22745,Sunday
1804,<A>,78,2021-02-07T06:19:21-05:00[America/New_York],2021-02-07T06:20:39-05:00[America/New_York],Yes,2021-02-07,22761,Sunday
1804,B,15,2021-02-07T06:20:39-05:00[America/New_York],2021-02-07T06:20:54-05:00[America/New_York],Yes,2021-02-07,22839,Sunday
1804,<A>,194,2021-02-07T06:20:54-05:00[America/New_York],2021-02-07T06:24:08-05:00[America/New_York],NA,2021-02-07,22854,Sunday
1804,B,15,2021-02-07T06:24:08-05:00[America/New_York],2021-02-07T06:24:23-05:00[America/New_York],Yes,2021-02-07,23048,Sunday
1804,<A>,30,2021-02-07T06:24:23-05:00[America/New_York],2021-02-07T06:24:53-05:00[America/New_York],Yes,2021-02-07,23063,Sunday
1804,C,16,2021-02-07T06:24:53-05:00[America/New_York],2021-02-07T06:25:09-05:00[America/New_York],Yes,2021-02-07,23093,Sunday
1804,<A>,33,2021-02-07T06:25:09-05:00[America/New_York],2021-02-07T06:25:42-05:00[America/New_York],Yes,2021-02-07,23109,Sunday
1804,B,15,2021-02-07T06:25:42-05:00[America/New_York],2021-02-07T06:25:57-05:00[America/New_York],NA,2021-02-07,23142,Sunday
1804,C,16,2021-02-07T06:25:57-05:00[America/New_York],2021-02-07T06:26:13-05:00[America/New_York],Yes,2021-02-07,23157,Sunday
1804,<A>,51,2021-02-07T06:26:13-05:00[America/New_York],2021-02-07T06:27:04-05:00[America/New_York],Yes,2021-02-07,23173,Sunday
1804,B,16,2021-02-07T06:27:04-05:00[America/New_York],2021-02-07T06:27:20-05:00[America/New_York],NA,2021-02-07,23224,Sunday
1804,C,15,2021-02-07T06:27:20-05:00[America/New_York],2021-02-07T06:27:35-05:00[America/New_York],Yes,2021-02-07,23240,Sunday
1804,<A>,31,2021-02-07T06:27:35-05:00[America/New_York],2021-02-07T06:28:06-05:00[America/New_York],Yes,2021-02-07,23255,Sunday
1804,B,15,2021-02-07T06:28:06-05:00[America/New_York],2021-02-07T06:28:21-05:00[America/New_York],Yes,2021-02-07,23286,Sunday
1804,<A>,113,2021-02-07T06:28:21-05:00[America/New_York],2021-02-07T06:30:14-05:00[America/New_York],Yes,2021-02-07,23301,Sunday
1804,B,15,2021-02-07T06:30:14-05:00[America/New_York],2021-02-07T06:30:29-05:00[America/New_York],Yes,2021-02-07,23414,Sunday
1804,<A>,83,2021-02-07T06:30:29-05:00[America/New_York],2021-02-07T06:31:52-05:00[America/New_York],NA,2021-02-07,23429,Sunday
1804,B,15,2021-02-07T06:31:52-05:00[America/New_York],2021-02-07T06:32:07-05:00[America/New_York],Yes,2021-02-07,23512,Sunday
1804,<A>,30,2021-02-07T06:32:07-05:00[America/New_York],2021-02-07T06:32:37-05:00[America/New_York],Yes,2021-02-07,23527,Sunday
1804,B,16,2021-02-07T06:32:37-05:00[America/New_York],2021-02-07T06:32:53-05:00[America/New_York],NA,2021-02-07,23557,Sunday
1804,C,15,2021-02-07T06:32:53-05:00[America/New_York],2021-02-07T06:33:08-05:00[America/New_York],Yes,2021-02-07,23573,Sunday
1804,<A>,31,2021-02-07T06:33:08-05:00[America/New_York],2021-02-07T06:33:39-05:00[America/New_York],Yes,2021-02-07,23588,Sunday
1804,C,16,2021-02-07T06:33:39-05:00[America/New_York],2021-02-07T06:33:55-05:00[America/New_York],Yes,2021-02-07,23619,Sunday
1804,<A>,31,2021-02-07T06:33:55-05:00[America/New_York],2021-02-07T06:34:26-05:00[America/New_York],Yes,2021-02-07,23635,Sunday
1804,B,15,2021-02-07T06:34:26-05:00[America/New_York],2021-02-07T06:34:41-05:00[America/New_York],Yes,2021-02-07,23666,Sunday
1804,<A>,30,2021-02-07T06:34:41-05:00[America/New_York],2021-02-07T06:35:11-05:00[America/New_York],Yes,2021-02-07,23681,Sunday
1804,B,16,2021-02-07T06:35:11-05:00[America/New_York],2021-02-07T06:35:27-05:00[America/New_York],Yes,2021-02-07,23711,Sunday
1804,<A>,51,2021-02-07T06:35:27-05:00[America/New_York],2021-02-07T06:36:18-05:00[America/New_York],Yes,2021-02-07,23727,Sunday
1804,B,15,2021-02-07T06:36:18-05:00[America/New_York],2021-02-07T06:36:33-05:00[America/New_York],Yes,2021-02-07,23778,Sunday
1804,<A>,31,2021-02-07T06:36:33-05:00[America/New_York],2021-02-07T06:37:04-05:00[America/New_York],Yes,2021-02-07,23793,Sunday
1804,B,15,2021-02-07T06:37:04-05:00[America/New_York],2021-02-07T06:37:19-05:00[America/New_York],Yes,2021-02-07,23824,Sunday
1804,<A>,179,2021-02-07T06:37:19-05:00[America/New_York],2021-02-07T06:40:18-05:00[America/New_York],NA,2021-02-07,23839,Sunday
1804,B,17,2021-02-07T06:40:18-05:00[America/New_York],2021-02-07T06:40:35-05:00[America/New_York],Yes,2021-02-07,24018,Sunday
1804,<A>,78,2021-02-07T06:40:35-05:00[America/New_York],2021-02-07T06:41:53-05:00[America/New_York],NA,2021-02-07,24035,Sunday
1804,B,15,2021-02-07T06:41:53-05:00[America/New_York],2021-02-07T06:42:08-05:00[America/New_York],Yes,2021-02-07,24113,Sunday
1804,<A>,45,2021-02-07T06:42:08-05:00[America/New_York],2021-02-07T06:42:53-05:00[America/New_York],Yes,2021-02-07,24128,Sunday
1804,B,15,2021-02-07T06:42:53-05:00[America/New_York],2021-02-07T06:43:08-05:00[America/New_York],NA,2021-02-07,24173,Sunday
1804,C,15,2021-02-07T06:43:08-05:00[America/New_York],2021-02-07T06:43:23-05:00[America/New_York],Yes,2021-02-07,24188,Sunday
1804,<A>,66,2021-02-07T06:43:23-05:00[America/New_York],2021-02-07T06:44:29-05:00[America/New_York],Yes,2021-02-07,24203,Sunday
1804,C,15,2021-02-07T06:44:29-05:00[America/New_York],2021-02-07T06:44:44-05:00[America/New_York],Yes,2021-02-07,24269,Sunday
1804,<A>,85,2021-02-07T06:44:44-05:00[America/New_York],2021-02-07T06:46:09-05:00[America/New_York],NA,2021-02-07,24284,Sunday
1804,B,16,2021-02-07T06:46:09-05:00[America/New_York],2021-02-07T06:46:25-05:00[America/New_York],Yes,2021-02-07,24369,Sunday
1804,<A>,32,2021-02-07T06:46:25-05:00[America/New_York],2021-02-07T06:46:57-05:00[America/New_York],Yes,2021-02-07,24385,Sunday
1804,B,19,2021-02-07T06:46:57-05:00[America/New_York],2021-02-07T06:47:16-05:00[America/New_York],Yes,2021-02-07,24417,Sunday
1804,<A>,39,2021-02-07T06:47:16-05:00[America/New_York],2021-02-07T06:47:55-05:00[America/New_York],Yes,2021-02-07,24436,Sunday
1804,B,16,2021-02-07T06:47:55-05:00[America/New_York],2021-02-07T06:48:11-05:00[America/New_York],Yes,2021-02-07,24475,Sunday
1804,<A>,150,2021-02-07T06:48:11-05:00[America/New_York],2021-02-07T06:50:41-05:00[America/New_York],Yes,2021-02-07,24491,Sunday
1804,B,15,2021-02-07T06:50:41-05:00[America/New_York],2021-02-07T06:50:56-05:00[America/New_York],Yes,2021-02-07,24641,Sunday
1804,<A>,36,2021-02-07T06:50:56-05:00[America/New_York],2021-02-07T06:51:32-05:00[America/New_York],Yes,2021-02-07,24656,Sunday
1804,B,15,2021-02-07T06:51:32-05:00[America/New_York],2021-02-07T06:51:47-05:00[America/New_York],Yes,2021-02-07,24692,Sunday
1804,<A>,162,2021-02-07T06:51:47-05:00[America/New_York],2021-02-07T06:54:29-05:00[America/New_York],NA,2021-02-07,24707,Sunday
1804,C,15,2021-02-07T06:54:29-05:00[America/New_York],2021-02-07T06:54:44-05:00[America/New_York],Yes,2021-02-07,24869,Sunday
1804,<A>,33,2021-02-07T06:54:44-05:00[America/New_York],2021-02-07T06:55:17-05:00[America/New_York],Yes,2021-02-07,24884,Sunday
1804,B,15,2021-02-07T06:55:17-05:00[America/New_York],2021-02-07T06:55:32-05:00[America/New_York],NA,2021-02-07,24917,Sunday
1804,C,15,2021-02-07T06:55:32-05:00[America/New_York],2021-02-07T06:55:47-05:00[America/New_York],Yes,2021-02-07,24932,Sunday
1804,<A>,31,2021-02-07T06:55:47-05:00[America/New_York],2021-02-07T06:56:18-05:00[America/New_York],Yes,2021-02-07,24947,Sunday
1804,C,16,2021-02-07T06:56:18-05:00[America/New_York],2021-02-07T06:56:34-05:00[America/New_York],Yes,2021-02-07,24978,Sunday
1804,<A>,67,2021-02-07T06:56:34-05:00[America/New_York],2021-02-07T06:57:41-05:00[America/New_York],NA,2021-02-07,24994,Sunday
1804,B,15,2021-02-07T06:57:41-05:00[America/New_York],2021-02-07T06:57:56-05:00[America/New_York],Yes,2021-02-07,25061,Sunday
1804,<A>,32,2021-02-07T06:57:56-05:00[America/New_York],2021-02-07T06:58:28-05:00[America/New_York],Yes,2021-02-07,25076,Sunday
1804,B,17,2021-02-07T06:58:28-05:00[America/New_York],2021-02-07T06:58:45-05:00[America/New_York],NA,2021-02-07,25108,Sunday
1804,C,16,2021-02-07T06:58:45-05:00[America/New_York],2021-02-07T06:59:01-05:00[America/New_York],Yes,2021-02-07,25125,Sunday
1804,<A>,30,2021-02-07T06:59:01-05:00[America/New_York],2021-02-07T06:59:31-05:00[America/New_York],Yes,2021-02-07,25141,Sunday
1804,C,16,2021-02-07T06:59:31-05:00[America/New_York],2021-02-07T06:59:47-05:00[America/New_York],Yes,2021-02-07,25171,Sunday
1804,<A>,36,2021-02-07T06:59:47-05:00[America/New_York],2021-02-07T07:00:23-05:00[America/New_York],Yes,2021-02-07,25187,Sunday
1804,C,16,2021-02-07T07:00:23-05:00[America/New_York],2021-02-07T07:00:39-05:00[America/New_York],Yes,2021-02-07,25223,Sunday
1804,<A>,38,2021-02-07T07:00:39-05:00[America/New_York],2021-02-07T07:01:17-05:00[America/New_York],Yes,2021-02-07,25239,Sunday
1804,B,15,2021-02-07T07:01:17-05:00[America/New_York],2021-02-07T07:01:32-05:00[America/New_York],Yes,2021-02-07,25277,Sunday
1804,<A>,35,2021-02-07T07:01:32-05:00[America/New_York],2021-02-07T07:02:07-05:00[America/New_York],Yes,2021-02-07,25292,Sunday
1804,B,17,2021-02-07T07:02:07-05:00[America/New_York],2021-02-07T07:02:24-05:00[America/New_York],Yes,2021-02-07,25327,Sunday
1804,<A>,30,2021-02-07T07:02:24-05:00[America/New_York],2021-02-07T07:02:54-05:00[America/New_York],Yes,2021-02-07,25344,Sunday
1804,B,16,2021-02-07T07:02:54-05:00[America/New_York],2021-02-07T07:03:10-05:00[America/New_York],Yes,2021-02-07,25374,Sunday
1804,<A>,65,2021-02-07T07:03:10-05:00[America/New_York],2021-02-07T07:04:15-05:00[America/New_York],NA,2021-02-07,25390,Sunday
1804,B,15,2021-02-07T07:04:15-05:00[America/New_York],2021-02-07T07:04:30-05:00[America/New_York],Yes,2021-02-07,25455,Sunday
1804,<A>,42,2021-02-07T07:04:30-05:00[America/New_York],2021-02-07T07:05:12-05:00[America/New_York],Yes,2021-02-07,25470,Sunday
1804,B,15,2021-02-07T07:05:12-05:00[America/New_York],2021-02-07T07:05:27-05:00[America/New_York],NA,2021-02-07,25512,Sunday
1804,C,15,2021-02-07T07:05:27-05:00[America/New_York],2021-02-07T07:05:42-05:00[America/New_York],Yes,2021-02-07,25527,Sunday
1804,<A>,99,2021-02-07T07:05:42-05:00[America/New_York],2021-02-07T07:07:21-05:00[America/New_York],NA,2021-02-07,25542,Sunday
1804,C,19,2021-02-07T07:07:21-05:00[America/New_York],2021-02-07T07:07:40-05:00[America/New_York],Yes,2021-02-07,25641,Sunday
1804,<A>,30,2021-02-07T07:07:40-05:00[America/New_York],2021-02-07T07:08:10-05:00[America/New_York],Yes,2021-02-07,25660,Sunday
1804,B,15,2021-02-07T07:08:10-05:00[America/New_York],2021-02-07T07:08:25-05:00[America/New_York],NA,2021-02-07,25690,Sunday
1804,C,18,2021-02-07T07:08:25-05:00[America/New_York],2021-02-07T07:08:43-05:00[America/New_York],Yes,2021-02-07,25705,Sunday
1804,<A>,31,2021-02-07T07:08:43-05:00[America/New_York],2021-02-07T07:09:14-05:00[America/New_York],Yes,2021-02-07,25723,Sunday
1804,B,15,2021-02-07T07:09:14-05:00[America/New_York],2021-02-07T07:09:29-05:00[America/New_York],Yes,2021-02-07,25754,Sunday
1804,<A>,184,2021-02-07T07:09:29-05:00[America/New_York],2021-02-07T07:12:33-05:00[America/New_York],NA,2021-02-07,25769,Sunday
1804,B,15,2021-02-07T07:12:33-05:00[America/New_York],2021-02-07T07:12:48-05:00[America/New_York],Yes,2021-02-07,25953,Sunday
1804,<A>,30,2021-02-07T07:12:48-05:00[America/New_York],2021-02-07T07:13:18-05:00[America/New_York],Yes,2021-02-07,25968,Sunday
1804,C,19,2021-02-07T07:13:18-05:00[America/New_York],2021-02-07T07:13:37-05:00[America/New_York],Yes,2021-02-07,25998,Sunday
1804,<A>,30,2021-02-07T07:13:37-05:00[America/New_York],2021-02-07T07:14:07-05:00[America/New_York],Yes,2021-02-07,26017,Sunday
1804,C,15,2021-02-07T07:14:07-05:00[America/New_York],2021-02-07T07:14:22-05:00[America/New_York],Yes,2021-02-07,26047,Sunday
1804,<A>,31,2021-02-07T07:14:22-05:00[America/New_York],2021-02-07T07:14:53-05:00[America/New_York],Yes,2021-02-07,26062,Sunday
1804,B,15,2021-02-07T07:14:53-05:00[America/New_York],2021-02-07T07:15:08-05:00[America/New_York],Yes,2021-02-07,26093,Sunday
1804,<A>,31,2021-02-07T07:15:08-05:00[America/New_York],2021-02-07T07:15:39-05:00[America/New_York],Yes,2021-02-07,26108,Sunday
1804,C,15,2021-02-07T07:15:39-05:00[America/New_York],2021-02-07T07:15:54-05:00[America/New_York],Yes,2021-02-07,26139,Sunday
1804,<A>,33,2021-02-07T07:15:54-05:00[America/New_York],2021-02-07T07:16:27-05:00[America/New_York],Yes,2021-02-07,26154,Sunday
1804,B,16,2021-02-07T07:16:27-05:00[America/New_York],2021-02-07T07:16:43-05:00[America/New_York],NA,2021-02-07,26187,Sunday
1804,C,15,2021-02-07T07:16:43-05:00[America/New_York],2021-02-07T07:16:58-05:00[America/New_York],Yes,2021-02-07,26203,Sunday
1804,<A>,31,2021-02-07T07:16:58-05:00[America/New_York],2021-02-07T07:17:29-05:00[America/New_York],Yes,2021-02-07,26218,Sunday
1804,C,17,2021-02-07T07:17:29-05:00[America/New_York],2021-02-07T07:17:46-05:00[America/New_York],Yes,2021-02-07,26249,Sunday
1804,<A>,51,2021-02-07T07:17:46-05:00[America/New_York],2021-02-07T07:18:37-05:00[America/New_York],Yes,2021-02-07,26266,Sunday
1804,B,15,2021-02-07T07:18:37-05:00[America/New_York],2021-02-07T07:18:52-05:00[America/New_York],NA,2021-02-07,26317,Sunday
1804,C,21,2021-02-07T07:18:52-05:00[America/New_York],2021-02-07T07:19:13-05:00[America/New_York],Yes,2021-02-07,26332,Sunday
1804,<A>,36,2021-02-07T07:19:13-05:00[America/New_York],2021-02-07T07:19:49-05:00[America/New_York],Yes,2021-02-07,26353,Sunday
1804,C,15,2021-02-07T07:19:49-05:00[America/New_York],2021-02-07T07:20:04-05:00[America/New_York],Yes,2021-02-07,26389,Sunday
1804,<A>,30,2021-02-07T07:20:04-05:00[America/New_York],2021-02-07T07:20:34-05:00[America/New_York],Yes,2021-02-07,26404,Sunday
1804,B,19,2021-02-07T07:20:34-05:00[America/New_York],2021-02-07T07:20:53-05:00[America/New_York],Yes,2021-02-07,26434,Sunday
1804,<A>,35,2021-02-07T07:20:53-05:00[America/New_York],2021-02-07T07:21:28-05:00[America/New_York],Yes,2021-02-07,26453,Sunday
1804,C,15,2021-02-07T07:21:28-05:00[America/New_York],2021-02-07T07:21:43-05:00[America/New_York],Yes,2021-02-07,26488,Sunday
1804,<A>,31,2021-02-07T07:21:43-05:00[America/New_York],2021-02-07T07:22:14-05:00[America/New_York],Yes,2021-02-07,26503,Sunday
1804,B,17,2021-02-07T07:22:14-05:00[America/New_York],2021-02-07T07:22:31-05:00[America/New_York],Yes,2021-02-07,26534,Sunday
1804,<A>,62,2021-02-07T07:22:31-05:00[America/New_York],2021-02-07T07:23:33-05:00[America/New_York],Yes,2021-02-07,26551,Sunday
1804,C,15,2021-02-07T07:23:33-05:00[America/New_York],2021-02-07T07:23:48-05:00[America/New_York],Yes,2021-02-07,26613,Sunday
1804,<A>,30,2021-02-07T07:23:48-05:00[America/New_York],2021-02-07T07:24:18-05:00[America/New_York],Yes,2021-02-07,26628,Sunday
1804,B,17,2021-02-07T07:24:18-05:00[America/New_York],2021-02-07T07:24:35-05:00[America/New_York],Yes,2021-02-07,26658,Sunday
1804,<A>,90,2021-02-07T07:24:35-05:00[America/New_York],2021-02-07T07:26:05-05:00[America/New_York],NA,2021-02-07,26675,Sunday
1804,B,15,2021-02-07T07:26:05-05:00[America/New_York],2021-02-07T07:26:20-05:00[America/New_York],Yes,2021-02-07,26765,Sunday
1804,<A>,30,2021-02-07T07:26:20-05:00[America/New_York],2021-02-07T07:26:50-05:00[America/New_York],Yes,2021-02-07,26780,Sunday
1804,B,18,2021-02-07T07:26:50-05:00[America/New_York],2021-02-07T07:27:08-05:00[America/New_York],Yes,2021-02-07,26810,Sunday
1804,<A>,60,2021-02-07T07:27:08-05:00[America/New_York],2021-02-07T07:28:08-05:00[America/New_York],Yes,2021-02-07,26828,Sunday
1804,B,15,2021-02-07T07:28:08-05:00[America/New_York],2021-02-07T07:28:23-05:00[America/New_York],Yes,2021-02-07,26888,Sunday
1804,<A>,47,2021-02-07T07:28:23-05:00[America/New_York],2021-02-07T07:29:10-05:00[America/New_York],Yes,2021-02-07,26903,Sunday
1804,C,15,2021-02-07T07:29:10-05:00[America/New_York],2021-02-07T07:29:25-05:00[America/New_York],Yes,2021-02-07,26950,Sunday
1804,<A>,64,2021-02-07T07:29:25-05:00[America/New_York],2021-02-07T07:30:29-05:00[America/New_York],NA,2021-02-07,26965,Sunday
1804,B,15,2021-02-07T07:30:29-05:00[America/New_York],2021-02-07T07:30:44-05:00[America/New_York],Yes,2021-02-07,27029,Sunday
1804,<A>,30,2021-02-07T07:30:44-05:00[America/New_York],2021-02-07T07:31:14-05:00[America/New_York],Yes,2021-02-07,27044,Sunday
1804,B,16,2021-02-07T07:31:14-05:00[America/New_York],2021-02-07T07:31:30-05:00[America/New_York],Yes,2021-02-07,27074,Sunday
1804,<A>,35,2021-02-07T07:31:30-05:00[America/New_York],2021-02-07T07:32:05-05:00[America/New_York],Yes,2021-02-07,27090,Sunday
1804,B,15,2021-02-07T07:32:05-05:00[America/New_York],2021-02-07T07:32:20-05:00[America/New_York],Yes,2021-02-07,27125,Sunday
1804,<A>,31,2021-02-07T07:32:20-05:00[America/New_York],2021-02-07T07:32:51-05:00[America/New_York],Yes,2021-02-07,27140,Sunday
1804,B,15,2021-02-07T07:32:51-05:00[America/New_York],2021-02-07T07:33:06-05:00[America/New_York],Yes,2021-02-07,27171,Sunday
1804,<A>,36,2021-02-07T07:33:06-05:00[America/New_York],2021-02-07T07:33:42-05:00[America/New_York],Yes,2021-02-07,27186,Sunday
1804,B,16,2021-02-07T07:33:42-05:00[America/New_York],2021-02-07T07:33:58-05:00[America/New_York],Yes,2021-02-07,27222,Sunday
1804,<A>,31,2021-02-07T07:33:58-05:00[America/New_York],2021-02-07T07:34:29-05:00[America/New_York],Yes,2021-02-07,27238,Sunday
1804,B,16,2021-02-07T07:34:29-05:00[America/New_York],2021-02-07T07:34:45-05:00[America/New_York],NA,2021-02-07,27269,Sunday
1804,C,15,2021-02-07T07:34:45-05:00[America/New_York],2021-02-07T07:35:00-05:00[America/New_York],Yes,2021-02-07,27285,Sunday
1804,<A>,47,2021-02-07T07:35:00-05:00[America/New_York],2021-02-07T07:35:47-05:00[America/New_York],Yes,2021-02-07,27300,Sunday
1804,B,15,2021-02-07T07:35:47-05:00[America/New_York],2021-02-07T07:36:02-05:00[America/New_York],NA,2021-02-07,27347,Sunday
1804,C,17,2021-02-07T07:36:02-05:00[America/New_York],2021-02-07T07:36:19-05:00[America/New_York],Yes,2021-02-07,27362,Sunday
1804,<A>,36,2021-02-07T07:36:19-05:00[America/New_York],2021-02-07T07:36:55-05:00[America/New_York],Yes,2021-02-07,27379,Sunday
1804,C,15,2021-02-07T07:36:55-05:00[America/New_York],2021-02-07T07:37:10-05:00[America/New_York],Yes,2021-02-07,27415,Sunday
1804,<A>,30,2021-02-07T07:37:10-05:00[America/New_York],2021-02-07T07:37:40-05:00[America/New_York],Yes,2021-02-07,27430,Sunday
1804,B,19,2021-02-07T07:37:40-05:00[America/New_York],2021-02-07T07:37:59-05:00[America/New_York],Yes,2021-02-07,27460,Sunday
1804,<A>,81,2021-02-07T07:37:59-05:00[America/New_York],2021-02-07T07:39:20-05:00[America/New_York],NA,2021-02-07,27479,Sunday
1804,B,17,2021-02-07T07:39:20-05:00[America/New_York],2021-02-07T07:39:37-05:00[America/New_York],Yes,2021-02-07,27560,Sunday
1804,<A>,52,2021-02-07T07:39:37-05:00[America/New_York],2021-02-07T07:40:29-05:00[America/New_York],Yes,2021-02-07,27577,Sunday
1804,B,15,2021-02-07T07:40:29-05:00[America/New_York],2021-02-07T07:40:44-05:00[America/New_York],Yes,2021-02-07,27629,Sunday
1804,<A>,30,2021-02-07T07:40:44-05:00[America/New_York],2021-02-07T07:41:14-05:00[America/New_York],Yes,2021-02-07,27644,Sunday
1804,B,16,2021-02-07T07:41:14-05:00[America/New_York],2021-02-07T07:41:30-05:00[America/New_York],NA,2021-02-07,27674,Sunday
1804,C,15,2021-02-07T07:41:30-05:00[America/New_York],2021-02-07T07:41:45-05:00[America/New_York],Yes,2021-02-07,27690,Sunday
1804,<A>,54,2021-02-07T07:41:45-05:00[America/New_York],2021-02-07T07:42:39-05:00[America/New_York],Yes,2021-02-07,27705,Sunday
1804,B,15,2021-02-07T07:42:39-05:00[America/New_York],2021-02-07T07:42:54-05:00[America/New_York],Yes,2021-02-07,27759,Sunday
1804,<A>,31,2021-02-07T07:42:54-05:00[America/New_York],2021-02-07T07:43:25-05:00[America/New_York],Yes,2021-02-07,27774,Sunday
1804,B,18,2021-02-07T07:43:25-05:00[America/New_York],2021-02-07T07:43:43-05:00[America/New_York],Yes,2021-02-07,27805,Sunday
1804,<A>,32,2021-02-07T07:43:43-05:00[America/New_York],2021-02-07T07:44:15-05:00[America/New_York],Yes,2021-02-07,27823,Sunday
1804,B,18,2021-02-07T07:44:15-05:00[America/New_York],2021-02-07T07:44:33-05:00[America/New_York],Yes,2021-02-07,27855,Sunday
1804,<A>,31,2021-02-07T07:44:33-05:00[America/New_York],2021-02-07T07:45:04-05:00[America/New_York],Yes,2021-02-07,27873,Sunday
1804,B,16,2021-02-07T07:45:04-05:00[America/New_York],2021-02-07T07:45:20-05:00[America/New_York],NA,2021-02-07,27904,Sunday
1804,C,15,2021-02-07T07:45:20-05:00[America/New_York],2021-02-07T07:45:35-05:00[America/New_York],Yes,2021-02-07,27920,Sunday
1804,<A>,46,2021-02-07T07:45:35-05:00[America/New_York],2021-02-07T07:46:21-05:00[America/New_York],Yes,2021-02-07,27935,Sunday
1804,C,15,2021-02-07T07:46:21-05:00[America/New_York],2021-02-07T07:46:36-05:00[America/New_York],Yes,2021-02-07,27981,Sunday
1804,<A>,37,2021-02-07T07:46:36-05:00[America/New_York],2021-02-07T07:47:13-05:00[America/New_York],Yes,2021-02-07,27996,Sunday
1804,B,18,2021-02-07T07:47:13-05:00[America/New_York],2021-02-07T07:47:31-05:00[America/New_York],Yes,2021-02-07,28033,Sunday
1804,<A>,68,2021-02-07T07:47:31-05:00[America/New_York],2021-02-07T07:48:39-05:00[America/New_York],NA,2021-02-07,28051,Sunday
1804,C,15,2021-02-07T07:48:39-05:00[America/New_York],2021-02-07T07:48:54-05:00[America/New_York],Yes,2021-02-07,28119,Sunday
1804,<A>,30,2021-02-07T07:48:54-05:00[America/New_York],2021-02-07T07:49:24-05:00[America/New_York],Yes,2021-02-07,28134,Sunday
1804,B,17,2021-02-07T07:49:24-05:00[America/New_York],2021-02-07T07:49:41-05:00[America/New_York],Yes,2021-02-07,28164,Sunday
1804,<A>,34,2021-02-07T07:49:41-05:00[America/New_York],2021-02-07T07:50:15-05:00[America/New_York],Yes,2021-02-07,28181,Sunday
1804,C,15,2021-02-07T07:50:15-05:00[America/New_York],2021-02-07T07:50:30-05:00[America/New_York],Yes,2021-02-07,28215,Sunday
1804,<A>,31,2021-02-07T07:50:30-05:00[America/New_York],2021-02-07T07:51:01-05:00[America/New_York],Yes,2021-02-07,28230,Sunday
1804,B,16,2021-02-07T07:51:01-05:00[America/New_York],2021-02-07T07:51:17-05:00[America/New_York],Yes,2021-02-07,28261,Sunday
1804,<A>,52,2021-02-07T07:51:17-05:00[America/New_York],2021-02-07T07:52:09-05:00[America/New_York],Yes,2021-02-07,28277,Sunday
1804,B,15,2021-02-07T07:52:09-05:00[America/New_York],2021-02-07T07:52:24-05:00[America/New_York],Yes,2021-02-07,28329,Sunday
1804,<A>,40,2021-02-07T07:52:24-05:00[America/New_York],2021-02-07T07:53:04-05:00[America/New_York],Yes,2021-02-07,28344,Sunday
1804,C,18,2021-02-07T07:53:04-05:00[America/New_York],2021-02-07T07:53:22-05:00[America/New_York],Yes,2021-02-07,28384,Sunday
1804,<A>,32,2021-02-07T07:53:22-05:00[America/New_York],2021-02-07T07:53:54-05:00[America/New_York],Yes,2021-02-07,28402,Sunday
1804,B,16,2021-02-07T07:53:54-05:00[America/New_York],2021-02-07T07:54:10-05:00[America/New_York],NA,2021-02-07,28434,Sunday
1804,C,15,2021-02-07T07:54:10-05:00[America/New_York],2021-02-07T07:54:25-05:00[America/New_York],Yes,2021-02-07,28450,Sunday
1804,<A>,30,2021-02-07T07:54:25-05:00[America/New_York],2021-02-07T07:54:55-05:00[America/New_York],Yes,2021-02-07,28465,Sunday
1804,B,16,2021-02-07T07:54:55-05:00[America/New_York],2021-02-07T07:55:11-05:00[America/New_York],Yes,2021-02-07,28495,Sunday
1804,<A>,30,2021-02-07T07:55:11-05:00[America/New_York],2021-02-07T07:55:41-05:00[America/New_York],Yes,2021-02-07,28511,Sunday
1804,C,16,2021-02-07T07:55:41-05:00[America/New_York],2021-02-07T07:55:57-05:00[America/New_York],Yes,2021-02-07,28541,Sunday
1804,<A>,32,2021-02-07T07:55:57-05:00[America/New_York],2021-02-07T07:56:29-05:00[America/New_York],Yes,2021-02-07,28557,Sunday
1804,B,16,2021-02-07T07:56:29-05:00[America/New_York],2021-02-07T07:56:45-05:00[America/New_York],NA,2021-02-07,28589,Sunday
1804,C,15,2021-02-07T07:56:45-05:00[America/New_York],2021-02-07T07:57:00-05:00[America/New_York],Yes,2021-02-07,28605,Sunday
1804,<A>,31,2021-02-07T07:57:00-05:00[America/New_York],2021-02-07T07:57:31-05:00[America/New_York],Yes,2021-02-07,28620,Sunday
1804,B,16,2021-02-07T07:57:31-05:00[America/New_York],2021-02-07T07:57:47-05:00[America/New_York],Yes,2021-02-07,28651,Sunday
1804,<A>,36,2021-02-07T07:57:47-05:00[America/New_York],2021-02-07T07:58:23-05:00[America/New_York],Yes,2021-02-07,28667,Sunday
1804,B,15,2021-02-07T07:58:23-05:00[America/New_York],2021-02-07T07:58:38-05:00[America/New_York],NA,2021-02-07,28703,Sunday
1804,C,17,2021-02-07T07:58:38-05:00[America/New_York],2021-02-07T07:58:55-05:00[America/New_York],Yes,2021-02-07,28718,Sunday
1804,<A>,30,2021-02-07T07:58:55-05:00[America/New_York],2021-02-07T07:59:25-05:00[America/New_York],Yes,2021-02-07,28735,Sunday
1804,B,16,2021-02-07T07:59:25-05:00[America/New_York],2021-02-07T07:59:41-05:00[America/New_York],NA,2021-02-07,28765,Sunday
1804,C,15,2021-02-07T07:59:41-05:00[America/New_York],2021-02-07T07:59:56-05:00[America/New_York],Yes,2021-02-07,28781,Sunday
1804,<A>,51,2021-02-07T07:59:56-05:00[America/New_York],2021-02-07T08:00:47-05:00[America/New_York],Yes,2021-02-07,28796,Sunday
1804,C,15,2021-02-07T08:00:47-05:00[America/New_York],2021-02-07T08:01:02-05:00[America/New_York],Yes,2021-02-07,28847,Sunday
1804,<A>,31,2021-02-07T08:01:02-05:00[America/New_York],2021-02-07T08:01:33-05:00[America/New_York],Yes,2021-02-07,28862,Sunday
1804,B,15,2021-02-07T08:01:33-05:00[America/New_York],2021-02-07T08:01:48-05:00[America/New_York],Yes,2021-02-07,28893,Sunday
1804,<A>,41,2021-02-07T08:01:48-05:00[America/New_York],2021-02-07T08:02:29-05:00[America/New_York],Yes,2021-02-07,28908,Sunday
1804,C,15,2021-02-07T08:02:29-05:00[America/New_York],2021-02-07T08:02:44-05:00[America/New_York],Yes,2021-02-07,28949,Sunday
1804,<A>,31,2021-02-07T08:02:44-05:00[America/New_York],2021-02-07T08:03:15-05:00[America/New_York],Yes,2021-02-07,28964,Sunday
1804,B,16,2021-02-07T08:03:15-05:00[America/New_York],2021-02-07T08:03:31-05:00[America/New_York],NA,2021-02-07,28995,Sunday
1804,C,15,2021-02-07T08:03:31-05:00[America/New_York],2021-02-07T08:03:46-05:00[America/New_York],Yes,2021-02-07,29011,Sunday
1804,<A>,30,2021-02-07T08:03:46-05:00[America/New_York],2021-02-07T08:04:16-05:00[America/New_York],Yes,2021-02-07,29026,Sunday
1804,B,16,2021-02-07T08:04:16-05:00[America/New_York],2021-02-07T08:04:32-05:00[America/New_York],NA,2021-02-07,29056,Sunday
1804,C,18,2021-02-07T08:04:32-05:00[America/New_York],2021-02-07T08:04:50-05:00[America/New_York],Yes,2021-02-07,29072,Sunday
1804,<A>,30,2021-02-07T08:04:50-05:00[America/New_York],2021-02-07T08:05:20-05:00[America/New_York],Yes,2021-02-07,29090,Sunday
1804,B,16,2021-02-07T08:05:20-05:00[America/New_York],2021-02-07T08:05:36-05:00[America/New_York],NA,2021-02-07,29120,Sunday
1804,C,16,2021-02-07T08:05:36-05:00[America/New_York],2021-02-07T08:05:52-05:00[America/New_York],Yes,2021-02-07,29136,Sunday
1804,<A>,31,2021-02-07T08:05:52-05:00[America/New_York],2021-02-07T08:06:23-05:00[America/New_York],Yes,2021-02-07,29152,Sunday
1804,B,15,2021-02-07T08:06:23-05:00[America/New_York],2021-02-07T08:06:38-05:00[America/New_York],Yes,2021-02-07,29183,Sunday
1804,<A>,37,2021-02-07T08:06:38-05:00[America/New_York],2021-02-07T08:07:15-05:00[America/New_York],Yes,2021-02-07,29198,Sunday
1804,C,15,2021-02-07T08:07:15-05:00[America/New_York],2021-02-07T08:07:30-05:00[America/New_York],Yes,2021-02-07,29235,Sunday
1804,<A>,34,2021-02-07T08:07:30-05:00[America/New_York],2021-02-07T08:08:04-05:00[America/New_York],Yes,2021-02-07,29250,Sunday
1804,B,18,2021-02-07T08:08:04-05:00[America/New_York],2021-02-07T08:08:22-05:00[America/New_York],Yes,2021-02-07,29284,Sunday
1804,<A>,32,2021-02-07T08:08:22-05:00[America/New_York],2021-02-07T08:08:54-05:00[America/New_York],Yes,2021-02-07,29302,Sunday
1804,B,17,2021-02-07T08:08:54-05:00[America/New_York],2021-02-07T08:09:11-05:00[America/New_York],NA,2021-02-07,29334,Sunday
1804,C,19,2021-02-07T08:09:11-05:00[America/New_York],2021-02-07T08:09:30-05:00[America/New_York],Yes,2021-02-07,29351,Sunday
1804,<A>,76,2021-02-07T08:09:30-05:00[America/New_York],2021-02-07T08:10:46-05:00[America/New_York],Yes,2021-02-07,29370,Sunday
1804,C,19,2021-02-07T08:10:46-05:00[America/New_York],2021-02-07T08:11:05-05:00[America/New_York],Yes,2021-02-07,29446,Sunday
1804,<A>,31,2021-02-07T08:11:05-05:00[America/New_York],2021-02-07T08:11:36-05:00[America/New_York],Yes,2021-02-07,29465,Sunday
1804,B,16,2021-02-07T08:11:36-05:00[America/New_York],2021-02-07T08:11:52-05:00[America/New_York],NA,2021-02-07,29496,Sunday
1804,C,15,2021-02-07T08:11:52-05:00[America/New_York],2021-02-07T08:12:07-05:00[America/New_York],Yes,2021-02-07,29512,Sunday
1804,<A>,30,2021-02-07T08:12:07-05:00[America/New_York],2021-02-07T08:12:37-05:00[America/New_York],Yes,2021-02-07,29527,Sunday
1804,B,21,2021-02-07T08:12:37-05:00[America/New_York],2021-02-07T08:12:58-05:00[America/New_York],Yes,2021-02-07,29557,Sunday
1804,<A>,31,2021-02-07T08:12:58-05:00[America/New_York],2021-02-07T08:13:29-05:00[America/New_York],Yes,2021-02-07,29578,Sunday
1804,B,15,2021-02-07T08:13:29-05:00[America/New_York],2021-02-07T08:13:44-05:00[America/New_York],NA,2021-02-07,29609,Sunday
1804,C,15,2021-02-07T08:13:44-05:00[America/New_York],2021-02-07T08:13:59-05:00[America/New_York],Yes,2021-02-07,29624,Sunday
1804,<A>,31,2021-02-07T08:13:59-05:00[America/New_York],2021-02-07T08:14:30-05:00[America/New_York],Yes,2021-02-07,29639,Sunday
1804,C,19,2021-02-07T08:14:30-05:00[America/New_York],2021-02-07T08:14:49-05:00[America/New_York],Yes,2021-02-07,29670,Sunday
1804,<A>,30,2021-02-07T08:14:49-05:00[America/New_York],2021-02-07T08:15:19-05:00[America/New_York],Yes,2021-02-07,29689,Sunday
1804,B,15,2021-02-07T08:15:19-05:00[America/New_York],2021-02-07T08:15:34-05:00[America/New_York],Yes,2021-02-07,29719,Sunday
1804,<A>,39,2021-02-07T08:15:34-05:00[America/New_York],2021-02-07T08:16:13-05:00[America/New_York],Yes,2021-02-07,29734,Sunday
1804,C,16,2021-02-07T08:16:13-05:00[America/New_York],2021-02-07T08:16:29-05:00[America/New_York],Yes,2021-02-07,29773,Sunday
1804,<A>,31,2021-02-07T08:16:29-05:00[America/New_York],2021-02-07T08:17:00-05:00[America/New_York],Yes,2021-02-07,29789,Sunday
1804,B,16,2021-02-07T08:17:00-05:00[America/New_York],2021-02-07T08:17:16-05:00[America/New_York],Yes,2021-02-07,29820,Sunday
1804,<A>,57,2021-02-07T08:17:16-05:00[America/New_York],2021-02-07T08:18:13-05:00[America/New_York],Yes,2021-02-07,29836,Sunday
1804,B,15,2021-02-07T08:18:13-05:00[America/New_York],2021-02-07T08:18:28-05:00[America/New_York],Yes,2021-02-07,29893,Sunday
1804,<A>,57,2021-02-07T08:18:28-05:00[America/New_York],2021-02-07T08:19:25-05:00[America/New_York],Yes,2021-02-07,29908,Sunday
1804,B,15,2021-02-07T08:19:25-05:00[America/New_York],2021-02-07T08:19:40-05:00[America/New_York],Yes,2021-02-07,29965,Sunday
1804,<A>,31,2021-02-07T08:19:40-05:00[America/New_York],2021-02-07T08:20:11-05:00[America/New_York],Yes,2021-02-07,29980,Sunday
1804,B,16,2021-02-07T08:20:11-05:00[America/New_York],2021-02-07T08:20:27-05:00[America/New_York],NA,2021-02-07,30011,Sunday
1804,C,15,2021-02-07T08:20:27-05:00[America/New_York],2021-02-07T08:20:42-05:00[America/New_York],Yes,2021-02-07,30027,Sunday
1804,<A>,35,2021-02-07T08:20:42-05:00[America/New_York],2021-02-07T08:21:17-05:00[America/New_York],Yes,2021-02-07,30042,Sunday
1804,B,15,2021-02-07T08:21:17-05:00[America/New_York],2021-02-07T08:21:32-05:00[America/New_York],Yes,2021-02-07,30077,Sunday
1804,<A>,32,2021-02-07T08:21:32-05:00[America/New_York],2021-02-07T08:22:04-05:00[America/New_York],Yes,2021-02-07,30092,Sunday
1804,B,15,2021-02-07T08:22:04-05:00[America/New_York],2021-02-07T08:22:19-05:00[America/New_York],Yes,2021-02-07,30124,Sunday
1804,<A>,41,2021-02-07T08:22:19-05:00[America/New_York],2021-02-07T08:23:00-05:00[America/New_York],Yes,2021-02-07,30139,Sunday
1804,B,16,2021-02-07T08:23:00-05:00[America/New_York],2021-02-07T08:23:16-05:00[America/New_York],NA,2021-02-07,30180,Sunday
1804,C,20,2021-02-07T08:23:16-05:00[America/New_York],2021-02-07T08:23:36-05:00[America/New_York],Yes,2021-02-07,30196,Sunday
1804,<A>,49,2021-02-07T08:23:36-05:00[America/New_York],2021-02-07T08:24:25-05:00[America/New_York],Yes,2021-02-07,30216,Sunday
1804,B,19,2021-02-07T08:24:25-05:00[America/New_York],2021-02-07T08:24:44-05:00[America/New_York],Yes,2021-02-07,30265,Sunday
1804,<A>,46,2021-02-07T08:24:44-05:00[America/New_York],2021-02-07T08:25:30-05:00[America/New_York],Yes,2021-02-07,30284,Sunday
1804,B,15,2021-02-07T08:25:30-05:00[America/New_York],2021-02-07T08:25:45-05:00[America/New_York],NA,2021-02-07,30330,Sunday
1804,C,16,2021-02-07T08:25:45-05:00[America/New_York],2021-02-07T08:26:01-05:00[America/New_York],Yes,2021-02-07,30345,Sunday
1804,<A>,36,2021-02-07T08:26:01-05:00[America/New_York],2021-02-07T08:26:37-05:00[America/New_York],Yes,2021-02-07,30361,Sunday
1804,B,16,2021-02-07T08:26:37-05:00[America/New_York],2021-02-07T08:26:53-05:00[America/New_York],NA,2021-02-07,30397,Sunday
1804,C,17,2021-02-07T08:26:53-05:00[America/New_York],2021-02-07T08:27:10-05:00[America/New_York],Yes,2021-02-07,30413,Sunday
1804,<A>,30,2021-02-07T08:27:10-05:00[America/New_York],2021-02-07T08:27:40-05:00[America/New_York],Yes,2021-02-07,30430,Sunday
1804,B,16,2021-02-07T08:27:40-05:00[America/New_York],2021-02-07T08:27:56-05:00[America/New_York],NA,2021-02-07,30460,Sunday
1804,C,15,2021-02-07T08:27:56-05:00[America/New_York],2021-02-07T08:28:11-05:00[America/New_York],Yes,2021-02-07,30476,Sunday
1804,<A>,31,2021-02-07T08:28:11-05:00[America/New_York],2021-02-07T08:28:42-05:00[America/New_York],Yes,2021-02-07,30491,Sunday
1804,B,15,2021-02-07T08:28:42-05:00[America/New_York],2021-02-07T08:28:57-05:00[America/New_York],NA,2021-02-07,30522,Sunday
1804,C,16,2021-02-07T08:28:57-05:00[America/New_York],2021-02-07T08:29:13-05:00[America/New_York],Yes,2021-02-07,30537,Sunday
1804,<A>,31,2021-02-07T08:29:13-05:00[America/New_York],2021-02-07T08:29:44-05:00[America/New_York],Yes,2021-02-07,30553,Sunday
1804,B,17,2021-02-07T08:29:44-05:00[America/New_York],2021-02-07T08:30:01-05:00[America/New_York],Yes,2021-02-07,30584,Sunday
1804,<A>,31,2021-02-07T08:30:01-05:00[America/New_York],2021-02-07T08:30:32-05:00[America/New_York],Yes,2021-02-07,30601,Sunday
1804,C,15,2021-02-07T08:30:32-05:00[America/New_York],2021-02-07T08:30:47-05:00[America/New_York],Yes,2021-02-07,30632,Sunday
1804,<A>,43,2021-02-07T08:30:47-05:00[America/New_York],2021-02-07T08:31:30-05:00[America/New_York],Yes,2021-02-07,30647,Sunday
1804,C,18,2021-02-07T08:31:30-05:00[America/New_York],2021-02-07T08:31:48-05:00[America/New_York],Yes,2021-02-07,30690,Sunday
1804,<A>,31,2021-02-07T08:31:48-05:00[America/New_York],2021-02-07T08:32:19-05:00[America/New_York],Yes,2021-02-07,30708,Sunday
1804,B,18,2021-02-07T08:32:19-05:00[America/New_York],2021-02-07T08:32:37-05:00[America/New_York],Yes,2021-02-07,30739,Sunday
1804,<A>,31,2021-02-07T08:32:37-05:00[America/New_York],2021-02-07T08:33:08-05:00[America/New_York],Yes,2021-02-07,30757,Sunday
1804,B,18,2021-02-07T08:33:08-05:00[America/New_York],2021-02-07T08:33:26-05:00[America/New_York],Yes,2021-02-07,30788,Sunday
1804,<A>,40,2021-02-07T08:33:26-05:00[America/New_York],2021-02-07T08:34:06-05:00[America/New_York],Yes,2021-02-07,30806,Sunday
1804,B,20,2021-02-07T08:34:06-05:00[America/New_York],2021-02-07T08:34:26-05:00[America/New_York],Yes,2021-02-07,30846,Sunday
1804,C,15,2021-02-07T08:34:26-05:00[America/New_York],2021-02-07T08:34:41-05:00[America/New_York],Yes,2021-02-07,30866,Sunday
1804,<A>,31,2021-02-07T08:34:41-05:00[America/New_York],2021-02-07T08:35:12-05:00[America/New_York],Yes,2021-02-07,30881,Sunday
1804,B,16,2021-02-07T08:35:12-05:00[America/New_York],2021-02-07T08:35:28-05:00[America/New_York],NA,2021-02-07,30912,Sunday
1804,C,19,2021-02-07T08:35:28-05:00[America/New_York],2021-02-07T08:35:47-05:00[America/New_York],Yes,2021-02-07,30928,Sunday
1804,<A>,33,2021-02-07T08:35:47-05:00[America/New_York],2021-02-07T08:36:20-05:00[America/New_York],Yes,2021-02-07,30947,Sunday
1804,B,16,2021-02-07T08:36:20-05:00[America/New_York],2021-02-07T08:36:36-05:00[America/New_York],NA,2021-02-07,30980,Sunday
1804,C,17,2021-02-07T08:36:36-05:00[America/New_York],2021-02-07T08:36:53-05:00[America/New_York],Yes,2021-02-07,30996,Sunday
1804,<A>,33,2021-02-07T08:36:53-05:00[America/New_York],2021-02-07T08:37:26-05:00[America/New_York],Yes,2021-02-07,31013,Sunday
1804,B,16,2021-02-07T08:37:26-05:00[America/New_York],2021-02-07T08:37:42-05:00[America/New_York],NA,2021-02-07,31046,Sunday
1804,C,15,2021-02-07T08:37:42-05:00[America/New_York],2021-02-07T08:37:57-05:00[America/New_York],Yes,2021-02-07,31062,Sunday
1804,<A>,67,2021-02-07T08:37:57-05:00[America/New_York],2021-02-07T08:39:04-05:00[America/New_York],Yes,2021-02-07,31077,Sunday
1804,B,15,2021-02-07T08:39:04-05:00[America/New_York],2021-02-07T08:39:19-05:00[America/New_York],Yes,2021-02-07,31144,Sunday
1804,<A>,32,2021-02-07T08:39:19-05:00[America/New_York],2021-02-07T08:39:51-05:00[America/New_York],Yes,2021-02-07,31159,Sunday
1804,C,19,2021-02-07T08:39:51-05:00[America/New_York],2021-02-07T08:40:10-05:00[America/New_York],Yes,2021-02-07,31191,Sunday
1804,<A>,33,2021-02-07T08:40:10-05:00[America/New_York],2021-02-07T08:40:43-05:00[America/New_York],Yes,2021-02-07,31210,Sunday
1804,B,19,2021-02-07T08:40:43-05:00[America/New_York],2021-02-07T08:41:02-05:00[America/New_York],Yes,2021-02-07,31243,Sunday
1804,<A>,32,2021-02-07T08:41:02-05:00[America/New_York],2021-02-07T08:41:34-05:00[America/New_York],Yes,2021-02-07,31262,Sunday
1804,B,15,2021-02-07T08:41:34-05:00[America/New_York],2021-02-07T08:41:49-05:00[America/New_York],NA,2021-02-07,31294,Sunday
1804,C,19,2021-02-07T08:41:49-05:00[America/New_York],2021-02-07T08:42:08-05:00[America/New_York],Yes,2021-02-07,31309,Sunday
1804,<A>,30,2021-02-07T08:42:08-05:00[America/New_York],2021-02-07T08:42:38-05:00[America/New_York],Yes,2021-02-07,31328,Sunday
1804,B,18,2021-02-07T08:42:38-05:00[America/New_York],2021-02-07T08:42:56-05:00[America/New_York],Yes,2021-02-07,31358,Sunday
1804,<A>,42,2021-02-07T08:42:56-05:00[America/New_York],2021-02-07T08:43:38-05:00[America/New_York],Yes,2021-02-07,31376,Sunday
1804,B,16,2021-02-07T08:43:38-05:00[America/New_York],2021-02-07T08:43:54-05:00[America/New_York],NA,2021-02-07,31418,Sunday
1804,C,19,2021-02-07T08:43:54-05:00[America/New_York],2021-02-07T08:44:13-05:00[America/New_York],Yes,2021-02-07,31434,Sunday
1804,<A>,31,2021-02-07T08:44:13-05:00[America/New_York],2021-02-07T08:44:44-05:00[America/New_York],Yes,2021-02-07,31453,Sunday
1804,C,16,2021-02-07T08:44:44-05:00[America/New_York],2021-02-07T08:45:00-05:00[America/New_York],Yes,2021-02-07,31484,Sunday
1804,<A>,31,2021-02-07T08:45:00-05:00[America/New_York],2021-02-07T08:45:31-05:00[America/New_York],Yes,2021-02-07,31500,Sunday
1804,C,21,2021-02-07T08:45:31-05:00[America/New_York],2021-02-07T08:45:52-05:00[America/New_York],Yes,2021-02-07,31531,Sunday
1804,<A>,31,2021-02-07T08:45:52-05:00[America/New_York],2021-02-07T08:46:23-05:00[America/New_York],Yes,2021-02-07,31552,Sunday
1804,B,16,2021-02-07T08:46:23-05:00[America/New_York],2021-02-07T08:46:39-05:00[America/New_York],NA,2021-02-07,31583,Sunday
1804,C,15,2021-02-07T08:46:39-05:00[America/New_York],2021-02-07T08:46:54-05:00[America/New_York],Yes,2021-02-07,31599,Sunday
1804,<A>,34,2021-02-07T08:46:54-05:00[America/New_York],2021-02-07T08:47:28-05:00[America/New_York],Yes,2021-02-07,31614,Sunday
1804,C,15,2021-02-07T08:47:28-05:00[America/New_York],2021-02-07T08:47:43-05:00[America/New_York],Yes,2021-02-07,31648,Sunday
1804,<A>,30,2021-02-07T08:47:43-05:00[America/New_York],2021-02-07T08:48:13-05:00[America/New_York],Yes,2021-02-07,31663,Sunday
1804,B,17,2021-02-07T08:48:13-05:00[America/New_York],2021-02-07T08:48:30-05:00[America/New_York],NA,2021-02-07,31693,Sunday
1804,C,15,2021-02-07T08:48:30-05:00[America/New_York],2021-02-07T08:48:45-05:00[America/New_York],Yes,2021-02-07,31710,Sunday
1804,<A>,33,2021-02-07T08:48:45-05:00[America/New_York],2021-02-07T08:49:18-05:00[America/New_York],Yes,2021-02-07,31725,Sunday
1804,B,16,2021-02-07T08:49:18-05:00[America/New_York],2021-02-07T08:49:34-05:00[America/New_York],NA,2021-02-07,31758,Sunday
1804,C,17,2021-02-07T08:49:34-05:00[America/New_York],2021-02-07T08:49:51-05:00[America/New_York],Yes,2021-02-07,31774,Sunday
1804,<A>,35,2021-02-07T08:49:51-05:00[America/New_York],2021-02-07T08:50:26-05:00[America/New_York],Yes,2021-02-07,31791,Sunday
1804,B,16,2021-02-07T08:50:26-05:00[America/New_York],2021-02-07T08:50:42-05:00[America/New_York],NA,2021-02-07,31826,Sunday
1804,C,20,2021-02-07T08:50:42-05:00[America/New_York],2021-02-07T08:51:02-05:00[America/New_York],Yes,2021-02-07,31842,Sunday
1804,<A>,33,2021-02-07T08:51:02-05:00[America/New_York],2021-02-07T08:51:35-05:00[America/New_York],Yes,2021-02-07,31862,Sunday
1804,B,15,2021-02-07T08:51:35-05:00[America/New_York],2021-02-07T08:51:50-05:00[America/New_York],NA,2021-02-07,31895,Sunday
1804,C,29,2021-02-07T08:51:50-05:00[America/New_York],2021-02-07T08:52:19-05:00[America/New_York],Yes,2021-02-07,31910,Sunday
1804,<A>,35,2021-02-07T08:52:19-05:00[America/New_York],2021-02-07T08:52:54-05:00[America/New_York],Yes,2021-02-07,31939,Sunday
1804,B,16,2021-02-07T08:52:54-05:00[America/New_York],2021-02-07T08:53:10-05:00[America/New_York],NA,2021-02-07,31974,Sunday
1804,C,18,2021-02-07T08:53:10-05:00[America/New_York],2021-02-07T08:53:28-05:00[America/New_York],Yes,2021-02-07,31990,Sunday
1804,<A>,30,2021-02-07T08:53:28-05:00[America/New_York],2021-02-07T08:53:58-05:00[America/New_York],Yes,2021-02-07,32008,Sunday
1804,B,16,2021-02-07T08:53:58-05:00[America/New_York],2021-02-07T08:54:14-05:00[America/New_York],NA,2021-02-07,32038,Sunday
1804,C,23,2021-02-07T08:54:14-05:00[America/New_York],2021-02-07T08:54:37-05:00[America/New_York],Yes,2021-02-07,32054,Sunday
1804,<A>,52,2021-02-07T08:54:37-05:00[America/New_York],2021-02-07T08:55:29-05:00[America/New_York],Yes,2021-02-07,32077,Sunday
1804,B,16,2021-02-07T08:55:29-05:00[America/New_York],2021-02-07T08:55:45-05:00[America/New_York],NA,2021-02-07,32129,Sunday
1804,C,15,2021-02-07T08:55:45-05:00[America/New_York],2021-02-07T08:56:00-05:00[America/New_York],Yes,2021-02-07,32145,Sunday
1804,<A>,30,2021-02-07T08:56:00-05:00[America/New_York],2021-02-07T08:56:30-05:00[America/New_York],Yes,2021-02-07,32160,Sunday
1804,B,17,2021-02-07T08:56:30-05:00[America/New_York],2021-02-07T08:56:47-05:00[America/New_York],NA,2021-02-07,32190,Sunday
1804,C,15,2021-02-07T08:56:47-05:00[America/New_York],2021-02-07T08:57:02-05:00[America/New_York],Yes,2021-02-07,32207,Sunday
1804,<A>,30,2021-02-07T08:57:02-05:00[America/New_York],2021-02-07T08:57:32-05:00[America/New_York],Yes,2021-02-07,32222,Sunday
1804,B,17,2021-02-07T08:57:32-05:00[America/New_York],2021-02-07T08:57:49-05:00[America/New_York],NA,2021-02-07,32252,Sunday
1804,C,22,2021-02-07T08:57:49-05:00[America/New_York],2021-02-07T08:58:11-05:00[America/New_York],Yes,2021-02-07,32269,Sunday
1804,<A>,36,2021-02-07T08:58:11-05:00[America/New_York],2021-02-07T08:58:47-05:00[America/New_York],Yes,2021-02-07,32291,Sunday
1804,B,19,2021-02-07T08:58:47-05:00[America/New_York],2021-02-07T08:59:06-05:00[America/New_York],Yes,2021-02-07,32327,Sunday
1804,C,20,2021-02-07T08:59:06-05:00[America/New_York],2021-02-07T08:59:26-05:00[America/New_York],Yes,2021-02-07,32346,Sunday
1804,<A>,85,2021-02-07T08:59:26-05:00[America/New_York],2021-02-07T09:00:51-05:00[America/New_York],NA,2021-02-07,32366,Sunday
1804,B,21,2021-02-07T09:00:51-05:00[America/New_York],2021-02-07T09:01:12-05:00[America/New_York],Yes,2021-02-07,32451,Sunday
1804,C,22,2021-02-07T09:01:12-05:00[America/New_York],2021-02-07T09:01:34-05:00[America/New_York],Yes,2021-02-07,32472,Sunday
1804,<A>,31,2021-02-07T09:01:34-05:00[America/New_York],2021-02-07T09:02:05-05:00[America/New_York],Yes,2021-02-07,32494,Sunday
1804,B,18,2021-02-07T09:02:05-05:00[America/New_York],2021-02-07T09:02:23-05:00[America/New_York],Yes,2021-02-07,32525,Sunday
1804,C,22,2021-02-07T09:02:23-05:00[America/New_York],2021-02-07T09:02:45-05:00[America/New_York],Yes,2021-02-07,32543,Sunday
1804,<A>,31,2021-02-07T09:02:45-05:00[America/New_York],2021-02-07T09:03:16-05:00[America/New_York],Yes,2021-02-07,32565,Sunday
1804,B,15,2021-02-07T09:03:16-05:00[America/New_York],2021-02-07T09:03:31-05:00[America/New_York],Yes,2021-02-07,32596,Sunday
1804,C,19,2021-02-07T09:03:31-05:00[America/New_York],2021-02-07T09:03:50-05:00[America/New_York],Yes,2021-02-07,32611,Sunday
1804,<A>,30,2021-02-07T09:03:50-05:00[America/New_York],2021-02-07T09:04:20-05:00[America/New_York],Yes,2021-02-07,32630,Sunday
1804,B,18,2021-02-07T09:04:20-05:00[America/New_York],2021-02-07T09:04:38-05:00[America/New_York],Yes,2021-02-07,32660,Sunday
1804,C,21,2021-02-07T09:04:38-05:00[America/New_York],2021-02-07T09:04:59-05:00[America/New_York],Yes,2021-02-07,32678,Sunday
1804,<A>,37,2021-02-07T09:04:59-05:00[America/New_York],2021-02-07T09:05:36-05:00[America/New_York],Yes,2021-02-07,32699,Sunday
1804,B,21,2021-02-07T09:05:36-05:00[America/New_York],2021-02-07T09:05:57-05:00[America/New_York],Yes,2021-02-07,32736,Sunday
1804,C,19,2021-02-07T09:05:57-05:00[America/New_York],2021-02-07T09:06:16-05:00[America/New_York],Yes,2021-02-07,32757,Sunday
1804,<A>,30,2021-02-07T09:06:16-05:00[America/New_York],2021-02-07T09:06:46-05:00[America/New_York],Yes,2021-02-07,32776,Sunday
1804,B,16,2021-02-07T09:06:46-05:00[America/New_York],2021-02-07T09:07:02-05:00[America/New_York],Yes,2021-02-07,32806,Sunday
1804,<A>,41,2021-02-07T09:07:02-05:00[America/New_York],2021-02-07T09:07:43-05:00[America/New_York],Yes,2021-02-07,32822,Sunday
1804,B,18,2021-02-07T09:07:43-05:00[America/New_York],2021-02-07T09:08:01-05:00[America/New_York],Yes,2021-02-07,32863,Sunday
1804,C,18,2021-02-07T09:08:01-05:00[America/New_York],2021-02-07T09:08:19-05:00[America/New_York],Yes,2021-02-07,32881,Sunday
1804,<A>,30,2021-02-07T09:08:19-05:00[America/New_York],2021-02-07T09:08:49-05:00[America/New_York],Yes,2021-02-07,32899,Sunday
1804,B,17,2021-02-07T09:08:49-05:00[America/New_York],2021-02-07T09:09:06-05:00[America/New_York],Yes,2021-02-07,32929,Sunday
1804,<A>,38,2021-02-07T09:09:06-05:00[America/New_York],2021-02-07T09:09:44-05:00[America/New_York],Yes,2021-02-07,32946,Sunday
1804,B,21,2021-02-07T09:09:44-05:00[America/New_York],2021-02-07T09:10:05-05:00[America/New_York],NA,2021-02-07,32984,Sunday
1804,C,21,2021-02-07T09:10:05-05:00[America/New_York],2021-02-07T09:10:26-05:00[America/New_York],Yes,2021-02-07,33005,Sunday
1804,<A>,43,2021-02-07T09:10:26-05:00[America/New_York],2021-02-07T09:11:09-05:00[America/New_York],Yes,2021-02-07,33026,Sunday
1804,B,18,2021-02-07T09:11:09-05:00[America/New_York],2021-02-07T09:11:27-05:00[America/New_York],NA,2021-02-07,33069,Sunday
1804,C,19,2021-02-07T09:11:27-05:00[America/New_York],2021-02-07T09:11:46-05:00[America/New_York],Yes,2021-02-07,33087,Sunday
1804,<A>,32,2021-02-07T09:11:46-05:00[America/New_York],2021-02-07T09:12:18-05:00[America/New_York],Yes,2021-02-07,33106,Sunday
1804,B,22,2021-02-07T09:12:18-05:00[America/New_York],2021-02-07T09:12:40-05:00[America/New_York],NA,2021-02-07,33138,Sunday
1804,C,26,2021-02-07T09:12:40-05:00[America/New_York],2021-02-07T09:13:06-05:00[America/New_York],Yes,2021-02-07,33160,Sunday
1804,<A>,41,2021-02-07T09:13:06-05:00[America/New_York],2021-02-07T09:13:47-05:00[America/New_York],Yes,2021-02-07,33186,Sunday
1804,B,25,2021-02-07T09:13:47-05:00[America/New_York],2021-02-07T09:14:12-05:00[America/New_York],NA,2021-02-07,33227,Sunday
1804,C,27,2021-02-07T09:14:12-05:00[America/New_York],2021-02-07T09:14:39-05:00[America/New_York],Yes,2021-02-07,33252,Sunday
1804,<A>,34,2021-02-07T09:14:39-05:00[America/New_York],2021-02-07T09:15:13-05:00[America/New_York],Yes,2021-02-07,33279,Sunday
1804,C,21,2021-02-07T09:15:13-05:00[America/New_York],2021-02-07T09:15:34-05:00[America/New_York],Yes,2021-02-07,33313,Sunday
1804,<A>,33,2021-02-07T09:15:34-05:00[America/New_York],2021-02-07T09:16:07-05:00[America/New_York],Yes,2021-02-07,33334,Sunday
1804,B,25,2021-02-07T09:16:07-05:00[America/New_York],2021-02-07T09:16:32-05:00[America/New_York],Yes,2021-02-07,33367,Sunday
1804,C,19,2021-02-07T09:16:32-05:00[America/New_York],2021-02-07T09:16:51-05:00[America/New_York],Yes,2021-02-07,33392,Sunday
1804,<A>,38,2021-02-07T09:16:51-05:00[America/New_York],2021-02-07T09:17:29-05:00[America/New_York],Yes,2021-02-07,33411,Sunday
1804,B,22,2021-02-07T09:17:29-05:00[America/New_York],2021-02-07T09:17:51-05:00[America/New_York],Yes,2021-02-07,33449,Sunday
1804,C,21,2021-02-07T09:17:51-05:00[America/New_York],2021-02-07T09:18:12-05:00[America/New_York],Yes,2021-02-07,33471,Sunday
1804,<A>,33,2021-02-07T09:18:12-05:00[America/New_York],2021-02-07T09:18:45-05:00[America/New_York],Yes,2021-02-07,33492,Sunday
1804,B,18,2021-02-07T09:18:45-05:00[America/New_York],2021-02-07T09:19:03-05:00[America/New_York],Yes,2021-02-07,33525,Sunday
1804,C,20,2021-02-07T09:19:03-05:00[America/New_York],2021-02-07T09:19:23-05:00[America/New_York],Yes,2021-02-07,33543,Sunday
1804,<A>,33,2021-02-07T09:19:23-05:00[America/New_York],2021-02-07T09:19:56-05:00[America/New_York],Yes,2021-02-07,33563,Sunday
1804,B,16,2021-02-07T09:19:56-05:00[America/New_York],2021-02-07T09:20:12-05:00[America/New_York],Yes,2021-02-07,33596,Sunday
1804,C,17,2021-02-07T09:20:12-05:00[America/New_York],2021-02-07T09:20:29-05:00[America/New_York],Yes,2021-02-07,33612,Sunday
1804,<A>,39,2021-02-07T09:20:29-05:00[America/New_York],2021-02-07T09:21:08-05:00[America/New_York],Yes,2021-02-07,33629,Sunday
1804,B,19,2021-02-07T09:21:08-05:00[America/New_York],2021-02-07T09:21:27-05:00[America/New_York],NA,2021-02-07,33668,Sunday
1804,C,16,2021-02-07T09:21:27-05:00[America/New_York],2021-02-07T09:21:43-05:00[America/New_York],Yes,2021-02-07,33687,Sunday
1804,<A>,42,2021-02-07T09:21:43-05:00[America/New_York],2021-02-07T09:22:25-05:00[America/New_York],Yes,2021-02-07,33703,Sunday
1804,B,17,2021-02-07T09:22:25-05:00[America/New_York],2021-02-07T09:22:42-05:00[America/New_York],NA,2021-02-07,33745,Sunday
1804,C,15,2021-02-07T09:22:42-05:00[America/New_York],2021-02-07T09:22:57-05:00[America/New_York],Yes,2021-02-07,33762,Sunday
1804,<A>,38,2021-02-07T09:22:57-05:00[America/New_York],2021-02-07T09:23:35-05:00[America/New_York],Yes,2021-02-07,33777,Sunday
1804,B,16,2021-02-07T09:23:35-05:00[America/New_York],2021-02-07T09:23:51-05:00[America/New_York],NA,2021-02-07,33815,Sunday
1804,C,27,2021-02-07T09:23:51-05:00[America/New_York],2021-02-07T09:24:18-05:00[America/New_York],Yes,2021-02-07,33831,Sunday
1804,<A>,33,2021-02-07T09:24:18-05:00[America/New_York],2021-02-07T09:24:51-05:00[America/New_York],Yes,2021-02-07,33858,Sunday
1804,B,30,2021-02-07T09:24:51-05:00[America/New_York],2021-02-07T09:25:21-05:00[America/New_York],Yes,2021-02-07,33891,Sunday
1804,<A>,38,2021-02-07T09:25:21-05:00[America/New_York],2021-02-07T09:25:59-05:00[America/New_York],Yes,2021-02-07,33921,Sunday
1804,B,19,2021-02-07T09:25:59-05:00[America/New_York],2021-02-07T09:26:18-05:00[America/New_York],Yes,2021-02-07,33959,Sunday
1804,C,15,2021-02-07T09:26:18-05:00[America/New_York],2021-02-07T09:26:33-05:00[America/New_York],Yes,2021-02-07,33978,Sunday
1804,<A>,32,2021-02-07T09:26:33-05:00[America/New_York],2021-02-07T09:27:05-05:00[America/New_York],Yes,2021-02-07,33993,Sunday
1804,B,16,2021-02-07T09:27:05-05:00[America/New_York],2021-02-07T09:27:21-05:00[America/New_York],Yes,2021-02-07,34025,Sunday
1804,C,15,2021-02-07T09:27:21-05:00[America/New_York],2021-02-07T09:27:36-05:00[America/New_York],Yes,2021-02-07,34041,Sunday
1804,<A>,34,2021-02-07T09:27:36-05:00[America/New_York],2021-02-07T09:28:10-05:00[America/New_York],Yes,2021-02-07,34056,Sunday
1804,B,16,2021-02-07T09:28:10-05:00[America/New_York],2021-02-07T09:28:26-05:00[America/New_York],Yes,2021-02-07,34090,Sunday
1804,C,18,2021-02-07T09:28:26-05:00[America/New_York],2021-02-07T09:28:44-05:00[America/New_York],Yes,2021-02-07,34106,Sunday
1804,<A>,37,2021-02-07T09:28:44-05:00[America/New_York],2021-02-07T09:29:21-05:00[America/New_York],Yes,2021-02-07,34124,Sunday
1804,C,19,2021-02-07T09:29:21-05:00[America/New_York],2021-02-07T09:29:40-05:00[America/New_York],Yes,2021-02-07,34161,Sunday
1804,<A>,44,2021-02-07T09:29:40-05:00[America/New_York],2021-02-07T09:30:24-05:00[America/New_York],Yes,2021-02-07,34180,Sunday
1804,B,18,2021-02-07T09:30:24-05:00[America/New_York],2021-02-07T09:30:42-05:00[America/New_York],NA,2021-02-07,34224,Sunday
1804,C,19,2021-02-07T09:30:42-05:00[America/New_York],2021-02-07T09:31:01-05:00[America/New_York],Yes,2021-02-07,34242,Sunday
1804,<A>,37,2021-02-07T09:31:01-05:00[America/New_York],2021-02-07T09:31:38-05:00[America/New_York],Yes,2021-02-07,34261,Sunday
1804,B,18,2021-02-07T09:31:38-05:00[America/New_York],2021-02-07T09:31:56-05:00[America/New_York],NA,2021-02-07,34298,Sunday
1804,C,23,2021-02-07T09:31:56-05:00[America/New_York],2021-02-07T09:32:19-05:00[America/New_York],Yes,2021-02-07,34316,Sunday
1804,<A>,38,2021-02-07T09:32:19-05:00[America/New_York],2021-02-07T09:32:57-05:00[America/New_York],Yes,2021-02-07,34339,Sunday
1804,B,16,2021-02-07T09:32:57-05:00[America/New_York],2021-02-07T09:33:13-05:00[America/New_York],NA,2021-02-07,34377,Sunday
1804,C,21,2021-02-07T09:33:13-05:00[America/New_York],2021-02-07T09:33:34-05:00[America/New_York],Yes,2021-02-07,34393,Sunday
1804,<A>,43,2021-02-07T09:33:34-05:00[America/New_York],2021-02-07T09:34:17-05:00[America/New_York],Yes,2021-02-07,34414,Sunday
1804,B,22,2021-02-07T09:34:17-05:00[America/New_York],2021-02-07T09:34:39-05:00[America/New_York],NA,2021-02-07,34457,Sunday
1804,C,16,2021-02-07T09:34:39-05:00[America/New_York],2021-02-07T09:34:55-05:00[America/New_York],Yes,2021-02-07,34479,Sunday
1804,<A>,36,2021-02-07T09:34:55-05:00[America/New_York],2021-02-07T09:35:31-05:00[America/New_York],Yes,2021-02-07,34495,Sunday
1804,B,22,2021-02-07T09:35:31-05:00[America/New_York],2021-02-07T09:35:53-05:00[America/New_York],NA,2021-02-07,34531,Sunday
1804,C,21,2021-02-07T09:35:53-05:00[America/New_York],2021-02-07T09:36:14-05:00[America/New_York],Yes,2021-02-07,34553,Sunday
1804,<A>,32,2021-02-07T09:36:14-05:00[America/New_York],2021-02-07T09:36:46-05:00[America/New_York],Yes,2021-02-07,34574,Sunday
1804,B,22,2021-02-07T09:36:46-05:00[America/New_York],2021-02-07T09:37:08-05:00[America/New_York],Yes,2021-02-07,34606,Sunday
1804,C,25,2021-02-07T09:37:08-05:00[America/New_York],2021-02-07T09:37:33-05:00[America/New_York],Yes,2021-02-07,34628,Sunday
1804,<A>,42,2021-02-07T09:37:33-05:00[America/New_York],2021-02-07T09:38:15-05:00[America/New_York],Yes,2021-02-07,34653,Sunday
1804,B,21,2021-02-07T09:38:15-05:00[America/New_York],2021-02-07T09:38:36-05:00[America/New_York],Yes,2021-02-07,34695,Sunday
1804,C,21,2021-02-07T09:38:36-05:00[America/New_York],2021-02-07T09:38:57-05:00[America/New_York],Yes,2021-02-07,34716,Sunday
1804,<A>,46,2021-02-07T09:38:57-05:00[America/New_York],2021-02-07T09:39:43-05:00[America/New_York],Yes,2021-02-07,34737,Sunday
1804,B,15,2021-02-07T09:39:43-05:00[America/New_York],2021-02-07T09:39:58-05:00[America/New_York],Yes,2021-02-07,34783,Sunday
1804,C,24,2021-02-07T09:39:58-05:00[America/New_York],2021-02-07T09:40:22-05:00[America/New_York],Yes,2021-02-07,34798,Sunday
1804,<A>,31,2021-02-07T09:40:22-05:00[America/New_York],2021-02-07T09:40:53-05:00[America/New_York],Yes,2021-02-07,34822,Sunday
1804,C,16,2021-02-07T09:40:53-05:00[America/New_York],2021-02-07T09:41:09-05:00[America/New_York],Yes,2021-02-07,34853,Sunday
1804,<A>,31,2021-02-07T09:41:09-05:00[America/New_York],2021-02-07T09:41:40-05:00[America/New_York],Yes,2021-02-07,34869,Sunday
1804,B,21,2021-02-07T09:41:40-05:00[America/New_York],2021-02-07T09:42:01-05:00[America/New_York],NA,2021-02-07,34900,Sunday
1804,C,18,2021-02-07T09:42:01-05:00[America/New_York],2021-02-07T09:42:19-05:00[America/New_York],Yes,2021-02-07,34921,Sunday
1804,<A>,37,2021-02-07T09:42:19-05:00[America/New_York],2021-02-07T09:42:56-05:00[America/New_York],Yes,2021-02-07,34939,Sunday
1804,B,19,2021-02-07T09:42:56-05:00[America/New_York],2021-02-07T09:43:15-05:00[America/New_York],Yes,2021-02-07,34976,Sunday
1804,C,17,2021-02-07T09:43:15-05:00[America/New_York],2021-02-07T09:43:32-05:00[America/New_York],Yes,2021-02-07,34995,Sunday
1804,<A>,32,2021-02-07T09:43:32-05:00[America/New_York],2021-02-07T09:44:04-05:00[America/New_York],Yes,2021-02-07,35012,Sunday
1804,B,18,2021-02-07T09:44:04-05:00[America/New_York],2021-02-07T09:44:22-05:00[America/New_York],NA,2021-02-07,35044,Sunday
1804,C,22,2021-02-07T09:44:22-05:00[America/New_York],2021-02-07T09:44:44-05:00[America/New_York],Yes,2021-02-07,35062,Sunday
1804,<A>,36,2021-02-07T09:44:44-05:00[America/New_York],2021-02-07T09:45:20-05:00[America/New_York],Yes,2021-02-07,35084,Sunday
1804,B,27,2021-02-07T09:45:20-05:00[America/New_York],2021-02-07T09:45:47-05:00[America/New_York],Yes,2021-02-07,35120,Sunday
1804,<A>,34,2021-02-07T09:45:47-05:00[America/New_York],2021-02-07T09:46:21-05:00[America/New_York],Yes,2021-02-07,35147,Sunday
1804,B,15,2021-02-07T09:46:21-05:00[America/New_York],2021-02-07T09:46:36-05:00[America/New_York],Yes,2021-02-07,35181,Sunday
1804,C,16,2021-02-07T09:46:36-05:00[America/New_York],2021-02-07T09:46:52-05:00[America/New_York],Yes,2021-02-07,35196,Sunday
1804,<A>,36,2021-02-07T09:46:52-05:00[America/New_York],2021-02-07T09:47:28-05:00[America/New_York],Yes,2021-02-07,35212,Sunday
1804,B,17,2021-02-07T09:47:28-05:00[America/New_York],2021-02-07T09:47:45-05:00[America/New_York],NA,2021-02-07,35248,Sunday
1804,C,23,2021-02-07T09:47:45-05:00[America/New_York],2021-02-07T09:48:08-05:00[America/New_York],Yes,2021-02-07,35265,Sunday
1804,<A>,34,2021-02-07T09:48:08-05:00[America/New_York],2021-02-07T09:48:42-05:00[America/New_York],Yes,2021-02-07,35288,Sunday
1804,B,18,2021-02-07T09:48:42-05:00[America/New_York],2021-02-07T09:49:00-05:00[America/New_York],Yes,2021-02-07,35322,Sunday
1804,<A>,41,2021-02-07T09:49:00-05:00[America/New_York],2021-02-07T09:49:41-05:00[America/New_York],Yes,2021-02-07,35340,Sunday
1804,C,20,2021-02-07T09:49:41-05:00[America/New_York],2021-02-07T09:50:01-05:00[America/New_York],Yes,2021-02-07,35381,Sunday
1804,<A>,43,2021-02-07T09:50:01-05:00[America/New_York],2021-02-07T09:50:44-05:00[America/New_York],Yes,2021-02-07,35401,Sunday
1804,B,18,2021-02-07T09:50:44-05:00[America/New_York],2021-02-07T09:51:02-05:00[America/New_York],NA,2021-02-07,35444,Sunday
1804,C,32,2021-02-07T09:51:02-05:00[America/New_York],2021-02-07T09:51:34-05:00[America/New_York],Yes,2021-02-07,35462,Sunday
1804,<A>,30,2021-02-07T09:51:34-05:00[America/New_York],2021-02-07T09:52:04-05:00[America/New_York],Yes,2021-02-07,35494,Sunday
1804,B,16,2021-02-07T09:52:04-05:00[America/New_York],2021-02-07T09:52:20-05:00[America/New_York],NA,2021-02-07,35524,Sunday
1804,C,17,2021-02-07T09:52:20-05:00[America/New_York],2021-02-07T09:52:37-05:00[America/New_York],Yes,2021-02-07,35540,Sunday
1804,<A>,34,2021-02-07T09:52:37-05:00[America/New_York],2021-02-07T09:53:11-05:00[America/New_York],Yes,2021-02-07,35557,Sunday
1804,B,16,2021-02-07T09:53:11-05:00[America/New_York],2021-02-07T09:53:27-05:00[America/New_York],NA,2021-02-07,35591,Sunday
1804,C,16,2021-02-07T09:53:27-05:00[America/New_York],2021-02-07T09:53:43-05:00[America/New_York],Yes,2021-02-07,35607,Sunday
1804,<A>,40,2021-02-07T09:53:43-05:00[America/New_York],2021-02-07T09:54:23-05:00[America/New_York],Yes,2021-02-07,35623,Sunday
1804,B,16,2021-02-07T09:54:23-05:00[America/New_York],2021-02-07T09:54:39-05:00[America/New_York],NA,2021-02-07,35663,Sunday
1804,C,27,2021-02-07T09:54:39-05:00[America/New_York],2021-02-07T09:55:06-05:00[America/New_York],Yes,2021-02-07,35679,Sunday
1804,<A>,35,2021-02-07T09:55:06-05:00[America/New_York],2021-02-07T09:55:41-05:00[America/New_York],Yes,2021-02-07,35706,Sunday
1804,B,22,2021-02-07T09:55:41-05:00[America/New_York],2021-02-07T09:56:03-05:00[America/New_York],NA,2021-02-07,35741,Sunday
1804,C,24,2021-02-07T09:56:03-05:00[America/New_York],2021-02-07T09:56:27-05:00[America/New_York],Yes,2021-02-07,35763,Sunday
1804,<A>,36,2021-02-07T09:56:27-05:00[America/New_York],2021-02-07T09:57:03-05:00[America/New_York],Yes,2021-02-07,35787,Sunday
1804,C,18,2021-02-07T09:57:03-05:00[America/New_York],2021-02-07T09:57:21-05:00[America/New_York],Yes,2021-02-07,35823,Sunday
1804,<A>,31,2021-02-07T09:57:21-05:00[America/New_York],2021-02-07T09:57:52-05:00[America/New_York],Yes,2021-02-07,35841,Sunday
1804,B,22,2021-02-07T09:57:52-05:00[America/New_York],2021-02-07T09:58:14-05:00[America/New_York],NA,2021-02-07,35872,Sunday
1804,C,24,2021-02-07T09:58:14-05:00[America/New_York],2021-02-07T09:58:38-05:00[America/New_York],Yes,2021-02-07,35894,Sunday
1804,<A>,35,2021-02-07T09:58:38-05:00[America/New_York],2021-02-07T09:59:13-05:00[America/New_York],Yes,2021-02-07,35918,Sunday
1804,B,18,2021-02-07T09:59:13-05:00[America/New_York],2021-02-07T09:59:31-05:00[America/New_York],Yes,2021-02-07,35953,Sunday
1804,C,18,2021-02-07T09:59:31-05:00[America/New_York],2021-02-07T09:59:49-05:00[America/New_York],Yes,2021-02-07,35971,Sunday
1804,<A>,30,2021-02-07T09:59:49-05:00[America/New_York],2021-02-07T10:00:19-05:00[America/New_York],Yes,2021-02-07,35989,Sunday
1804,B,15,2021-02-07T10:00:19-05:00[America/New_York],2021-02-07T10:00:34-05:00[America/New_York],Yes,2021-02-07,36019,Sunday
1804,C,16,2021-02-07T10:00:34-05:00[America/New_York],2021-02-07T10:00:50-05:00[America/New_York],Yes,2021-02-07,36034,Sunday
1804,<A>,62,2021-02-07T10:00:50-05:00[America/New_York],2021-02-07T10:01:52-05:00[America/New_York],Yes,2021-02-07,36050,Sunday
1804,B,25,2021-02-07T10:01:52-05:00[America/New_York],2021-02-07T10:02:17-05:00[America/New_York],NA,2021-02-07,36112,Sunday
1804,C,16,2021-02-07T10:02:17-05:00[America/New_York],2021-02-07T10:02:33-05:00[America/New_York],Yes,2021-02-07,36137,Sunday
1804,<A>,54,2021-02-07T10:02:33-05:00[America/New_York],2021-02-07T10:03:27-05:00[America/New_York],NA,2021-02-07,36153,Sunday
1804,B,17,2021-02-07T10:03:27-05:00[America/New_York],2021-02-07T10:03:44-05:00[America/New_York],Yes,2021-02-07,36207,Sunday
1804,C,21,2021-02-07T10:03:44-05:00[America/New_York],2021-02-07T10:04:05-05:00[America/New_York],Yes,2021-02-07,36224,Sunday
1804,<A>,32,2021-02-07T10:04:05-05:00[America/New_York],2021-02-07T10:04:37-05:00[America/New_York],Yes,2021-02-07,36245,Sunday
1804,B,22,2021-02-07T10:04:37-05:00[America/New_York],2021-02-07T10:04:59-05:00[America/New_York],Yes,2021-02-07,36277,Sunday
1804,<A>,32,2021-02-07T10:04:59-05:00[America/New_York],2021-02-07T10:05:31-05:00[America/New_York],Yes,2021-02-07,36299,Sunday
1804,B,21,2021-02-07T10:05:31-05:00[America/New_York],2021-02-07T10:05:52-05:00[America/New_York],NA,2021-02-07,36331,Sunday
1804,C,18,2021-02-07T10:05:52-05:00[America/New_York],2021-02-07T10:06:10-05:00[America/New_York],Yes,2021-02-07,36352,Sunday
1804,<A>,44,2021-02-07T10:06:10-05:00[America/New_York],2021-02-07T10:06:54-05:00[America/New_York],Yes,2021-02-07,36370,Sunday
1804,C,25,2021-02-07T10:06:54-05:00[America/New_York],2021-02-07T10:07:19-05:00[America/New_York],Yes,2021-02-07,36414,Sunday
1804,<A>,40,2021-02-07T10:07:19-05:00[America/New_York],2021-02-07T10:07:59-05:00[America/New_York],Yes,2021-02-07,36439,Sunday
1804,B,21,2021-02-07T10:07:59-05:00[America/New_York],2021-02-07T10:08:20-05:00[America/New_York],NA,2021-02-07,36479,Sunday
1804,C,19,2021-02-07T10:08:20-05:00[America/New_York],2021-02-07T10:08:39-05:00[America/New_York],Yes,2021-02-07,36500,Sunday
1804,<A>,30,2021-02-07T10:08:39-05:00[America/New_York],2021-02-07T10:09:09-05:00[America/New_York],Yes,2021-02-07,36519,Sunday
1804,B,16,2021-02-07T10:09:09-05:00[America/New_York],2021-02-07T10:09:25-05:00[America/New_York],Yes,2021-02-07,36549,Sunday
1804,C,17,2021-02-07T10:09:25-05:00[America/New_York],2021-02-07T10:09:42-05:00[America/New_York],Yes,2021-02-07,36565,Sunday
1804,<A>,38,2021-02-07T10:09:42-05:00[America/New_York],2021-02-07T10:10:20-05:00[America/New_York],Yes,2021-02-07,36582,Sunday
1804,B,19,2021-02-07T10:10:20-05:00[America/New_York],2021-02-07T10:10:39-05:00[America/New_York],NA,2021-02-07,36620,Sunday
1804,C,18,2021-02-07T10:10:39-05:00[America/New_York],2021-02-07T10:10:57-05:00[America/New_York],Yes,2021-02-07,36639,Sunday
1804,<A>,92,2021-02-07T10:10:57-05:00[America/New_York],2021-02-07T10:12:29-05:00[America/New_York],NA,2021-02-07,36657,Sunday
1804,B,25,2021-02-07T10:12:29-05:00[America/New_York],2021-02-07T10:12:54-05:00[America/New_York],NA,2021-02-07,36749,Sunday
1804,C,21,2021-02-07T10:12:54-05:00[America/New_York],2021-02-07T10:13:15-05:00[America/New_York],Yes,2021-02-07,36774,Sunday
1804,<A>,59,2021-02-07T10:13:15-05:00[America/New_York],2021-02-07T10:14:14-05:00[America/New_York],NA,2021-02-07,36795,Sunday
1804,C,21,2021-02-07T10:14:14-05:00[America/New_York],2021-02-07T10:14:35-05:00[America/New_York],Yes,2021-02-07,36854,Sunday
1804,<A>,87,2021-02-07T10:14:35-05:00[America/New_York],2021-02-07T10:16:02-05:00[America/New_York],NA,2021-02-07,36875,Sunday
1804,B,23,2021-02-07T10:16:02-05:00[America/New_York],2021-02-07T10:16:25-05:00[America/New_York],Yes,2021-02-07,36962,Sunday
1804,C,24,2021-02-07T10:16:25-05:00[America/New_York],2021-02-07T10:16:49-05:00[America/New_York],Yes,2021-02-07,36985,Sunday
1804,<A>,59,2021-02-07T10:16:49-05:00[America/New_York],2021-02-07T10:17:48-05:00[America/New_York],NA,2021-02-07,37009,Sunday
1804,B,24,2021-02-07T10:17:48-05:00[America/New_York],2021-02-07T10:18:12-05:00[America/New_York],Yes,2021-02-07,37068,Sunday
1804,C,20,2021-02-07T10:18:12-05:00[America/New_York],2021-02-07T10:18:32-05:00[America/New_York],Yes,2021-02-07,37092,Sunday
1804,<A>,59,2021-02-07T10:18:32-05:00[America/New_York],2021-02-07T10:19:31-05:00[America/New_York],NA,2021-02-07,37112,Sunday
1804,B,21,2021-02-07T10:19:31-05:00[America/New_York],2021-02-07T10:19:52-05:00[America/New_York],NA,2021-02-07,37171,Sunday
1804,C,18,2021-02-07T10:19:52-05:00[America/New_York],2021-02-07T10:20:10-05:00[America/New_York],Yes,2021-02-07,37192,Sunday
1804,<A>,43,2021-02-07T10:20:10-05:00[America/New_York],2021-02-07T10:20:53-05:00[America/New_York],Yes,2021-02-07,37210,Sunday
1804,B,16,2021-02-07T10:20:53-05:00[America/New_York],2021-02-07T10:21:09-05:00[America/New_York],Yes,2021-02-07,37253,Sunday
1804,C,22,2021-02-07T10:21:09-05:00[America/New_York],2021-02-07T10:21:31-05:00[America/New_York],Yes,2021-02-07,37269,Sunday
1804,<A>,40,2021-02-07T10:21:31-05:00[America/New_York],2021-02-07T10:22:11-05:00[America/New_York],Yes,2021-02-07,37291,Sunday
1804,B,19,2021-02-07T10:22:11-05:00[America/New_York],2021-02-07T10:22:30-05:00[America/New_York],Yes,2021-02-07,37331,Sunday
1804,C,26,2021-02-07T10:22:30-05:00[America/New_York],2021-02-07T10:22:56-05:00[America/New_York],Yes,2021-02-07,37350,Sunday
1804,<A>,38,2021-02-07T10:22:56-05:00[America/New_York],2021-02-07T10:23:34-05:00[America/New_York],Yes,2021-02-07,37376,Sunday
1804,C,19,2021-02-07T10:23:34-05:00[America/New_York],2021-02-07T10:23:53-05:00[America/New_York],Yes,2021-02-07,37414,Sunday
1804,<A>,30,2021-02-07T10:23:53-05:00[America/New_York],2021-02-07T10:24:23-05:00[America/New_York],Yes,2021-02-07,37433,Sunday
1804,B,19,2021-02-07T10:24:23-05:00[America/New_York],2021-02-07T10:24:42-05:00[America/New_York],Yes,2021-02-07,37463,Sunday
1804,C,27,2021-02-07T10:24:42-05:00[America/New_York],2021-02-07T10:25:09-05:00[America/New_York],Yes,2021-02-07,37482,Sunday
1804,<A>,38,2021-02-07T10:25:09-05:00[America/New_York],2021-02-07T10:25:47-05:00[America/New_York],Yes,2021-02-07,37509,Sunday
1804,B,18,2021-02-07T10:25:47-05:00[America/New_York],2021-02-07T10:26:05-05:00[America/New_York],Yes,2021-02-07,37547,Sunday
1804,C,17,2021-02-07T10:26:05-05:00[America/New_York],2021-02-07T10:26:22-05:00[America/New_York],Yes,2021-02-07,37565,Sunday
1804,<A>,39,2021-02-07T10:26:22-05:00[America/New_York],2021-02-07T10:27:01-05:00[America/New_York],Yes,2021-02-07,37582,Sunday
1804,B,17,2021-02-07T10:27:01-05:00[America/New_York],2021-02-07T10:27:18-05:00[America/New_York],Yes,2021-02-07,37621,Sunday
1804,C,20,2021-02-07T10:27:18-05:00[America/New_York],2021-02-07T10:27:38-05:00[America/New_York],Yes,2021-02-07,37638,Sunday
1804,<A>,35,2021-02-07T10:27:38-05:00[America/New_York],2021-02-07T10:28:13-05:00[America/New_York],Yes,2021-02-07,37658,Sunday
1804,B,18,2021-02-07T10:28:13-05:00[America/New_York],2021-02-07T10:28:31-05:00[America/New_York],Yes,2021-02-07,37693,Sunday
1804,<A>,32,2021-02-07T10:28:31-05:00[America/New_York],2021-02-07T10:29:03-05:00[America/New_York],Yes,2021-02-07,37711,Sunday
1804,C,16,2021-02-07T10:29:03-05:00[America/New_York],2021-02-07T10:29:19-05:00[America/New_York],Yes,2021-02-07,37743,Sunday
1804,<A>,39,2021-02-07T10:29:19-05:00[America/New_York],2021-02-07T10:29:58-05:00[America/New_York],Yes,2021-02-07,37759,Sunday
1804,B,19,2021-02-07T10:29:58-05:00[America/New_York],2021-02-07T10:30:17-05:00[America/New_York],NA,2021-02-07,37798,Sunday
1804,C,24,2021-02-07T10:30:17-05:00[America/New_York],2021-02-07T10:30:41-05:00[America/New_York],Yes,2021-02-07,37817,Sunday
1804,<A>,31,2021-02-07T10:30:41-05:00[America/New_York],2021-02-07T10:31:12-05:00[America/New_York],Yes,2021-02-07,37841,Sunday
1804,B,18,2021-02-07T10:31:12-05:00[America/New_York],2021-02-07T10:31:30-05:00[America/New_York],NA,2021-02-07,37872,Sunday
1804,C,17,2021-02-07T10:31:30-05:00[America/New_York],2021-02-07T10:31:47-05:00[America/New_York],Yes,2021-02-07,37890,Sunday
1804,<A>,35,2021-02-07T10:31:47-05:00[America/New_York],2021-02-07T10:32:22-05:00[America/New_York],Yes,2021-02-07,37907,Sunday
1804,C,15,2021-02-07T10:32:22-05:00[America/New_York],2021-02-07T10:32:37-05:00[America/New_York],Yes,2021-02-07,37942,Sunday
1804,<A>,38,2021-02-07T10:32:37-05:00[America/New_York],2021-02-07T10:33:15-05:00[America/New_York],Yes,2021-02-07,37957,Sunday
1804,C,25,2021-02-07T10:33:15-05:00[America/New_York],2021-02-07T10:33:40-05:00[America/New_York],Yes,2021-02-07,37995,Sunday
1804,<A>,36,2021-02-07T10:33:40-05:00[America/New_York],2021-02-07T10:34:16-05:00[America/New_York],Yes,2021-02-07,38020,Sunday
1804,B,15,2021-02-07T10:34:16-05:00[America/New_York],2021-02-07T10:34:31-05:00[America/New_York],Yes,2021-02-07,38056,Sunday
1804,<A>,34,2021-02-07T10:34:31-05:00[America/New_York],2021-02-07T10:35:05-05:00[America/New_York],Yes,2021-02-07,38071,Sunday
1804,B,15,2021-02-07T10:35:05-05:00[America/New_York],2021-02-07T10:35:20-05:00[America/New_York],Yes,2021-02-07,38105,Sunday
1804,C,23,2021-02-07T10:35:20-05:00[America/New_York],2021-02-07T10:35:43-05:00[America/New_York],Yes,2021-02-07,38120,Sunday
1804,<A>,32,2021-02-07T10:35:43-05:00[America/New_York],2021-02-07T10:36:15-05:00[America/New_York],Yes,2021-02-07,38143,Sunday
1804,B,28,2021-02-07T10:36:15-05:00[America/New_York],2021-02-07T10:36:43-05:00[America/New_York],Yes,2021-02-07,38175,Sunday
1804,<A>,75,2021-02-07T10:36:43-05:00[America/New_York],2021-02-07T10:37:58-05:00[America/New_York],NA,2021-02-07,38203,Sunday
1804,B,15,2021-02-07T10:37:58-05:00[America/New_York],2021-02-07T10:38:13-05:00[America/New_York],Yes,2021-02-07,38278,Sunday
1804,C,22,2021-02-07T10:38:13-05:00[America/New_York],2021-02-07T10:38:35-05:00[America/New_York],NA,2021-02-07,38293,Sunday
1804,<A>,74,2021-02-07T10:38:35-05:00[America/New_York],2021-02-07T10:39:49-05:00[America/New_York],NA,2021-02-07,38315,Sunday
1804,B,19,2021-02-07T10:39:49-05:00[America/New_York],2021-02-07T10:40:08-05:00[America/New_York],NA,2021-02-07,38389,Sunday
1804,C,25,2021-02-07T10:40:08-05:00[America/New_York],2021-02-07T10:40:33-05:00[America/New_York],NA,2021-02-07,38408,Sunday
1804,<A>,69,2021-02-07T10:40:33-05:00[America/New_York],2021-02-07T10:41:42-05:00[America/New_York],NA,2021-02-07,38433,Sunday
1804,B,26,2021-02-07T10:41:42-05:00[America/New_York],2021-02-07T10:42:08-05:00[America/New_York],NA,2021-02-07,38502,Sunday
1804,C,19,2021-02-07T10:42:08-05:00[America/New_York],2021-02-07T10:42:27-05:00[America/New_York],Yes,2021-02-07,38528,Sunday
1804,<A>,74,2021-02-07T10:42:27-05:00[America/New_York],2021-02-07T10:43:41-05:00[America/New_York],NA,2021-02-07,38547,Sunday
1804,B,20,2021-02-07T10:43:41-05:00[America/New_York],2021-02-07T10:44:01-05:00[America/New_York],Yes,2021-02-07,38621,Sunday
1804,C,19,2021-02-07T10:44:01-05:00[America/New_York],2021-02-07T10:44:20-05:00[America/New_York],Yes,2021-02-07,38641,Sunday
1804,<A>,85,2021-02-07T10:44:20-05:00[America/New_York],2021-02-07T10:45:45-05:00[America/New_York],NA,2021-02-07,38660,Sunday
1804,B,20,2021-02-07T10:45:45-05:00[America/New_York],2021-02-07T10:46:05-05:00[America/New_York],Yes,2021-02-07,38745,Sunday
1804,C,22,2021-02-07T10:46:05-05:00[America/New_York],2021-02-07T10:46:27-05:00[America/New_York],Yes,2021-02-07,38765,Sunday
1804,<A>,81,2021-02-07T10:46:27-05:00[America/New_York],2021-02-07T10:47:48-05:00[America/New_York],NA,2021-02-07,38787,Sunday
1804,B,28,2021-02-07T10:47:48-05:00[America/New_York],2021-02-07T10:48:16-05:00[America/New_York],Yes,2021-02-07,38868,Sunday
1804,C,19,2021-02-07T10:48:16-05:00[America/New_York],2021-02-07T10:48:35-05:00[America/New_York],Yes,2021-02-07,38896,Sunday
1804,<A>,74,2021-02-07T10:48:35-05:00[America/New_York],2021-02-07T10:49:49-05:00[America/New_York],NA,2021-02-07,38915,Sunday
1804,B,40,2021-02-07T10:49:49-05:00[America/New_York],2021-02-07T10:50:29-05:00[America/New_York],NA,2021-02-07,38989,Sunday
1804,C,19,2021-02-07T10:50:29-05:00[America/New_York],2021-02-07T10:50:48-05:00[America/New_York],Yes,2021-02-07,39029,Sunday
1804,<A>,59,2021-02-07T10:50:48-05:00[America/New_York],2021-02-07T10:51:47-05:00[America/New_York],NA,2021-02-07,39048,Sunday
1804,B,25,2021-02-07T10:51:47-05:00[America/New_York],2021-02-07T10:52:12-05:00[America/New_York],Yes,2021-02-07,39107,Sunday
1804,C,22,2021-02-07T10:52:12-05:00[America/New_York],2021-02-07T10:52:34-05:00[America/New_York],Yes,2021-02-07,39132,Sunday
1804,<A>,70,2021-02-07T10:52:34-05:00[America/New_York],2021-02-07T10:53:44-05:00[America/New_York],NA,2021-02-07,39154,Sunday
1804,B,26,2021-02-07T10:53:44-05:00[America/New_York],2021-02-07T10:54:10-05:00[America/New_York],Yes,2021-02-07,39224,Sunday
1804,C,32,2021-02-07T10:54:10-05:00[America/New_York],2021-02-07T10:54:42-05:00[America/New_York],Yes,2021-02-07,39250,Sunday
1804,<A>,56,2021-02-07T10:54:42-05:00[America/New_York],2021-02-07T10:55:38-05:00[America/New_York],NA,2021-02-07,39282,Sunday
1804,B,22,2021-02-07T10:55:38-05:00[America/New_York],2021-02-07T10:56:00-05:00[America/New_York],Yes,2021-02-07,39338,Sunday
1804,C,19,2021-02-07T10:56:00-05:00[America/New_York],2021-02-07T10:56:19-05:00[America/New_York],Yes,2021-02-07,39360,Sunday
1804,<A>,77,2021-02-07T10:56:19-05:00[America/New_York],2021-02-07T10:57:36-05:00[America/New_York],NA,2021-02-07,39379,Sunday
1804,B,23,2021-02-07T10:57:36-05:00[America/New_York],2021-02-07T10:57:59-05:00[America/New_York],Yes,2021-02-07,39456,Sunday
1804,C,30,2021-02-07T10:57:59-05:00[America/New_York],2021-02-07T10:58:29-05:00[America/New_York],Yes,2021-02-07,39479,Sunday
1804,<A>,65,2021-02-07T10:58:29-05:00[America/New_York],2021-02-07T10:59:34-05:00[America/New_York],NA,2021-02-07,39509,Sunday
1804,B,18,2021-02-07T10:59:34-05:00[America/New_York],2021-02-07T10:59:52-05:00[America/New_York],Yes,2021-02-07,39574,Sunday
1804,C,18,2021-02-07T10:59:52-05:00[America/New_York],2021-02-07T11:00:10-05:00[America/New_York],Yes,2021-02-07,39592,Sunday
1804,<A>,82,2021-02-07T11:00:10-05:00[America/New_York],2021-02-07T11:01:32-05:00[America/New_York],NA,2021-02-07,39610,Sunday
1804,B,21,2021-02-07T11:01:32-05:00[America/New_York],2021-02-07T11:01:53-05:00[America/New_York],NA,2021-02-07,39692,Sunday
1804,C,22,2021-02-07T11:01:53-05:00[America/New_York],2021-02-07T11:02:15-05:00[America/New_York],Yes,2021-02-07,39713,Sunday
1804,<A>,77,2021-02-07T11:02:15-05:00[America/New_York],2021-02-07T11:03:32-05:00[America/New_York],NA,2021-02-07,39735,Sunday
1804,B,22,2021-02-07T11:03:32-05:00[America/New_York],2021-02-07T11:03:54-05:00[America/New_York],NA,2021-02-07,39812,Sunday
1804,C,22,2021-02-07T11:03:54-05:00[America/New_York],2021-02-07T11:04:16-05:00[America/New_York],Yes,2021-02-07,39834,Sunday
1804,<A>,77,2021-02-07T11:04:16-05:00[America/New_York],2021-02-07T11:05:33-05:00[America/New_York],NA,2021-02-07,39856,Sunday
1804,C,19,2021-02-07T11:05:33-05:00[America/New_York],2021-02-07T11:05:52-05:00[America/New_York],Yes,2021-02-07,39933,Sunday
1804,<A>,99,2021-02-07T11:05:52-05:00[America/New_York],2021-02-07T11:07:31-05:00[America/New_York],NA,2021-02-07,39952,Sunday
1804,B,21,2021-02-07T11:07:31-05:00[America/New_York],2021-02-07T11:07:52-05:00[America/New_York],NA,2021-02-07,40051,Sunday
1804,C,19,2021-02-07T11:07:52-05:00[America/New_York],2021-02-07T11:08:11-05:00[America/New_York],NA,2021-02-07,40072,Sunday
1804,<A>,77,2021-02-07T11:08:11-05:00[America/New_York],2021-02-07T11:09:28-05:00[America/New_York],NA,2021-02-07,40091,Sunday
1804,B,20,2021-02-07T11:09:28-05:00[America/New_York],2021-02-07T11:09:48-05:00[America/New_York],NA,2021-02-07,40168,Sunday
1804,C,25,2021-02-07T11:09:48-05:00[America/New_York],2021-02-07T11:10:13-05:00[America/New_York],NA,2021-02-07,40188,Sunday
1804,<A>,68,2021-02-07T11:10:13-05:00[America/New_York],2021-02-07T11:11:21-05:00[America/New_York],NA,2021-02-07,40213,Sunday
1804,B,18,2021-02-07T11:11:21-05:00[America/New_York],2021-02-07T11:11:39-05:00[America/New_York],Yes,2021-02-07,40281,Sunday
1804,C,18,2021-02-07T11:11:39-05:00[America/New_York],2021-02-07T11:11:57-05:00[America/New_York],Yes,2021-02-07,40299,Sunday
1804,<A>,77,2021-02-07T11:11:57-05:00[America/New_York],2021-02-07T11:13:14-05:00[America/New_York],NA,2021-02-07,40317,Sunday
1804,B,21,2021-02-07T11:13:14-05:00[America/New_York],2021-02-07T11:13:35-05:00[America/New_York],Yes,2021-02-07,40394,Sunday
1804,C,19,2021-02-07T11:13:35-05:00[America/New_York],2021-02-07T11:13:54-05:00[America/New_York],Yes,2021-02-07,40415,Sunday
1804,<A>,68,2021-02-07T11:13:54-05:00[America/New_York],2021-02-07T11:15:02-05:00[America/New_York],NA,2021-02-07,40434,Sunday
1804,B,26,2021-02-07T11:15:02-05:00[America/New_York],2021-02-07T11:15:28-05:00[America/New_York],NA,2021-02-07,40502,Sunday
1804,C,25,2021-02-07T11:15:28-05:00[America/New_York],2021-02-07T11:15:53-05:00[America/New_York],NA,2021-02-07,40528,Sunday
1804,<A>,58,2021-02-07T11:15:53-05:00[America/New_York],2021-02-07T11:16:51-05:00[America/New_York],NA,2021-02-07,40553,Sunday
1804,B,23,2021-02-07T11:16:51-05:00[America/New_York],2021-02-07T11:17:14-05:00[America/New_York],NA,2021-02-07,40611,Sunday
1804,C,21,2021-02-07T11:17:14-05:00[America/New_York],2021-02-07T11:17:35-05:00[America/New_York],Yes,2021-02-07,40634,Sunday
1804,<A>,69,2021-02-07T11:17:35-05:00[America/New_York],2021-02-07T11:18:44-05:00[America/New_York],NA,2021-02-07,40655,Sunday
1804,B,21,2021-02-07T11:18:44-05:00[America/New_York],2021-02-07T11:19:05-05:00[America/New_York],NA,2021-02-07,40724,Sunday
1804,C,22,2021-02-07T11:19:05-05:00[America/New_York],2021-02-07T11:19:27-05:00[America/New_York],Yes,2021-02-07,40745,Sunday
1804,<A>,68,2021-02-07T11:19:27-05:00[America/New_York],2021-02-07T11:20:35-05:00[America/New_York],NA,2021-02-07,40767,Sunday
1804,B,18,2021-02-07T11:20:35-05:00[America/New_York],2021-02-07T11:20:53-05:00[America/New_York],Yes,2021-02-07,40835,Sunday
1804,C,19,2021-02-07T11:20:53-05:00[America/New_York],2021-02-07T11:21:12-05:00[America/New_York],Yes,2021-02-07,40853,Sunday
1804,<A>,71,2021-02-07T11:21:12-05:00[America/New_York],2021-02-07T11:22:23-05:00[America/New_York],NA,2021-02-07,40872,Sunday
1804,B,25,2021-02-07T11:22:23-05:00[America/New_York],2021-02-07T11:22:48-05:00[America/New_York],NA,2021-02-07,40943,Sunday
1804,C,15,2021-02-07T11:22:48-05:00[America/New_York],2021-02-07T11:23:03-05:00[America/New_York],Yes,2021-02-07,40968,Sunday
1804,<A>,70,2021-02-07T11:23:03-05:00[America/New_York],2021-02-07T11:24:13-05:00[America/New_York],NA,2021-02-07,40983,Sunday
1804,B,16,2021-02-07T11:24:13-05:00[America/New_York],2021-02-07T11:24:29-05:00[America/New_York],Yes,2021-02-07,41053,Sunday
1804,C,24,2021-02-07T11:24:29-05:00[America/New_York],2021-02-07T11:24:53-05:00[America/New_York],Yes,2021-02-07,41069,Sunday
1804,<A>,70,2021-02-07T11:24:53-05:00[America/New_York],2021-02-07T11:26:03-05:00[America/New_York],NA,2021-02-07,41093,Sunday
1804,B,19,2021-02-07T11:26:03-05:00[America/New_York],2021-02-07T11:26:22-05:00[America/New_York],NA,2021-02-07,41163,Sunday
1804,C,25,2021-02-07T11:26:22-05:00[America/New_York],2021-02-07T11:26:47-05:00[America/New_York],NA,2021-02-07,41182,Sunday
1804,<A>,63,2021-02-07T11:26:47-05:00[America/New_York],2021-02-07T11:27:50-05:00[America/New_York],NA,2021-02-07,41207,Sunday
1804,C,23,2021-02-07T11:27:50-05:00[America/New_York],2021-02-07T11:28:13-05:00[America/New_York],Yes,2021-02-07,41270,Sunday
1804,<A>,81,2021-02-07T11:28:13-05:00[America/New_York],2021-02-07T11:29:34-05:00[America/New_York],NA,2021-02-07,41293,Sunday
1804,B,18,2021-02-07T11:29:34-05:00[America/New_York],2021-02-07T11:29:52-05:00[America/New_York],NA,2021-02-07,41374,Sunday
1804,C,28,2021-02-07T11:29:52-05:00[America/New_York],2021-02-07T11:30:20-05:00[America/New_York],Yes,2021-02-07,41392,Sunday
1804,<A>,59,2021-02-07T11:30:20-05:00[America/New_York],2021-02-07T11:31:19-05:00[America/New_York],NA,2021-02-07,41420,Sunday
1804,B,28,2021-02-07T11:31:19-05:00[America/New_York],2021-02-07T11:31:47-05:00[America/New_York],Yes,2021-02-07,41479,Sunday
1804,<A>,78,2021-02-07T11:31:47-05:00[America/New_York],2021-02-07T11:33:05-05:00[America/New_York],NA,2021-02-07,41507,Sunday
1804,B,17,2021-02-07T11:33:05-05:00[America/New_York],2021-02-07T11:33:22-05:00[America/New_York],NA,2021-02-07,41585,Sunday
1804,C,30,2021-02-07T11:33:22-05:00[America/New_York],2021-02-07T11:33:52-05:00[America/New_York],NA,2021-02-07,41602,Sunday
1804,<A>,55,2021-02-07T11:33:52-05:00[America/New_York],2021-02-07T11:34:47-05:00[America/New_York],NA,2021-02-07,41632,Sunday
1804,B,17,2021-02-07T11:34:47-05:00[America/New_York],2021-02-07T11:35:04-05:00[America/New_York],NA,2021-02-07,41687,Sunday
1804,C,19,2021-02-07T11:35:04-05:00[America/New_York],2021-02-07T11:35:23-05:00[America/New_York],Yes,2021-02-07,41704,Sunday
1804,<A>,32,2021-02-07T11:35:23-05:00[America/New_York],2021-02-07T11:35:55-05:00[America/New_York],Yes,2021-02-07,41723,Sunday
1804,C,16,2021-02-07T11:35:55-05:00[America/New_York],2021-02-07T11:36:11-05:00[America/New_York],Yes,2021-02-07,41755,Sunday
1804,<A>,32,2021-02-07T11:36:11-05:00[America/New_York],2021-02-07T11:36:43-05:00[America/New_York],Yes,2021-02-07,41771,Sunday
1804,B,15,2021-02-07T11:36:43-05:00[America/New_York],2021-02-07T11:36:58-05:00[America/New_York],Yes,2021-02-07,41803,Sunday
1804,C,21,2021-02-07T11:36:58-05:00[America/New_York],2021-02-07T11:37:19-05:00[America/New_York],Yes,2021-02-07,41818,Sunday
1804,<A>,30,2021-02-07T11:37:19-05:00[America/New_York],2021-02-07T11:37:49-05:00[America/New_York],Yes,2021-02-07,41839,Sunday
1804,C,19,2021-02-07T11:37:49-05:00[America/New_York],2021-02-07T11:38:08-05:00[America/New_York],Yes,2021-02-07,41869,Sunday
1804,<A>,32,2021-02-07T11:38:08-05:00[America/New_York],2021-02-07T11:38:40-05:00[America/New_York],Yes,2021-02-07,41888,Sunday
1804,B,16,2021-02-07T11:38:40-05:00[America/New_York],2021-02-07T11:38:56-05:00[America/New_York],Yes,2021-02-07,41920,Sunday
1804,<A>,40,2021-02-07T11:38:56-05:00[America/New_York],2021-02-07T11:39:36-05:00[America/New_York],Yes,2021-02-07,41936,Sunday
1804,B,16,2021-02-07T11:39:36-05:00[America/New_York],2021-02-07T11:39:52-05:00[America/New_York],NA,2021-02-07,41976,Sunday
1804,C,25,2021-02-07T11:39:52-05:00[America/New_York],2021-02-07T11:40:17-05:00[America/New_York],Yes,2021-02-07,41992,Sunday
1804,<A>,30,2021-02-07T11:40:17-05:00[America/New_York],2021-02-07T11:40:47-05:00[America/New_York],Yes,2021-02-07,42017,Sunday
1804,C,17,2021-02-07T11:40:47-05:00[America/New_York],2021-02-07T11:41:04-05:00[America/New_York],Yes,2021-02-07,42047,Sunday
1804,<A>,38,2021-02-07T11:41:04-05:00[America/New_York],2021-02-07T11:41:42-05:00[America/New_York],Yes,2021-02-07,42064,Sunday
1804,B,17,2021-02-07T11:41:42-05:00[America/New_York],2021-02-07T11:41:59-05:00[America/New_York],NA,2021-02-07,42102,Sunday
1804,C,18,2021-02-07T11:41:59-05:00[America/New_York],2021-02-07T11:42:17-05:00[America/New_York],Yes,2021-02-07,42119,Sunday
1804,<A>,36,2021-02-07T11:42:17-05:00[America/New_York],2021-02-07T11:42:53-05:00[America/New_York],Yes,2021-02-07,42137,Sunday
1804,B,16,2021-02-07T11:42:53-05:00[America/New_York],2021-02-07T11:43:09-05:00[America/New_York],Yes,2021-02-07,42173,Sunday
1804,<A>,30,2021-02-07T11:43:09-05:00[America/New_York],2021-02-07T11:43:39-05:00[America/New_York],Yes,2021-02-07,42189,Sunday
1804,C,20,2021-02-07T11:43:39-05:00[America/New_York],2021-02-07T11:43:59-05:00[America/New_York],Yes,2021-02-07,42219,Sunday
1804,<A>,31,2021-02-07T11:43:59-05:00[America/New_York],2021-02-07T11:44:30-05:00[America/New_York],Yes,2021-02-07,42239,Sunday
1804,C,15,2021-02-07T11:44:30-05:00[America/New_York],2021-02-07T11:44:45-05:00[America/New_York],Yes,2021-02-07,42270,Sunday
1804,<A>,30,2021-02-07T11:44:45-05:00[America/New_York],2021-02-07T11:45:15-05:00[America/New_York],Yes,2021-02-07,42285,Sunday
1804,B,18,2021-02-07T11:45:15-05:00[America/New_York],2021-02-07T11:45:33-05:00[America/New_York],Yes,2021-02-07,42315,Sunday
1804,<A>,30,2021-02-07T11:45:33-05:00[America/New_York],2021-02-07T11:46:03-05:00[America/New_York],Yes,2021-02-07,42333,Sunday
1804,B,17,2021-02-07T11:46:03-05:00[America/New_York],2021-02-07T11:46:20-05:00[America/New_York],NA,2021-02-07,42363,Sunday
1804,C,16,2021-02-07T11:46:20-05:00[America/New_York],2021-02-07T11:46:36-05:00[America/New_York],Yes,2021-02-07,42380,Sunday
1804,<A>,37,2021-02-07T11:46:36-05:00[America/New_York],2021-02-07T11:47:13-05:00[America/New_York],Yes,2021-02-07,42396,Sunday
1804,C,30,2021-02-07T11:47:13-05:00[America/New_York],2021-02-07T11:47:43-05:00[America/New_York],Yes,2021-02-07,42433,Sunday
1804,<A>,46,2021-02-07T11:47:43-05:00[America/New_York],2021-02-07T11:48:29-05:00[America/New_York],Yes,2021-02-07,42463,Sunday
1804,B,17,2021-02-07T11:48:29-05:00[America/New_York],2021-02-07T11:48:46-05:00[America/New_York],NA,2021-02-07,42509,Sunday
1804,C,15,2021-02-07T11:48:46-05:00[America/New_York],2021-02-07T11:49:01-05:00[America/New_York],Yes,2021-02-07,42526,Sunday
1804,<A>,31,2021-02-07T11:49:01-05:00[America/New_York],2021-02-07T11:49:32-05:00[America/New_York],Yes,2021-02-07,42541,Sunday
1804,B,16,2021-02-07T11:49:32-05:00[America/New_York],2021-02-07T11:49:48-05:00[America/New_York],NA,2021-02-07,42572,Sunday
1804,C,16,2021-02-07T11:49:48-05:00[America/New_York],2021-02-07T11:50:04-05:00[America/New_York],Yes,2021-02-07,42588,Sunday
1804,<A>,35,2021-02-07T11:50:04-05:00[America/New_York],2021-02-07T11:50:39-05:00[America/New_York],Yes,2021-02-07,42604,Sunday
1804,B,22,2021-02-07T11:50:39-05:00[America/New_York],2021-02-07T11:51:01-05:00[America/New_York],NA,2021-02-07,42639,Sunday
1804,C,16,2021-02-07T11:51:01-05:00[America/New_York],2021-02-07T11:51:17-05:00[America/New_York],Yes,2021-02-07,42661,Sunday
1804,<A>,32,2021-02-07T11:51:17-05:00[America/New_York],2021-02-07T11:51:49-05:00[America/New_York],Yes,2021-02-07,42677,Sunday
1804,B,25,2021-02-07T11:51:49-05:00[America/New_York],2021-02-07T11:52:14-05:00[America/New_York],NA,2021-02-07,42709,Sunday
1804,C,16,2021-02-07T11:52:14-05:00[America/New_York],2021-02-07T11:52:30-05:00[America/New_York],Yes,2021-02-07,42734,Sunday
1804,<A>,31,2021-02-07T11:52:30-05:00[America/New_York],2021-02-07T11:53:01-05:00[America/New_York],Yes,2021-02-07,42750,Sunday
1804,B,21,2021-02-07T11:53:01-05:00[America/New_York],2021-02-07T11:53:22-05:00[America/New_York],Yes,2021-02-07,42781,Sunday
1804,C,16,2021-02-07T11:53:22-05:00[America/New_York],2021-02-07T11:53:38-05:00[America/New_York],Yes,2021-02-07,42802,Sunday
1804,<A>,32,2021-02-07T11:53:38-05:00[America/New_York],2021-02-07T11:54:10-05:00[America/New_York],Yes,2021-02-07,42818,Sunday
1804,B,18,2021-02-07T11:54:10-05:00[America/New_York],2021-02-07T11:54:28-05:00[America/New_York],Yes,2021-02-07,42850,Sunday
1804,<A>,30,2021-02-07T11:54:28-05:00[America/New_York],2021-02-07T11:54:58-05:00[America/New_York],Yes,2021-02-07,42868,Sunday
1804,B,26,2021-02-07T11:54:58-05:00[America/New_York],2021-02-07T11:55:24-05:00[America/New_York],NA,2021-02-07,42898,Sunday
1804,C,23,2021-02-07T11:55:24-05:00[America/New_York],2021-02-07T11:55:47-05:00[America/New_York],Yes,2021-02-07,42924,Sunday
1804,<A>,74,2021-02-07T11:55:47-05:00[America/New_York],2021-02-07T11:57:01-05:00[America/New_York],NA,2021-02-07,42947,Sunday
1804,B,15,2021-02-07T11:57:01-05:00[America/New_York],2021-02-07T11:57:16-05:00[America/New_York],Yes,2021-02-07,43021,Sunday
1804,C,24,2021-02-07T11:57:16-05:00[America/New_York],2021-02-07T11:57:40-05:00[America/New_York],Yes,2021-02-07,43036,Sunday
1804,<A>,31,2021-02-07T11:57:40-05:00[America/New_York],2021-02-07T11:58:11-05:00[America/New_York],NA,2021-02-07,43060,Sunday
1804,B,24,2021-02-07T11:58:11-05:00[America/New_York],2021-02-07T11:58:35-05:00[America/New_York],NA,2021-02-07,43091,Sunday
1804,C,17,2021-02-07T11:58:35-05:00[America/New_York],2021-02-07T11:58:52-05:00[America/New_York],Yes,2021-02-07,43115,Sunday
1804,<A>,53,2021-02-07T11:58:52-05:00[America/New_York],2021-02-07T11:59:45-05:00[America/New_York],NA,2021-02-07,43132,Sunday
1804,B,18,2021-02-07T11:59:45-05:00[America/New_York],2021-02-07T12:00:03-05:00[America/New_York],Yes,2021-02-07,43185,Sunday
1804,C,19,2021-02-07T12:00:03-05:00[America/New_York],2021-02-07T12:00:22-05:00[America/New_York],Yes,2021-02-07,43203,Sunday
1804,<A>,79,2021-02-07T12:00:22-05:00[America/New_York],2021-02-07T12:01:41-05:00[America/New_York],NA,2021-02-07,43222,Sunday
1804,B,21,2021-02-07T12:01:41-05:00[America/New_York],2021-02-07T12:02:02-05:00[America/New_York],Yes,2021-02-07,43301,Sunday
1804,C,19,2021-02-07T12:02:02-05:00[America/New_York],2021-02-07T12:02:21-05:00[America/New_York],Yes,2021-02-07,43322,Sunday
1804,<A>,74,2021-02-07T12:02:21-05:00[America/New_York],2021-02-07T12:03:35-05:00[America/New_York],NA,2021-02-07,43341,Sunday
1804,B,24,2021-02-07T12:03:35-05:00[America/New_York],2021-02-07T12:03:59-05:00[America/New_York],Yes,2021-02-07,43415,Sunday
1804,C,32,2021-02-07T12:03:59-05:00[America/New_York],2021-02-07T12:04:31-05:00[America/New_York],NA,2021-02-07,43439,Sunday
1804,<A>,58,2021-02-07T12:04:31-05:00[America/New_York],2021-02-07T12:05:29-05:00[America/New_York],NA,2021-02-07,43471,Sunday
1804,B,15,2021-02-07T12:05:29-05:00[America/New_York],2021-02-07T12:05:44-05:00[America/New_York],Yes,2021-02-07,43529,Sunday
1804,C,21,2021-02-07T12:05:44-05:00[America/New_York],2021-02-07T12:06:05-05:00[America/New_York],Yes,2021-02-07,43544,Sunday
1804,<A>,37,2021-02-07T12:06:05-05:00[America/New_York],2021-02-07T12:06:42-05:00[America/New_York],Yes,2021-02-07,43565,Sunday
1804,B,22,2021-02-07T12:06:42-05:00[America/New_York],2021-02-07T12:07:04-05:00[America/New_York],Yes,2021-02-07,43602,Sunday
1804,C,23,2021-02-07T12:07:04-05:00[America/New_York],2021-02-07T12:07:27-05:00[America/New_York],Yes,2021-02-07,43624,Sunday
1804,<A>,39,2021-02-07T12:07:27-05:00[America/New_York],2021-02-07T12:08:06-05:00[America/New_York],Yes,2021-02-07,43647,Sunday
1804,B,18,2021-02-07T12:08:06-05:00[America/New_York],2021-02-07T12:08:24-05:00[America/New_York],Yes,2021-02-07,43686,Sunday
1804,C,28,2021-02-07T12:08:24-05:00[America/New_York],2021-02-07T12:08:52-05:00[America/New_York],Yes,2021-02-07,43704,Sunday
1804,<A>,31,2021-02-07T12:08:52-05:00[America/New_York],2021-02-07T12:09:23-05:00[America/New_York],Yes,2021-02-07,43732,Sunday
1804,B,22,2021-02-07T12:09:23-05:00[America/New_York],2021-02-07T12:09:45-05:00[America/New_York],NA,2021-02-07,43763,Sunday
1804,C,19,2021-02-07T12:09:45-05:00[America/New_York],2021-02-07T12:10:04-05:00[America/New_York],Yes,2021-02-07,43785,Sunday
1804,<A>,31,2021-02-07T12:10:04-05:00[America/New_York],2021-02-07T12:10:35-05:00[America/New_York],Yes,2021-02-07,43804,Sunday
1804,B,17,2021-02-07T12:10:35-05:00[America/New_York],2021-02-07T12:10:52-05:00[America/New_York],Yes,2021-02-07,43835,Sunday
1804,C,18,2021-02-07T12:10:52-05:00[America/New_York],2021-02-07T12:11:10-05:00[America/New_York],Yes,2021-02-07,43852,Sunday
1804,<A>,78,2021-02-07T12:11:10-05:00[America/New_York],2021-02-07T12:12:28-05:00[America/New_York],NA,2021-02-07,43870,Sunday
1804,B,23,2021-02-07T12:12:28-05:00[America/New_York],2021-02-07T12:12:51-05:00[America/New_York],NA,2021-02-07,43948,Sunday
1804,C,18,2021-02-07T12:12:51-05:00[America/New_York],2021-02-07T12:13:09-05:00[America/New_York],NA,2021-02-07,43971,Sunday
1804,<A>,66,2021-02-07T12:13:09-05:00[America/New_York],2021-02-07T12:14:15-05:00[America/New_York],NA,2021-02-07,43989,Sunday
1804,B,20,2021-02-07T12:14:15-05:00[America/New_York],2021-02-07T12:14:35-05:00[America/New_York],NA,2021-02-07,44055,Sunday
1804,C,19,2021-02-07T12:14:35-05:00[America/New_York],2021-02-07T12:14:54-05:00[America/New_York],NA,2021-02-07,44075,Sunday
1804,<A>,50,2021-02-07T12:14:54-05:00[America/New_York],2021-02-07T12:15:44-05:00[America/New_York],NA,2021-02-07,44094,Sunday
1804,B,18,2021-02-07T12:15:44-05:00[America/New_York],2021-02-07T12:16:02-05:00[America/New_York],Yes,2021-02-07,44144,Sunday
1804,<A>,87,2021-02-07T12:16:02-05:00[America/New_York],2021-02-07T12:17:29-05:00[America/New_York],NA,2021-02-07,44162,Sunday
1804,B,16,2021-02-07T12:17:29-05:00[America/New_York],2021-02-07T12:17:45-05:00[America/New_York],Yes,2021-02-07,44249,Sunday
1804,C,20,2021-02-07T12:17:45-05:00[America/New_York],2021-02-07T12:18:05-05:00[America/New_York],Yes,2021-02-07,44265,Sunday
1804,<A>,76,2021-02-07T12:18:05-05:00[America/New_York],2021-02-07T12:19:21-05:00[America/New_York],NA,2021-02-07,44285,Sunday
1804,B,20,2021-02-07T12:19:21-05:00[America/New_York],2021-02-07T12:19:41-05:00[America/New_York],Yes,2021-02-07,44361,Sunday
1804,C,26,2021-02-07T12:19:41-05:00[America/New_York],2021-02-07T12:20:07-05:00[America/New_York],Yes,2021-02-07,44381,Sunday
1804,<A>,65,2021-02-07T12:20:07-05:00[America/New_York],2021-02-07T12:21:12-05:00[America/New_York],NA,2021-02-07,44407,Sunday
1804,B,15,2021-02-07T12:21:12-05:00[America/New_York],2021-02-07T12:21:27-05:00[America/New_York],Yes,2021-02-07,44472,Sunday
1804,C,18,2021-02-07T12:21:27-05:00[America/New_York],2021-02-07T12:21:45-05:00[America/New_York],Yes,2021-02-07,44487,Sunday
1804,<A>,80,2021-02-07T12:21:45-05:00[America/New_York],2021-02-07T12:23:05-05:00[America/New_York],NA,2021-02-07,44505,Sunday
1804,B,23,2021-02-07T12:23:05-05:00[America/New_York],2021-02-07T12:23:28-05:00[America/New_York],Yes,2021-02-07,44585,Sunday
1804,C,25,2021-02-07T12:23:28-05:00[America/New_York],2021-02-07T12:23:53-05:00[America/New_York],Yes,2021-02-07,44608,Sunday
1804,<A>,64,2021-02-07T12:23:53-05:00[America/New_York],2021-02-07T12:24:57-05:00[America/New_York],NA,2021-02-07,44633,Sunday
1804,B,15,2021-02-07T12:24:57-05:00[America/New_York],2021-02-07T12:25:12-05:00[America/New_York],Yes,2021-02-07,44697,Sunday
1804,C,25,2021-02-07T12:25:12-05:00[America/New_York],2021-02-07T12:25:37-05:00[America/New_York],Yes,2021-02-07,44712,Sunday
1804,<A>,73,2021-02-07T12:25:37-05:00[America/New_York],2021-02-07T12:26:50-05:00[America/New_York],NA,2021-02-07,44737,Sunday
1804,B,21,2021-02-07T12:26:50-05:00[America/New_York],2021-02-07T12:27:11-05:00[America/New_York],NA,2021-02-07,44810,Sunday
1804,C,21,2021-02-07T12:27:11-05:00[America/New_York],2021-02-07T12:27:32-05:00[America/New_York],NA,2021-02-07,44831,Sunday
1804,<A>,68,2021-02-07T12:27:32-05:00[America/New_York],2021-02-07T12:28:40-05:00[America/New_York],NA,2021-02-07,44852,Sunday
1804,B,21,2021-02-07T12:28:40-05:00[America/New_York],2021-02-07T12:29:01-05:00[America/New_York],NA,2021-02-07,44920,Sunday
1804,C,20,2021-02-07T12:29:01-05:00[America/New_York],2021-02-07T12:29:21-05:00[America/New_York],NA,2021-02-07,44941,Sunday
1804,<A>,63,2021-02-07T12:29:21-05:00[America/New_York],2021-02-07T12:30:24-05:00[America/New_York],NA,2021-02-07,44961,Sunday
1804,B,18,2021-02-07T12:30:24-05:00[America/New_York],2021-02-07T12:30:42-05:00[America/New_York],NA,2021-02-07,45024,Sunday
1804,C,16,2021-02-07T12:30:42-05:00[America/New_York],2021-02-07T12:30:58-05:00[America/New_York],NA,2021-02-07,45042,Sunday
1804,<A>,33,2021-02-07T12:30:58-05:00[America/New_York],2021-02-07T12:31:31-05:00[America/New_York],Yes,2021-02-07,45058,Sunday
1804,B,15,2021-02-07T12:31:31-05:00[America/New_York],2021-02-07T12:31:46-05:00[America/New_York],Yes,2021-02-07,45091,Sunday
1804,C,23,2021-02-07T12:31:46-05:00[America/New_York],2021-02-07T12:32:09-05:00[America/New_York],Yes,2021-02-07,45106,Sunday
1804,<A>,37,2021-02-07T12:32:09-05:00[America/New_York],2021-02-07T12:32:46-05:00[America/New_York],Yes,2021-02-07,45129,Sunday
1804,B,17,2021-02-07T12:32:46-05:00[America/New_York],2021-02-07T12:33:03-05:00[America/New_York],NA,2021-02-07,45166,Sunday
1804,C,17,2021-02-07T12:33:03-05:00[America/New_York],2021-02-07T12:33:20-05:00[America/New_York],Yes,2021-02-07,45183,Sunday
1804,<A>,30,2021-02-07T12:33:20-05:00[America/New_York],2021-02-07T12:33:50-05:00[America/New_York],Yes,2021-02-07,45200,Sunday
1804,B,17,2021-02-07T12:33:50-05:00[America/New_York],2021-02-07T12:34:07-05:00[America/New_York],NA,2021-02-07,45230,Sunday
1804,C,15,2021-02-07T12:34:07-05:00[America/New_York],2021-02-07T12:34:22-05:00[America/New_York],Yes,2021-02-07,45247,Sunday
1804,<A>,32,2021-02-07T12:34:22-05:00[America/New_York],2021-02-07T12:34:54-05:00[America/New_York],Yes,2021-02-07,45262,Sunday
1804,B,23,2021-02-07T12:34:54-05:00[America/New_York],2021-02-07T12:35:17-05:00[America/New_York],NA,2021-02-07,45294,Sunday
1804,C,18,2021-02-07T12:35:17-05:00[America/New_York],2021-02-07T12:35:35-05:00[America/New_York],Yes,2021-02-07,45317,Sunday
1804,<A>,31,2021-02-07T12:35:35-05:00[America/New_York],2021-02-07T12:36:06-05:00[America/New_York],Yes,2021-02-07,45335,Sunday
1804,B,20,2021-02-07T12:36:06-05:00[America/New_York],2021-02-07T12:36:26-05:00[America/New_York],Yes,2021-02-07,45366,Sunday
1804,C,18,2021-02-07T12:36:26-05:00[America/New_York],2021-02-07T12:36:44-05:00[America/New_York],Yes,2021-02-07,45386,Sunday
1804,<A>,35,2021-02-07T12:36:44-05:00[America/New_York],2021-02-07T12:37:19-05:00[America/New_York],Yes,2021-02-07,45404,Sunday
1804,B,15,2021-02-07T12:37:19-05:00[America/New_York],2021-02-07T12:37:34-05:00[America/New_York],Yes,2021-02-07,45439,Sunday
1804,C,23,2021-02-07T12:37:34-05:00[America/New_York],2021-02-07T12:37:57-05:00[America/New_York],Yes,2021-02-07,45454,Sunday
1804,<A>,31,2021-02-07T12:37:57-05:00[America/New_York],2021-02-07T12:38:28-05:00[America/New_York],Yes,2021-02-07,45477,Sunday
1804,B,26,2021-02-07T12:38:28-05:00[America/New_York],2021-02-07T12:38:54-05:00[America/New_York],NA,2021-02-07,45508,Sunday
1804,C,20,2021-02-07T12:38:54-05:00[America/New_York],2021-02-07T12:39:14-05:00[America/New_York],Yes,2021-02-07,45534,Sunday
1804,<A>,51,2021-02-07T12:39:14-05:00[America/New_York],2021-02-07T12:40:05-05:00[America/New_York],Yes,2021-02-07,45554,Sunday
1804,B,20,2021-02-07T12:40:05-05:00[America/New_York],2021-02-07T12:40:25-05:00[America/New_York],Yes,2021-02-07,45605,Sunday
1804,C,15,2021-02-07T12:40:25-05:00[America/New_York],2021-02-07T12:40:40-05:00[America/New_York],Yes,2021-02-07,45625,Sunday
1804,<A>,38,2021-02-07T12:40:40-05:00[America/New_York],2021-02-07T12:41:18-05:00[America/New_York],Yes,2021-02-07,45640,Sunday
1804,B,17,2021-02-07T12:41:18-05:00[America/New_York],2021-02-07T12:41:35-05:00[America/New_York],Yes,2021-02-07,45678,Sunday
1804,C,17,2021-02-07T12:41:35-05:00[America/New_York],2021-02-07T12:41:52-05:00[America/New_York],Yes,2021-02-07,45695,Sunday
1804,<A>,31,2021-02-07T12:41:52-05:00[America/New_York],2021-02-07T12:42:23-05:00[America/New_York],Yes,2021-02-07,45712,Sunday
1804,B,16,2021-02-07T12:42:23-05:00[America/New_York],2021-02-07T12:42:39-05:00[America/New_York],Yes,2021-02-07,45743,Sunday
1804,<A>,68,2021-02-07T12:42:39-05:00[America/New_York],2021-02-07T12:43:47-05:00[America/New_York],NA,2021-02-07,45759,Sunday
1804,C,19,2021-02-07T12:43:47-05:00[America/New_York],2021-02-07T12:44:06-05:00[America/New_York],Yes,2021-02-07,45827,Sunday
1804,<A>,36,2021-02-07T12:44:06-05:00[America/New_York],2021-02-07T12:44:42-05:00[America/New_York],Yes,2021-02-07,45846,Sunday
1804,B,15,2021-02-07T12:44:42-05:00[America/New_York],2021-02-07T12:44:57-05:00[America/New_York],Yes,2021-02-07,45882,Sunday
1804,C,16,2021-02-07T12:44:57-05:00[America/New_York],2021-02-07T12:45:13-05:00[America/New_York],Yes,2021-02-07,45897,Sunday
1804,<A>,30,2021-02-07T12:45:13-05:00[America/New_York],2021-02-07T12:45:43-05:00[America/New_York],Yes,2021-02-07,45913,Sunday
1804,B,18,2021-02-07T12:45:43-05:00[America/New_York],2021-02-07T12:46:01-05:00[America/New_York],NA,2021-02-07,45943,Sunday
1804,C,17,2021-02-07T12:46:01-05:00[America/New_York],2021-02-07T12:46:18-05:00[America/New_York],Yes,2021-02-07,45961,Sunday
1804,<A>,32,2021-02-07T12:46:18-05:00[America/New_York],2021-02-07T12:46:50-05:00[America/New_York],Yes,2021-02-07,45978,Sunday
1804,B,18,2021-02-07T12:46:50-05:00[America/New_York],2021-02-07T12:47:08-05:00[America/New_York],NA,2021-02-07,46010,Sunday
1804,C,19,2021-02-07T12:47:08-05:00[America/New_York],2021-02-07T12:47:27-05:00[America/New_York],Yes,2021-02-07,46028,Sunday
1804,<A>,30,2021-02-07T12:47:27-05:00[America/New_York],2021-02-07T12:47:57-05:00[America/New_York],Yes,2021-02-07,46047,Sunday
1804,B,18,2021-02-07T12:47:57-05:00[America/New_York],2021-02-07T12:48:15-05:00[America/New_York],NA,2021-02-07,46077,Sunday
1804,C,19,2021-02-07T12:48:15-05:00[America/New_York],2021-02-07T12:48:34-05:00[America/New_York],Yes,2021-02-07,46095,Sunday
1804,<A>,30,2021-02-07T12:48:34-05:00[America/New_York],2021-02-07T12:49:04-05:00[America/New_York],Yes,2021-02-07,46114,Sunday
1804,B,16,2021-02-07T12:49:04-05:00[America/New_York],2021-02-07T12:49:20-05:00[America/New_York],Yes,2021-02-07,46144,Sunday
1804,C,16,2021-02-07T12:49:20-05:00[America/New_York],2021-02-07T12:49:36-05:00[America/New_York],Yes,2021-02-07,46160,Sunday
1804,<A>,36,2021-02-07T12:49:36-05:00[America/New_York],2021-02-07T12:50:12-05:00[America/New_York],Yes,2021-02-07,46176,Sunday
1804,B,18,2021-02-07T12:50:12-05:00[America/New_York],2021-02-07T12:50:30-05:00[America/New_York],Yes,2021-02-07,46212,Sunday
1804,C,20,2021-02-07T12:50:30-05:00[America/New_York],2021-02-07T12:50:50-05:00[America/New_York],Yes,2021-02-07,46230,Sunday
1804,<A>,33,2021-02-07T12:50:50-05:00[America/New_York],2021-02-07T12:51:23-05:00[America/New_York],Yes,2021-02-07,46250,Sunday
1804,B,19,2021-02-07T12:51:23-05:00[America/New_York],2021-02-07T12:51:42-05:00[America/New_York],Yes,2021-02-07,46283,Sunday
1804,C,21,2021-02-07T12:51:42-05:00[America/New_York],2021-02-07T12:52:03-05:00[America/New_York],Yes,2021-02-07,46302,Sunday
1804,<A>,32,2021-02-07T12:52:03-05:00[America/New_York],2021-02-07T12:52:35-05:00[America/New_York],Yes,2021-02-07,46323,Sunday
1804,B,22,2021-02-07T12:52:35-05:00[America/New_York],2021-02-07T12:52:57-05:00[America/New_York],Yes,2021-02-07,46355,Sunday
1804,<A>,40,2021-02-07T12:52:57-05:00[America/New_York],2021-02-07T12:53:37-05:00[America/New_York],Yes,2021-02-07,46377,Sunday
1804,B,22,2021-02-07T12:53:37-05:00[America/New_York],2021-02-07T12:53:59-05:00[America/New_York],Yes,2021-02-07,46417,Sunday
1804,<A>,30,2021-02-07T12:53:59-05:00[America/New_York],2021-02-07T12:54:29-05:00[America/New_York],Yes,2021-02-07,46439,Sunday
1804,C,16,2021-02-07T12:54:29-05:00[America/New_York],2021-02-07T12:54:45-05:00[America/New_York],Yes,2021-02-07,46469,Sunday
1804,<A>,31,2021-02-07T12:54:45-05:00[America/New_York],2021-02-07T12:55:16-05:00[America/New_York],Yes,2021-02-07,46485,Sunday
1804,B,17,2021-02-07T12:55:16-05:00[America/New_York],2021-02-07T12:55:33-05:00[America/New_York],Yes,2021-02-07,46516,Sunday
1804,C,26,2021-02-07T12:55:33-05:00[America/New_York],2021-02-07T12:55:59-05:00[America/New_York],Yes,2021-02-07,46533,Sunday
1804,<A>,33,2021-02-07T12:55:59-05:00[America/New_York],2021-02-07T12:56:32-05:00[America/New_York],Yes,2021-02-07,46559,Sunday
1804,B,19,2021-02-07T12:56:32-05:00[America/New_York],2021-02-07T12:56:51-05:00[America/New_York],Yes,2021-02-07,46592,Sunday
1804,<A>,41,2021-02-07T12:56:51-05:00[America/New_York],2021-02-07T12:57:32-05:00[America/New_York],Yes,2021-02-07,46611,Sunday
1804,B,18,2021-02-07T12:57:32-05:00[America/New_York],2021-02-07T12:57:50-05:00[America/New_York],NA,2021-02-07,46652,Sunday
1804,C,17,2021-02-07T12:57:50-05:00[America/New_York],2021-02-07T12:58:07-05:00[America/New_York],Yes,2021-02-07,46670,Sunday
1804,<A>,32,2021-02-07T12:58:07-05:00[America/New_York],2021-02-07T12:58:39-05:00[America/New_York],Yes,2021-02-07,46687,Sunday
1804,B,15,2021-02-07T12:58:39-05:00[America/New_York],2021-02-07T12:58:54-05:00[America/New_York],Yes,2021-02-07,46719,Sunday
1804,C,28,2021-02-07T12:58:54-05:00[America/New_York],2021-02-07T12:59:22-05:00[America/New_York],Yes,2021-02-07,46734,Sunday
1804,<A>,31,2021-02-07T12:59:22-05:00[America/New_York],2021-02-07T12:59:53-05:00[America/New_York],Yes,2021-02-07,46762,Sunday
1804,B,17,2021-02-07T12:59:53-05:00[America/New_York],2021-02-07T13:00:10-05:00[America/New_York],NA,2021-02-07,46793,Sunday
1804,C,18,2021-02-07T13:00:10-05:00[America/New_York],2021-02-07T13:00:28-05:00[America/New_York],Yes,2021-02-07,46810,Sunday
1804,<A>,33,2021-02-07T13:00:28-05:00[America/New_York],2021-02-07T13:01:01-05:00[America/New_York],Yes,2021-02-07,46828,Sunday
1804,B,16,2021-02-07T13:01:01-05:00[America/New_York],2021-02-07T13:01:17-05:00[America/New_York],NA,2021-02-07,46861,Sunday
1804,C,22,2021-02-07T13:01:17-05:00[America/New_York],2021-02-07T13:01:39-05:00[America/New_York],Yes,2021-02-07,46877,Sunday
1804,<A>,33,2021-02-07T13:01:39-05:00[America/New_York],2021-02-07T13:02:12-05:00[America/New_York],Yes,2021-02-07,46899,Sunday
1804,B,16,2021-02-07T13:02:12-05:00[America/New_York],2021-02-07T13:02:28-05:00[America/New_York],NA,2021-02-07,46932,Sunday
1804,C,21,2021-02-07T13:02:28-05:00[America/New_York],2021-02-07T13:02:49-05:00[America/New_York],Yes,2021-02-07,46948,Sunday
1804,<A>,48,2021-02-07T13:02:49-05:00[America/New_York],2021-02-07T13:03:37-05:00[America/New_York],Yes,2021-02-07,46969,Sunday
1804,C,18,2021-02-07T13:03:37-05:00[America/New_York],2021-02-07T13:03:55-05:00[America/New_York],Yes,2021-02-07,47017,Sunday
1804,<A>,30,2021-02-07T13:03:55-05:00[America/New_York],2021-02-07T13:04:25-05:00[America/New_York],Yes,2021-02-07,47035,Sunday
1804,B,22,2021-02-07T13:04:25-05:00[America/New_York],2021-02-07T13:04:47-05:00[America/New_York],NA,2021-02-07,47065,Sunday
1804,C,24,2021-02-07T13:04:47-05:00[America/New_York],2021-02-07T13:05:11-05:00[America/New_York],Yes,2021-02-07,47087,Sunday
1804,<A>,34,2021-02-07T13:05:11-05:00[America/New_York],2021-02-07T13:05:45-05:00[America/New_York],Yes,2021-02-07,47111,Sunday
1804,B,16,2021-02-07T13:05:45-05:00[America/New_York],2021-02-07T13:06:01-05:00[America/New_York],Yes,2021-02-07,47145,Sunday
1804,C,15,2021-02-07T13:06:01-05:00[America/New_York],2021-02-07T13:06:16-05:00[America/New_York],Yes,2021-02-07,47161,Sunday
1804,<A>,30,2021-02-07T13:06:16-05:00[America/New_York],2021-02-07T13:06:46-05:00[America/New_York],Yes,2021-02-07,47176,Sunday
1804,C,24,2021-02-07T13:06:46-05:00[America/New_York],2021-02-07T13:07:10-05:00[America/New_York],Yes,2021-02-07,47206,Sunday
1804,<A>,35,2021-02-07T13:07:10-05:00[America/New_York],2021-02-07T13:07:45-05:00[America/New_York],Yes,2021-02-07,47230,Sunday
1804,B,17,2021-02-07T13:07:45-05:00[America/New_York],2021-02-07T13:08:02-05:00[America/New_York],NA,2021-02-07,47265,Sunday
1804,C,21,2021-02-07T13:08:02-05:00[America/New_York],2021-02-07T13:08:23-05:00[America/New_York],Yes,2021-02-07,47282,Sunday
1804,<A>,30,2021-02-07T13:08:23-05:00[America/New_York],2021-02-07T13:08:53-05:00[America/New_York],Yes,2021-02-07,47303,Sunday
1804,B,17,2021-02-07T13:08:53-05:00[America/New_York],2021-02-07T13:09:10-05:00[America/New_York],NA,2021-02-07,47333,Sunday
1804,C,21,2021-02-07T13:09:10-05:00[America/New_York],2021-02-07T13:09:31-05:00[America/New_York],Yes,2021-02-07,47350,Sunday
1804,<A>,31,2021-02-07T13:09:31-05:00[America/New_York],2021-02-07T13:10:02-05:00[America/New_York],Yes,2021-02-07,47371,Sunday
1804,B,16,2021-02-07T13:10:02-05:00[America/New_York],2021-02-07T13:10:18-05:00[America/New_York],NA,2021-02-07,47402,Sunday
1804,C,19,2021-02-07T13:10:18-05:00[America/New_York],2021-02-07T13:10:37-05:00[America/New_York],Yes,2021-02-07,47418,Sunday
1804,<A>,55,2021-02-07T13:10:37-05:00[America/New_York],2021-02-07T13:11:32-05:00[America/New_York],Yes,2021-02-07,47437,Sunday
1804,B,16,2021-02-07T13:11:32-05:00[America/New_York],2021-02-07T13:11:48-05:00[America/New_York],NA,2021-02-07,47492,Sunday
1804,C,24,2021-02-07T13:11:48-05:00[America/New_York],2021-02-07T13:12:12-05:00[America/New_York],NA,2021-02-07,47508,Sunday
1804,<A>,36,2021-02-07T13:12:12-05:00[America/New_York],2021-02-07T13:12:48-05:00[America/New_York],Yes,2021-02-07,47532,Sunday
1804,B,15,2021-02-07T13:12:48-05:00[America/New_York],2021-02-07T13:13:03-05:00[America/New_York],Yes,2021-02-07,47568,Sunday
1804,C,16,2021-02-07T13:13:03-05:00[America/New_York],2021-02-07T13:13:19-05:00[America/New_York],Yes,2021-02-07,47583,Sunday
1804,<A>,48,2021-02-07T13:13:19-05:00[America/New_York],2021-02-07T13:14:07-05:00[America/New_York],Yes,2021-02-07,47599,Sunday
1804,C,19,2021-02-07T13:14:07-05:00[America/New_York],2021-02-07T13:14:26-05:00[America/New_York],Yes,2021-02-07,47647,Sunday
1804,<A>,30,2021-02-07T13:14:26-05:00[America/New_York],2021-02-07T13:14:56-05:00[America/New_York],Yes,2021-02-07,47666,Sunday
1804,B,16,2021-02-07T13:14:56-05:00[America/New_York],2021-02-07T13:15:12-05:00[America/New_York],Yes,2021-02-07,47696,Sunday
1804,C,19,2021-02-07T13:15:12-05:00[America/New_York],2021-02-07T13:15:31-05:00[America/New_York],Yes,2021-02-07,47712,Sunday
1804,<A>,33,2021-02-07T13:15:31-05:00[America/New_York],2021-02-07T13:16:04-05:00[America/New_York],Yes,2021-02-07,47731,Sunday
1804,C,22,2021-02-07T13:16:04-05:00[America/New_York],2021-02-07T13:16:26-05:00[America/New_York],Yes,2021-02-07,47764,Sunday
1804,<A>,46,2021-02-07T13:16:26-05:00[America/New_York],2021-02-07T13:17:12-05:00[America/New_York],Yes,2021-02-07,47786,Sunday
1804,B,25,2021-02-07T13:17:12-05:00[America/New_York],2021-02-07T13:17:37-05:00[America/New_York],Yes,2021-02-07,47832,Sunday
1804,<A>,39,2021-02-07T13:17:37-05:00[America/New_York],2021-02-07T13:18:16-05:00[America/New_York],Yes,2021-02-07,47857,Sunday
1804,B,17,2021-02-07T13:18:16-05:00[America/New_York],2021-02-07T13:18:33-05:00[America/New_York],NA,2021-02-07,47896,Sunday
1804,C,19,2021-02-07T13:18:33-05:00[America/New_York],2021-02-07T13:18:52-05:00[America/New_York],Yes,2021-02-07,47913,Sunday
1804,<A>,33,2021-02-07T13:18:52-05:00[America/New_York],2021-02-07T13:19:25-05:00[America/New_York],Yes,2021-02-07,47932,Sunday
1804,B,17,2021-02-07T13:19:25-05:00[America/New_York],2021-02-07T13:19:42-05:00[America/New_York],Yes,2021-02-07,47965,Sunday
1804,<A>,33,2021-02-07T13:19:42-05:00[America/New_York],2021-02-07T13:20:15-05:00[America/New_York],Yes,2021-02-07,47982,Sunday
1804,B,17,2021-02-07T13:20:15-05:00[America/New_York],2021-02-07T13:20:32-05:00[America/New_York],NA,2021-02-07,48015,Sunday
1804,C,18,2021-02-07T13:20:32-05:00[America/New_York],2021-02-07T13:20:50-05:00[America/New_York],Yes,2021-02-07,48032,Sunday
1804,<A>,33,2021-02-07T13:20:50-05:00[America/New_York],2021-02-07T13:21:23-05:00[America/New_York],Yes,2021-02-07,48050,Sunday
1804,B,17,2021-02-07T13:21:23-05:00[America/New_York],2021-02-07T13:21:40-05:00[America/New_York],NA,2021-02-07,48083,Sunday
1804,C,15,2021-02-07T13:21:40-05:00[America/New_York],2021-02-07T13:21:55-05:00[America/New_York],Yes,2021-02-07,48100,Sunday
1804,<A>,37,2021-02-07T13:21:55-05:00[America/New_York],2021-02-07T13:22:32-05:00[America/New_York],Yes,2021-02-07,48115,Sunday
1804,B,17,2021-02-07T13:22:32-05:00[America/New_York],2021-02-07T13:22:49-05:00[America/New_York],Yes,2021-02-07,48152,Sunday
1804,<A>,42,2021-02-07T13:22:49-05:00[America/New_York],2021-02-07T13:23:31-05:00[America/New_York],Yes,2021-02-07,48169,Sunday
1804,C,16,2021-02-07T13:23:31-05:00[America/New_York],2021-02-07T13:23:47-05:00[America/New_York],Yes,2021-02-07,48211,Sunday
1804,<A>,31,2021-02-07T13:23:47-05:00[America/New_York],2021-02-07T13:24:18-05:00[America/New_York],Yes,2021-02-07,48227,Sunday
1804,B,15,2021-02-07T13:24:18-05:00[America/New_York],2021-02-07T13:24:33-05:00[America/New_York],Yes,2021-02-07,48258,Sunday
1804,<A>,31,2021-02-07T13:24:33-05:00[America/New_York],2021-02-07T13:25:04-05:00[America/New_York],Yes,2021-02-07,48273,Sunday
1804,B,18,2021-02-07T13:25:04-05:00[America/New_York],2021-02-07T13:25:22-05:00[America/New_York],NA,2021-02-07,48304,Sunday
1804,C,15,2021-02-07T13:25:22-05:00[America/New_York],2021-02-07T13:25:37-05:00[America/New_York],Yes,2021-02-07,48322,Sunday
1804,<A>,32,2021-02-07T13:25:37-05:00[America/New_York],2021-02-07T13:26:09-05:00[America/New_York],Yes,2021-02-07,48337,Sunday
1804,B,16,2021-02-07T13:26:09-05:00[America/New_York],2021-02-07T13:26:25-05:00[America/New_York],Yes,2021-02-07,48369,Sunday
1804,C,16,2021-02-07T13:26:25-05:00[America/New_York],2021-02-07T13:26:41-05:00[America/New_York],Yes,2021-02-07,48385,Sunday
1804,<A>,31,2021-02-07T13:26:41-05:00[America/New_York],2021-02-07T13:27:12-05:00[America/New_York],Yes,2021-02-07,48401,Sunday
1804,C,25,2021-02-07T13:27:12-05:00[America/New_York],2021-02-07T13:27:37-05:00[America/New_York],Yes,2021-02-07,48432,Sunday
1804,<A>,88,2021-02-07T13:27:37-05:00[America/New_York],2021-02-07T13:29:05-05:00[America/New_York],NA,2021-02-07,48457,Sunday
1804,B,16,2021-02-07T13:29:05-05:00[America/New_York],2021-02-07T13:29:21-05:00[America/New_York],Yes,2021-02-07,48545,Sunday
1804,C,15,2021-02-07T13:29:21-05:00[America/New_York],2021-02-07T13:29:36-05:00[America/New_York],Yes,2021-02-07,48561,Sunday
1804,<A>,31,2021-02-07T13:29:36-05:00[America/New_York],2021-02-07T13:30:07-05:00[America/New_York],Yes,2021-02-07,48576,Sunday
1804,C,15,2021-02-07T13:30:07-05:00[America/New_York],2021-02-07T13:30:22-05:00[America/New_York],Yes,2021-02-07,48607,Sunday
1804,<A>,50,2021-02-07T13:30:22-05:00[America/New_York],2021-02-07T13:31:12-05:00[America/New_York],Yes,2021-02-07,48622,Sunday
1804,C,17,2021-02-07T13:31:12-05:00[America/New_York],2021-02-07T13:31:29-05:00[America/New_York],Yes,2021-02-07,48672,Sunday
1804,<A>,41,2021-02-07T13:31:29-05:00[America/New_York],2021-02-07T13:32:10-05:00[America/New_York],Yes,2021-02-07,48689,Sunday
1804,B,18,2021-02-07T13:32:10-05:00[America/New_York],2021-02-07T13:32:28-05:00[America/New_York],NA,2021-02-07,48730,Sunday
1804,C,20,2021-02-07T13:32:28-05:00[America/New_York],2021-02-07T13:32:48-05:00[America/New_York],Yes,2021-02-07,48748,Sunday
1804,<A>,35,2021-02-07T13:32:48-05:00[America/New_York],2021-02-07T13:33:23-05:00[America/New_York],Yes,2021-02-07,48768,Sunday
1804,B,41,2021-02-07T13:33:23-05:00[America/New_York],2021-02-07T13:34:04-05:00[America/New_York],Yes,2021-02-07,48803,Sunday
1804,<A>,33,2021-02-07T13:34:04-05:00[America/New_York],2021-02-07T13:34:37-05:00[America/New_York],Yes,2021-02-07,48844,Sunday
1804,B,18,2021-02-07T13:34:37-05:00[America/New_York],2021-02-07T13:34:55-05:00[America/New_York],NA,2021-02-07,48877,Sunday
1804,C,15,2021-02-07T13:34:55-05:00[America/New_York],2021-02-07T13:35:10-05:00[America/New_York],Yes,2021-02-07,48895,Sunday
1804,<A>,41,2021-02-07T13:35:10-05:00[America/New_York],2021-02-07T13:35:51-05:00[America/New_York],Yes,2021-02-07,48910,Sunday
1804,B,17,2021-02-07T13:35:51-05:00[America/New_York],2021-02-07T13:36:08-05:00[America/New_York],NA,2021-02-07,48951,Sunday
1804,C,15,2021-02-07T13:36:08-05:00[America/New_York],2021-02-07T13:36:23-05:00[America/New_York],Yes,2021-02-07,48968,Sunday
1804,<A>,32,2021-02-07T13:36:23-05:00[America/New_York],2021-02-07T13:36:55-05:00[America/New_York],Yes,2021-02-07,48983,Sunday
1804,B,15,2021-02-07T13:36:55-05:00[America/New_York],2021-02-07T13:37:10-05:00[America/New_York],Yes,2021-02-07,49015,Sunday
1804,C,16,2021-02-07T13:37:10-05:00[America/New_York],2021-02-07T13:37:26-05:00[America/New_York],Yes,2021-02-07,49030,Sunday
1804,<A>,31,2021-02-07T13:37:26-05:00[America/New_York],2021-02-07T13:37:57-05:00[America/New_York],Yes,2021-02-07,49046,Sunday
1804,B,17,2021-02-07T13:37:57-05:00[America/New_York],2021-02-07T13:38:14-05:00[America/New_York],Yes,2021-02-07,49077,Sunday
1804,C,18,2021-02-07T13:38:14-05:00[America/New_York],2021-02-07T13:38:32-05:00[America/New_York],Yes,2021-02-07,49094,Sunday
1804,<A>,32,2021-02-07T13:38:32-05:00[America/New_York],2021-02-07T13:39:04-05:00[America/New_York],Yes,2021-02-07,49112,Sunday
1804,C,16,2021-02-07T13:39:04-05:00[America/New_York],2021-02-07T13:39:20-05:00[America/New_York],Yes,2021-02-07,49144,Sunday
1804,<A>,32,2021-02-07T13:39:20-05:00[America/New_York],2021-02-07T13:39:52-05:00[America/New_York],Yes,2021-02-07,49160,Sunday
1804,C,15,2021-02-07T13:39:52-05:00[America/New_York],2021-02-07T13:40:07-05:00[America/New_York],Yes,2021-02-07,49192,Sunday
1804,<A>,32,2021-02-07T13:40:07-05:00[America/New_York],2021-02-07T13:40:39-05:00[America/New_York],Yes,2021-02-07,49207,Sunday
1804,B,15,2021-02-07T13:40:39-05:00[America/New_York],2021-02-07T13:40:54-05:00[America/New_York],Yes,2021-02-07,49239,Sunday
1804,C,17,2021-02-07T13:40:54-05:00[America/New_York],2021-02-07T13:41:11-05:00[America/New_York],Yes,2021-02-07,49254,Sunday
1804,<A>,31,2021-02-07T13:41:11-05:00[America/New_York],2021-02-07T13:41:42-05:00[America/New_York],Yes,2021-02-07,49271,Sunday
1804,B,19,2021-02-07T13:41:42-05:00[America/New_York],2021-02-07T13:42:01-05:00[America/New_York],Yes,2021-02-07,49302,Sunday
1804,C,16,2021-02-07T13:42:01-05:00[America/New_York],2021-02-07T13:42:17-05:00[America/New_York],Yes,2021-02-07,49321,Sunday
1804,<A>,30,2021-02-07T13:42:17-05:00[America/New_York],2021-02-07T13:42:47-05:00[America/New_York],Yes,2021-02-07,49337,Sunday
1804,B,18,2021-02-07T13:42:47-05:00[America/New_York],2021-02-07T13:43:05-05:00[America/New_York],Yes,2021-02-07,49367,Sunday
1804,C,26,2021-02-07T13:43:05-05:00[America/New_York],2021-02-07T13:43:31-05:00[America/New_York],Yes,2021-02-07,49385,Sunday
1804,<A>,52,2021-02-07T13:43:31-05:00[America/New_York],2021-02-07T13:44:23-05:00[America/New_York],Yes,2021-02-07,49411,Sunday
1804,B,16,2021-02-07T13:44:23-05:00[America/New_York],2021-02-07T13:44:39-05:00[America/New_York],Yes,2021-02-07,49463,Sunday
1804,C,21,2021-02-07T13:44:39-05:00[America/New_York],2021-02-07T13:45:00-05:00[America/New_York],Yes,2021-02-07,49479,Sunday
1804,<A>,30,2021-02-07T13:45:00-05:00[America/New_York],2021-02-07T13:45:30-05:00[America/New_York],Yes,2021-02-07,49500,Sunday
1804,B,20,2021-02-07T13:45:30-05:00[America/New_York],2021-02-07T13:45:50-05:00[America/New_York],Yes,2021-02-07,49530,Sunday
1804,C,16,2021-02-07T13:45:50-05:00[America/New_York],2021-02-07T13:46:06-05:00[America/New_York],Yes,2021-02-07,49550,Sunday
1804,<A>,36,2021-02-07T13:46:06-05:00[America/New_York],2021-02-07T13:46:42-05:00[America/New_York],Yes,2021-02-07,49566,Sunday
1804,B,17,2021-02-07T13:46:42-05:00[America/New_York],2021-02-07T13:46:59-05:00[America/New_York],Yes,2021-02-07,49602,Sunday
1804,C,16,2021-02-07T13:46:59-05:00[America/New_York],2021-02-07T13:47:15-05:00[America/New_York],Yes,2021-02-07,49619,Sunday
1804,<A>,33,2021-02-07T13:47:15-05:00[America/New_York],2021-02-07T13:47:48-05:00[America/New_York],Yes,2021-02-07,49635,Sunday
1804,C,16,2021-02-07T13:47:48-05:00[America/New_York],2021-02-07T13:48:04-05:00[America/New_York],Yes,2021-02-07,49668,Sunday
1804,<A>,34,2021-02-07T13:48:04-05:00[America/New_York],2021-02-07T13:48:38-05:00[America/New_York],Yes,2021-02-07,49684,Sunday
1804,B,18,2021-02-07T13:48:38-05:00[America/New_York],2021-02-07T13:48:56-05:00[America/New_York],NA,2021-02-07,49718,Sunday
1804,C,26,2021-02-07T13:48:56-05:00[America/New_York],2021-02-07T13:49:22-05:00[America/New_York],Yes,2021-02-07,49736,Sunday
1804,<A>,30,2021-02-07T13:49:22-05:00[America/New_York],2021-02-07T13:49:52-05:00[America/New_York],Yes,2021-02-07,49762,Sunday
1804,B,18,2021-02-07T13:49:52-05:00[America/New_York],2021-02-07T13:50:10-05:00[America/New_York],NA,2021-02-07,49792,Sunday
1804,C,15,2021-02-07T13:50:10-05:00[America/New_York],2021-02-07T13:50:25-05:00[America/New_York],Yes,2021-02-07,49810,Sunday
1804,<A>,34,2021-02-07T13:50:25-05:00[America/New_York],2021-02-07T13:50:59-05:00[America/New_York],Yes,2021-02-07,49825,Sunday
1804,B,16,2021-02-07T13:50:59-05:00[America/New_York],2021-02-07T13:51:15-05:00[America/New_York],Yes,2021-02-07,49859,Sunday
1804,<A>,32,2021-02-07T13:51:15-05:00[America/New_York],2021-02-07T13:51:47-05:00[America/New_York],Yes,2021-02-07,49875,Sunday
1804,C,19,2021-02-07T13:51:47-05:00[America/New_York],2021-02-07T13:52:06-05:00[America/New_York],Yes,2021-02-07,49907,Sunday
1804,<A>,39,2021-02-07T13:52:06-05:00[America/New_York],2021-02-07T13:52:45-05:00[America/New_York],Yes,2021-02-07,49926,Sunday
1804,B,18,2021-02-07T13:52:45-05:00[America/New_York],2021-02-07T13:53:03-05:00[America/New_York],NA,2021-02-07,49965,Sunday
1804,C,18,2021-02-07T13:53:03-05:00[America/New_York],2021-02-07T13:53:21-05:00[America/New_York],Yes,2021-02-07,49983,Sunday
1804,<A>,42,2021-02-07T13:53:21-05:00[America/New_York],2021-02-07T13:54:03-05:00[America/New_York],Yes,2021-02-07,50001,Sunday
1804,B,18,2021-02-07T13:54:03-05:00[America/New_York],2021-02-07T13:54:21-05:00[America/New_York],NA,2021-02-07,50043,Sunday
1804,C,19,2021-02-07T13:54:21-05:00[America/New_York],2021-02-07T13:54:40-05:00[America/New_York],Yes,2021-02-07,50061,Sunday
1804,<A>,31,2021-02-07T13:54:40-05:00[America/New_York],2021-02-07T13:55:11-05:00[America/New_York],Yes,2021-02-07,50080,Sunday
1804,B,17,2021-02-07T13:55:11-05:00[America/New_York],2021-02-07T13:55:28-05:00[America/New_York],NA,2021-02-07,50111,Sunday
1804,C,20,2021-02-07T13:55:28-05:00[America/New_York],2021-02-07T13:55:48-05:00[America/New_York],Yes,2021-02-07,50128,Sunday
1804,<A>,32,2021-02-07T13:55:48-05:00[America/New_York],2021-02-07T13:56:20-05:00[America/New_York],Yes,2021-02-07,50148,Sunday
1804,B,23,2021-02-07T13:56:20-05:00[America/New_York],2021-02-07T13:56:43-05:00[America/New_York],NA,2021-02-07,50180,Sunday
1804,C,22,2021-02-07T13:56:43-05:00[America/New_York],2021-02-07T13:57:05-05:00[America/New_York],Yes,2021-02-07,50203,Sunday
1804,<A>,30,2021-02-07T13:57:05-05:00[America/New_York],2021-02-07T13:57:35-05:00[America/New_York],Yes,2021-02-07,50225,Sunday
1804,B,16,2021-02-07T13:57:35-05:00[America/New_York],2021-02-07T13:57:51-05:00[America/New_York],Yes,2021-02-07,50255,Sunday
1804,C,15,2021-02-07T13:57:51-05:00[America/New_York],2021-02-07T13:58:06-05:00[America/New_York],Yes,2021-02-07,50271,Sunday
1804,<A>,30,2021-02-07T13:58:06-05:00[America/New_York],2021-02-07T13:58:36-05:00[America/New_York],Yes,2021-02-07,50286,Sunday
1804,B,19,2021-02-07T13:58:36-05:00[America/New_York],2021-02-07T13:58:55-05:00[America/New_York],Yes,2021-02-07,50316,Sunday
1804,C,21,2021-02-07T13:58:55-05:00[America/New_York],2021-02-07T13:59:16-05:00[America/New_York],Yes,2021-02-07,50335,Sunday
1804,<A>,31,2021-02-07T13:59:16-05:00[America/New_York],2021-02-07T13:59:47-05:00[America/New_York],Yes,2021-02-07,50356,Sunday
1804,B,19,2021-02-07T13:59:47-05:00[America/New_York],2021-02-07T14:00:06-05:00[America/New_York],Yes,2021-02-07,50387,Sunday
1804,<A>,30,2021-02-07T14:00:06-05:00[America/New_York],2021-02-07T14:00:36-05:00[America/New_York],Yes,2021-02-07,50406,Sunday
1804,B,18,2021-02-07T14:00:36-05:00[America/New_York],2021-02-07T14:00:54-05:00[America/New_York],Yes,2021-02-07,50436,Sunday
1804,C,20,2021-02-07T14:00:54-05:00[America/New_York],2021-02-07T14:01:14-05:00[America/New_York],Yes,2021-02-07,50454,Sunday
1804,<A>,43,2021-02-07T14:01:14-05:00[America/New_York],2021-02-07T14:01:57-05:00[America/New_York],Yes,2021-02-07,50474,Sunday
1804,C,18,2021-02-07T14:01:57-05:00[America/New_York],2021-02-07T14:02:15-05:00[America/New_York],Yes,2021-02-07,50517,Sunday
1804,<A>,30,2021-02-07T14:02:15-05:00[America/New_York],2021-02-07T14:02:45-05:00[America/New_York],Yes,2021-02-07,50535,Sunday
1804,C,20,2021-02-07T14:02:45-05:00[America/New_York],2021-02-07T14:03:05-05:00[America/New_York],Yes,2021-02-07,50565,Sunday
1804,<A>,30,2021-02-07T14:03:05-05:00[America/New_York],2021-02-07T14:03:35-05:00[America/New_York],Yes,2021-02-07,50585,Sunday
1804,B,16,2021-02-07T14:03:35-05:00[America/New_York],2021-02-07T14:03:51-05:00[America/New_York],Yes,2021-02-07,50615,Sunday
1804,<A>,32,2021-02-07T14:03:51-05:00[America/New_York],2021-02-07T14:04:23-05:00[America/New_York],Yes,2021-02-07,50631,Sunday
1804,C,15,2021-02-07T14:04:23-05:00[America/New_York],2021-02-07T14:04:38-05:00[America/New_York],Yes,2021-02-07,50663,Sunday
1804,<A>,42,2021-02-07T14:04:38-05:00[America/New_York],2021-02-07T14:05:20-05:00[America/New_York],Yes,2021-02-07,50678,Sunday
1804,B,21,2021-02-07T14:05:20-05:00[America/New_York],2021-02-07T14:05:41-05:00[America/New_York],NA,2021-02-07,50720,Sunday
1804,C,26,2021-02-07T14:05:41-05:00[America/New_York],2021-02-07T14:06:07-05:00[America/New_York],Yes,2021-02-07,50741,Sunday
1804,<A>,32,2021-02-07T14:06:07-05:00[America/New_York],2021-02-07T14:06:39-05:00[America/New_York],Yes,2021-02-07,50767,Sunday
1804,B,18,2021-02-07T14:06:39-05:00[America/New_York],2021-02-07T14:06:57-05:00[America/New_York],NA,2021-02-07,50799,Sunday
1804,C,18,2021-02-07T14:06:57-05:00[America/New_York],2021-02-07T14:07:15-05:00[America/New_York],Yes,2021-02-07,50817,Sunday
1804,<A>,31,2021-02-07T14:07:15-05:00[America/New_York],2021-02-07T14:07:46-05:00[America/New_York],Yes,2021-02-07,50835,Sunday
1804,B,16,2021-02-07T14:07:46-05:00[America/New_York],2021-02-07T14:08:02-05:00[America/New_York],NA,2021-02-07,50866,Sunday
1804,C,19,2021-02-07T14:08:02-05:00[America/New_York],2021-02-07T14:08:21-05:00[America/New_York],Yes,2021-02-07,50882,Sunday
1804,<A>,33,2021-02-07T14:08:21-05:00[America/New_York],2021-02-07T14:08:54-05:00[America/New_York],Yes,2021-02-07,50901,Sunday
1804,C,17,2021-02-07T14:08:54-05:00[America/New_York],2021-02-07T14:09:11-05:00[America/New_York],Yes,2021-02-07,50934,Sunday
1804,<A>,31,2021-02-07T14:09:11-05:00[America/New_York],2021-02-07T14:09:42-05:00[America/New_York],Yes,2021-02-07,50951,Sunday
1804,B,16,2021-02-07T14:09:42-05:00[America/New_York],2021-02-07T14:09:58-05:00[America/New_York],Yes,2021-02-07,50982,Sunday
1804,C,17,2021-02-07T14:09:58-05:00[America/New_York],2021-02-07T14:10:15-05:00[America/New_York],Yes,2021-02-07,50998,Sunday
1804,<A>,30,2021-02-07T14:10:15-05:00[America/New_York],2021-02-07T14:10:45-05:00[America/New_York],Yes,2021-02-07,51015,Sunday
1804,B,17,2021-02-07T14:10:45-05:00[America/New_York],2021-02-07T14:11:02-05:00[America/New_York],Yes,2021-02-07,51045,Sunday
1804,C,20,2021-02-07T14:11:02-05:00[America/New_York],2021-02-07T14:11:22-05:00[America/New_York],Yes,2021-02-07,51062,Sunday
1804,<A>,43,2021-02-07T14:11:22-05:00[America/New_York],2021-02-07T14:12:05-05:00[America/New_York],Yes,2021-02-07,51082,Sunday
1804,C,23,2021-02-07T14:12:05-05:00[America/New_York],2021-02-07T14:12:28-05:00[America/New_York],Yes,2021-02-07,51125,Sunday
1804,<A>,33,2021-02-07T14:12:28-05:00[America/New_York],2021-02-07T14:13:01-05:00[America/New_York],Yes,2021-02-07,51148,Sunday
1804,B,16,2021-02-07T14:13:01-05:00[America/New_York],2021-02-07T14:13:17-05:00[America/New_York],Yes,2021-02-07,51181,Sunday
1804,C,19,2021-02-07T14:13:17-05:00[America/New_York],2021-02-07T14:13:36-05:00[America/New_York],Yes,2021-02-07,51197,Sunday
1804,<A>,47,2021-02-07T14:13:36-05:00[America/New_York],2021-02-07T14:14:23-05:00[America/New_York],Yes,2021-02-07,51216,Sunday
1804,B,16,2021-02-07T14:14:23-05:00[America/New_York],2021-02-07T14:14:39-05:00[America/New_York],Yes,2021-02-07,51263,Sunday
1804,C,23,2021-02-07T14:14:39-05:00[America/New_York],2021-02-07T14:15:02-05:00[America/New_York],Yes,2021-02-07,51279,Sunday
1804,<A>,33,2021-02-07T14:15:02-05:00[America/New_York],2021-02-07T14:15:35-05:00[America/New_York],Yes,2021-02-07,51302,Sunday
1804,B,16,2021-02-07T14:15:35-05:00[America/New_York],2021-02-07T14:15:51-05:00[America/New_York],Yes,2021-02-07,51335,Sunday
1804,C,19,2021-02-07T14:15:51-05:00[America/New_York],2021-02-07T14:16:10-05:00[America/New_York],Yes,2021-02-07,51351,Sunday
1804,<A>,31,2021-02-07T14:16:10-05:00[America/New_York],2021-02-07T14:16:41-05:00[America/New_York],Yes,2021-02-07,51370,Sunday
1804,C,19,2021-02-07T14:16:41-05:00[America/New_York],2021-02-07T14:17:00-05:00[America/New_York],Yes,2021-02-07,51401,Sunday
1804,<A>,30,2021-02-07T14:17:00-05:00[America/New_York],2021-02-07T14:17:30-05:00[America/New_York],Yes,2021-02-07,51420,Sunday
1804,C,22,2021-02-07T14:17:30-05:00[America/New_York],2021-02-07T14:17:52-05:00[America/New_York],Yes,2021-02-07,51450,Sunday
1804,<A>,30,2021-02-07T14:17:52-05:00[America/New_York],2021-02-07T14:18:22-05:00[America/New_York],Yes,2021-02-07,51472,Sunday
1804,B,16,2021-02-07T14:18:22-05:00[America/New_York],2021-02-07T14:18:38-05:00[America/New_York],Yes,2021-02-07,51502,Sunday
1804,C,15,2021-02-07T14:18:38-05:00[America/New_York],2021-02-07T14:18:53-05:00[America/New_York],Yes,2021-02-07,51518,Sunday
1804,<A>,31,2021-02-07T14:18:53-05:00[America/New_York],2021-02-07T14:19:24-05:00[America/New_York],Yes,2021-02-07,51533,Sunday
1804,B,15,2021-02-07T14:19:24-05:00[America/New_York],2021-02-07T14:19:39-05:00[America/New_York],Yes,2021-02-07,51564,Sunday
1804,C,17,2021-02-07T14:19:39-05:00[America/New_York],2021-02-07T14:19:56-05:00[America/New_York],Yes,2021-02-07,51579,Sunday
1804,<A>,32,2021-02-07T14:19:56-05:00[America/New_York],2021-02-07T14:20:28-05:00[America/New_York],Yes,2021-02-07,51596,Sunday
1804,B,21,2021-02-07T14:20:28-05:00[America/New_York],2021-02-07T14:20:49-05:00[America/New_York],Yes,2021-02-07,51628,Sunday
1804,C,17,2021-02-07T14:20:49-05:00[America/New_York],2021-02-07T14:21:06-05:00[America/New_York],Yes,2021-02-07,51649,Sunday
1804,<A>,30,2021-02-07T14:21:06-05:00[America/New_York],2021-02-07T14:21:36-05:00[America/New_York],Yes,2021-02-07,51666,Sunday
1804,B,17,2021-02-07T14:21:36-05:00[America/New_York],2021-02-07T14:21:53-05:00[America/New_York],NA,2021-02-07,51696,Sunday
1804,C,17,2021-02-07T14:21:53-05:00[America/New_York],2021-02-07T14:22:10-05:00[America/New_York],Yes,2021-02-07,51713,Sunday
1804,<A>,81,2021-02-07T14:22:10-05:00[America/New_York],2021-02-07T14:23:31-05:00[America/New_York],NA,2021-02-07,51730,Sunday
1804,B,18,2021-02-07T14:23:31-05:00[America/New_York],2021-02-07T14:23:49-05:00[America/New_York],NA,2021-02-07,51811,Sunday
1804,C,17,2021-02-07T14:23:49-05:00[America/New_York],2021-02-07T14:24:06-05:00[America/New_York],NA,2021-02-07,51829,Sunday
1804,<A>,69,2021-02-07T14:24:06-05:00[America/New_York],2021-02-07T14:25:15-05:00[America/New_York],NA,2021-02-07,51846,Sunday
1804,B,18,2021-02-07T14:25:15-05:00[America/New_York],2021-02-07T14:25:33-05:00[America/New_York],NA,2021-02-07,51915,Sunday
1804,C,22,2021-02-07T14:25:33-05:00[America/New_York],2021-02-07T14:25:55-05:00[America/New_York],NA,2021-02-07,51933,Sunday
1804,<A>,62,2021-02-07T14:25:55-05:00[America/New_York],2021-02-07T14:26:57-05:00[America/New_York],NA,2021-02-07,51955,Sunday
1804,B,23,2021-02-07T14:26:57-05:00[America/New_York],2021-02-07T14:27:20-05:00[America/New_York],NA,2021-02-07,52017,Sunday
1804,C,15,2021-02-07T14:27:20-05:00[America/New_York],2021-02-07T14:27:35-05:00[America/New_York],Yes,2021-02-07,52040,Sunday
1804,<A>,30,2021-02-07T14:27:35-05:00[America/New_York],2021-02-07T14:28:05-05:00[America/New_York],Yes,2021-02-07,52055,Sunday
1804,C,20,2021-02-07T14:28:05-05:00[America/New_York],2021-02-07T14:28:25-05:00[America/New_York],Yes,2021-02-07,52085,Sunday
1804,<A>,31,2021-02-07T14:28:25-05:00[America/New_York],2021-02-07T14:28:56-05:00[America/New_York],Yes,2021-02-07,52105,Sunday
1804,B,18,2021-02-07T14:28:56-05:00[America/New_York],2021-02-07T14:29:14-05:00[America/New_York],Yes,2021-02-07,52136,Sunday
1804,<A>,31,2021-02-07T14:29:14-05:00[America/New_York],2021-02-07T14:29:45-05:00[America/New_York],Yes,2021-02-07,52154,Sunday
1804,B,15,2021-02-07T14:29:45-05:00[America/New_York],2021-02-07T14:30:00-05:00[America/New_York],Yes,2021-02-07,52185,Sunday
1804,C,19,2021-02-07T14:30:00-05:00[America/New_York],2021-02-07T14:30:19-05:00[America/New_York],Yes,2021-02-07,52200,Sunday
1804,<A>,34,2021-02-07T14:30:19-05:00[America/New_York],2021-02-07T14:30:53-05:00[America/New_York],Yes,2021-02-07,52219,Sunday
1804,C,16,2021-02-07T14:30:53-05:00[America/New_York],2021-02-07T14:31:09-05:00[America/New_York],Yes,2021-02-07,52253,Sunday
1804,<A>,30,2021-02-07T14:31:09-05:00[America/New_York],2021-02-07T14:31:39-05:00[America/New_York],Yes,2021-02-07,52269,Sunday
1804,B,16,2021-02-07T14:31:39-05:00[America/New_York],2021-02-07T14:31:55-05:00[America/New_York],Yes,2021-02-07,52299,Sunday
1804,C,24,2021-02-07T14:31:55-05:00[America/New_York],2021-02-07T14:32:19-05:00[America/New_York],Yes,2021-02-07,52315,Sunday
1804,<A>,33,2021-02-07T14:32:19-05:00[America/New_York],2021-02-07T14:32:52-05:00[America/New_York],Yes,2021-02-07,52339,Sunday
1804,B,19,2021-02-07T14:32:52-05:00[America/New_York],2021-02-07T14:33:11-05:00[America/New_York],NA,2021-02-07,52372,Sunday
1804,C,15,2021-02-07T14:33:11-05:00[America/New_York],2021-02-07T14:33:26-05:00[America/New_York],Yes,2021-02-07,52391,Sunday
1804,<A>,33,2021-02-07T14:33:26-05:00[America/New_York],2021-02-07T14:33:59-05:00[America/New_York],Yes,2021-02-07,52406,Sunday
1804,C,16,2021-02-07T14:33:59-05:00[America/New_York],2021-02-07T14:34:15-05:00[America/New_York],Yes,2021-02-07,52439,Sunday
1804,<A>,39,2021-02-07T14:34:15-05:00[America/New_York],2021-02-07T14:34:54-05:00[America/New_York],Yes,2021-02-07,52455,Sunday
1804,B,16,2021-02-07T14:34:54-05:00[America/New_York],2021-02-07T14:35:10-05:00[America/New_York],NA,2021-02-07,52494,Sunday
1804,C,22,2021-02-07T14:35:10-05:00[America/New_York],2021-02-07T14:35:32-05:00[America/New_York],Yes,2021-02-07,52510,Sunday
1804,<A>,41,2021-02-07T14:35:32-05:00[America/New_York],2021-02-07T14:36:13-05:00[America/New_York],Yes,2021-02-07,52532,Sunday
1804,B,16,2021-02-07T14:36:13-05:00[America/New_York],2021-02-07T14:36:29-05:00[America/New_York],NA,2021-02-07,52573,Sunday
1804,C,17,2021-02-07T14:36:29-05:00[America/New_York],2021-02-07T14:36:46-05:00[America/New_York],Yes,2021-02-07,52589,Sunday
1804,<A>,31,2021-02-07T14:36:46-05:00[America/New_York],2021-02-07T14:37:17-05:00[America/New_York],Yes,2021-02-07,52606,Sunday
1804,C,17,2021-02-07T14:37:17-05:00[America/New_York],2021-02-07T14:37:34-05:00[America/New_York],Yes,2021-02-07,52637,Sunday
1804,<A>,33,2021-02-07T14:37:34-05:00[America/New_York],2021-02-07T14:38:07-05:00[America/New_York],Yes,2021-02-07,52654,Sunday
1804,B,19,2021-02-07T14:38:07-05:00[America/New_York],2021-02-07T14:38:26-05:00[America/New_York],Yes,2021-02-07,52687,Sunday
1804,<A>,31,2021-02-07T14:38:26-05:00[America/New_York],2021-02-07T14:38:57-05:00[America/New_York],Yes,2021-02-07,52706,Sunday
1804,B,15,2021-02-07T14:38:57-05:00[America/New_York],2021-02-07T14:39:12-05:00[America/New_York],Yes,2021-02-07,52737,Sunday
1804,C,24,2021-02-07T14:39:12-05:00[America/New_York],2021-02-07T14:39:36-05:00[America/New_York],Yes,2021-02-07,52752,Sunday
1804,<A>,34,2021-02-07T14:39:36-05:00[America/New_York],2021-02-07T14:40:10-05:00[America/New_York],Yes,2021-02-07,52776,Sunday
1804,C,15,2021-02-07T14:40:10-05:00[America/New_York],2021-02-07T14:40:25-05:00[America/New_York],Yes,2021-02-07,52810,Sunday
1804,<A>,42,2021-02-07T14:40:25-05:00[America/New_York],2021-02-07T14:41:07-05:00[America/New_York],Yes,2021-02-07,52825,Sunday
1804,B,17,2021-02-07T14:41:07-05:00[America/New_York],2021-02-07T14:41:24-05:00[America/New_York],NA,2021-02-07,52867,Sunday
1804,C,18,2021-02-07T14:41:24-05:00[America/New_York],2021-02-07T14:41:42-05:00[America/New_York],Yes,2021-02-07,52884,Sunday
1804,<A>,32,2021-02-07T14:41:42-05:00[America/New_York],2021-02-07T14:42:14-05:00[America/New_York],Yes,2021-02-07,52902,Sunday
1804,B,17,2021-02-07T14:42:14-05:00[America/New_York],2021-02-07T14:42:31-05:00[America/New_York],NA,2021-02-07,52934,Sunday
1804,C,16,2021-02-07T14:42:31-05:00[America/New_York],2021-02-07T14:42:47-05:00[America/New_York],Yes,2021-02-07,52951,Sunday
1804,<A>,34,2021-02-07T14:42:47-05:00[America/New_York],2021-02-07T14:43:21-05:00[America/New_York],Yes,2021-02-07,52967,Sunday
1804,B,16,2021-02-07T14:43:21-05:00[America/New_York],2021-02-07T14:43:37-05:00[America/New_York],Yes,2021-02-07,53001,Sunday
1804,<A>,31,2021-02-07T14:43:37-05:00[America/New_York],2021-02-07T14:44:08-05:00[America/New_York],Yes,2021-02-07,53017,Sunday
1804,B,15,2021-02-07T14:44:08-05:00[America/New_York],2021-02-07T14:44:23-05:00[America/New_York],Yes,2021-02-07,53048,Sunday
1804,C,26,2021-02-07T14:44:23-05:00[America/New_York],2021-02-07T14:44:49-05:00[America/New_York],Yes,2021-02-07,53063,Sunday
1804,<A>,45,2021-02-07T14:44:49-05:00[America/New_York],2021-02-07T14:45:34-05:00[America/New_York],Yes,2021-02-07,53089,Sunday
1804,B,17,2021-02-07T14:45:34-05:00[America/New_York],2021-02-07T14:45:51-05:00[America/New_York],NA,2021-02-07,53134,Sunday
1804,C,19,2021-02-07T14:45:51-05:00[America/New_York],2021-02-07T14:46:10-05:00[America/New_York],Yes,2021-02-07,53151,Sunday
1804,<A>,31,2021-02-07T14:46:10-05:00[America/New_York],2021-02-07T14:46:41-05:00[America/New_York],Yes,2021-02-07,53170,Sunday
1804,B,20,2021-02-07T14:46:41-05:00[America/New_York],2021-02-07T14:47:01-05:00[America/New_York],Yes,2021-02-07,53201,Sunday
1804,<A>,39,2021-02-07T14:47:01-05:00[America/New_York],2021-02-07T14:47:40-05:00[America/New_York],Yes,2021-02-07,53221,Sunday
1804,B,15,2021-02-07T14:47:40-05:00[America/New_York],2021-02-07T14:47:55-05:00[America/New_York],Yes,2021-02-07,53260,Sunday
1804,C,20,2021-02-07T14:47:55-05:00[America/New_York],2021-02-07T14:48:15-05:00[America/New_York],Yes,2021-02-07,53275,Sunday
1804,<A>,40,2021-02-07T14:48:15-05:00[America/New_York],2021-02-07T14:48:55-05:00[America/New_York],Yes,2021-02-07,53295,Sunday
1804,C,20,2021-02-07T14:48:55-05:00[America/New_York],2021-02-07T14:49:15-05:00[America/New_York],Yes,2021-02-07,53335,Sunday
1804,<A>,31,2021-02-07T14:49:15-05:00[America/New_York],2021-02-07T14:49:46-05:00[America/New_York],Yes,2021-02-07,53355,Sunday
1804,B,17,2021-02-07T14:49:46-05:00[America/New_York],2021-02-07T14:50:03-05:00[America/New_York],NA,2021-02-07,53386,Sunday
1804,C,15,2021-02-07T14:50:03-05:00[America/New_York],2021-02-07T14:50:18-05:00[America/New_York],Yes,2021-02-07,53403,Sunday
1804,<A>,30,2021-02-07T14:50:18-05:00[America/New_York],2021-02-07T14:50:48-05:00[America/New_York],Yes,2021-02-07,53418,Sunday
1804,B,17,2021-02-07T14:50:48-05:00[America/New_York],2021-02-07T14:51:05-05:00[America/New_York],NA,2021-02-07,53448,Sunday
1804,C,20,2021-02-07T14:51:05-05:00[America/New_York],2021-02-07T14:51:25-05:00[America/New_York],Yes,2021-02-07,53465,Sunday
1804,<A>,31,2021-02-07T14:51:25-05:00[America/New_York],2021-02-07T14:51:56-05:00[America/New_York],Yes,2021-02-07,53485,Sunday
1804,B,15,2021-02-07T14:51:56-05:00[America/New_York],2021-02-07T14:52:11-05:00[America/New_York],Yes,2021-02-07,53516,Sunday
1804,C,18,2021-02-07T14:52:11-05:00[America/New_York],2021-02-07T14:52:29-05:00[America/New_York],Yes,2021-02-07,53531,Sunday
1804,<A>,40,2021-02-07T14:52:29-05:00[America/New_York],2021-02-07T14:53:09-05:00[America/New_York],Yes,2021-02-07,53549,Sunday
1804,B,18,2021-02-07T14:53:09-05:00[America/New_York],2021-02-07T14:53:27-05:00[America/New_York],Yes,2021-02-07,53589,Sunday
1804,<A>,30,2021-02-07T14:53:27-05:00[America/New_York],2021-02-07T14:53:57-05:00[America/New_York],Yes,2021-02-07,53607,Sunday
1804,C,25,2021-02-07T14:53:57-05:00[America/New_York],2021-02-07T14:54:22-05:00[America/New_York],Yes,2021-02-07,53637,Sunday
1804,<A>,40,2021-02-07T14:54:22-05:00[America/New_York],2021-02-07T14:55:02-05:00[America/New_York],Yes,2021-02-07,53662,Sunday
1804,B,29,2021-02-07T14:55:02-05:00[America/New_York],2021-02-07T14:55:31-05:00[America/New_York],Yes,2021-02-07,53702,Sunday
1804,<A>,30,2021-02-07T14:55:31-05:00[America/New_York],2021-02-07T14:56:01-05:00[America/New_York],Yes,2021-02-07,53731,Sunday
1804,B,17,2021-02-07T14:56:01-05:00[America/New_York],2021-02-07T14:56:18-05:00[America/New_York],NA,2021-02-07,53761,Sunday
1804,C,15,2021-02-07T14:56:18-05:00[America/New_York],2021-02-07T14:56:33-05:00[America/New_York],Yes,2021-02-07,53778,Sunday
1804,<A>,30,2021-02-07T14:56:33-05:00[America/New_York],2021-02-07T14:57:03-05:00[America/New_York],Yes,2021-02-07,53793,Sunday
1804,B,20,2021-02-07T14:57:03-05:00[America/New_York],2021-02-07T14:57:23-05:00[America/New_York],Yes,2021-02-07,53823,Sunday
1804,<A>,32,2021-02-07T14:57:23-05:00[America/New_York],2021-02-07T14:57:55-05:00[America/New_York],Yes,2021-02-07,53843,Sunday
1804,C,16,2021-02-07T14:57:55-05:00[America/New_York],2021-02-07T14:58:11-05:00[America/New_York],Yes,2021-02-07,53875,Sunday
1804,<A>,38,2021-02-07T14:58:11-05:00[America/New_York],2021-02-07T14:58:49-05:00[America/New_York],Yes,2021-02-07,53891,Sunday
1804,C,16,2021-02-07T14:58:49-05:00[America/New_York],2021-02-07T14:59:05-05:00[America/New_York],Yes,2021-02-07,53929,Sunday
1804,<A>,33,2021-02-07T14:59:05-05:00[America/New_York],2021-02-07T14:59:38-05:00[America/New_York],Yes,2021-02-07,53945,Sunday
1804,B,16,2021-02-07T14:59:38-05:00[America/New_York],2021-02-07T14:59:54-05:00[America/New_York],Yes,2021-02-07,53978,Sunday
1804,<A>,32,2021-02-07T14:59:54-05:00[America/New_York],2021-02-07T15:00:26-05:00[America/New_York],Yes,2021-02-07,53994,Sunday
1804,B,15,2021-02-07T15:00:26-05:00[America/New_York],2021-02-07T15:00:41-05:00[America/New_York],NA,2021-02-07,54026,Sunday
1804,C,21,2021-02-07T15:00:41-05:00[America/New_York],2021-02-07T15:01:02-05:00[America/New_York],Yes,2021-02-07,54041,Sunday
1804,<A>,39,2021-02-07T15:01:02-05:00[America/New_York],2021-02-07T15:01:41-05:00[America/New_York],Yes,2021-02-07,54062,Sunday
1804,B,17,2021-02-07T15:01:41-05:00[America/New_York],2021-02-07T15:01:58-05:00[America/New_York],NA,2021-02-07,54101,Sunday
1804,C,16,2021-02-07T15:01:58-05:00[America/New_York],2021-02-07T15:02:14-05:00[America/New_York],Yes,2021-02-07,54118,Sunday
1804,<A>,35,2021-02-07T15:02:14-05:00[America/New_York],2021-02-07T15:02:49-05:00[America/New_York],Yes,2021-02-07,54134,Sunday
1804,B,17,2021-02-07T15:02:49-05:00[America/New_York],2021-02-07T15:03:06-05:00[America/New_York],NA,2021-02-07,54169,Sunday
1804,C,22,2021-02-07T15:03:06-05:00[America/New_York],2021-02-07T15:03:28-05:00[America/New_York],Yes,2021-02-07,54186,Sunday
1804,<A>,30,2021-02-07T15:03:28-05:00[America/New_York],2021-02-07T15:03:58-05:00[America/New_York],Yes,2021-02-07,54208,Sunday
1804,B,17,2021-02-07T15:03:58-05:00[America/New_York],2021-02-07T15:04:15-05:00[America/New_York],NA,2021-02-07,54238,Sunday
1804,C,16,2021-02-07T15:04:15-05:00[America/New_York],2021-02-07T15:04:31-05:00[America/New_York],Yes,2021-02-07,54255,Sunday
1804,<A>,31,2021-02-07T15:04:31-05:00[America/New_York],2021-02-07T15:05:02-05:00[America/New_York],Yes,2021-02-07,54271,Sunday
1804,B,17,2021-02-07T15:05:02-05:00[America/New_York],2021-02-07T15:05:19-05:00[America/New_York],NA,2021-02-07,54302,Sunday
1804,C,20,2021-02-07T15:05:19-05:00[America/New_York],2021-02-07T15:05:39-05:00[America/New_York],Yes,2021-02-07,54319,Sunday
1804,<A>,30,2021-02-07T15:05:39-05:00[America/New_York],2021-02-07T15:06:09-05:00[America/New_York],Yes,2021-02-07,54339,Sunday
1804,B,17,2021-02-07T15:06:09-05:00[America/New_York],2021-02-07T15:06:26-05:00[America/New_York],NA,2021-02-07,54369,Sunday
1804,C,16,2021-02-07T15:06:26-05:00[America/New_York],2021-02-07T15:06:42-05:00[America/New_York],Yes,2021-02-07,54386,Sunday
1804,<A>,32,2021-02-07T15:06:42-05:00[America/New_York],2021-02-07T15:07:14-05:00[America/New_York],Yes,2021-02-07,54402,Sunday
1804,B,16,2021-02-07T15:07:14-05:00[America/New_York],2021-02-07T15:07:30-05:00[America/New_York],Yes,2021-02-07,54434,Sunday
1804,C,20,2021-02-07T15:07:30-05:00[America/New_York],2021-02-07T15:07:50-05:00[America/New_York],Yes,2021-02-07,54450,Sunday
1804,<A>,35,2021-02-07T15:07:50-05:00[America/New_York],2021-02-07T15:08:25-05:00[America/New_York],Yes,2021-02-07,54470,Sunday
1804,B,16,2021-02-07T15:08:25-05:00[America/New_York],2021-02-07T15:08:41-05:00[America/New_York],Yes,2021-02-07,54505,Sunday
1804,C,19,2021-02-07T15:08:41-05:00[America/New_York],2021-02-07T15:09:00-05:00[America/New_York],Yes,2021-02-07,54521,Sunday
1804,<A>,31,2021-02-07T15:09:00-05:00[America/New_York],2021-02-07T15:09:31-05:00[America/New_York],Yes,2021-02-07,54540,Sunday
1804,B,17,2021-02-07T15:09:31-05:00[America/New_York],2021-02-07T15:09:48-05:00[America/New_York],Yes,2021-02-07,54571,Sunday
1804,C,28,2021-02-07T15:09:48-05:00[America/New_York],2021-02-07T15:10:16-05:00[America/New_York],Yes,2021-02-07,54588,Sunday
1804,<A>,32,2021-02-07T15:10:16-05:00[America/New_York],2021-02-07T15:10:48-05:00[America/New_York],Yes,2021-02-07,54616,Sunday
1804,C,20,2021-02-07T15:10:48-05:00[America/New_York],2021-02-07T15:11:08-05:00[America/New_York],Yes,2021-02-07,54648,Sunday
1804,<A>,33,2021-02-07T15:11:08-05:00[America/New_York],2021-02-07T15:11:41-05:00[America/New_York],Yes,2021-02-07,54668,Sunday
1804,B,15,2021-02-07T15:11:41-05:00[America/New_York],2021-02-07T15:11:56-05:00[America/New_York],Yes,2021-02-07,54701,Sunday
1804,C,19,2021-02-07T15:11:56-05:00[America/New_York],2021-02-07T15:12:15-05:00[America/New_York],Yes,2021-02-07,54716,Sunday
1804,<A>,39,2021-02-07T15:12:15-05:00[America/New_York],2021-02-07T15:12:54-05:00[America/New_York],Yes,2021-02-07,54735,Sunday
1804,B,18,2021-02-07T15:12:54-05:00[America/New_York],2021-02-07T15:13:12-05:00[America/New_York],Yes,2021-02-07,54774,Sunday
1804,C,15,2021-02-07T15:13:12-05:00[America/New_York],2021-02-07T15:13:27-05:00[America/New_York],Yes,2021-02-07,54792,Sunday
1804,<A>,30,2021-02-07T15:13:27-05:00[America/New_York],2021-02-07T15:13:57-05:00[America/New_York],Yes,2021-02-07,54807,Sunday
1804,C,20,2021-02-07T15:13:57-05:00[America/New_York],2021-02-07T15:14:17-05:00[America/New_York],Yes,2021-02-07,54837,Sunday
1804,<A>,30,2021-02-07T15:14:17-05:00[America/New_York],2021-02-07T15:14:47-05:00[America/New_York],Yes,2021-02-07,54857,Sunday
1804,B,17,2021-02-07T15:14:47-05:00[America/New_York],2021-02-07T15:15:04-05:00[America/New_York],NA,2021-02-07,54887,Sunday
1804,C,19,2021-02-07T15:15:04-05:00[America/New_York],2021-02-07T15:15:23-05:00[America/New_York],Yes,2021-02-07,54904,Sunday
1804,<A>,34,2021-02-07T15:15:23-05:00[America/New_York],2021-02-07T15:15:57-05:00[America/New_York],Yes,2021-02-07,54923,Sunday
1804,B,15,2021-02-07T15:15:57-05:00[America/New_York],2021-02-07T15:16:12-05:00[America/New_York],Yes,2021-02-07,54957,Sunday
1804,C,19,2021-02-07T15:16:12-05:00[America/New_York],2021-02-07T15:16:31-05:00[America/New_York],Yes,2021-02-07,54972,Sunday
1804,<A>,30,2021-02-07T15:16:31-05:00[America/New_York],2021-02-07T15:17:01-05:00[America/New_York],Yes,2021-02-07,54991,Sunday
1804,B,16,2021-02-07T15:17:01-05:00[America/New_York],2021-02-07T15:17:17-05:00[America/New_York],Yes,2021-02-07,55021,Sunday
1804,<A>,31,2021-02-07T15:17:17-05:00[America/New_York],2021-02-07T15:17:48-05:00[America/New_York],Yes,2021-02-07,55037,Sunday
1804,C,16,2021-02-07T15:17:48-05:00[America/New_York],2021-02-07T15:18:04-05:00[America/New_York],Yes,2021-02-07,55068,Sunday
1804,<A>,47,2021-02-07T15:18:04-05:00[America/New_York],2021-02-07T15:18:51-05:00[America/New_York],Yes,2021-02-07,55084,Sunday
1804,C,19,2021-02-07T15:18:51-05:00[America/New_York],2021-02-07T15:19:10-05:00[America/New_York],Yes,2021-02-07,55131,Sunday
1804,<A>,30,2021-02-07T15:19:10-05:00[America/New_York],2021-02-07T15:19:40-05:00[America/New_York],Yes,2021-02-07,55150,Sunday
1804,B,17,2021-02-07T15:19:40-05:00[America/New_York],2021-02-07T15:19:57-05:00[America/New_York],NA,2021-02-07,55180,Sunday
1804,C,20,2021-02-07T15:19:57-05:00[America/New_York],2021-02-07T15:20:17-05:00[America/New_York],Yes,2021-02-07,55197,Sunday
1804,<A>,43,2021-02-07T15:20:17-05:00[America/New_York],2021-02-07T15:21:00-05:00[America/New_York],Yes,2021-02-07,55217,Sunday
1804,B,17,2021-02-07T15:21:00-05:00[America/New_York],2021-02-07T15:21:17-05:00[America/New_York],NA,2021-02-07,55260,Sunday
1804,C,15,2021-02-07T15:21:17-05:00[America/New_York],2021-02-07T15:21:32-05:00[America/New_York],Yes,2021-02-07,55277,Sunday
1804,<A>,30,2021-02-07T15:21:32-05:00[America/New_York],2021-02-07T15:22:02-05:00[America/New_York],Yes,2021-02-07,55292,Sunday
1804,C,21,2021-02-07T15:22:02-05:00[America/New_York],2021-02-07T15:22:23-05:00[America/New_York],Yes,2021-02-07,55322,Sunday
1804,<A>,31,2021-02-07T15:22:23-05:00[America/New_York],2021-02-07T15:22:54-05:00[America/New_York],Yes,2021-02-07,55343,Sunday
1804,C,15,2021-02-07T15:22:54-05:00[America/New_York],2021-02-07T15:23:09-05:00[America/New_York],Yes,2021-02-07,55374,Sunday
1804,<A>,31,2021-02-07T15:23:09-05:00[America/New_York],2021-02-07T15:23:40-05:00[America/New_York],Yes,2021-02-07,55389,Sunday
1804,C,21,2021-02-07T15:23:40-05:00[America/New_York],2021-02-07T15:24:01-05:00[America/New_York],Yes,2021-02-07,55420,Sunday
1804,<A>,31,2021-02-07T15:24:01-05:00[America/New_York],2021-02-07T15:24:32-05:00[America/New_York],Yes,2021-02-07,55441,Sunday
1804,B,16,2021-02-07T15:24:32-05:00[America/New_York],2021-02-07T15:24:48-05:00[America/New_York],NA,2021-02-07,55472,Sunday
1804,C,16,2021-02-07T15:24:48-05:00[America/New_York],2021-02-07T15:25:04-05:00[America/New_York],Yes,2021-02-07,55488,Sunday
1804,<A>,44,2021-02-07T15:25:04-05:00[America/New_York],2021-02-07T15:25:48-05:00[America/New_York],Yes,2021-02-07,55504,Sunday
1804,B,17,2021-02-07T15:25:48-05:00[America/New_York],2021-02-07T15:26:05-05:00[America/New_York],NA,2021-02-07,55548,Sunday
1804,C,21,2021-02-07T15:26:05-05:00[America/New_York],2021-02-07T15:26:26-05:00[America/New_York],Yes,2021-02-07,55565,Sunday
1804,<A>,32,2021-02-07T15:26:26-05:00[America/New_York],2021-02-07T15:26:58-05:00[America/New_York],Yes,2021-02-07,55586,Sunday
1804,B,17,2021-02-07T15:26:58-05:00[America/New_York],2021-02-07T15:27:15-05:00[America/New_York],NA,2021-02-07,55618,Sunday
1804,C,18,2021-02-07T15:27:15-05:00[America/New_York],2021-02-07T15:27:33-05:00[America/New_York],Yes,2021-02-07,55635,Sunday
1804,<A>,33,2021-02-07T15:27:33-05:00[America/New_York],2021-02-07T15:28:06-05:00[America/New_York],Yes,2021-02-07,55653,Sunday
1804,B,42,2021-02-07T15:28:06-05:00[America/New_York],2021-02-07T15:28:48-05:00[America/New_York],NA,2021-02-07,55686,Sunday
1804,C,23,2021-02-07T15:28:48-05:00[America/New_York],2021-02-07T15:29:11-05:00[America/New_York],Yes,2021-02-07,55728,Sunday
1804,<A>,55,2021-02-07T15:29:11-05:00[America/New_York],2021-02-07T15:30:06-05:00[America/New_York],Yes,2021-02-07,55751,Sunday
1804,B,16,2021-02-07T15:30:06-05:00[America/New_York],2021-02-07T15:30:22-05:00[America/New_York],NA,2021-02-07,55806,Sunday
1804,C,16,2021-02-07T15:30:22-05:00[America/New_York],2021-02-07T15:30:38-05:00[America/New_York],Yes,2021-02-07,55822,Sunday
1804,<A>,36,2021-02-07T15:30:38-05:00[America/New_York],2021-02-07T15:31:14-05:00[America/New_York],Yes,2021-02-07,55838,Sunday
1804,B,16,2021-02-07T15:31:14-05:00[America/New_York],2021-02-07T15:31:30-05:00[America/New_York],NA,2021-02-07,55874,Sunday
1804,C,17,2021-02-07T15:31:30-05:00[America/New_York],2021-02-07T15:31:47-05:00[America/New_York],Yes,2021-02-07,55890,Sunday
1804,<A>,31,2021-02-07T15:31:47-05:00[America/New_York],2021-02-07T15:32:18-05:00[America/New_York],Yes,2021-02-07,55907,Sunday
1804,B,17,2021-02-07T15:32:18-05:00[America/New_York],2021-02-07T15:32:35-05:00[America/New_York],NA,2021-02-07,55938,Sunday
1804,C,23,2021-02-07T15:32:35-05:00[America/New_York],2021-02-07T15:32:58-05:00[America/New_York],Yes,2021-02-07,55955,Sunday
1804,<A>,33,2021-02-07T15:32:58-05:00[America/New_York],2021-02-07T15:33:31-05:00[America/New_York],Yes,2021-02-07,55978,Sunday
1804,B,17,2021-02-07T15:33:31-05:00[America/New_York],2021-02-07T15:33:48-05:00[America/New_York],NA,2021-02-07,56011,Sunday
1804,C,21,2021-02-07T15:33:48-05:00[America/New_York],2021-02-07T15:34:09-05:00[America/New_York],Yes,2021-02-07,56028,Sunday
1804,<A>,31,2021-02-07T15:34:09-05:00[America/New_York],2021-02-07T15:34:40-05:00[America/New_York],Yes,2021-02-07,56049,Sunday
1804,B,17,2021-02-07T15:34:40-05:00[America/New_York],2021-02-07T15:34:57-05:00[America/New_York],NA,2021-02-07,56080,Sunday
1804,C,16,2021-02-07T15:34:57-05:00[America/New_York],2021-02-07T15:35:13-05:00[America/New_York],Yes,2021-02-07,56097,Sunday
1804,<A>,43,2021-02-07T15:35:13-05:00[America/New_York],2021-02-07T15:35:56-05:00[America/New_York],Yes,2021-02-07,56113,Sunday
1804,B,16,2021-02-07T15:35:56-05:00[America/New_York],2021-02-07T15:36:12-05:00[America/New_York],NA,2021-02-07,56156,Sunday
1804,C,18,2021-02-07T15:36:12-05:00[America/New_York],2021-02-07T15:36:30-05:00[America/New_York],Yes,2021-02-07,56172,Sunday
1804,<A>,39,2021-02-07T15:36:30-05:00[America/New_York],2021-02-07T15:37:09-05:00[America/New_York],Yes,2021-02-07,56190,Sunday
1804,B,17,2021-02-07T15:37:09-05:00[America/New_York],2021-02-07T15:37:26-05:00[America/New_York],NA,2021-02-07,56229,Sunday
1804,C,17,2021-02-07T15:37:26-05:00[America/New_York],2021-02-07T15:37:43-05:00[America/New_York],Yes,2021-02-07,56246,Sunday
1804,<A>,32,2021-02-07T15:37:43-05:00[America/New_York],2021-02-07T15:38:15-05:00[America/New_York],Yes,2021-02-07,56263,Sunday
1804,B,16,2021-02-07T15:38:15-05:00[America/New_York],2021-02-07T15:38:31-05:00[America/New_York],NA,2021-02-07,56295,Sunday
1804,C,21,2021-02-07T15:38:31-05:00[America/New_York],2021-02-07T15:38:52-05:00[America/New_York],Yes,2021-02-07,56311,Sunday
1804,<A>,35,2021-02-07T15:38:52-05:00[America/New_York],2021-02-07T15:39:27-05:00[America/New_York],Yes,2021-02-07,56332,Sunday
1804,B,23,2021-02-07T15:39:27-05:00[America/New_York],2021-02-07T15:39:50-05:00[America/New_York],Yes,2021-02-07,56367,Sunday
1804,<A>,44,2021-02-07T15:39:50-05:00[America/New_York],2021-02-07T15:40:34-05:00[America/New_York],Yes,2021-02-07,56390,Sunday
1804,B,15,2021-02-07T15:40:34-05:00[America/New_York],2021-02-07T15:40:49-05:00[America/New_York],NA,2021-02-07,56434,Sunday
1804,C,18,2021-02-07T15:40:49-05:00[America/New_York],2021-02-07T15:41:07-05:00[America/New_York],Yes,2021-02-07,56449,Sunday
1804,<A>,30,2021-02-07T15:41:07-05:00[America/New_York],2021-02-07T15:41:37-05:00[America/New_York],Yes,2021-02-07,56467,Sunday
1804,B,16,2021-02-07T15:41:37-05:00[America/New_York],2021-02-07T15:41:53-05:00[America/New_York],NA,2021-02-07,56497,Sunday
1804,C,18,2021-02-07T15:41:53-05:00[America/New_York],2021-02-07T15:42:11-05:00[America/New_York],Yes,2021-02-07,56513,Sunday
1804,<A>,42,2021-02-07T15:42:11-05:00[America/New_York],2021-02-07T15:42:53-05:00[America/New_York],Yes,2021-02-07,56531,Sunday
1804,C,16,2021-02-07T15:42:53-05:00[America/New_York],2021-02-07T15:43:09-05:00[America/New_York],Yes,2021-02-07,56573,Sunday
1804,<A>,32,2021-02-07T15:43:09-05:00[America/New_York],2021-02-07T15:43:41-05:00[America/New_York],Yes,2021-02-07,56589,Sunday
1804,C,20,2021-02-07T15:43:41-05:00[America/New_York],2021-02-07T15:44:01-05:00[America/New_York],Yes,2021-02-07,56621,Sunday
1804,<A>,40,2021-02-07T15:44:01-05:00[America/New_York],2021-02-07T15:44:41-05:00[America/New_York],Yes,2021-02-07,56641,Sunday
1804,C,17,2021-02-07T15:44:41-05:00[America/New_York],2021-02-07T15:44:58-05:00[America/New_York],Yes,2021-02-07,56681,Sunday
1804,<A>,32,2021-02-07T15:44:58-05:00[America/New_York],2021-02-07T15:45:30-05:00[America/New_York],Yes,2021-02-07,56698,Sunday
1804,B,17,2021-02-07T15:45:30-05:00[America/New_York],2021-02-07T15:45:47-05:00[America/New_York],NA,2021-02-07,56730,Sunday
1804,C,19,2021-02-07T15:45:47-05:00[America/New_York],2021-02-07T15:46:06-05:00[America/New_York],Yes,2021-02-07,56747,Sunday
1804,<A>,41,2021-02-07T15:46:06-05:00[America/New_York],2021-02-07T15:46:47-05:00[America/New_York],Yes,2021-02-07,56766,Sunday
1804,B,16,2021-02-07T15:46:47-05:00[America/New_York],2021-02-07T15:47:03-05:00[America/New_York],NA,2021-02-07,56807,Sunday
1804,C,20,2021-02-07T15:47:03-05:00[America/New_York],2021-02-07T15:47:23-05:00[America/New_York],Yes,2021-02-07,56823,Sunday
1804,<A>,55,2021-02-07T15:47:23-05:00[America/New_York],2021-02-07T15:48:18-05:00[America/New_York],Yes,2021-02-07,56843,Sunday
1804,C,21,2021-02-07T15:48:18-05:00[America/New_York],2021-02-07T15:48:39-05:00[America/New_York],Yes,2021-02-07,56898,Sunday
1804,<A>,36,2021-02-07T15:48:39-05:00[America/New_York],2021-02-07T15:49:15-05:00[America/New_York],Yes,2021-02-07,56919,Sunday
1804,B,17,2021-02-07T15:49:15-05:00[America/New_York],2021-02-07T15:49:32-05:00[America/New_York],Yes,2021-02-07,56955,Sunday
1804,<A>,30,2021-02-07T15:49:32-05:00[America/New_York],2021-02-07T15:50:02-05:00[America/New_York],Yes,2021-02-07,56972,Sunday
1804,B,16,2021-02-07T15:50:02-05:00[America/New_York],2021-02-07T15:50:18-05:00[America/New_York],NA,2021-02-07,57002,Sunday
1804,C,25,2021-02-07T15:50:18-05:00[America/New_York],2021-02-07T15:50:43-05:00[America/New_York],Yes,2021-02-07,57018,Sunday
1804,<A>,37,2021-02-07T15:50:43-05:00[America/New_York],2021-02-07T15:51:20-05:00[America/New_York],Yes,2021-02-07,57043,Sunday
1804,B,16,2021-02-07T15:51:20-05:00[America/New_York],2021-02-07T15:51:36-05:00[America/New_York],NA,2021-02-07,57080,Sunday
1804,C,17,2021-02-07T15:51:36-05:00[America/New_York],2021-02-07T15:51:53-05:00[America/New_York],Yes,2021-02-07,57096,Sunday
1804,<A>,30,2021-02-07T15:51:53-05:00[America/New_York],2021-02-07T15:52:23-05:00[America/New_York],Yes,2021-02-07,57113,Sunday
1804,B,16,2021-02-07T15:52:23-05:00[America/New_York],2021-02-07T15:52:39-05:00[America/New_York],NA,2021-02-07,57143,Sunday
1804,C,15,2021-02-07T15:52:39-05:00[America/New_York],2021-02-07T15:52:54-05:00[America/New_York],Yes,2021-02-07,57159,Sunday
1804,<A>,60,2021-02-07T15:52:54-05:00[America/New_York],2021-02-07T15:53:54-05:00[America/New_York],Yes,2021-02-07,57174,Sunday
1804,C,15,2021-02-07T15:53:54-05:00[America/New_York],2021-02-07T15:54:09-05:00[America/New_York],Yes,2021-02-07,57234,Sunday
1804,<A>,33,2021-02-07T15:54:09-05:00[America/New_York],2021-02-07T15:54:42-05:00[America/New_York],Yes,2021-02-07,57249,Sunday
1804,B,18,2021-02-07T15:54:42-05:00[America/New_York],2021-02-07T15:55:00-05:00[America/New_York],Yes,2021-02-07,57282,Sunday
1804,<A>,32,2021-02-07T15:55:00-05:00[America/New_York],2021-02-07T15:55:32-05:00[America/New_York],Yes,2021-02-07,57300,Sunday
1804,C,16,2021-02-07T15:55:32-05:00[America/New_York],2021-02-07T15:55:48-05:00[America/New_York],Yes,2021-02-07,57332,Sunday
1804,<A>,39,2021-02-07T15:55:48-05:00[America/New_York],2021-02-07T15:56:27-05:00[America/New_York],Yes,2021-02-07,57348,Sunday
1804,C,17,2021-02-07T15:56:27-05:00[America/New_York],2021-02-07T15:56:44-05:00[America/New_York],Yes,2021-02-07,57387,Sunday
1804,<A>,39,2021-02-07T15:56:44-05:00[America/New_York],2021-02-07T15:57:23-05:00[America/New_York],Yes,2021-02-07,57404,Sunday
1804,B,16,2021-02-07T15:57:23-05:00[America/New_York],2021-02-07T15:57:39-05:00[America/New_York],NA,2021-02-07,57443,Sunday
1804,C,17,2021-02-07T15:57:39-05:00[America/New_York],2021-02-07T15:57:56-05:00[America/New_York],Yes,2021-02-07,57459,Sunday
1804,<A>,40,2021-02-07T15:57:56-05:00[America/New_York],2021-02-07T15:58:36-05:00[America/New_York],Yes,2021-02-07,57476,Sunday
1804,B,16,2021-02-07T15:58:36-05:00[America/New_York],2021-02-07T15:58:52-05:00[America/New_York],NA,2021-02-07,57516,Sunday
1804,C,25,2021-02-07T15:58:52-05:00[America/New_York],2021-02-07T15:59:17-05:00[America/New_York],Yes,2021-02-07,57532,Sunday
1804,<A>,30,2021-02-07T15:59:17-05:00[America/New_York],2021-02-07T15:59:47-05:00[America/New_York],Yes,2021-02-07,57557,Sunday
1804,B,16,2021-02-07T15:59:47-05:00[America/New_York],2021-02-07T16:00:03-05:00[America/New_York],NA,2021-02-07,57587,Sunday
1804,C,19,2021-02-07T16:00:03-05:00[America/New_York],2021-02-07T16:00:22-05:00[America/New_York],Yes,2021-02-07,57603,Sunday
1804,<A>,46,2021-02-07T16:00:22-05:00[America/New_York],2021-02-07T16:01:08-05:00[America/New_York],Yes,2021-02-07,57622,Sunday
1804,C,20,2021-02-07T16:01:08-05:00[America/New_York],2021-02-07T16:01:28-05:00[America/New_York],Yes,2021-02-07,57668,Sunday
1804,<A>,30,2021-02-07T16:01:28-05:00[America/New_York],2021-02-07T16:01:58-05:00[America/New_York],Yes,2021-02-07,57688,Sunday
1804,B,17,2021-02-07T16:01:58-05:00[America/New_York],2021-02-07T16:02:15-05:00[America/New_York],Yes,2021-02-07,57718,Sunday
1804,<A>,77,2021-02-07T16:02:15-05:00[America/New_York],2021-02-07T16:03:32-05:00[America/New_York],NA,2021-02-07,57735,Sunday
1804,B,15,2021-02-07T16:03:32-05:00[America/New_York],2021-02-07T16:03:47-05:00[America/New_York],Yes,2021-02-07,57812,Sunday
1804,<A>,30,2021-02-07T16:03:47-05:00[America/New_York],2021-02-07T16:04:17-05:00[America/New_York],Yes,2021-02-07,57827,Sunday
1804,C,17,2021-02-07T16:04:17-05:00[America/New_York],2021-02-07T16:04:34-05:00[America/New_York],Yes,2021-02-07,57857,Sunday
1804,<A>,31,2021-02-07T16:04:34-05:00[America/New_York],2021-02-07T16:05:05-05:00[America/New_York],Yes,2021-02-07,57874,Sunday
1804,B,21,2021-02-07T16:05:05-05:00[America/New_York],2021-02-07T16:05:26-05:00[America/New_York],Yes,2021-02-07,57905,Sunday
1804,<A>,30,2021-02-07T16:05:26-05:00[America/New_York],2021-02-07T16:05:56-05:00[America/New_York],Yes,2021-02-07,57926,Sunday
1804,C,16,2021-02-07T16:05:56-05:00[America/New_York],2021-02-07T16:06:12-05:00[America/New_York],Yes,2021-02-07,57956,Sunday
1804,<A>,36,2021-02-07T16:06:12-05:00[America/New_York],2021-02-07T16:06:48-05:00[America/New_York],Yes,2021-02-07,57972,Sunday
1804,B,15,2021-02-07T16:06:48-05:00[America/New_York],2021-02-07T16:07:03-05:00[America/New_York],NA,2021-02-07,58008,Sunday
1804,C,25,2021-02-07T16:07:03-05:00[America/New_York],2021-02-07T16:07:28-05:00[America/New_York],Yes,2021-02-07,58023,Sunday
1804,<A>,31,2021-02-07T16:07:28-05:00[America/New_York],2021-02-07T16:07:59-05:00[America/New_York],Yes,2021-02-07,58048,Sunday
1804,C,16,2021-02-07T16:07:59-05:00[America/New_York],2021-02-07T16:08:15-05:00[America/New_York],Yes,2021-02-07,58079,Sunday
1804,<A>,33,2021-02-07T16:08:15-05:00[America/New_York],2021-02-07T16:08:48-05:00[America/New_York],Yes,2021-02-07,58095,Sunday
1804,B,16,2021-02-07T16:08:48-05:00[America/New_York],2021-02-07T16:09:04-05:00[America/New_York],NA,2021-02-07,58128,Sunday
1804,C,19,2021-02-07T16:09:04-05:00[America/New_York],2021-02-07T16:09:23-05:00[America/New_York],Yes,2021-02-07,58144,Sunday
1804,<A>,37,2021-02-07T16:09:23-05:00[America/New_York],2021-02-07T16:10:00-05:00[America/New_York],Yes,2021-02-07,58163,Sunday
1804,B,15,2021-02-07T16:10:00-05:00[America/New_York],2021-02-07T16:10:15-05:00[America/New_York],NA,2021-02-07,58200,Sunday
1804,C,21,2021-02-07T16:10:15-05:00[America/New_York],2021-02-07T16:10:36-05:00[America/New_York],Yes,2021-02-07,58215,Sunday
1804,<A>,30,2021-02-07T16:10:36-05:00[America/New_York],2021-02-07T16:11:06-05:00[America/New_York],Yes,2021-02-07,58236,Sunday
1804,B,16,2021-02-07T16:11:06-05:00[America/New_York],2021-02-07T16:11:22-05:00[America/New_York],NA,2021-02-07,58266,Sunday
1804,C,16,2021-02-07T16:11:22-05:00[America/New_York],2021-02-07T16:11:38-05:00[America/New_York],Yes,2021-02-07,58282,Sunday
1804,<A>,30,2021-02-07T16:11:38-05:00[America/New_York],2021-02-07T16:12:08-05:00[America/New_York],Yes,2021-02-07,58298,Sunday
1804,B,16,2021-02-07T16:12:08-05:00[America/New_York],2021-02-07T16:12:24-05:00[America/New_York],NA,2021-02-07,58328,Sunday
1804,C,27,2021-02-07T16:12:24-05:00[America/New_York],2021-02-07T16:12:51-05:00[America/New_York],Yes,2021-02-07,58344,Sunday
1804,<A>,31,2021-02-07T16:12:51-05:00[America/New_York],2021-02-07T16:13:22-05:00[America/New_York],Yes,2021-02-07,58371,Sunday
1804,B,16,2021-02-07T16:13:22-05:00[America/New_York],2021-02-07T16:13:38-05:00[America/New_York],NA,2021-02-07,58402,Sunday
1804,C,15,2021-02-07T16:13:38-05:00[America/New_York],2021-02-07T16:13:53-05:00[America/New_York],Yes,2021-02-07,58418,Sunday
1804,<A>,39,2021-02-07T16:13:53-05:00[America/New_York],2021-02-07T16:14:32-05:00[America/New_York],Yes,2021-02-07,58433,Sunday
1804,C,15,2021-02-07T16:14:32-05:00[America/New_York],2021-02-07T16:14:47-05:00[America/New_York],Yes,2021-02-07,58472,Sunday
1804,<A>,33,2021-02-07T16:14:47-05:00[America/New_York],2021-02-07T16:15:20-05:00[America/New_York],Yes,2021-02-07,58487,Sunday
1804,B,16,2021-02-07T16:15:20-05:00[America/New_York],2021-02-07T16:15:36-05:00[America/New_York],NA,2021-02-07,58520,Sunday
1804,C,22,2021-02-07T16:15:36-05:00[America/New_York],2021-02-07T16:15:58-05:00[America/New_York],Yes,2021-02-07,58536,Sunday
1804,<A>,48,2021-02-07T16:15:58-05:00[America/New_York],2021-02-07T16:16:46-05:00[America/New_York],Yes,2021-02-07,58558,Sunday
1804,B,16,2021-02-07T16:16:46-05:00[America/New_York],2021-02-07T16:17:02-05:00[America/New_York],NA,2021-02-07,58606,Sunday
1804,C,27,2021-02-07T16:17:02-05:00[America/New_York],2021-02-07T16:17:29-05:00[America/New_York],Yes,2021-02-07,58622,Sunday
1804,<A>,30,2021-02-07T16:17:29-05:00[America/New_York],2021-02-07T16:17:59-05:00[America/New_York],Yes,2021-02-07,58649,Sunday
1804,B,48,2021-02-07T16:17:59-05:00[America/New_York],2021-02-07T16:18:47-05:00[America/New_York],Yes,2021-02-07,58679,Sunday
1804,<A>,56,2021-02-07T16:18:47-05:00[America/New_York],2021-02-07T16:19:43-05:00[America/New_York],Yes,2021-02-07,58727,Sunday
1804,C,39,2021-02-07T16:19:43-05:00[America/New_York],2021-02-07T16:20:22-05:00[America/New_York],Yes,2021-02-07,58783,Sunday
1804,<A>,32,2021-02-07T16:20:22-05:00[America/New_York],2021-02-07T16:20:54-05:00[America/New_York],Yes,2021-02-07,58822,Sunday
1804,B,16,2021-02-07T16:20:54-05:00[America/New_York],2021-02-07T16:21:10-05:00[America/New_York],NA,2021-02-07,58854,Sunday
1804,C,23,2021-02-07T16:21:10-05:00[America/New_York],2021-02-07T16:21:33-05:00[America/New_York],Yes,2021-02-07,58870,Sunday
1804,<A>,31,2021-02-07T16:21:33-05:00[America/New_York],2021-02-07T16:22:04-05:00[America/New_York],Yes,2021-02-07,58893,Sunday
1804,B,16,2021-02-07T16:22:04-05:00[America/New_York],2021-02-07T16:22:20-05:00[America/New_York],Yes,2021-02-07,58924,Sunday
1804,<A>,40,2021-02-07T16:22:20-05:00[America/New_York],2021-02-07T16:23:00-05:00[America/New_York],Yes,2021-02-07,58940,Sunday
1804,B,16,2021-02-07T16:23:00-05:00[America/New_York],2021-02-07T16:23:16-05:00[America/New_York],NA,2021-02-07,58980,Sunday
1804,C,16,2021-02-07T16:23:16-05:00[America/New_York],2021-02-07T16:23:32-05:00[America/New_York],Yes,2021-02-07,58996,Sunday
1804,<A>,66,2021-02-07T16:23:32-05:00[America/New_York],2021-02-07T16:24:38-05:00[America/New_York],Yes,2021-02-07,59012,Sunday
1804,B,16,2021-02-07T16:24:38-05:00[America/New_York],2021-02-07T16:24:54-05:00[America/New_York],NA,2021-02-07,59078,Sunday
1804,C,16,2021-02-07T16:24:54-05:00[America/New_York],2021-02-07T16:25:10-05:00[America/New_York],NA,2021-02-07,59094,Sunday
1804,<A>,30,2021-02-07T16:25:10-05:00[America/New_York],2021-02-07T16:25:40-05:00[America/New_York],Yes,2021-02-07,59110,Sunday
1804,B,15,2021-02-07T16:25:40-05:00[America/New_York],2021-02-07T16:25:55-05:00[America/New_York],NA,2021-02-07,59140,Sunday
1804,C,42,2021-02-07T16:25:55-05:00[America/New_York],2021-02-07T16:26:37-05:00[America/New_York],Yes,2021-02-07,59155,Sunday
1804,<A>,33,2021-02-07T16:26:37-05:00[America/New_York],2021-02-07T16:27:10-05:00[America/New_York],Yes,2021-02-07,59197,Sunday
1804,B,22,2021-02-07T16:27:10-05:00[America/New_York],2021-02-07T16:27:32-05:00[America/New_York],Yes,2021-02-07,59230,Sunday
1804,<A>,37,2021-02-07T16:27:32-05:00[America/New_York],2021-02-07T16:28:09-05:00[America/New_York],Yes,2021-02-07,59252,Sunday
1804,B,16,2021-02-07T16:28:09-05:00[America/New_York],2021-02-07T16:28:25-05:00[America/New_York],NA,2021-02-07,59289,Sunday
1804,C,16,2021-02-07T16:28:25-05:00[America/New_York],2021-02-07T16:28:41-05:00[America/New_York],Yes,2021-02-07,59305,Sunday
1804,<A>,32,2021-02-07T16:28:41-05:00[America/New_York],2021-02-07T16:29:13-05:00[America/New_York],Yes,2021-02-07,59321,Sunday
1804,B,16,2021-02-07T16:29:13-05:00[America/New_York],2021-02-07T16:29:29-05:00[America/New_York],NA,2021-02-07,59353,Sunday
1804,C,23,2021-02-07T16:29:29-05:00[America/New_York],2021-02-07T16:29:52-05:00[America/New_York],Yes,2021-02-07,59369,Sunday
1804,<A>,33,2021-02-07T16:29:52-05:00[America/New_York],2021-02-07T16:30:25-05:00[America/New_York],Yes,2021-02-07,59392,Sunday
1804,B,16,2021-02-07T16:30:25-05:00[America/New_York],2021-02-07T16:30:41-05:00[America/New_York],NA,2021-02-07,59425,Sunday
1804,C,15,2021-02-07T16:30:41-05:00[America/New_York],2021-02-07T16:30:56-05:00[America/New_York],Yes,2021-02-07,59441,Sunday
1804,<A>,33,2021-02-07T16:30:56-05:00[America/New_York],2021-02-07T16:31:29-05:00[America/New_York],Yes,2021-02-07,59456,Sunday
1804,B,16,2021-02-07T16:31:29-05:00[America/New_York],2021-02-07T16:31:45-05:00[America/New_York],NA,2021-02-07,59489,Sunday
1804,C,20,2021-02-07T16:31:45-05:00[America/New_York],2021-02-07T16:32:05-05:00[America/New_York],Yes,2021-02-07,59505,Sunday
1804,<A>,31,2021-02-07T16:32:05-05:00[America/New_York],2021-02-07T16:32:36-05:00[America/New_York],Yes,2021-02-07,59525,Sunday
1804,B,20,2021-02-07T16:32:36-05:00[America/New_York],2021-02-07T16:32:56-05:00[America/New_York],Yes,2021-02-07,59556,Sunday
1804,C,15,2021-02-07T16:32:56-05:00[America/New_York],2021-02-07T16:33:11-05:00[America/New_York],Yes,2021-02-07,59576,Sunday
1804,<A>,32,2021-02-07T16:33:11-05:00[America/New_York],2021-02-07T16:33:43-05:00[America/New_York],Yes,2021-02-07,59591,Sunday
1804,B,15,2021-02-07T16:33:43-05:00[America/New_York],2021-02-07T16:33:58-05:00[America/New_York],Yes,2021-02-07,59623,Sunday
1804,<A>,31,2021-02-07T16:33:58-05:00[America/New_York],2021-02-07T16:34:29-05:00[America/New_York],Yes,2021-02-07,59638,Sunday
1804,B,15,2021-02-07T16:34:29-05:00[America/New_York],2021-02-07T16:34:44-05:00[America/New_York],Yes,2021-02-07,59669,Sunday
1804,<A>,36,2021-02-07T16:34:44-05:00[America/New_York],2021-02-07T16:35:20-05:00[America/New_York],Yes,2021-02-07,59684,Sunday
1804,C,20,2021-02-07T16:35:20-05:00[America/New_York],2021-02-07T16:35:40-05:00[America/New_York],Yes,2021-02-07,59720,Sunday
1804,<A>,32,2021-02-07T16:35:40-05:00[America/New_York],2021-02-07T16:36:12-05:00[America/New_York],Yes,2021-02-07,59740,Sunday
1804,B,18,2021-02-07T16:36:12-05:00[America/New_York],2021-02-07T16:36:30-05:00[America/New_York],Yes,2021-02-07,59772,Sunday
1804,<A>,31,2021-02-07T16:36:30-05:00[America/New_York],2021-02-07T16:37:01-05:00[America/New_York],Yes,2021-02-07,59790,Sunday
1804,B,15,2021-02-07T16:37:01-05:00[America/New_York],2021-02-07T16:37:16-05:00[America/New_York],Yes,2021-02-07,59821,Sunday
1804,C,18,2021-02-07T16:37:16-05:00[America/New_York],2021-02-07T16:37:34-05:00[America/New_York],Yes,2021-02-07,59836,Sunday
1804,<A>,31,2021-02-07T16:37:34-05:00[America/New_York],2021-02-07T16:38:05-05:00[America/New_York],Yes,2021-02-07,59854,Sunday
1804,C,15,2021-02-07T16:38:05-05:00[America/New_York],2021-02-07T16:38:20-05:00[America/New_York],Yes,2021-02-07,59885,Sunday
1804,<A>,33,2021-02-07T16:38:20-05:00[America/New_York],2021-02-07T16:38:53-05:00[America/New_York],Yes,2021-02-07,59900,Sunday
1804,B,17,2021-02-07T16:38:53-05:00[America/New_York],2021-02-07T16:39:10-05:00[America/New_York],Yes,2021-02-07,59933,Sunday
1804,<A>,36,2021-02-07T16:39:10-05:00[America/New_York],2021-02-07T16:39:46-05:00[America/New_York],Yes,2021-02-07,59950,Sunday
1804,C,15,2021-02-07T16:39:46-05:00[America/New_York],2021-02-07T16:40:01-05:00[America/New_York],Yes,2021-02-07,59986,Sunday
1804,<A>,30,2021-02-07T16:40:01-05:00[America/New_York],2021-02-07T16:40:31-05:00[America/New_York],Yes,2021-02-07,60001,Sunday
1804,C,18,2021-02-07T16:40:31-05:00[America/New_York],2021-02-07T16:40:49-05:00[America/New_York],Yes,2021-02-07,60031,Sunday
1804,<A>,31,2021-02-07T16:40:49-05:00[America/New_York],2021-02-07T16:41:20-05:00[America/New_York],Yes,2021-02-07,60049,Sunday
1804,B,16,2021-02-07T16:41:20-05:00[America/New_York],2021-02-07T16:41:36-05:00[America/New_York],NA,2021-02-07,60080,Sunday
1804,C,17,2021-02-07T16:41:36-05:00[America/New_York],2021-02-07T16:41:53-05:00[America/New_York],Yes,2021-02-07,60096,Sunday
1804,<A>,38,2021-02-07T16:41:53-05:00[America/New_York],2021-02-07T16:42:31-05:00[America/New_York],Yes,2021-02-07,60113,Sunday
1804,B,16,2021-02-07T16:42:31-05:00[America/New_York],2021-02-07T16:42:47-05:00[America/New_York],NA,2021-02-07,60151,Sunday
1804,C,30,2021-02-07T16:42:47-05:00[America/New_York],2021-02-07T16:43:17-05:00[America/New_York],Yes,2021-02-07,60167,Sunday
1804,<A>,31,2021-02-07T16:43:17-05:00[America/New_York],2021-02-07T16:43:48-05:00[America/New_York],Yes,2021-02-07,60197,Sunday
1804,B,16,2021-02-07T16:43:48-05:00[America/New_York],2021-02-07T16:44:04-05:00[America/New_York],NA,2021-02-07,60228,Sunday
1804,C,17,2021-02-07T16:44:04-05:00[America/New_York],2021-02-07T16:44:21-05:00[America/New_York],Yes,2021-02-07,60244,Sunday
1804,<A>,31,2021-02-07T16:44:21-05:00[America/New_York],2021-02-07T16:44:52-05:00[America/New_York],Yes,2021-02-07,60261,Sunday
1804,B,16,2021-02-07T16:44:52-05:00[America/New_York],2021-02-07T16:45:08-05:00[America/New_York],NA,2021-02-07,60292,Sunday
1804,C,15,2021-02-07T16:45:08-05:00[America/New_York],2021-02-07T16:45:23-05:00[America/New_York],Yes,2021-02-07,60308,Sunday
1804,<A>,31,2021-02-07T16:45:23-05:00[America/New_York],2021-02-07T16:45:54-05:00[America/New_York],Yes,2021-02-07,60323,Sunday
1804,B,22,2021-02-07T16:45:54-05:00[America/New_York],2021-02-07T16:46:16-05:00[America/New_York],Yes,2021-02-07,60354,Sunday
1804,<A>,31,2021-02-07T16:46:16-05:00[America/New_York],2021-02-07T16:46:47-05:00[America/New_York],Yes,2021-02-07,60376,Sunday
1804,B,17,2021-02-07T16:46:47-05:00[America/New_York],2021-02-07T16:47:04-05:00[America/New_York],Yes,2021-02-07,60407,Sunday
1804,<A>,33,2021-02-07T16:47:04-05:00[America/New_York],2021-02-07T16:47:37-05:00[America/New_York],Yes,2021-02-07,60424,Sunday
1804,B,16,2021-02-07T16:47:37-05:00[America/New_York],2021-02-07T16:47:53-05:00[America/New_York],NA,2021-02-07,60457,Sunday
1804,C,15,2021-02-07T16:47:53-05:00[America/New_York],2021-02-07T16:48:08-05:00[America/New_York],Yes,2021-02-07,60473,Sunday
1804,<A>,41,2021-02-07T16:48:08-05:00[America/New_York],2021-02-07T16:48:49-05:00[America/New_York],Yes,2021-02-07,60488,Sunday
1804,B,16,2021-02-07T16:48:49-05:00[America/New_York],2021-02-07T16:49:05-05:00[America/New_York],NA,2021-02-07,60529,Sunday
1804,C,18,2021-02-07T16:49:05-05:00[America/New_York],2021-02-07T16:49:23-05:00[America/New_York],Yes,2021-02-07,60545,Sunday
1804,<A>,32,2021-02-07T16:49:23-05:00[America/New_York],2021-02-07T16:49:55-05:00[America/New_York],Yes,2021-02-07,60563,Sunday
1804,B,16,2021-02-07T16:49:55-05:00[America/New_York],2021-02-07T16:50:11-05:00[America/New_York],NA,2021-02-07,60595,Sunday
1804,C,19,2021-02-07T16:50:11-05:00[America/New_York],2021-02-07T16:50:30-05:00[America/New_York],Yes,2021-02-07,60611,Sunday
1804,<A>,33,2021-02-07T16:50:30-05:00[America/New_York],2021-02-07T16:51:03-05:00[America/New_York],Yes,2021-02-07,60630,Sunday
1804,C,16,2021-02-07T16:51:03-05:00[America/New_York],2021-02-07T16:51:19-05:00[America/New_York],Yes,2021-02-07,60663,Sunday
1804,<A>,31,2021-02-07T16:51:19-05:00[America/New_York],2021-02-07T16:51:50-05:00[America/New_York],Yes,2021-02-07,60679,Sunday
1804,B,19,2021-02-07T16:51:50-05:00[America/New_York],2021-02-07T16:52:09-05:00[America/New_York],Yes,2021-02-07,60710,Sunday
1804,<A>,30,2021-02-07T16:52:09-05:00[America/New_York],2021-02-07T16:52:39-05:00[America/New_York],Yes,2021-02-07,60729,Sunday
1804,B,21,2021-02-07T16:52:39-05:00[America/New_York],2021-02-07T16:53:00-05:00[America/New_York],Yes,2021-02-07,60759,Sunday
1804,C,15,2021-02-07T16:53:00-05:00[America/New_York],2021-02-07T16:53:15-05:00[America/New_York],Yes,2021-02-07,60780,Sunday
1804,<A>,41,2021-02-07T16:53:15-05:00[America/New_York],2021-02-07T16:53:56-05:00[America/New_York],Yes,2021-02-07,60795,Sunday
1804,C,24,2021-02-07T16:53:56-05:00[America/New_York],2021-02-07T16:54:20-05:00[America/New_York],Yes,2021-02-07,60836,Sunday
1804,<A>,33,2021-02-07T16:54:20-05:00[America/New_York],2021-02-07T16:54:53-05:00[America/New_York],Yes,2021-02-07,60860,Sunday
1804,B,16,2021-02-07T16:54:53-05:00[America/New_York],2021-02-07T16:55:09-05:00[America/New_York],NA,2021-02-07,60893,Sunday
1804,C,20,2021-02-07T16:55:09-05:00[America/New_York],2021-02-07T16:55:29-05:00[America/New_York],Yes,2021-02-07,60909,Sunday
1804,<A>,34,2021-02-07T16:55:29-05:00[America/New_York],2021-02-07T16:56:03-05:00[America/New_York],Yes,2021-02-07,60929,Sunday
1804,B,17,2021-02-07T16:56:03-05:00[America/New_York],2021-02-07T16:56:20-05:00[America/New_York],NA,2021-02-07,60963,Sunday
1804,C,21,2021-02-07T16:56:20-05:00[America/New_York],2021-02-07T16:56:41-05:00[America/New_York],Yes,2021-02-07,60980,Sunday
1804,<A>,40,2021-02-07T16:56:41-05:00[America/New_York],2021-02-07T16:57:21-05:00[America/New_York],Yes,2021-02-07,61001,Sunday
1804,B,28,2021-02-07T16:57:21-05:00[America/New_York],2021-02-07T16:57:49-05:00[America/New_York],Yes,2021-02-07,61041,Sunday
1804,C,17,2021-02-07T16:57:49-05:00[America/New_York],2021-02-07T16:58:06-05:00[America/New_York],Yes,2021-02-07,61069,Sunday
1804,<A>,31,2021-02-07T16:58:06-05:00[America/New_York],2021-02-07T16:58:37-05:00[America/New_York],Yes,2021-02-07,61086,Sunday
1804,C,15,2021-02-07T16:58:37-05:00[America/New_York],2021-02-07T16:58:52-05:00[America/New_York],Yes,2021-02-07,61117,Sunday
1804,<A>,38,2021-02-07T16:58:52-05:00[America/New_York],2021-02-07T16:59:30-05:00[America/New_York],Yes,2021-02-07,61132,Sunday
1804,C,15,2021-02-07T16:59:30-05:00[America/New_York],2021-02-07T16:59:45-05:00[America/New_York],Yes,2021-02-07,61170,Sunday
1804,<A>,32,2021-02-07T16:59:45-05:00[America/New_York],2021-02-07T17:00:17-05:00[America/New_York],Yes,2021-02-07,61185,Sunday
1804,B,16,2021-02-07T17:00:17-05:00[America/New_York],2021-02-07T17:00:33-05:00[America/New_York],NA,2021-02-07,61217,Sunday
1804,C,17,2021-02-07T17:00:33-05:00[America/New_York],2021-02-07T17:00:50-05:00[America/New_York],Yes,2021-02-07,61233,Sunday
1804,<A>,32,2021-02-07T17:00:50-05:00[America/New_York],2021-02-07T17:01:22-05:00[America/New_York],Yes,2021-02-07,61250,Sunday
1804,B,16,2021-02-07T17:01:22-05:00[America/New_York],2021-02-07T17:01:38-05:00[America/New_York],NA,2021-02-07,61282,Sunday
1804,C,15,2021-02-07T17:01:38-05:00[America/New_York],2021-02-07T17:01:53-05:00[America/New_York],Yes,2021-02-07,61298,Sunday
1804,<A>,32,2021-02-07T17:01:53-05:00[America/New_York],2021-02-07T17:02:25-05:00[America/New_York],Yes,2021-02-07,61313,Sunday
1804,B,16,2021-02-07T17:02:25-05:00[America/New_York],2021-02-07T17:02:41-05:00[America/New_York],NA,2021-02-07,61345,Sunday
1804,C,15,2021-02-07T17:02:41-05:00[America/New_York],2021-02-07T17:02:56-05:00[America/New_York],Yes,2021-02-07,61361,Sunday
1804,<A>,36,2021-02-07T17:02:56-05:00[America/New_York],2021-02-07T17:03:32-05:00[America/New_York],Yes,2021-02-07,61376,Sunday
1804,B,16,2021-02-07T17:03:32-05:00[America/New_York],2021-02-07T17:03:48-05:00[America/New_York],NA,2021-02-07,61412,Sunday
1804,C,19,2021-02-07T17:03:48-05:00[America/New_York],2021-02-07T17:04:07-05:00[America/New_York],Yes,2021-02-07,61428,Sunday
1804,<A>,31,2021-02-07T17:04:07-05:00[America/New_York],2021-02-07T17:04:38-05:00[America/New_York],Yes,2021-02-07,61447,Sunday
1804,C,16,2021-02-07T17:04:38-05:00[America/New_York],2021-02-07T17:04:54-05:00[America/New_York],Yes,2021-02-07,61478,Sunday
1804,<A>,35,2021-02-07T17:04:54-05:00[America/New_York],2021-02-07T17:05:29-05:00[America/New_York],Yes,2021-02-07,61494,Sunday
1804,B,16,2021-02-07T17:05:29-05:00[America/New_York],2021-02-07T17:05:45-05:00[America/New_York],NA,2021-02-07,61529,Sunday
1804,C,27,2021-02-07T17:05:45-05:00[America/New_York],2021-02-07T17:06:12-05:00[America/New_York],Yes,2021-02-07,61545,Sunday
1804,<A>,38,2021-02-07T17:06:12-05:00[America/New_York],2021-02-07T17:06:50-05:00[America/New_York],Yes,2021-02-07,61572,Sunday
1804,C,15,2021-02-07T17:06:50-05:00[America/New_York],2021-02-07T17:07:05-05:00[America/New_York],Yes,2021-02-07,61610,Sunday
1804,<A>,31,2021-02-07T17:07:05-05:00[America/New_York],2021-02-07T17:07:36-05:00[America/New_York],Yes,2021-02-07,61625,Sunday
1804,C,16,2021-02-07T17:07:36-05:00[America/New_York],2021-02-07T17:07:52-05:00[America/New_York],Yes,2021-02-07,61656,Sunday
1804,<A>,34,2021-02-07T17:07:52-05:00[America/New_York],2021-02-07T17:08:26-05:00[America/New_York],Yes,2021-02-07,61672,Sunday
1804,B,16,2021-02-07T17:08:26-05:00[America/New_York],2021-02-07T17:08:42-05:00[America/New_York],NA,2021-02-07,61706,Sunday
1804,C,16,2021-02-07T17:08:42-05:00[America/New_York],2021-02-07T17:08:58-05:00[America/New_York],Yes,2021-02-07,61722,Sunday
1804,<A>,32,2021-02-07T17:08:58-05:00[America/New_York],2021-02-07T17:09:30-05:00[America/New_York],Yes,2021-02-07,61738,Sunday
1804,B,16,2021-02-07T17:09:30-05:00[America/New_York],2021-02-07T17:09:46-05:00[America/New_York],NA,2021-02-07,61770,Sunday
1804,C,16,2021-02-07T17:09:46-05:00[America/New_York],2021-02-07T17:10:02-05:00[America/New_York],Yes,2021-02-07,61786,Sunday
1804,<A>,36,2021-02-07T17:10:02-05:00[America/New_York],2021-02-07T17:10:38-05:00[America/New_York],Yes,2021-02-07,61802,Sunday
1804,B,19,2021-02-07T17:10:38-05:00[America/New_York],2021-02-07T17:10:57-05:00[America/New_York],Yes,2021-02-07,61838,Sunday
1804,C,27,2021-02-07T17:10:57-05:00[America/New_York],2021-02-07T17:11:24-05:00[America/New_York],Yes,2021-02-07,61857,Sunday
1804,<A>,38,2021-02-07T17:11:24-05:00[America/New_York],2021-02-07T17:12:02-05:00[America/New_York],Yes,2021-02-07,61884,Sunday
1804,B,19,2021-02-07T17:12:02-05:00[America/New_York],2021-02-07T17:12:21-05:00[America/New_York],NA,2021-02-07,61922,Sunday
1804,C,22,2021-02-07T17:12:21-05:00[America/New_York],2021-02-07T17:12:43-05:00[America/New_York],Yes,2021-02-07,61941,Sunday
1804,<A>,34,2021-02-07T17:12:43-05:00[America/New_York],2021-02-07T17:13:17-05:00[America/New_York],Yes,2021-02-07,61963,Sunday
1804,B,18,2021-02-07T17:13:17-05:00[America/New_York],2021-02-07T17:13:35-05:00[America/New_York],Yes,2021-02-07,61997,Sunday
1804,<A>,32,2021-02-07T17:13:35-05:00[America/New_York],2021-02-07T17:14:07-05:00[America/New_York],Yes,2021-02-07,62015,Sunday
1804,B,17,2021-02-07T17:14:07-05:00[America/New_York],2021-02-07T17:14:24-05:00[America/New_York],Yes,2021-02-07,62047,Sunday
1804,C,19,2021-02-07T17:14:24-05:00[America/New_York],2021-02-07T17:14:43-05:00[America/New_York],Yes,2021-02-07,62064,Sunday
1804,<A>,30,2021-02-07T17:14:43-05:00[America/New_York],2021-02-07T17:15:13-05:00[America/New_York],Yes,2021-02-07,62083,Sunday
1804,B,20,2021-02-07T17:15:13-05:00[America/New_York],2021-02-07T17:15:33-05:00[America/New_York],NA,2021-02-07,62113,Sunday
1804,C,15,2021-02-07T17:15:33-05:00[America/New_York],2021-02-07T17:15:48-05:00[America/New_York],Yes,2021-02-07,62133,Sunday
1804,<A>,30,2021-02-07T17:15:48-05:00[America/New_York],2021-02-07T17:16:18-05:00[America/New_York],Yes,2021-02-07,62148,Sunday
1804,B,21,2021-02-07T17:16:18-05:00[America/New_York],2021-02-07T17:16:39-05:00[America/New_York],Yes,2021-02-07,62178,Sunday
1804,<A>,42,2021-02-07T17:16:39-05:00[America/New_York],2021-02-07T17:17:21-05:00[America/New_York],Yes,2021-02-07,62199,Sunday
1804,B,16,2021-02-07T17:17:21-05:00[America/New_York],2021-02-07T17:17:37-05:00[America/New_York],Yes,2021-02-07,62241,Sunday
1804,C,21,2021-02-07T17:17:37-05:00[America/New_York],2021-02-07T17:17:58-05:00[America/New_York],Yes,2021-02-07,62257,Sunday
1804,<A>,38,2021-02-07T17:17:58-05:00[America/New_York],2021-02-07T17:18:36-05:00[America/New_York],Yes,2021-02-07,62278,Sunday
1804,B,17,2021-02-07T17:18:36-05:00[America/New_York],2021-02-07T17:18:53-05:00[America/New_York],NA,2021-02-07,62316,Sunday
1804,C,27,2021-02-07T17:18:53-05:00[America/New_York],2021-02-07T17:19:20-05:00[America/New_York],Yes,2021-02-07,62333,Sunday
1804,<A>,39,2021-02-07T17:19:20-05:00[America/New_York],2021-02-07T17:19:59-05:00[America/New_York],Yes,2021-02-07,62360,Sunday
1804,C,20,2021-02-07T17:19:59-05:00[America/New_York],2021-02-07T17:20:19-05:00[America/New_York],Yes,2021-02-07,62399,Sunday
1804,<A>,31,2021-02-07T17:20:19-05:00[America/New_York],2021-02-07T17:20:50-05:00[America/New_York],Yes,2021-02-07,62419,Sunday
1804,B,15,2021-02-07T17:20:50-05:00[America/New_York],2021-02-07T17:21:05-05:00[America/New_York],NA,2021-02-07,62450,Sunday
1804,C,22,2021-02-07T17:21:05-05:00[America/New_York],2021-02-07T17:21:27-05:00[America/New_York],Yes,2021-02-07,62465,Sunday
1804,<A>,43,2021-02-07T17:21:27-05:00[America/New_York],2021-02-07T17:22:10-05:00[America/New_York],Yes,2021-02-07,62487,Sunday
1804,B,16,2021-02-07T17:22:10-05:00[America/New_York],2021-02-07T17:22:26-05:00[America/New_York],NA,2021-02-07,62530,Sunday
1804,C,16,2021-02-07T17:22:26-05:00[America/New_York],2021-02-07T17:22:42-05:00[America/New_York],Yes,2021-02-07,62546,Sunday
1804,<A>,40,2021-02-07T17:22:42-05:00[America/New_York],2021-02-07T17:23:22-05:00[America/New_York],Yes,2021-02-07,62562,Sunday
1804,B,16,2021-02-07T17:23:22-05:00[America/New_York],2021-02-07T17:23:38-05:00[America/New_York],NA,2021-02-07,62602,Sunday
1804,C,17,2021-02-07T17:23:38-05:00[America/New_York],2021-02-07T17:23:55-05:00[America/New_York],Yes,2021-02-07,62618,Sunday
1804,<A>,33,2021-02-07T17:23:55-05:00[America/New_York],2021-02-07T17:24:28-05:00[America/New_York],Yes,2021-02-07,62635,Sunday
1804,B,15,2021-02-07T17:24:28-05:00[America/New_York],2021-02-07T17:24:43-05:00[America/New_York],NA,2021-02-07,62668,Sunday
1804,C,21,2021-02-07T17:24:43-05:00[America/New_York],2021-02-07T17:25:04-05:00[America/New_York],Yes,2021-02-07,62683,Sunday
1804,<A>,34,2021-02-07T17:25:04-05:00[America/New_York],2021-02-07T17:25:38-05:00[America/New_York],Yes,2021-02-07,62704,Sunday
1804,B,17,2021-02-07T17:25:38-05:00[America/New_York],2021-02-07T17:25:55-05:00[America/New_York],NA,2021-02-07,62738,Sunday
1804,C,20,2021-02-07T17:25:55-05:00[America/New_York],2021-02-07T17:26:15-05:00[America/New_York],Yes,2021-02-07,62755,Sunday
1804,<A>,31,2021-02-07T17:26:15-05:00[America/New_York],2021-02-07T17:26:46-05:00[America/New_York],Yes,2021-02-07,62775,Sunday
1804,B,17,2021-02-07T17:26:46-05:00[America/New_York],2021-02-07T17:27:03-05:00[America/New_York],NA,2021-02-07,62806,Sunday
1804,C,16,2021-02-07T17:27:03-05:00[America/New_York],2021-02-07T17:27:19-05:00[America/New_York],Yes,2021-02-07,62823,Sunday
1804,<A>,30,2021-02-07T17:27:19-05:00[America/New_York],2021-02-07T17:27:49-05:00[America/New_York],Yes,2021-02-07,62839,Sunday
1804,B,20,2021-02-07T17:27:49-05:00[America/New_York],2021-02-07T17:28:09-05:00[America/New_York],Yes,2021-02-07,62869,Sunday
1804,C,21,2021-02-07T17:28:09-05:00[America/New_York],2021-02-07T17:28:30-05:00[America/New_York],Yes,2021-02-07,62889,Sunday
1804,<A>,39,2021-02-07T17:28:30-05:00[America/New_York],2021-02-07T17:29:09-05:00[America/New_York],Yes,2021-02-07,62910,Sunday
1804,B,21,2021-02-07T17:29:09-05:00[America/New_York],2021-02-07T17:29:30-05:00[America/New_York],Yes,2021-02-07,62949,Sunday
1804,<A>,34,2021-02-07T17:29:30-05:00[America/New_York],2021-02-07T17:30:04-05:00[America/New_York],Yes,2021-02-07,62970,Sunday
1804,B,21,2021-02-07T17:30:04-05:00[America/New_York],2021-02-07T17:30:25-05:00[America/New_York],Yes,2021-02-07,63004,Sunday
1804,C,24,2021-02-07T17:30:25-05:00[America/New_York],2021-02-07T17:30:49-05:00[America/New_York],Yes,2021-02-07,63025,Sunday
1804,<A>,42,2021-02-07T17:30:49-05:00[America/New_York],2021-02-07T17:31:31-05:00[America/New_York],Yes,2021-02-07,63049,Sunday
1804,C,20,2021-02-07T17:31:31-05:00[America/New_York],2021-02-07T17:31:51-05:00[America/New_York],Yes,2021-02-07,63091,Sunday
1804,<A>,34,2021-02-07T17:31:51-05:00[America/New_York],2021-02-07T17:32:25-05:00[America/New_York],Yes,2021-02-07,63111,Sunday
1804,B,17,2021-02-07T17:32:25-05:00[America/New_York],2021-02-07T17:32:42-05:00[America/New_York],Yes,2021-02-07,63145,Sunday
1804,<A>,38,2021-02-07T17:32:42-05:00[America/New_York],2021-02-07T17:33:20-05:00[America/New_York],Yes,2021-02-07,63162,Sunday
1804,B,15,2021-02-07T17:33:20-05:00[America/New_York],2021-02-07T17:33:35-05:00[America/New_York],Yes,2021-02-07,63200,Sunday
1804,<A>,33,2021-02-07T17:33:35-05:00[America/New_York],2021-02-07T17:34:08-05:00[America/New_York],Yes,2021-02-07,63215,Sunday
1804,B,17,2021-02-07T17:34:08-05:00[America/New_York],2021-02-07T17:34:25-05:00[America/New_York],Yes,2021-02-07,63248,Sunday
1804,<A>,31,2021-02-07T17:34:25-05:00[America/New_York],2021-02-07T17:34:56-05:00[America/New_York],Yes,2021-02-07,63265,Sunday
1804,C,18,2021-02-07T17:34:56-05:00[America/New_York],2021-02-07T17:35:14-05:00[America/New_York],Yes,2021-02-07,63296,Sunday
1804,<A>,30,2021-02-07T17:35:14-05:00[America/New_York],2021-02-07T17:35:44-05:00[America/New_York],Yes,2021-02-07,63314,Sunday
1804,B,19,2021-02-07T17:35:44-05:00[America/New_York],2021-02-07T17:36:03-05:00[America/New_York],NA,2021-02-07,63344,Sunday
1804,C,23,2021-02-07T17:36:03-05:00[America/New_York],2021-02-07T17:36:26-05:00[America/New_York],Yes,2021-02-07,63363,Sunday
1804,<A>,36,2021-02-07T17:36:26-05:00[America/New_York],2021-02-07T17:37:02-05:00[America/New_York],Yes,2021-02-07,63386,Sunday
1804,B,20,2021-02-07T17:37:02-05:00[America/New_York],2021-02-07T17:37:22-05:00[America/New_York],NA,2021-02-07,63422,Sunday
1804,C,19,2021-02-07T17:37:22-05:00[America/New_York],2021-02-07T17:37:41-05:00[America/New_York],Yes,2021-02-07,63442,Sunday
1804,<A>,38,2021-02-07T17:37:41-05:00[America/New_York],2021-02-07T17:38:19-05:00[America/New_York],Yes,2021-02-07,63461,Sunday
1804,B,15,2021-02-07T17:38:19-05:00[America/New_York],2021-02-07T17:38:34-05:00[America/New_York],Yes,2021-02-07,63499,Sunday
1804,<A>,36,2021-02-07T17:38:34-05:00[America/New_York],2021-02-07T17:39:10-05:00[America/New_York],Yes,2021-02-07,63514,Sunday
1804,C,17,2021-02-07T17:39:10-05:00[America/New_York],2021-02-07T17:39:27-05:00[America/New_York],Yes,2021-02-07,63550,Sunday
1804,<A>,34,2021-02-07T17:39:27-05:00[America/New_York],2021-02-07T17:40:01-05:00[America/New_York],Yes,2021-02-07,63567,Sunday
1804,B,17,2021-02-07T17:40:01-05:00[America/New_York],2021-02-07T17:40:18-05:00[America/New_York],NA,2021-02-07,63601,Sunday
1804,C,16,2021-02-07T17:40:18-05:00[America/New_York],2021-02-07T17:40:34-05:00[America/New_York],Yes,2021-02-07,63618,Sunday
1804,<A>,30,2021-02-07T17:40:34-05:00[America/New_York],2021-02-07T17:41:04-05:00[America/New_York],Yes,2021-02-07,63634,Sunday
1804,B,17,2021-02-07T17:41:04-05:00[America/New_York],2021-02-07T17:41:21-05:00[America/New_York],NA,2021-02-07,63664,Sunday
1804,C,30,2021-02-07T17:41:21-05:00[America/New_York],2021-02-07T17:41:51-05:00[America/New_York],Yes,2021-02-07,63681,Sunday
1804,<A>,32,2021-02-07T17:41:51-05:00[America/New_York],2021-02-07T17:42:23-05:00[America/New_York],Yes,2021-02-07,63711,Sunday
1804,B,17,2021-02-07T17:42:23-05:00[America/New_York],2021-02-07T17:42:40-05:00[America/New_York],NA,2021-02-07,63743,Sunday
1804,C,17,2021-02-07T17:42:40-05:00[America/New_York],2021-02-07T17:42:57-05:00[America/New_York],Yes,2021-02-07,63760,Sunday
1804,<A>,46,2021-02-07T17:42:57-05:00[America/New_York],2021-02-07T17:43:43-05:00[America/New_York],Yes,2021-02-07,63777,Sunday
1804,B,17,2021-02-07T17:43:43-05:00[America/New_York],2021-02-07T17:44:00-05:00[America/New_York],NA,2021-02-07,63823,Sunday
1804,C,15,2021-02-07T17:44:00-05:00[America/New_York],2021-02-07T17:44:15-05:00[America/New_York],Yes,2021-02-07,63840,Sunday
1804,<A>,35,2021-02-07T17:44:15-05:00[America/New_York],2021-02-07T17:44:50-05:00[America/New_York],Yes,2021-02-07,63855,Sunday
1804,C,19,2021-02-07T17:44:50-05:00[America/New_York],2021-02-07T17:45:09-05:00[America/New_York],Yes,2021-02-07,63890,Sunday
1804,<A>,30,2021-02-07T17:45:09-05:00[America/New_York],2021-02-07T17:45:39-05:00[America/New_York],Yes,2021-02-07,63909,Sunday
1804,B,20,2021-02-07T17:45:39-05:00[America/New_York],2021-02-07T17:45:59-05:00[America/New_York],Yes,2021-02-07,63939,Sunday
1804,<A>,30,2021-02-07T17:45:59-05:00[America/New_York],2021-02-07T17:46:29-05:00[America/New_York],Yes,2021-02-07,63959,Sunday
1804,B,17,2021-02-07T17:46:29-05:00[America/New_York],2021-02-07T17:46:46-05:00[America/New_York],NA,2021-02-07,63989,Sunday
1804,C,15,2021-02-07T17:46:46-05:00[America/New_York],2021-02-07T17:47:01-05:00[America/New_York],Yes,2021-02-07,64006,Sunday
1804,<A>,42,2021-02-07T17:47:01-05:00[America/New_York],2021-02-07T17:47:43-05:00[America/New_York],Yes,2021-02-07,64021,Sunday
1804,B,17,2021-02-07T17:47:43-05:00[America/New_York],2021-02-07T17:48:00-05:00[America/New_York],Yes,2021-02-07,64063,Sunday
1804,C,18,2021-02-07T17:48:00-05:00[America/New_York],2021-02-07T17:48:18-05:00[America/New_York],Yes,2021-02-07,64080,Sunday
1804,<A>,32,2021-02-07T17:48:18-05:00[America/New_York],2021-02-07T17:48:50-05:00[America/New_York],Yes,2021-02-07,64098,Sunday
1804,B,18,2021-02-07T17:48:50-05:00[America/New_York],2021-02-07T17:49:08-05:00[America/New_York],Yes,2021-02-07,64130,Sunday
1804,C,18,2021-02-07T17:49:08-05:00[America/New_York],2021-02-07T17:49:26-05:00[America/New_York],Yes,2021-02-07,64148,Sunday
1804,<A>,37,2021-02-07T17:49:26-05:00[America/New_York],2021-02-07T17:50:03-05:00[America/New_York],Yes,2021-02-07,64166,Sunday
1804,B,15,2021-02-07T17:50:03-05:00[America/New_York],2021-02-07T17:50:18-05:00[America/New_York],Yes,2021-02-07,64203,Sunday
1804,C,18,2021-02-07T17:50:18-05:00[America/New_York],2021-02-07T17:50:36-05:00[America/New_York],Yes,2021-02-07,64218,Sunday
1804,<A>,31,2021-02-07T17:50:36-05:00[America/New_York],2021-02-07T17:51:07-05:00[America/New_York],Yes,2021-02-07,64236,Sunday
1804,B,16,2021-02-07T17:51:07-05:00[America/New_York],2021-02-07T17:51:23-05:00[America/New_York],Yes,2021-02-07,64267,Sunday
1804,C,23,2021-02-07T17:51:23-05:00[America/New_York],2021-02-07T17:51:46-05:00[America/New_York],Yes,2021-02-07,64283,Sunday
1804,<A>,31,2021-02-07T17:51:46-05:00[America/New_York],2021-02-07T17:52:17-05:00[America/New_York],Yes,2021-02-07,64306,Sunday
1804,B,15,2021-02-07T17:52:17-05:00[America/New_York],2021-02-07T17:52:32-05:00[America/New_York],Yes,2021-02-07,64337,Sunday
1804,C,17,2021-02-07T17:52:32-05:00[America/New_York],2021-02-07T17:52:49-05:00[America/New_York],Yes,2021-02-07,64352,Sunday
1804,<A>,47,2021-02-07T17:52:49-05:00[America/New_York],2021-02-07T17:53:36-05:00[America/New_York],Yes,2021-02-07,64369,Sunday
1804,B,15,2021-02-07T17:53:36-05:00[America/New_York],2021-02-07T17:53:51-05:00[America/New_York],Yes,2021-02-07,64416,Sunday
1804,C,18,2021-02-07T17:53:51-05:00[America/New_York],2021-02-07T17:54:09-05:00[America/New_York],Yes,2021-02-07,64431,Sunday
1804,<A>,39,2021-02-07T17:54:09-05:00[America/New_York],2021-02-07T17:54:48-05:00[America/New_York],Yes,2021-02-07,64449,Sunday
1804,B,16,2021-02-07T17:54:48-05:00[America/New_York],2021-02-07T17:55:04-05:00[America/New_York],Yes,2021-02-07,64488,Sunday
1804,C,15,2021-02-07T17:55:04-05:00[America/New_York],2021-02-07T17:55:19-05:00[America/New_York],Yes,2021-02-07,64504,Sunday
1804,<A>,31,2021-02-07T17:55:19-05:00[America/New_York],2021-02-07T17:55:50-05:00[America/New_York],Yes,2021-02-07,64519,Sunday
1804,C,28,2021-02-07T17:55:50-05:00[America/New_York],2021-02-07T17:56:18-05:00[America/New_York],Yes,2021-02-07,64550,Sunday
1804,<A>,36,2021-02-07T17:56:18-05:00[America/New_York],2021-02-07T17:56:54-05:00[America/New_York],Yes,2021-02-07,64578,Sunday
1804,B,18,2021-02-07T17:56:54-05:00[America/New_York],2021-02-07T17:57:12-05:00[America/New_York],NA,2021-02-07,64614,Sunday
1804,C,15,2021-02-07T17:57:12-05:00[America/New_York],2021-02-07T17:57:27-05:00[America/New_York],Yes,2021-02-07,64632,Sunday
1804,<A>,30,2021-02-07T17:57:27-05:00[America/New_York],2021-02-07T17:57:57-05:00[America/New_York],Yes,2021-02-07,64647,Sunday
1804,C,16,2021-02-07T17:57:57-05:00[America/New_York],2021-02-07T17:58:13-05:00[America/New_York],Yes,2021-02-07,64677,Sunday
1804,<A>,37,2021-02-07T17:58:13-05:00[America/New_York],2021-02-07T17:58:50-05:00[America/New_York],Yes,2021-02-07,64693,Sunday
1804,B,18,2021-02-07T17:58:50-05:00[America/New_York],2021-02-07T17:59:08-05:00[America/New_York],NA,2021-02-07,64730,Sunday
1804,C,16,2021-02-07T17:59:08-05:00[America/New_York],2021-02-07T17:59:24-05:00[America/New_York],Yes,2021-02-07,64748,Sunday
1804,<A>,66,2021-02-07T17:59:24-05:00[America/New_York],2021-02-07T18:00:30-05:00[America/New_York],NA,2021-02-07,64764,Sunday
1804,C,18,2021-02-07T18:00:30-05:00[America/New_York],2021-02-07T18:00:48-05:00[America/New_York],Yes,2021-02-07,64830,Sunday
1804,<A>,88,2021-02-07T18:00:48-05:00[America/New_York],2021-02-07T18:02:16-05:00[America/New_York],NA,2021-02-07,64848,Sunday
1804,B,18,2021-02-07T18:02:16-05:00[America/New_York],2021-02-07T18:02:34-05:00[America/New_York],NA,2021-02-07,64936,Sunday
1804,C,20,2021-02-07T18:02:34-05:00[America/New_York],2021-02-07T18:02:54-05:00[America/New_York],NA,2021-02-07,64954,Sunday
1804,<A>,67,2021-02-07T18:02:54-05:00[America/New_York],2021-02-07T18:04:01-05:00[America/New_York],NA,2021-02-07,64974,Sunday
1804,B,15,2021-02-07T18:04:01-05:00[America/New_York],2021-02-07T18:04:16-05:00[America/New_York],Yes,2021-02-07,65041,Sunday
1804,C,20,2021-02-07T18:04:16-05:00[America/New_York],2021-02-07T18:04:36-05:00[America/New_York],NA,2021-02-07,65056,Sunday
1804,<A>,38,2021-02-07T18:04:36-05:00[America/New_York],2021-02-07T18:05:14-05:00[America/New_York],Yes,2021-02-07,65076,Sunday
1804,B,17,2021-02-07T18:05:14-05:00[America/New_York],2021-02-07T18:05:31-05:00[America/New_York],NA,2021-02-07,65114,Sunday
1804,C,15,2021-02-07T18:05:31-05:00[America/New_York],2021-02-07T18:05:46-05:00[America/New_York],Yes,2021-02-07,65131,Sunday
1804,<A>,36,2021-02-07T18:05:46-05:00[America/New_York],2021-02-07T18:06:22-05:00[America/New_York],Yes,2021-02-07,65146,Sunday
1804,B,17,2021-02-07T18:06:22-05:00[America/New_York],2021-02-07T18:06:39-05:00[America/New_York],NA,2021-02-07,65182,Sunday
1804,C,18,2021-02-07T18:06:39-05:00[America/New_York],2021-02-07T18:06:57-05:00[America/New_York],Yes,2021-02-07,65199,Sunday
1804,<A>,63,2021-02-07T18:06:57-05:00[America/New_York],2021-02-07T18:08:00-05:00[America/New_York],Yes,2021-02-07,65217,Sunday
1804,B,15,2021-02-07T18:08:00-05:00[America/New_York],2021-02-07T18:08:15-05:00[America/New_York],Yes,2021-02-07,65280,Sunday
1804,C,15,2021-02-07T18:08:15-05:00[America/New_York],2021-02-07T18:08:30-05:00[America/New_York],Yes,2021-02-07,65295,Sunday
1804,<A>,37,2021-02-07T18:08:30-05:00[America/New_York],2021-02-07T18:09:07-05:00[America/New_York],Yes,2021-02-07,65310,Sunday
1804,C,15,2021-02-07T18:09:07-05:00[America/New_York],2021-02-07T18:09:22-05:00[America/New_York],Yes,2021-02-07,65347,Sunday
1804,<A>,33,2021-02-07T18:09:22-05:00[America/New_York],2021-02-07T18:09:55-05:00[America/New_York],Yes,2021-02-07,65362,Sunday
1804,B,17,2021-02-07T18:09:55-05:00[America/New_York],2021-02-07T18:10:12-05:00[America/New_York],NA,2021-02-07,65395,Sunday
1804,C,19,2021-02-07T18:10:12-05:00[America/New_York],2021-02-07T18:10:31-05:00[America/New_York],Yes,2021-02-07,65412,Sunday
1804,<A>,47,2021-02-07T18:10:31-05:00[America/New_York],2021-02-07T18:11:18-05:00[America/New_York],Yes,2021-02-07,65431,Sunday
1804,B,17,2021-02-07T18:11:18-05:00[America/New_York],2021-02-07T18:11:35-05:00[America/New_York],NA,2021-02-07,65478,Sunday
1804,C,16,2021-02-07T18:11:35-05:00[America/New_York],2021-02-07T18:11:51-05:00[America/New_York],Yes,2021-02-07,65495,Sunday
1804,<A>,44,2021-02-07T18:11:51-05:00[America/New_York],2021-02-07T18:12:35-05:00[America/New_York],Yes,2021-02-07,65511,Sunday
1804,C,15,2021-02-07T18:12:35-05:00[America/New_York],2021-02-07T18:12:50-05:00[America/New_York],Yes,2021-02-07,65555,Sunday
1804,<A>,37,2021-02-07T18:12:50-05:00[America/New_York],2021-02-07T18:13:27-05:00[America/New_York],Yes,2021-02-07,65570,Sunday
1804,C,15,2021-02-07T18:13:27-05:00[America/New_York],2021-02-07T18:13:42-05:00[America/New_York],Yes,2021-02-07,65607,Sunday
1804,<A>,31,2021-02-07T18:13:42-05:00[America/New_York],2021-02-07T18:14:13-05:00[America/New_York],Yes,2021-02-07,65622,Sunday
1804,B,17,2021-02-07T18:14:13-05:00[America/New_York],2021-02-07T18:14:30-05:00[America/New_York],NA,2021-02-07,65653,Sunday
1804,C,16,2021-02-07T18:14:30-05:00[America/New_York],2021-02-07T18:14:46-05:00[America/New_York],Yes,2021-02-07,65670,Sunday
1804,<A>,36,2021-02-07T18:14:46-05:00[America/New_York],2021-02-07T18:15:22-05:00[America/New_York],Yes,2021-02-07,65686,Sunday
1804,B,17,2021-02-07T18:15:22-05:00[America/New_York],2021-02-07T18:15:39-05:00[America/New_York],NA,2021-02-07,65722,Sunday
1804,C,19,2021-02-07T18:15:39-05:00[America/New_York],2021-02-07T18:15:58-05:00[America/New_York],Yes,2021-02-07,65739,Sunday
1804,<A>,33,2021-02-07T18:15:58-05:00[America/New_York],2021-02-07T18:16:31-05:00[America/New_York],Yes,2021-02-07,65758,Sunday
1804,B,16,2021-02-07T18:16:31-05:00[America/New_York],2021-02-07T18:16:47-05:00[America/New_York],Yes,2021-02-07,65791,Sunday
1804,<A>,35,2021-02-07T18:16:47-05:00[America/New_York],2021-02-07T18:17:22-05:00[America/New_York],Yes,2021-02-07,65807,Sunday
1804,C,17,2021-02-07T18:17:22-05:00[America/New_York],2021-02-07T18:17:39-05:00[America/New_York],Yes,2021-02-07,65842,Sunday
1804,<A>,31,2021-02-07T18:17:39-05:00[America/New_York],2021-02-07T18:18:10-05:00[America/New_York],Yes,2021-02-07,65859,Sunday
1804,B,15,2021-02-07T18:18:10-05:00[America/New_York],2021-02-07T18:18:25-05:00[America/New_York],Yes,2021-02-07,65890,Sunday
1804,<A>,35,2021-02-07T18:18:25-05:00[America/New_York],2021-02-07T18:19:00-05:00[America/New_York],Yes,2021-02-07,65905,Sunday
1804,C,22,2021-02-07T18:19:00-05:00[America/New_York],2021-02-07T18:19:22-05:00[America/New_York],Yes,2021-02-07,65940,Sunday
1804,<A>,46,2021-02-07T18:19:22-05:00[America/New_York],2021-02-07T18:20:08-05:00[America/New_York],Yes,2021-02-07,65962,Sunday
1804,C,20,2021-02-07T18:20:08-05:00[America/New_York],2021-02-07T18:20:28-05:00[America/New_York],Yes,2021-02-07,66008,Sunday
1804,<A>,30,2021-02-07T18:20:28-05:00[America/New_York],2021-02-07T18:20:58-05:00[America/New_York],Yes,2021-02-07,66028,Sunday
1804,B,15,2021-02-07T18:20:58-05:00[America/New_York],2021-02-07T18:21:13-05:00[America/New_York],Yes,2021-02-07,66058,Sunday
1804,<A>,37,2021-02-07T18:21:13-05:00[America/New_York],2021-02-07T18:21:50-05:00[America/New_York],Yes,2021-02-07,66073,Sunday
1804,C,17,2021-02-07T18:21:50-05:00[America/New_York],2021-02-07T18:22:07-05:00[America/New_York],Yes,2021-02-07,66110,Sunday
1804,<A>,31,2021-02-07T18:22:07-05:00[America/New_York],2021-02-07T18:22:38-05:00[America/New_York],Yes,2021-02-07,66127,Sunday
1804,B,16,2021-02-07T18:22:38-05:00[America/New_York],2021-02-07T18:22:54-05:00[America/New_York],NA,2021-02-07,66158,Sunday
1804,C,15,2021-02-07T18:22:54-05:00[America/New_York],2021-02-07T18:23:09-05:00[America/New_York],Yes,2021-02-07,66174,Sunday
1804,<A>,32,2021-02-07T18:23:09-05:00[America/New_York],2021-02-07T18:23:41-05:00[America/New_York],Yes,2021-02-07,66189,Sunday
1804,B,16,2021-02-07T18:23:41-05:00[America/New_York],2021-02-07T18:23:57-05:00[America/New_York],NA,2021-02-07,66221,Sunday
1804,C,17,2021-02-07T18:23:57-05:00[America/New_York],2021-02-07T18:24:14-05:00[America/New_York],Yes,2021-02-07,66237,Sunday
1804,<A>,41,2021-02-07T18:24:14-05:00[America/New_York],2021-02-07T18:24:55-05:00[America/New_York],Yes,2021-02-07,66254,Sunday
1804,B,17,2021-02-07T18:24:55-05:00[America/New_York],2021-02-07T18:25:12-05:00[America/New_York],NA,2021-02-07,66295,Sunday
1804,C,20,2021-02-07T18:25:12-05:00[America/New_York],2021-02-07T18:25:32-05:00[America/New_York],Yes,2021-02-07,66312,Sunday
1804,<A>,36,2021-02-07T18:25:32-05:00[America/New_York],2021-02-07T18:26:08-05:00[America/New_York],Yes,2021-02-07,66332,Sunday
1804,B,15,2021-02-07T18:26:08-05:00[America/New_York],2021-02-07T18:26:23-05:00[America/New_York],Yes,2021-02-07,66368,Sunday
1804,C,19,2021-02-07T18:26:23-05:00[America/New_York],2021-02-07T18:26:42-05:00[America/New_York],Yes,2021-02-07,66383,Sunday
1804,<A>,66,2021-02-07T18:26:42-05:00[America/New_York],2021-02-07T18:27:48-05:00[America/New_York],Yes,2021-02-07,66402,Sunday
1804,C,18,2021-02-07T18:27:48-05:00[America/New_York],2021-02-07T18:28:06-05:00[America/New_York],Yes,2021-02-07,66468,Sunday
1804,<A>,32,2021-02-07T18:28:06-05:00[America/New_York],2021-02-07T18:28:38-05:00[America/New_York],Yes,2021-02-07,66486,Sunday
1804,B,16,2021-02-07T18:28:38-05:00[America/New_York],2021-02-07T18:28:54-05:00[America/New_York],Yes,2021-02-07,66518,Sunday
1804,C,15,2021-02-07T18:28:54-05:00[America/New_York],2021-02-07T18:29:09-05:00[America/New_York],Yes,2021-02-07,66534,Sunday
1804,<A>,31,2021-02-07T18:29:09-05:00[America/New_York],2021-02-07T18:29:40-05:00[America/New_York],Yes,2021-02-07,66549,Sunday
1804,B,15,2021-02-07T18:29:40-05:00[America/New_York],2021-02-07T18:29:55-05:00[America/New_York],Yes,2021-02-07,66580,Sunday
1804,C,15,2021-02-07T18:29:55-05:00[America/New_York],2021-02-07T18:30:10-05:00[America/New_York],Yes,2021-02-07,66595,Sunday
1804,<A>,37,2021-02-07T18:30:10-05:00[America/New_York],2021-02-07T18:30:47-05:00[America/New_York],Yes,2021-02-07,66610,Sunday
1804,B,17,2021-02-07T18:30:47-05:00[America/New_York],2021-02-07T18:31:04-05:00[America/New_York],NA,2021-02-07,66647,Sunday
1804,C,21,2021-02-07T18:31:04-05:00[America/New_York],2021-02-07T18:31:25-05:00[America/New_York],Yes,2021-02-07,66664,Sunday
1804,<A>,42,2021-02-07T18:31:25-05:00[America/New_York],2021-02-07T18:32:07-05:00[America/New_York],Yes,2021-02-07,66685,Sunday
1804,B,15,2021-02-07T18:32:07-05:00[America/New_York],2021-02-07T18:32:22-05:00[America/New_York],Yes,2021-02-07,66727,Sunday
1804,C,19,2021-02-07T18:32:22-05:00[America/New_York],2021-02-07T18:32:41-05:00[America/New_York],Yes,2021-02-07,66742,Sunday
1804,<A>,31,2021-02-07T18:32:41-05:00[America/New_York],2021-02-07T18:33:12-05:00[America/New_York],Yes,2021-02-07,66761,Sunday
1804,B,17,2021-02-07T18:33:12-05:00[America/New_York],2021-02-07T18:33:29-05:00[America/New_York],NA,2021-02-07,66792,Sunday
1804,C,18,2021-02-07T18:33:29-05:00[America/New_York],2021-02-07T18:33:47-05:00[America/New_York],Yes,2021-02-07,66809,Sunday
1804,<A>,44,2021-02-07T18:33:47-05:00[America/New_York],2021-02-07T18:34:31-05:00[America/New_York],Yes,2021-02-07,66827,Sunday
1804,B,16,2021-02-07T18:34:31-05:00[America/New_York],2021-02-07T18:34:47-05:00[America/New_York],Yes,2021-02-07,66871,Sunday
1804,C,17,2021-02-07T18:34:47-05:00[America/New_York],2021-02-07T18:35:04-05:00[America/New_York],Yes,2021-02-07,66887,Sunday
1804,<A>,41,2021-02-07T18:35:04-05:00[America/New_York],2021-02-07T18:35:45-05:00[America/New_York],Yes,2021-02-07,66904,Sunday
1804,B,16,2021-02-07T18:35:45-05:00[America/New_York],2021-02-07T18:36:01-05:00[America/New_York],Yes,2021-02-07,66945,Sunday
1804,C,22,2021-02-07T18:36:01-05:00[America/New_York],2021-02-07T18:36:23-05:00[America/New_York],Yes,2021-02-07,66961,Sunday
1804,<A>,31,2021-02-07T18:36:23-05:00[America/New_York],2021-02-07T18:36:54-05:00[America/New_York],Yes,2021-02-07,66983,Sunday
1804,B,16,2021-02-07T18:36:54-05:00[America/New_York],2021-02-07T18:37:10-05:00[America/New_York],NA,2021-02-07,67014,Sunday
1804,C,15,2021-02-07T18:37:10-05:00[America/New_York],2021-02-07T18:37:25-05:00[America/New_York],Yes,2021-02-07,67030,Sunday
1804,<A>,32,2021-02-07T18:37:25-05:00[America/New_York],2021-02-07T18:37:57-05:00[America/New_York],Yes,2021-02-07,67045,Sunday
1804,C,18,2021-02-07T18:37:57-05:00[America/New_York],2021-02-07T18:38:15-05:00[America/New_York],Yes,2021-02-07,67077,Sunday
1804,<A>,36,2021-02-07T18:38:15-05:00[America/New_York],2021-02-07T18:38:51-05:00[America/New_York],Yes,2021-02-07,67095,Sunday
1804,B,17,2021-02-07T18:38:51-05:00[America/New_York],2021-02-07T18:39:08-05:00[America/New_York],NA,2021-02-07,67131,Sunday
1804,C,21,2021-02-07T18:39:08-05:00[America/New_York],2021-02-07T18:39:29-05:00[America/New_York],Yes,2021-02-07,67148,Sunday
1804,<A>,33,2021-02-07T18:39:29-05:00[America/New_York],2021-02-07T18:40:02-05:00[America/New_York],Yes,2021-02-07,67169,Sunday
1804,B,17,2021-02-07T18:40:02-05:00[America/New_York],2021-02-07T18:40:19-05:00[America/New_York],NA,2021-02-07,67202,Sunday
1804,C,21,2021-02-07T18:40:19-05:00[America/New_York],2021-02-07T18:40:40-05:00[America/New_York],Yes,2021-02-07,67219,Sunday
1804,<A>,31,2021-02-07T18:40:40-05:00[America/New_York],2021-02-07T18:41:11-05:00[America/New_York],Yes,2021-02-07,67240,Sunday
1804,B,15,2021-02-07T18:41:11-05:00[America/New_York],2021-02-07T18:41:26-05:00[America/New_York],Yes,2021-02-07,67271,Sunday
1804,C,16,2021-02-07T18:41:26-05:00[America/New_York],2021-02-07T18:41:42-05:00[America/New_York],Yes,2021-02-07,67286,Sunday
1804,<A>,32,2021-02-07T18:41:42-05:00[America/New_York],2021-02-07T18:42:14-05:00[America/New_York],Yes,2021-02-07,67302,Sunday
1804,B,16,2021-02-07T18:42:14-05:00[America/New_York],2021-02-07T18:42:30-05:00[America/New_York],NA,2021-02-07,67334,Sunday
1804,C,16,2021-02-07T18:42:30-05:00[America/New_York],2021-02-07T18:42:46-05:00[America/New_York],Yes,2021-02-07,67350,Sunday
1804,<A>,40,2021-02-07T18:42:46-05:00[America/New_York],2021-02-07T18:43:26-05:00[America/New_York],Yes,2021-02-07,67366,Sunday
1804,B,17,2021-02-07T18:43:26-05:00[America/New_York],2021-02-07T18:43:43-05:00[America/New_York],NA,2021-02-07,67406,Sunday
1804,C,15,2021-02-07T18:43:43-05:00[America/New_York],2021-02-07T18:43:58-05:00[America/New_York],Yes,2021-02-07,67423,Sunday
1804,<A>,30,2021-02-07T18:43:58-05:00[America/New_York],2021-02-07T18:44:28-05:00[America/New_York],Yes,2021-02-07,67438,Sunday
1804,B,17,2021-02-07T18:44:28-05:00[America/New_York],2021-02-07T18:44:45-05:00[America/New_York],NA,2021-02-07,67468,Sunday
1804,C,24,2021-02-07T18:44:45-05:00[America/New_York],2021-02-07T18:45:09-05:00[America/New_York],Yes,2021-02-07,67485,Sunday
1804,<A>,36,2021-02-07T18:45:09-05:00[America/New_York],2021-02-07T18:45:45-05:00[America/New_York],Yes,2021-02-07,67509,Sunday
1804,B,30,2021-02-07T18:45:45-05:00[America/New_York],2021-02-07T18:46:15-05:00[America/New_York],Yes,2021-02-07,67545,Sunday
1804,<A>,38,2021-02-07T18:46:15-05:00[America/New_York],2021-02-07T18:46:53-05:00[America/New_York],Yes,2021-02-07,67575,Sunday
1804,C,19,2021-02-07T18:46:53-05:00[America/New_York],2021-02-07T18:47:12-05:00[America/New_York],Yes,2021-02-07,67613,Sunday
1804,<A>,50,2021-02-07T18:47:12-05:00[America/New_York],2021-02-07T18:48:02-05:00[America/New_York],Yes,2021-02-07,67632,Sunday
1804,C,20,2021-02-07T18:48:02-05:00[America/New_York],2021-02-07T18:48:22-05:00[America/New_York],Yes,2021-02-07,67682,Sunday
1804,<A>,41,2021-02-07T18:48:22-05:00[America/New_York],2021-02-07T18:49:03-05:00[America/New_York],Yes,2021-02-07,67702,Sunday
1804,C,18,2021-02-07T18:49:03-05:00[America/New_York],2021-02-07T18:49:21-05:00[America/New_York],Yes,2021-02-07,67743,Sunday
1804,<A>,35,2021-02-07T18:49:21-05:00[America/New_York],2021-02-07T18:49:56-05:00[America/New_York],Yes,2021-02-07,67761,Sunday
1804,B,16,2021-02-07T18:49:56-05:00[America/New_York],2021-02-07T18:50:12-05:00[America/New_York],Yes,2021-02-07,67796,Sunday
1804,<A>,30,2021-02-07T18:50:12-05:00[America/New_York],2021-02-07T18:50:42-05:00[America/New_York],Yes,2021-02-07,67812,Sunday
1804,C,17,2021-02-07T18:50:42-05:00[America/New_York],2021-02-07T18:50:59-05:00[America/New_York],Yes,2021-02-07,67842,Sunday
1804,<A>,31,2021-02-07T18:50:59-05:00[America/New_York],2021-02-07T18:51:30-05:00[America/New_York],Yes,2021-02-07,67859,Sunday
1804,C,23,2021-02-07T18:51:30-05:00[America/New_York],2021-02-07T18:51:53-05:00[America/New_York],Yes,2021-02-07,67890,Sunday
1804,<A>,34,2021-02-07T18:51:53-05:00[America/New_York],2021-02-07T18:52:27-05:00[America/New_York],Yes,2021-02-07,67913,Sunday
1804,B,17,2021-02-07T18:52:27-05:00[America/New_York],2021-02-07T18:52:44-05:00[America/New_York],NA,2021-02-07,67947,Sunday
1804,C,16,2021-02-07T18:52:44-05:00[America/New_York],2021-02-07T18:53:00-05:00[America/New_York],Yes,2021-02-07,67964,Sunday
1804,<A>,31,2021-02-07T18:53:00-05:00[America/New_York],2021-02-07T18:53:31-05:00[America/New_York],Yes,2021-02-07,67980,Sunday
1804,B,15,2021-02-07T18:53:31-05:00[America/New_York],2021-02-07T18:53:46-05:00[America/New_York],Yes,2021-02-07,68011,Sunday
1804,<A>,30,2021-02-07T18:53:46-05:00[America/New_York],2021-02-07T18:54:16-05:00[America/New_York],Yes,2021-02-07,68026,Sunday
1804,B,18,2021-02-07T18:54:16-05:00[America/New_York],2021-02-07T18:54:34-05:00[America/New_York],Yes,2021-02-07,68056,Sunday
1804,C,20,2021-02-07T18:54:34-05:00[America/New_York],2021-02-07T18:54:54-05:00[America/New_York],Yes,2021-02-07,68074,Sunday
1804,<A>,36,2021-02-07T18:54:54-05:00[America/New_York],2021-02-07T18:55:30-05:00[America/New_York],Yes,2021-02-07,68094,Sunday
1804,B,17,2021-02-07T18:55:30-05:00[America/New_York],2021-02-07T18:55:47-05:00[America/New_York],NA,2021-02-07,68130,Sunday
1804,C,16,2021-02-07T18:55:47-05:00[America/New_York],2021-02-07T18:56:03-05:00[America/New_York],Yes,2021-02-07,68147,Sunday
1804,<A>,65,2021-02-07T18:56:03-05:00[America/New_York],2021-02-07T18:57:08-05:00[America/New_York],Yes,2021-02-07,68163,Sunday
1804,B,15,2021-02-07T18:57:08-05:00[America/New_York],2021-02-07T18:57:23-05:00[America/New_York],Yes,2021-02-07,68228,Sunday
1804,C,15,2021-02-07T18:57:23-05:00[America/New_York],2021-02-07T18:57:38-05:00[America/New_York],Yes,2021-02-07,68243,Sunday
1804,<A>,37,2021-02-07T18:57:38-05:00[America/New_York],2021-02-07T18:58:15-05:00[America/New_York],Yes,2021-02-07,68258,Sunday
1804,B,16,2021-02-07T18:58:15-05:00[America/New_York],2021-02-07T18:58:31-05:00[America/New_York],NA,2021-02-07,68295,Sunday
1804,C,24,2021-02-07T18:58:31-05:00[America/New_York],2021-02-07T18:58:55-05:00[America/New_York],Yes,2021-02-07,68311,Sunday
1804,<A>,31,2021-02-07T18:58:55-05:00[America/New_York],2021-02-07T18:59:26-05:00[America/New_York],Yes,2021-02-07,68335,Sunday
1804,B,17,2021-02-07T18:59:26-05:00[America/New_York],2021-02-07T18:59:43-05:00[America/New_York],NA,2021-02-07,68366,Sunday
1804,C,18,2021-02-07T18:59:43-05:00[America/New_York],2021-02-07T19:00:01-05:00[America/New_York],Yes,2021-02-07,68383,Sunday
1804,<A>,35,2021-02-07T19:00:01-05:00[America/New_York],2021-02-07T19:00:36-05:00[America/New_York],Yes,2021-02-07,68401,Sunday
1804,C,16,2021-02-07T19:00:36-05:00[America/New_York],2021-02-07T19:00:52-05:00[America/New_York],Yes,2021-02-07,68436,Sunday
1804,<A>,32,2021-02-07T19:00:52-05:00[America/New_York],2021-02-07T19:01:24-05:00[America/New_York],Yes,2021-02-07,68452,Sunday
1804,B,15,2021-02-07T19:01:24-05:00[America/New_York],2021-02-07T19:01:39-05:00[America/New_York],Yes,2021-02-07,68484,Sunday
1804,C,25,2021-02-07T19:01:39-05:00[America/New_York],2021-02-07T19:02:04-05:00[America/New_York],Yes,2021-02-07,68499,Sunday
1804,<A>,32,2021-02-07T19:02:04-05:00[America/New_York],2021-02-07T19:02:36-05:00[America/New_York],Yes,2021-02-07,68524,Sunday
1804,C,21,2021-02-07T19:02:36-05:00[America/New_York],2021-02-07T19:02:57-05:00[America/New_York],Yes,2021-02-07,68556,Sunday
1804,<A>,35,2021-02-07T19:02:57-05:00[America/New_York],2021-02-07T19:03:32-05:00[America/New_York],Yes,2021-02-07,68577,Sunday
1804,C,16,2021-02-07T19:03:32-05:00[America/New_York],2021-02-07T19:03:48-05:00[America/New_York],Yes,2021-02-07,68612,Sunday
1804,<A>,88,2021-02-07T19:03:48-05:00[America/New_York],2021-02-07T19:05:16-05:00[America/New_York],NA,2021-02-07,68628,Sunday
1804,C,15,2021-02-07T19:05:16-05:00[America/New_York],2021-02-07T19:05:31-05:00[America/New_York],Yes,2021-02-07,68716,Sunday
1804,<A>,33,2021-02-07T19:05:31-05:00[America/New_York],2021-02-07T19:06:04-05:00[America/New_York],Yes,2021-02-07,68731,Sunday
1804,B,15,2021-02-07T19:06:04-05:00[America/New_York],2021-02-07T19:06:19-05:00[America/New_York],Yes,2021-02-07,68764,Sunday
1804,C,18,2021-02-07T19:06:19-05:00[America/New_York],2021-02-07T19:06:37-05:00[America/New_York],Yes,2021-02-07,68779,Sunday
1804,<A>,38,2021-02-07T19:06:37-05:00[America/New_York],2021-02-07T19:07:15-05:00[America/New_York],Yes,2021-02-07,68797,Sunday
1804,B,22,2021-02-07T19:07:15-05:00[America/New_York],2021-02-07T19:07:37-05:00[America/New_York],Yes,2021-02-07,68835,Sunday
1804,<A>,39,2021-02-07T19:07:37-05:00[America/New_York],2021-02-07T19:08:16-05:00[America/New_York],Yes,2021-02-07,68857,Sunday
1804,C,26,2021-02-07T19:08:16-05:00[America/New_York],2021-02-07T19:08:42-05:00[America/New_York],Yes,2021-02-07,68896,Sunday
1804,<A>,32,2021-02-07T19:08:42-05:00[America/New_York],2021-02-07T19:09:14-05:00[America/New_York],Yes,2021-02-07,68922,Sunday
1804,B,15,2021-02-07T19:09:14-05:00[America/New_York],2021-02-07T19:09:29-05:00[America/New_York],Yes,2021-02-07,68954,Sunday
1804,<A>,77,2021-02-07T19:09:29-05:00[America/New_York],2021-02-07T19:10:46-05:00[America/New_York],NA,2021-02-07,68969,Sunday
1804,B,18,2021-02-07T19:10:46-05:00[America/New_York],2021-02-07T19:11:04-05:00[America/New_York],NA,2021-02-07,69046,Sunday
1804,C,17,2021-02-07T19:11:04-05:00[America/New_York],2021-02-07T19:11:21-05:00[America/New_York],NA,2021-02-07,69064,Sunday
1804,<A>,70,2021-02-07T19:11:21-05:00[America/New_York],2021-02-07T19:12:31-05:00[America/New_York],NA,2021-02-07,69081,Sunday
1804,B,18,2021-02-07T19:12:31-05:00[America/New_York],2021-02-07T19:12:49-05:00[America/New_York],NA,2021-02-07,69151,Sunday
1804,C,16,2021-02-07T19:12:49-05:00[America/New_York],2021-02-07T19:13:05-05:00[America/New_York],NA,2021-02-07,69169,Sunday
1804,<A>,30,2021-02-07T19:13:05-05:00[America/New_York],2021-02-07T19:13:35-05:00[America/New_York],Yes,2021-02-07,69185,Sunday
1804,B,15,2021-02-07T19:13:35-05:00[America/New_York],2021-02-07T19:13:50-05:00[America/New_York],Yes,2021-02-07,69215,Sunday
1804,C,25,2021-02-07T19:13:50-05:00[America/New_York],2021-02-07T19:14:15-05:00[America/New_York],Yes,2021-02-07,69230,Sunday
1804,<A>,31,2021-02-07T19:14:15-05:00[America/New_York],2021-02-07T19:14:46-05:00[America/New_York],Yes,2021-02-07,69255,Sunday
1804,C,15,2021-02-07T19:14:46-05:00[America/New_York],2021-02-07T19:15:01-05:00[America/New_York],Yes,2021-02-07,69286,Sunday
1804,<A>,31,2021-02-07T19:15:01-05:00[America/New_York],2021-02-07T19:15:32-05:00[America/New_York],Yes,2021-02-07,69301,Sunday
1804,C,15,2021-02-07T19:15:32-05:00[America/New_York],2021-02-07T19:15:47-05:00[America/New_York],Yes,2021-02-07,69332,Sunday
1804,<A>,30,2021-02-07T19:15:47-05:00[America/New_York],2021-02-07T19:16:17-05:00[America/New_York],Yes,2021-02-07,69347,Sunday
1804,B,16,2021-02-07T19:16:17-05:00[America/New_York],2021-02-07T19:16:33-05:00[America/New_York],NA,2021-02-07,69377,Sunday
1804,C,18,2021-02-07T19:16:33-05:00[America/New_York],2021-02-07T19:16:51-05:00[America/New_York],Yes,2021-02-07,69393,Sunday
1804,<A>,56,2021-02-07T19:16:51-05:00[America/New_York],2021-02-07T19:17:47-05:00[America/New_York],Yes,2021-02-07,69411,Sunday
1804,C,18,2021-02-07T19:17:47-05:00[America/New_York],2021-02-07T19:18:05-05:00[America/New_York],Yes,2021-02-07,69467,Sunday
1804,<A>,33,2021-02-07T19:18:05-05:00[America/New_York],2021-02-07T19:18:38-05:00[America/New_York],Yes,2021-02-07,69485,Sunday
1804,B,17,2021-02-07T19:18:38-05:00[America/New_York],2021-02-07T19:18:55-05:00[America/New_York],NA,2021-02-07,69518,Sunday
1804,C,15,2021-02-07T19:18:55-05:00[America/New_York],2021-02-07T19:19:10-05:00[America/New_York],Yes,2021-02-07,69535,Sunday
1804,<A>,45,2021-02-07T19:19:10-05:00[America/New_York],2021-02-07T19:19:55-05:00[America/New_York],Yes,2021-02-07,69550,Sunday
1804,C,17,2021-02-07T19:19:55-05:00[America/New_York],2021-02-07T19:20:12-05:00[America/New_York],Yes,2021-02-07,69595,Sunday
1804,<A>,69,2021-02-07T19:20:12-05:00[America/New_York],2021-02-07T19:21:21-05:00[America/New_York],NA,2021-02-07,69612,Sunday
1804,B,15,2021-02-07T19:21:21-05:00[America/New_York],2021-02-07T19:21:36-05:00[America/New_York],Yes,2021-02-07,69681,Sunday
1804,<A>,78,2021-02-07T19:21:36-05:00[America/New_York],2021-02-07T19:22:54-05:00[America/New_York],Yes,2021-02-07,69696,Sunday
1804,C,15,2021-02-07T19:22:54-05:00[America/New_York],2021-02-07T19:23:09-05:00[America/New_York],Yes,2021-02-07,69774,Sunday
1804,<A>,49,2021-02-07T19:23:09-05:00[America/New_York],2021-02-07T19:23:58-05:00[America/New_York],Yes,2021-02-07,69789,Sunday
1804,C,15,2021-02-07T19:23:58-05:00[America/New_York],2021-02-07T19:24:13-05:00[America/New_York],Yes,2021-02-07,69838,Sunday
1804,<A>,33,2021-02-07T19:24:13-05:00[America/New_York],2021-02-07T19:24:46-05:00[America/New_York],Yes,2021-02-07,69853,Sunday
1804,C,16,2021-02-07T19:24:46-05:00[America/New_York],2021-02-07T19:25:02-05:00[America/New_York],Yes,2021-02-07,69886,Sunday
1804,<A>,34,2021-02-07T19:25:02-05:00[America/New_York],2021-02-07T19:25:36-05:00[America/New_York],Yes,2021-02-07,69902,Sunday
1804,C,15,2021-02-07T19:25:36-05:00[America/New_York],2021-02-07T19:25:51-05:00[America/New_York],Yes,2021-02-07,69936,Sunday
1804,<A>,32,2021-02-07T19:25:51-05:00[America/New_York],2021-02-07T19:26:23-05:00[America/New_York],Yes,2021-02-07,69951,Sunday
1804,B,22,2021-02-07T19:26:23-05:00[America/New_York],2021-02-07T19:26:45-05:00[America/New_York],Yes,2021-02-07,69983,Sunday
1804,C,17,2021-02-07T19:26:45-05:00[America/New_York],2021-02-07T19:27:02-05:00[America/New_York],Yes,2021-02-07,70005,Sunday
1804,<A>,30,2021-02-07T19:27:02-05:00[America/New_York],2021-02-07T19:27:32-05:00[America/New_York],Yes,2021-02-07,70022,Sunday
1804,B,22,2021-02-07T19:27:32-05:00[America/New_York],2021-02-07T19:27:54-05:00[America/New_York],Yes,2021-02-07,70052,Sunday
1804,C,17,2021-02-07T19:27:54-05:00[America/New_York],2021-02-07T19:28:11-05:00[America/New_York],Yes,2021-02-07,70074,Sunday
1804,<A>,30,2021-02-07T19:28:11-05:00[America/New_York],2021-02-07T19:28:41-05:00[America/New_York],Yes,2021-02-07,70091,Sunday
1804,B,16,2021-02-07T19:28:41-05:00[America/New_York],2021-02-07T19:28:57-05:00[America/New_York],Yes,2021-02-07,70121,Sunday
1804,<A>,30,2021-02-07T19:28:57-05:00[America/New_York],2021-02-07T19:29:27-05:00[America/New_York],Yes,2021-02-07,70137,Sunday
1804,B,16,2021-02-07T19:29:27-05:00[America/New_York],2021-02-07T19:29:43-05:00[America/New_York],NA,2021-02-07,70167,Sunday
1804,C,17,2021-02-07T19:29:43-05:00[America/New_York],2021-02-07T19:30:00-05:00[America/New_York],Yes,2021-02-07,70183,Sunday
1804,<A>,37,2021-02-07T19:30:00-05:00[America/New_York],2021-02-07T19:30:37-05:00[America/New_York],Yes,2021-02-07,70200,Sunday
1804,B,16,2021-02-07T19:30:37-05:00[America/New_York],2021-02-07T19:30:53-05:00[America/New_York],NA,2021-02-07,70237,Sunday
1804,C,15,2021-02-07T19:30:53-05:00[America/New_York],2021-02-07T19:31:08-05:00[America/New_York],Yes,2021-02-07,70253,Sunday
1804,<A>,32,2021-02-07T19:31:08-05:00[America/New_York],2021-02-07T19:31:40-05:00[America/New_York],Yes,2021-02-07,70268,Sunday
1804,C,17,2021-02-07T19:31:40-05:00[America/New_York],2021-02-07T19:31:57-05:00[America/New_York],Yes,2021-02-07,70300,Sunday
1804,<A>,38,2021-02-07T19:31:57-05:00[America/New_York],2021-02-07T19:32:35-05:00[America/New_York],Yes,2021-02-07,70317,Sunday
1804,B,16,2021-02-07T19:32:35-05:00[America/New_York],2021-02-07T19:32:51-05:00[America/New_York],NA,2021-02-07,70355,Sunday
1804,C,20,2021-02-07T19:32:51-05:00[America/New_York],2021-02-07T19:33:11-05:00[America/New_York],Yes,2021-02-07,70371,Sunday
1804,<A>,30,2021-02-07T19:33:11-05:00[America/New_York],2021-02-07T19:33:41-05:00[America/New_York],Yes,2021-02-07,70391,Sunday
1804,C,20,2021-02-07T19:33:41-05:00[America/New_York],2021-02-07T19:34:01-05:00[America/New_York],Yes,2021-02-07,70421,Sunday
1804,<A>,36,2021-02-07T19:34:01-05:00[America/New_York],2021-02-07T19:34:37-05:00[America/New_York],Yes,2021-02-07,70441,Sunday
1804,B,16,2021-02-07T19:34:37-05:00[America/New_York],2021-02-07T19:34:53-05:00[America/New_York],NA,2021-02-07,70477,Sunday
1804,C,16,2021-02-07T19:34:53-05:00[America/New_York],2021-02-07T19:35:09-05:00[America/New_York],Yes,2021-02-07,70493,Sunday
1804,<A>,35,2021-02-07T19:35:09-05:00[America/New_York],2021-02-07T19:35:44-05:00[America/New_York],Yes,2021-02-07,70509,Sunday
1804,B,15,2021-02-07T19:35:44-05:00[America/New_York],2021-02-07T19:35:59-05:00[America/New_York],NA,2021-02-07,70544,Sunday
1804,C,20,2021-02-07T19:35:59-05:00[America/New_York],2021-02-07T19:36:19-05:00[America/New_York],Yes,2021-02-07,70559,Sunday
1804,<A>,110,2021-02-07T19:36:19-05:00[America/New_York],2021-02-07T19:38:09-05:00[America/New_York],Yes,2021-02-07,70579,Sunday
1804,B,16,2021-02-07T19:38:09-05:00[America/New_York],2021-02-07T19:38:25-05:00[America/New_York],Yes,2021-02-07,70689,Sunday
1804,<A>,32,2021-02-07T19:38:25-05:00[America/New_York],2021-02-07T19:38:57-05:00[America/New_York],Yes,2021-02-07,70705,Sunday
1804,C,20,2021-02-07T19:38:57-05:00[America/New_York],2021-02-07T19:39:17-05:00[America/New_York],Yes,2021-02-07,70737,Sunday
1804,<A>,31,2021-02-07T19:39:17-05:00[America/New_York],2021-02-07T19:39:48-05:00[America/New_York],Yes,2021-02-07,70757,Sunday
1804,B,16,2021-02-07T19:39:48-05:00[America/New_York],2021-02-07T19:40:04-05:00[America/New_York],NA,2021-02-07,70788,Sunday
1804,C,15,2021-02-07T19:40:04-05:00[America/New_York],2021-02-07T19:40:19-05:00[America/New_York],Yes,2021-02-07,70804,Sunday
1804,<A>,31,2021-02-07T19:40:19-05:00[America/New_York],2021-02-07T19:40:50-05:00[America/New_York],Yes,2021-02-07,70819,Sunday
1804,B,16,2021-02-07T19:40:50-05:00[America/New_York],2021-02-07T19:41:06-05:00[America/New_York],NA,2021-02-07,70850,Sunday
1804,C,20,2021-02-07T19:41:06-05:00[America/New_York],2021-02-07T19:41:26-05:00[America/New_York],Yes,2021-02-07,70866,Sunday
1804,<A>,55,2021-02-07T19:41:26-05:00[America/New_York],2021-02-07T19:42:21-05:00[America/New_York],Yes,2021-02-07,70886,Sunday
1804,C,15,2021-02-07T19:42:21-05:00[America/New_York],2021-02-07T19:42:36-05:00[America/New_York],Yes,2021-02-07,70941,Sunday
1804,<A>,54,2021-02-07T19:42:36-05:00[America/New_York],2021-02-07T19:43:30-05:00[America/New_York],Yes,2021-02-07,70956,Sunday
1804,C,16,2021-02-07T19:43:30-05:00[America/New_York],2021-02-07T19:43:46-05:00[America/New_York],Yes,2021-02-07,71010,Sunday
1804,<A>,40,2021-02-07T19:43:46-05:00[America/New_York],2021-02-07T19:44:26-05:00[America/New_York],Yes,2021-02-07,71026,Sunday
1804,C,20,2021-02-07T19:44:26-05:00[America/New_York],2021-02-07T19:44:46-05:00[America/New_York],Yes,2021-02-07,71066,Sunday
1804,<A>,31,2021-02-07T19:44:46-05:00[America/New_York],2021-02-07T19:45:17-05:00[America/New_York],Yes,2021-02-07,71086,Sunday
1804,B,16,2021-02-07T19:45:17-05:00[America/New_York],2021-02-07T19:45:33-05:00[America/New_York],NA,2021-02-07,71117,Sunday
1804,C,22,2021-02-07T19:45:33-05:00[America/New_York],2021-02-07T19:45:55-05:00[America/New_York],Yes,2021-02-07,71133,Sunday
1804,<A>,64,2021-02-07T19:45:55-05:00[America/New_York],2021-02-07T19:46:59-05:00[America/New_York],Yes,2021-02-07,71155,Sunday
1804,C,15,2021-02-07T19:46:59-05:00[America/New_York],2021-02-07T19:47:14-05:00[America/New_York],Yes,2021-02-07,71219,Sunday
1804,<A>,40,2021-02-07T19:47:14-05:00[America/New_York],2021-02-07T19:47:54-05:00[America/New_York],Yes,2021-02-07,71234,Sunday
1804,B,15,2021-02-07T19:47:54-05:00[America/New_York],2021-02-07T19:48:09-05:00[America/New_York],Yes,2021-02-07,71274,Sunday
1804,<A>,31,2021-02-07T19:48:09-05:00[America/New_York],2021-02-07T19:48:40-05:00[America/New_York],Yes,2021-02-07,71289,Sunday
1804,B,16,2021-02-07T19:48:40-05:00[America/New_York],2021-02-07T19:48:56-05:00[America/New_York],Yes,2021-02-07,71320,Sunday
1804,<A>,36,2021-02-07T19:48:56-05:00[America/New_York],2021-02-07T19:49:32-05:00[America/New_York],Yes,2021-02-07,71336,Sunday
1804,C,15,2021-02-07T19:49:32-05:00[America/New_York],2021-02-07T19:49:47-05:00[America/New_York],Yes,2021-02-07,71372,Sunday
1804,<A>,35,2021-02-07T19:49:47-05:00[America/New_York],2021-02-07T19:50:22-05:00[America/New_York],Yes,2021-02-07,71387,Sunday
1804,C,19,2021-02-07T19:50:22-05:00[America/New_York],2021-02-07T19:50:41-05:00[America/New_York],Yes,2021-02-07,71422,Sunday
1804,<A>,30,2021-02-07T19:50:41-05:00[America/New_York],2021-02-07T19:51:11-05:00[America/New_York],Yes,2021-02-07,71441,Sunday
1804,B,15,2021-02-07T19:51:11-05:00[America/New_York],2021-02-07T19:51:26-05:00[America/New_York],Yes,2021-02-07,71471,Sunday
1804,<A>,31,2021-02-07T19:51:26-05:00[America/New_York],2021-02-07T19:51:57-05:00[America/New_York],Yes,2021-02-07,71486,Sunday
1804,C,24,2021-02-07T19:51:57-05:00[America/New_York],2021-02-07T19:52:21-05:00[America/New_York],Yes,2021-02-07,71517,Sunday
1804,<A>,82,2021-02-07T19:52:21-05:00[America/New_York],2021-02-07T19:53:43-05:00[America/New_York],NA,2021-02-07,71541,Sunday
1804,B,15,2021-02-07T19:53:43-05:00[America/New_York],2021-02-07T19:53:58-05:00[America/New_York],Yes,2021-02-07,71623,Sunday
1804,<A>,30,2021-02-07T19:53:58-05:00[America/New_York],2021-02-07T19:54:28-05:00[America/New_York],Yes,2021-02-07,71638,Sunday
1804,C,16,2021-02-07T19:54:28-05:00[America/New_York],2021-02-07T19:54:44-05:00[America/New_York],Yes,2021-02-07,71668,Sunday
1804,<A>,45,2021-02-07T19:54:44-05:00[America/New_York],2021-02-07T19:55:29-05:00[America/New_York],Yes,2021-02-07,71684,Sunday
1804,C,24,2021-02-07T19:55:29-05:00[America/New_York],2021-02-07T19:55:53-05:00[America/New_York],Yes,2021-02-07,71729,Sunday
1804,<A>,30,2021-02-07T19:55:53-05:00[America/New_York],2021-02-07T19:56:23-05:00[America/New_York],Yes,2021-02-07,71753,Sunday
1804,C,15,2021-02-07T19:56:23-05:00[America/New_York],2021-02-07T19:56:38-05:00[America/New_York],Yes,2021-02-07,71783,Sunday
1804,<A>,41,2021-02-07T19:56:38-05:00[America/New_York],2021-02-07T19:57:19-05:00[America/New_York],Yes,2021-02-07,71798,Sunday
1804,C,17,2021-02-07T19:57:19-05:00[America/New_York],2021-02-07T19:57:36-05:00[America/New_York],Yes,2021-02-07,71839,Sunday
1804,<A>,31,2021-02-07T19:57:36-05:00[America/New_York],2021-02-07T19:58:07-05:00[America/New_York],Yes,2021-02-07,71856,Sunday
1804,B,17,2021-02-07T19:58:07-05:00[America/New_York],2021-02-07T19:58:24-05:00[America/New_York],Yes,2021-02-07,71887,Sunday
1804,<A>,53,2021-02-07T19:58:24-05:00[America/New_York],2021-02-07T19:59:17-05:00[America/New_York],Yes,2021-02-07,71904,Sunday
1804,C,15,2021-02-07T19:59:17-05:00[America/New_York],2021-02-07T19:59:32-05:00[America/New_York],Yes,2021-02-07,71957,Sunday
1804,<A>,35,2021-02-07T19:59:32-05:00[America/New_York],2021-02-07T20:00:07-05:00[America/New_York],Yes,2021-02-07,71972,Sunday
1804,B,15,2021-02-07T20:00:07-05:00[America/New_York],2021-02-07T20:00:22-05:00[America/New_York],NA,2021-02-07,72007,Sunday
1804,C,22,2021-02-07T20:00:22-05:00[America/New_York],2021-02-07T20:00:44-05:00[America/New_York],Yes,2021-02-07,72022,Sunday
1804,<A>,113,2021-02-07T20:00:44-05:00[America/New_York],2021-02-07T20:02:37-05:00[America/New_York],Yes,2021-02-07,72044,Sunday
1804,C,19,2021-02-07T20:02:37-05:00[America/New_York],2021-02-07T20:02:56-05:00[America/New_York],Yes,2021-02-07,72157,Sunday
1804,<A>,53,2021-02-07T20:02:56-05:00[America/New_York],2021-02-07T20:03:49-05:00[America/New_York],Yes,2021-02-07,72176,Sunday
1804,C,15,2021-02-07T20:03:49-05:00[America/New_York],2021-02-07T20:04:04-05:00[America/New_York],Yes,2021-02-07,72229,Sunday
1804,<A>,42,2021-02-07T20:04:04-05:00[America/New_York],2021-02-07T20:04:46-05:00[America/New_York],Yes,2021-02-07,72244,Sunday
1804,C,15,2021-02-07T20:04:46-05:00[America/New_York],2021-02-07T20:05:01-05:00[America/New_York],Yes,2021-02-07,72286,Sunday
1804,<A>,31,2021-02-07T20:05:01-05:00[America/New_York],2021-02-07T20:05:32-05:00[America/New_York],Yes,2021-02-07,72301,Sunday
1804,B,15,2021-02-07T20:05:32-05:00[America/New_York],2021-02-07T20:05:47-05:00[America/New_York],NA,2021-02-07,72332,Sunday
1804,C,18,2021-02-07T20:05:47-05:00[America/New_York],2021-02-07T20:06:05-05:00[America/New_York],Yes,2021-02-07,72347,Sunday
1804,<A>,30,2021-02-07T20:06:05-05:00[America/New_York],2021-02-07T20:06:35-05:00[America/New_York],Yes,2021-02-07,72365,Sunday
1804,B,16,2021-02-07T20:06:35-05:00[America/New_York],2021-02-07T20:06:51-05:00[America/New_York],NA,2021-02-07,72395,Sunday
1804,C,19,2021-02-07T20:06:51-05:00[America/New_York],2021-02-07T20:07:10-05:00[America/New_York],Yes,2021-02-07,72411,Sunday
1804,<A>,37,2021-02-07T20:07:10-05:00[America/New_York],2021-02-07T20:07:47-05:00[America/New_York],Yes,2021-02-07,72430,Sunday
1804,C,17,2021-02-07T20:07:47-05:00[America/New_York],2021-02-07T20:08:04-05:00[America/New_York],Yes,2021-02-07,72467,Sunday
1804,<A>,47,2021-02-07T20:08:04-05:00[America/New_York],2021-02-07T20:08:51-05:00[America/New_York],Yes,2021-02-07,72484,Sunday
1804,C,19,2021-02-07T20:08:51-05:00[America/New_York],2021-02-07T20:09:10-05:00[America/New_York],Yes,2021-02-07,72531,Sunday
1804,<A>,30,2021-02-07T20:09:10-05:00[America/New_York],2021-02-07T20:09:40-05:00[America/New_York],Yes,2021-02-07,72550,Sunday
1804,C,16,2021-02-07T20:09:40-05:00[America/New_York],2021-02-07T20:09:56-05:00[America/New_York],Yes,2021-02-07,72580,Sunday
1804,<A>,60,2021-02-07T20:09:56-05:00[America/New_York],2021-02-07T20:10:56-05:00[America/New_York],Yes,2021-02-07,72596,Sunday
1804,B,16,2021-02-07T20:10:56-05:00[America/New_York],2021-02-07T20:11:12-05:00[America/New_York],Yes,2021-02-07,72656,Sunday
1804,<A>,30,2021-02-07T20:11:12-05:00[America/New_York],2021-02-07T20:11:42-05:00[America/New_York],Yes,2021-02-07,72672,Sunday
1804,C,21,2021-02-07T20:11:42-05:00[America/New_York],2021-02-07T20:12:03-05:00[America/New_York],Yes,2021-02-07,72702,Sunday
1804,<A>,32,2021-02-07T20:12:03-05:00[America/New_York],2021-02-07T20:12:35-05:00[America/New_York],Yes,2021-02-07,72723,Sunday
1804,B,15,2021-02-07T20:12:35-05:00[America/New_York],2021-02-07T20:12:50-05:00[America/New_York],Yes,2021-02-07,72755,Sunday
1804,<A>,30,2021-02-07T20:12:50-05:00[America/New_York],2021-02-07T20:13:20-05:00[America/New_York],Yes,2021-02-07,72770,Sunday
1804,C,16,2021-02-07T20:13:20-05:00[America/New_York],2021-02-07T20:13:36-05:00[America/New_York],Yes,2021-02-07,72800,Sunday
1804,<A>,34,2021-02-07T20:13:36-05:00[America/New_York],2021-02-07T20:14:10-05:00[America/New_York],Yes,2021-02-07,72816,Sunday
1804,B,15,2021-02-07T20:14:10-05:00[America/New_York],2021-02-07T20:14:25-05:00[America/New_York],NA,2021-02-07,72850,Sunday
1804,C,18,2021-02-07T20:14:25-05:00[America/New_York],2021-02-07T20:14:43-05:00[America/New_York],Yes,2021-02-07,72865,Sunday
1804,<A>,34,2021-02-07T20:14:43-05:00[America/New_York],2021-02-07T20:15:17-05:00[America/New_York],Yes,2021-02-07,72883,Sunday
1804,B,15,2021-02-07T20:15:17-05:00[America/New_York],2021-02-07T20:15:32-05:00[America/New_York],Yes,2021-02-07,72917,Sunday
1804,<A>,31,2021-02-07T20:15:32-05:00[America/New_York],2021-02-07T20:16:03-05:00[America/New_York],Yes,2021-02-07,72932,Sunday
1804,B,17,2021-02-07T20:16:03-05:00[America/New_York],2021-02-07T20:16:20-05:00[America/New_York],Yes,2021-02-07,72963,Sunday
1804,<A>,30,2021-02-07T20:16:20-05:00[America/New_York],2021-02-07T20:16:50-05:00[America/New_York],Yes,2021-02-07,72980,Sunday
1804,C,15,2021-02-07T20:16:50-05:00[America/New_York],2021-02-07T20:17:05-05:00[America/New_York],Yes,2021-02-07,73010,Sunday
1804,<A>,31,2021-02-07T20:17:05-05:00[America/New_York],2021-02-07T20:17:36-05:00[America/New_York],Yes,2021-02-07,73025,Sunday
1804,B,15,2021-02-07T20:17:36-05:00[America/New_York],2021-02-07T20:17:51-05:00[America/New_York],Yes,2021-02-07,73056,Sunday
1804,<A>,31,2021-02-07T20:17:51-05:00[America/New_York],2021-02-07T20:18:22-05:00[America/New_York],Yes,2021-02-07,73071,Sunday
1804,C,17,2021-02-07T20:18:22-05:00[America/New_York],2021-02-07T20:18:39-05:00[America/New_York],Yes,2021-02-07,73102,Sunday
1804,<A>,33,2021-02-07T20:18:39-05:00[America/New_York],2021-02-07T20:19:12-05:00[America/New_York],Yes,2021-02-07,73119,Sunday
1804,B,16,2021-02-07T20:19:12-05:00[America/New_York],2021-02-07T20:19:28-05:00[America/New_York],Yes,2021-02-07,73152,Sunday
1804,<A>,81,2021-02-07T20:19:28-05:00[America/New_York],2021-02-07T20:20:49-05:00[America/New_York],NA,2021-02-07,73168,Sunday
1804,C,15,2021-02-07T20:20:49-05:00[America/New_York],2021-02-07T20:21:04-05:00[America/New_York],Yes,2021-02-07,73249,Sunday
1804,<A>,35,2021-02-07T20:21:04-05:00[America/New_York],2021-02-07T20:21:39-05:00[America/New_York],Yes,2021-02-07,73264,Sunday
1804,B,16,2021-02-07T20:21:39-05:00[America/New_York],2021-02-07T20:21:55-05:00[America/New_York],Yes,2021-02-07,73299,Sunday
1804,<A>,32,2021-02-07T20:21:55-05:00[America/New_York],2021-02-07T20:22:27-05:00[America/New_York],Yes,2021-02-07,73315,Sunday
1804,C,16,2021-02-07T20:22:27-05:00[America/New_York],2021-02-07T20:22:43-05:00[America/New_York],Yes,2021-02-07,73347,Sunday
1804,<A>,43,2021-02-07T20:22:43-05:00[America/New_York],2021-02-07T20:23:26-05:00[America/New_York],Yes,2021-02-07,73363,Sunday
1804,B,15,2021-02-07T20:23:26-05:00[America/New_York],2021-02-07T20:23:41-05:00[America/New_York],Yes,2021-02-07,73406,Sunday
1804,<A>,70,2021-02-07T20:23:41-05:00[America/New_York],2021-02-07T20:24:51-05:00[America/New_York],NA,2021-02-07,73421,Sunday
1804,B,15,2021-02-07T20:24:51-05:00[America/New_York],2021-02-07T20:25:06-05:00[America/New_York],Yes,2021-02-07,73491,Sunday
1804,<A>,31,2021-02-07T20:25:06-05:00[America/New_York],2021-02-07T20:25:37-05:00[America/New_York],Yes,2021-02-07,73506,Sunday
1804,C,17,2021-02-07T20:25:37-05:00[America/New_York],2021-02-07T20:25:54-05:00[America/New_York],Yes,2021-02-07,73537,Sunday
1804,<A>,36,2021-02-07T20:25:54-05:00[America/New_York],2021-02-07T20:26:30-05:00[America/New_York],Yes,2021-02-07,73554,Sunday
1804,B,16,2021-02-07T20:26:30-05:00[America/New_York],2021-02-07T20:26:46-05:00[America/New_York],NA,2021-02-07,73590,Sunday
1804,C,16,2021-02-07T20:26:46-05:00[America/New_York],2021-02-07T20:27:02-05:00[America/New_York],Yes,2021-02-07,73606,Sunday
1804,<A>,30,2021-02-07T20:27:02-05:00[America/New_York],2021-02-07T20:27:32-05:00[America/New_York],Yes,2021-02-07,73622,Sunday
1804,B,16,2021-02-07T20:27:32-05:00[America/New_York],2021-02-07T20:27:48-05:00[America/New_York],Yes,2021-02-07,73652,Sunday
1804,<A>,42,2021-02-07T20:27:48-05:00[America/New_York],2021-02-07T20:28:30-05:00[America/New_York],Yes,2021-02-07,73668,Sunday
1804,B,15,2021-02-07T20:28:30-05:00[America/New_York],2021-02-07T20:28:45-05:00[America/New_York],NA,2021-02-07,73710,Sunday
1804,C,15,2021-02-07T20:28:45-05:00[America/New_York],2021-02-07T20:29:00-05:00[America/New_York],Yes,2021-02-07,73725,Sunday
1804,<A>,125,2021-02-07T20:29:00-05:00[America/New_York],2021-02-07T20:31:05-05:00[America/New_York],Yes,2021-02-07,73740,Sunday
1804,C,21,2021-02-07T20:31:05-05:00[America/New_York],2021-02-07T20:31:26-05:00[America/New_York],Yes,2021-02-07,73865,Sunday
1804,<A>,53,2021-02-07T20:31:26-05:00[America/New_York],2021-02-07T20:32:19-05:00[America/New_York],Yes,2021-02-07,73886,Sunday
1804,C,20,2021-02-07T20:32:19-05:00[America/New_York],2021-02-07T20:32:39-05:00[America/New_York],Yes,2021-02-07,73939,Sunday
1804,<A>,33,2021-02-07T20:32:39-05:00[America/New_York],2021-02-07T20:33:12-05:00[America/New_York],Yes,2021-02-07,73959,Sunday
1804,B,15,2021-02-07T20:33:12-05:00[America/New_York],2021-02-07T20:33:27-05:00[America/New_York],NA,2021-02-07,73992,Sunday
1804,C,16,2021-02-07T20:33:27-05:00[America/New_York],2021-02-07T20:33:43-05:00[America/New_York],Yes,2021-02-07,74007,Sunday
1804,<A>,38,2021-02-07T20:33:43-05:00[America/New_York],2021-02-07T20:34:21-05:00[America/New_York],Yes,2021-02-07,74023,Sunday
1804,B,15,2021-02-07T20:34:21-05:00[America/New_York],2021-02-07T20:34:36-05:00[America/New_York],Yes,2021-02-07,74061,Sunday
1804,<A>,63,2021-02-07T20:34:36-05:00[America/New_York],2021-02-07T20:35:39-05:00[America/New_York],NA,2021-02-07,74076,Sunday
1804,C,18,2021-02-07T20:35:39-05:00[America/New_York],2021-02-07T20:35:57-05:00[America/New_York],Yes,2021-02-07,74139,Sunday
1804,<A>,31,2021-02-07T20:35:57-05:00[America/New_York],2021-02-07T20:36:28-05:00[America/New_York],Yes,2021-02-07,74157,Sunday
1804,B,15,2021-02-07T20:36:28-05:00[America/New_York],2021-02-07T20:36:43-05:00[America/New_York],Yes,2021-02-07,74188,Sunday
1804,<A>,34,2021-02-07T20:36:43-05:00[America/New_York],2021-02-07T20:37:17-05:00[America/New_York],Yes,2021-02-07,74203,Sunday
1804,C,15,2021-02-07T20:37:17-05:00[America/New_York],2021-02-07T20:37:32-05:00[America/New_York],Yes,2021-02-07,74237,Sunday
1804,<A>,39,2021-02-07T20:37:32-05:00[America/New_York],2021-02-07T20:38:11-05:00[America/New_York],Yes,2021-02-07,74252,Sunday
1804,C,16,2021-02-07T20:38:11-05:00[America/New_York],2021-02-07T20:38:27-05:00[America/New_York],Yes,2021-02-07,74291,Sunday
1804,<A>,44,2021-02-07T20:38:27-05:00[America/New_York],2021-02-07T20:39:11-05:00[America/New_York],Yes,2021-02-07,74307,Sunday
1804,C,15,2021-02-07T20:39:11-05:00[America/New_York],2021-02-07T20:39:26-05:00[America/New_York],Yes,2021-02-07,74351,Sunday
1804,<A>,30,2021-02-07T20:39:26-05:00[America/New_York],2021-02-07T20:39:56-05:00[America/New_York],Yes,2021-02-07,74366,Sunday
1804,B,16,2021-02-07T20:39:56-05:00[America/New_York],2021-02-07T20:40:12-05:00[America/New_York],Yes,2021-02-07,74396,Sunday
1804,<A>,62,2021-02-07T20:40:12-05:00[America/New_York],2021-02-07T20:41:14-05:00[America/New_York],Yes,2021-02-07,74412,Sunday
1804,C,15,2021-02-07T20:41:14-05:00[America/New_York],2021-02-07T20:41:29-05:00[America/New_York],Yes,2021-02-07,74474,Sunday
1804,<A>,68,2021-02-07T20:41:29-05:00[America/New_York],2021-02-07T20:42:37-05:00[America/New_York],Yes,2021-02-07,74489,Sunday
1804,C,15,2021-02-07T20:42:37-05:00[America/New_York],2021-02-07T20:42:52-05:00[America/New_York],Yes,2021-02-07,74557,Sunday
1804,<A>,30,2021-02-07T20:42:52-05:00[America/New_York],2021-02-07T20:43:22-05:00[America/New_York],Yes,2021-02-07,74572,Sunday
1804,B,16,2021-02-07T20:43:22-05:00[America/New_York],2021-02-07T20:43:38-05:00[America/New_York],Yes,2021-02-07,74602,Sunday
1804,<A>,42,2021-02-07T20:43:38-05:00[America/New_York],2021-02-07T20:44:20-05:00[America/New_York],Yes,2021-02-07,74618,Sunday
1804,C,15,2021-02-07T20:44:20-05:00[America/New_York],2021-02-07T20:44:35-05:00[America/New_York],Yes,2021-02-07,74660,Sunday
1804,<A>,56,2021-02-07T20:44:35-05:00[America/New_York],2021-02-07T20:45:31-05:00[America/New_York],Yes,2021-02-07,74675,Sunday
1804,C,15,2021-02-07T20:45:31-05:00[America/New_York],2021-02-07T20:45:46-05:00[America/New_York],Yes,2021-02-07,74731,Sunday
1804,<A>,32,2021-02-07T20:45:46-05:00[America/New_York],2021-02-07T20:46:18-05:00[America/New_York],Yes,2021-02-07,74746,Sunday
1804,B,15,2021-02-07T20:46:18-05:00[America/New_York],2021-02-07T20:46:33-05:00[America/New_York],Yes,2021-02-07,74778,Sunday
1804,<A>,51,2021-02-07T20:46:33-05:00[America/New_York],2021-02-07T20:47:24-05:00[America/New_York],Yes,2021-02-07,74793,Sunday
1804,C,16,2021-02-07T20:47:24-05:00[America/New_York],2021-02-07T20:47:40-05:00[America/New_York],Yes,2021-02-07,74844,Sunday
1804,<A>,30,2021-02-07T20:47:40-05:00[America/New_York],2021-02-07T20:48:10-05:00[America/New_York],Yes,2021-02-07,74860,Sunday
1804,B,16,2021-02-07T20:48:10-05:00[America/New_York],2021-02-07T20:48:26-05:00[America/New_York],Yes,2021-02-07,74890,Sunday
1804,C,15,2021-02-07T20:48:26-05:00[America/New_York],2021-02-07T20:48:41-05:00[America/New_York],Yes,2021-02-07,74906,Sunday
1804,<A>,71,2021-02-07T20:48:41-05:00[America/New_York],2021-02-07T20:49:52-05:00[America/New_York],NA,2021-02-07,74921,Sunday
1804,C,15,2021-02-07T20:49:52-05:00[America/New_York],2021-02-07T20:50:07-05:00[America/New_York],Yes,2021-02-07,74992,Sunday
1804,<A>,35,2021-02-07T20:50:07-05:00[America/New_York],2021-02-07T20:50:42-05:00[America/New_York],Yes,2021-02-07,75007,Sunday
1804,C,15,2021-02-07T20:50:42-05:00[America/New_York],2021-02-07T20:50:57-05:00[America/New_York],Yes,2021-02-07,75042,Sunday
1804,<A>,31,2021-02-07T20:50:57-05:00[America/New_York],2021-02-07T20:51:28-05:00[America/New_York],Yes,2021-02-07,75057,Sunday
1804,C,19,2021-02-07T20:51:28-05:00[America/New_York],2021-02-07T20:51:47-05:00[America/New_York],Yes,2021-02-07,75088,Sunday
1804,<A>,103,2021-02-07T20:51:47-05:00[America/New_York],2021-02-07T20:53:30-05:00[America/New_York],NA,2021-02-07,75107,Sunday
1804,C,15,2021-02-07T20:53:30-05:00[America/New_York],2021-02-07T20:53:45-05:00[America/New_York],Yes,2021-02-07,75210,Sunday
1804,<A>,89,2021-02-07T20:53:45-05:00[America/New_York],2021-02-07T20:55:14-05:00[America/New_York],NA,2021-02-07,75225,Sunday
1804,C,17,2021-02-07T20:55:14-05:00[America/New_York],2021-02-07T20:55:31-05:00[America/New_York],Yes,2021-02-07,75314,Sunday
1804,<A>,31,2021-02-07T20:55:31-05:00[America/New_York],2021-02-07T20:56:02-05:00[America/New_York],Yes,2021-02-07,75331,Sunday
1804,B,17,2021-02-07T20:56:02-05:00[America/New_York],2021-02-07T20:56:19-05:00[America/New_York],NA,2021-02-07,75362,Sunday
1804,C,15,2021-02-07T20:56:19-05:00[America/New_York],2021-02-07T20:56:34-05:00[America/New_York],Yes,2021-02-07,75379,Sunday
1804,<A>,41,2021-02-07T20:56:34-05:00[America/New_York],2021-02-07T20:57:15-05:00[America/New_York],Yes,2021-02-07,75394,Sunday
1804,C,15,2021-02-07T20:57:15-05:00[America/New_York],2021-02-07T20:57:30-05:00[America/New_York],Yes,2021-02-07,75435,Sunday
1804,<A>,60,2021-02-07T20:57:30-05:00[America/New_York],2021-02-07T20:58:30-05:00[America/New_York],Yes,2021-02-07,75450,Sunday
1804,B,19,2021-02-07T20:58:30-05:00[America/New_York],2021-02-07T20:58:49-05:00[America/New_York],Yes,2021-02-07,75510,Sunday
1804,<A>,33,2021-02-07T20:58:49-05:00[America/New_York],2021-02-07T20:59:22-05:00[America/New_York],Yes,2021-02-07,75529,Sunday
1804,C,16,2021-02-07T20:59:22-05:00[America/New_York],2021-02-07T20:59:38-05:00[America/New_York],Yes,2021-02-07,75562,Sunday
1804,<A>,30,2021-02-07T20:59:38-05:00[America/New_York],2021-02-07T21:00:08-05:00[America/New_York],Yes,2021-02-07,75578,Sunday
1804,C,16,2021-02-07T21:00:08-05:00[America/New_York],2021-02-07T21:00:24-05:00[America/New_York],Yes,2021-02-07,75608,Sunday
1804,<A>,36,2021-02-07T21:00:24-05:00[America/New_York],2021-02-07T21:01:00-05:00[America/New_York],Yes,2021-02-07,75624,Sunday
1804,B,15,2021-02-07T21:01:00-05:00[America/New_York],2021-02-07T21:01:15-05:00[America/New_York],Yes,2021-02-07,75660,Sunday
1804,<A>,31,2021-02-07T21:01:15-05:00[America/New_York],2021-02-07T21:01:46-05:00[America/New_York],Yes,2021-02-07,75675,Sunday
1804,B,15,2021-02-07T21:01:46-05:00[America/New_York],2021-02-07T21:02:01-05:00[America/New_York],Yes,2021-02-07,75706,Sunday
1804,<A>,33,2021-02-07T21:02:01-05:00[America/New_York],2021-02-07T21:02:34-05:00[America/New_York],Yes,2021-02-07,75721,Sunday
1804,C,18,2021-02-07T21:02:34-05:00[America/New_York],2021-02-07T21:02:52-05:00[America/New_York],Yes,2021-02-07,75754,Sunday
1804,<A>,52,2021-02-07T21:02:52-05:00[America/New_York],2021-02-07T21:03:44-05:00[America/New_York],Yes,2021-02-07,75772,Sunday
1804,C,16,2021-02-07T21:03:44-05:00[America/New_York],2021-02-07T21:04:00-05:00[America/New_York],Yes,2021-02-07,75824,Sunday
1804,<A>,118,2021-02-07T21:04:00-05:00[America/New_York],2021-02-07T21:05:58-05:00[America/New_York],Yes,2021-02-07,75840,Sunday
1804,B,16,2021-02-07T21:05:58-05:00[America/New_York],2021-02-07T21:06:14-05:00[America/New_York],Yes,2021-02-07,75958,Sunday
1804,<A>,53,2021-02-07T21:06:14-05:00[America/New_York],2021-02-07T21:07:07-05:00[America/New_York],Yes,2021-02-07,75974,Sunday
1804,C,15,2021-02-07T21:07:07-05:00[America/New_York],2021-02-07T21:07:22-05:00[America/New_York],Yes,2021-02-07,76027,Sunday
1804,<A>,31,2021-02-07T21:07:22-05:00[America/New_York],2021-02-07T21:07:53-05:00[America/New_York],Yes,2021-02-07,76042,Sunday
1804,B,15,2021-02-07T21:07:53-05:00[America/New_York],2021-02-07T21:08:08-05:00[America/New_York],NA,2021-02-07,76073,Sunday
1804,C,15,2021-02-07T21:08:08-05:00[America/New_York],2021-02-07T21:08:23-05:00[America/New_York],Yes,2021-02-07,76088,Sunday
1804,<A>,31,2021-02-07T21:08:23-05:00[America/New_York],2021-02-07T21:08:54-05:00[America/New_York],Yes,2021-02-07,76103,Sunday
1804,B,16,2021-02-07T21:08:54-05:00[America/New_York],2021-02-07T21:09:10-05:00[America/New_York],NA,2021-02-07,76134,Sunday
1804,C,19,2021-02-07T21:09:10-05:00[America/New_York],2021-02-07T21:09:29-05:00[America/New_York],Yes,2021-02-07,76150,Sunday
1804,<A>,30,2021-02-07T21:09:29-05:00[America/New_York],2021-02-07T21:09:59-05:00[America/New_York],Yes,2021-02-07,76169,Sunday
1804,B,16,2021-02-07T21:09:59-05:00[America/New_York],2021-02-07T21:10:15-05:00[America/New_York],Yes,2021-02-07,76199,Sunday
1804,<A>,30,2021-02-07T21:10:15-05:00[America/New_York],2021-02-07T21:10:45-05:00[America/New_York],Yes,2021-02-07,76215,Sunday
1804,C,16,2021-02-07T21:10:45-05:00[America/New_York],2021-02-07T21:11:01-05:00[America/New_York],Yes,2021-02-07,76245,Sunday
1804,<A>,33,2021-02-07T21:11:01-05:00[America/New_York],2021-02-07T21:11:34-05:00[America/New_York],Yes,2021-02-07,76261,Sunday
1804,B,17,2021-02-07T21:11:34-05:00[America/New_York],2021-02-07T21:11:51-05:00[America/New_York],NA,2021-02-07,76294,Sunday
1804,C,15,2021-02-07T21:11:51-05:00[America/New_York],2021-02-07T21:12:06-05:00[America/New_York],Yes,2021-02-07,76311,Sunday
1804,<A>,61,2021-02-07T21:12:06-05:00[America/New_York],2021-02-07T21:13:07-05:00[America/New_York],Yes,2021-02-07,76326,Sunday
1804,B,15,2021-02-07T21:13:07-05:00[America/New_York],2021-02-07T21:13:22-05:00[America/New_York],NA,2021-02-07,76387,Sunday
1804,C,15,2021-02-07T21:13:22-05:00[America/New_York],2021-02-07T21:13:37-05:00[America/New_York],Yes,2021-02-07,76402,Sunday
1804,<A>,48,2021-02-07T21:13:37-05:00[America/New_York],2021-02-07T21:14:25-05:00[America/New_York],Yes,2021-02-07,76417,Sunday
1804,C,15,2021-02-07T21:14:25-05:00[America/New_York],2021-02-07T21:14:40-05:00[America/New_York],Yes,2021-02-07,76465,Sunday
1804,<A>,43,2021-02-07T21:14:40-05:00[America/New_York],2021-02-07T21:15:23-05:00[America/New_York],Yes,2021-02-07,76480,Sunday
1804,B,15,2021-02-07T21:15:23-05:00[America/New_York],2021-02-07T21:15:38-05:00[America/New_York],Yes,2021-02-07,76523,Sunday
1804,<A>,166,2021-02-07T21:15:38-05:00[America/New_York],2021-02-07T21:18:24-05:00[America/New_York],NA,2021-02-07,76538,Sunday
1804,C,15,2021-02-07T21:18:24-05:00[America/New_York],2021-02-07T21:18:39-05:00[America/New_York],Yes,2021-02-07,76704,Sunday
1804,<A>,117,2021-02-07T21:18:39-05:00[America/New_York],2021-02-07T21:20:36-05:00[America/New_York],Yes,2021-02-07,76719,Sunday
1804,C,15,2021-02-07T21:20:36-05:00[America/New_York],2021-02-07T21:20:51-05:00[America/New_York],Yes,2021-02-07,76836,Sunday
1804,<A>,70,2021-02-07T21:20:51-05:00[America/New_York],2021-02-07T21:22:01-05:00[America/New_York],NA,2021-02-07,76851,Sunday
1804,C,15,2021-02-07T21:22:01-05:00[America/New_York],2021-02-07T21:22:16-05:00[America/New_York],Yes,2021-02-07,76921,Sunday
1804,<A>,55,2021-02-07T21:22:16-05:00[America/New_York],2021-02-07T21:23:11-05:00[America/New_York],Yes,2021-02-07,76936,Sunday
1804,C,16,2021-02-07T21:23:11-05:00[America/New_York],2021-02-07T21:23:27-05:00[America/New_York],Yes,2021-02-07,76991,Sunday
1804,<A>,58,2021-02-07T21:23:27-05:00[America/New_York],2021-02-07T21:24:25-05:00[America/New_York],Yes,2021-02-07,77007,Sunday
1804,B,16,2021-02-07T21:24:25-05:00[America/New_York],2021-02-07T21:24:41-05:00[America/New_York],Yes,2021-02-07,77065,Sunday
1804,<A>,35,2021-02-07T21:24:41-05:00[America/New_York],2021-02-07T21:25:16-05:00[America/New_York],Yes,2021-02-07,77081,Sunday
1804,C,17,2021-02-07T21:25:16-05:00[America/New_York],2021-02-07T21:25:33-05:00[America/New_York],Yes,2021-02-07,77116,Sunday
1804,<A>,34,2021-02-07T21:25:33-05:00[America/New_York],2021-02-07T21:26:07-05:00[America/New_York],Yes,2021-02-07,77133,Sunday
1804,B,15,2021-02-07T21:26:07-05:00[America/New_York],2021-02-07T21:26:22-05:00[America/New_York],Yes,2021-02-07,77167,Sunday
1804,<A>,52,2021-02-07T21:26:22-05:00[America/New_York],2021-02-07T21:27:14-05:00[America/New_York],Yes,2021-02-07,77182,Sunday
1804,C,17,2021-02-07T21:27:14-05:00[America/New_York],2021-02-07T21:27:31-05:00[America/New_York],Yes,2021-02-07,77234,Sunday
1804,<A>,135,2021-02-07T21:27:31-05:00[America/New_York],2021-02-07T21:29:46-05:00[America/New_York],Yes,2021-02-07,77251,Sunday
1804,C,15,2021-02-07T21:29:46-05:00[America/New_York],2021-02-07T21:30:01-05:00[America/New_York],Yes,2021-02-07,77386,Sunday
1804,<A>,177,2021-02-07T21:30:01-05:00[America/New_York],2021-02-07T21:32:58-05:00[America/New_York],NA,2021-02-07,77401,Sunday
1804,B,15,2021-02-07T21:32:58-05:00[America/New_York],2021-02-07T21:33:13-05:00[America/New_York],Yes,2021-02-07,77578,Sunday
1804,<A>,32,2021-02-07T21:33:13-05:00[America/New_York],2021-02-07T21:33:45-05:00[America/New_York],Yes,2021-02-07,77593,Sunday
1804,C,16,2021-02-07T21:33:45-05:00[America/New_York],2021-02-07T21:34:01-05:00[America/New_York],Yes,2021-02-07,77625,Sunday
1804,<A>,30,2021-02-07T21:34:01-05:00[America/New_York],2021-02-07T21:34:31-05:00[America/New_York],Yes,2021-02-07,77641,Sunday
1804,C,16,2021-02-07T21:34:31-05:00[America/New_York],2021-02-07T21:34:47-05:00[America/New_York],Yes,2021-02-07,77671,Sunday
1804,<A>,76,2021-02-07T21:34:47-05:00[America/New_York],2021-02-07T21:36:03-05:00[America/New_York],NA,2021-02-07,77687,Sunday
1804,B,15,2021-02-07T21:36:03-05:00[America/New_York],2021-02-07T21:36:18-05:00[America/New_York],Yes,2021-02-07,77763,Sunday
1804,<A>,30,2021-02-07T21:36:18-05:00[America/New_York],2021-02-07T21:36:48-05:00[America/New_York],Yes,2021-02-07,77778,Sunday
1804,B,16,2021-02-07T21:36:48-05:00[America/New_York],2021-02-07T21:37:04-05:00[America/New_York],NA,2021-02-07,77808,Sunday
1804,C,16,2021-02-07T21:37:04-05:00[America/New_York],2021-02-07T21:37:20-05:00[America/New_York],Yes,2021-02-07,77824,Sunday
1804,<A>,95,2021-02-07T21:37:20-05:00[America/New_York],2021-02-07T21:38:55-05:00[America/New_York],NA,2021-02-07,77840,Sunday
1804,C,15,2021-02-07T21:38:55-05:00[America/New_York],2021-02-07T21:39:10-05:00[America/New_York],Yes,2021-02-07,77935,Sunday
1804,<A>,32,2021-02-07T21:39:10-05:00[America/New_York],2021-02-07T21:39:42-05:00[America/New_York],Yes,2021-02-07,77950,Sunday
1804,B,16,2021-02-07T21:39:42-05:00[America/New_York],2021-02-07T21:39:58-05:00[America/New_York],Yes,2021-02-07,77982,Sunday
1804,<A>,30,2021-02-07T21:39:58-05:00[America/New_York],2021-02-07T21:40:28-05:00[America/New_York],Yes,2021-02-07,77998,Sunday
1804,B,16,2021-02-07T21:40:28-05:00[America/New_York],2021-02-07T21:40:44-05:00[America/New_York],Yes,2021-02-07,78028,Sunday
1804,<A>,43,2021-02-07T21:40:44-05:00[America/New_York],2021-02-07T21:41:27-05:00[America/New_York],Yes,2021-02-07,78044,Sunday
1804,C,15,2021-02-07T21:41:27-05:00[America/New_York],2021-02-07T21:41:42-05:00[America/New_York],Yes,2021-02-07,78087,Sunday
1804,<A>,46,2021-02-07T21:41:42-05:00[America/New_York],2021-02-07T21:42:28-05:00[America/New_York],Yes,2021-02-07,78102,Sunday
1804,C,21,2021-02-07T21:42:28-05:00[America/New_York],2021-02-07T21:42:49-05:00[America/New_York],Yes,2021-02-07,78148,Sunday
1804,<A>,98,2021-02-07T21:42:49-05:00[America/New_York],2021-02-07T21:44:27-05:00[America/New_York],NA,2021-02-07,78169,Sunday
1804,C,15,2021-02-07T21:44:27-05:00[America/New_York],2021-02-07T21:44:42-05:00[America/New_York],Yes,2021-02-07,78267,Sunday
1804,<A>,106,2021-02-07T21:44:42-05:00[America/New_York],2021-02-07T21:46:28-05:00[America/New_York],Yes,2021-02-07,78282,Sunday
1804,C,15,2021-02-07T21:46:28-05:00[America/New_York],2021-02-07T21:46:43-05:00[America/New_York],Yes,2021-02-07,78388,Sunday
1804,<A>,197,2021-02-07T21:46:43-05:00[America/New_York],2021-02-07T21:50:00-05:00[America/New_York],NA,2021-02-07,78403,Sunday
1804,C,15,2021-02-07T21:50:00-05:00[America/New_York],2021-02-07T21:50:15-05:00[America/New_York],Yes,2021-02-07,78600,Sunday
1804,<A>,111,2021-02-07T21:50:15-05:00[America/New_York],2021-02-07T21:52:06-05:00[America/New_York],Yes,2021-02-07,78615,Sunday
1804,C,15,2021-02-07T21:52:06-05:00[America/New_York],2021-02-07T21:52:21-05:00[America/New_York],Yes,2021-02-07,78726,Sunday
1804,<A>,33,2021-02-07T21:52:21-05:00[America/New_York],2021-02-07T21:52:54-05:00[America/New_York],Yes,2021-02-07,78741,Sunday
1804,B,16,2021-02-07T21:52:54-05:00[America/New_York],2021-02-07T21:53:10-05:00[America/New_York],Yes,2021-02-07,78774,Sunday
1804,<A>,121,2021-02-07T21:53:10-05:00[America/New_York],2021-02-07T21:55:11-05:00[America/New_York],Yes,2021-02-07,78790,Sunday
1804,C,15,2021-02-07T21:55:11-05:00[America/New_York],2021-02-07T21:55:26-05:00[America/New_York],Yes,2021-02-07,78911,Sunday
1804,<A>,30,2021-02-07T21:55:26-05:00[America/New_York],2021-02-07T21:55:56-05:00[America/New_York],Yes,2021-02-07,78926,Sunday
1804,B,17,2021-02-07T21:55:56-05:00[America/New_York],2021-02-07T21:56:13-05:00[America/New_York],NA,2021-02-07,78956,Sunday
1804,C,15,2021-02-07T21:56:13-05:00[America/New_York],2021-02-07T21:56:28-05:00[America/New_York],Yes,2021-02-07,78973,Sunday
1804,<A>,85,2021-02-07T21:56:28-05:00[America/New_York],2021-02-07T21:57:53-05:00[America/New_York],NA,2021-02-07,78988,Sunday
1804,C,15,2021-02-07T21:57:53-05:00[America/New_York],2021-02-07T21:58:08-05:00[America/New_York],Yes,2021-02-07,79073,Sunday
1804,<A>,30,2021-02-07T21:58:08-05:00[America/New_York],2021-02-07T21:58:38-05:00[America/New_York],Yes,2021-02-07,79088,Sunday
1804,B,16,2021-02-07T21:58:38-05:00[America/New_York],2021-02-07T21:58:54-05:00[America/New_York],Yes,2021-02-07,79118,Sunday
1804,<A>,83,2021-02-07T21:58:54-05:00[America/New_York],2021-02-07T22:00:17-05:00[America/New_York],NA,2021-02-07,79134,Sunday
1804,B,15,2021-02-07T22:00:17-05:00[America/New_York],2021-02-07T22:00:32-05:00[America/New_York],Yes,2021-02-07,79217,Sunday
1804,<A>,76,2021-02-07T22:00:32-05:00[America/New_York],2021-02-07T22:01:48-05:00[America/New_York],Yes,2021-02-07,79232,Sunday
1804,B,15,2021-02-07T22:01:48-05:00[America/New_York],2021-02-07T22:02:03-05:00[America/New_York],NA,2021-02-07,79308,Sunday
1804,C,16,2021-02-07T22:02:03-05:00[America/New_York],2021-02-07T22:02:19-05:00[America/New_York],NA,2021-02-07,79323,Sunday
1804,<A>,126,2021-02-07T22:02:19-05:00[America/New_York],2021-02-07T22:04:25-05:00[America/New_York],Yes,2021-02-07,79339,Sunday
1804,B,15,2021-02-07T22:04:25-05:00[America/New_York],2021-02-07T22:04:40-05:00[America/New_York],Yes,2021-02-07,79465,Sunday
1804,<A>,124,2021-02-07T22:04:40-05:00[America/New_York],2021-02-07T22:06:44-05:00[America/New_York],Yes,2021-02-07,79480,Sunday
1804,B,15,2021-02-07T22:06:44-05:00[America/New_York],2021-02-07T22:06:59-05:00[America/New_York],NA,2021-02-07,79604,Sunday
1804,C,15,2021-02-07T22:06:59-05:00[America/New_York],2021-02-07T22:07:14-05:00[America/New_York],Yes,2021-02-07,79619,Sunday
1804,<A>,120,2021-02-07T22:07:14-05:00[America/New_York],2021-02-07T22:09:14-05:00[America/New_York],Yes,2021-02-07,79634,Sunday
1804,B,15,2021-02-07T22:09:14-05:00[America/New_York],2021-02-07T22:09:29-05:00[America/New_York],Yes,2021-02-07,79754,Sunday
1804,<A>,211,2021-02-07T22:09:29-05:00[America/New_York],2021-02-07T22:13:00-05:00[America/New_York],Yes,2021-02-07,79769,Sunday
1804,B,15,2021-02-07T22:13:00-05:00[America/New_York],2021-02-07T22:13:15-05:00[America/New_York],Yes,2021-02-07,79980,Sunday
1804,<A>,145,2021-02-07T22:13:15-05:00[America/New_York],2021-02-07T22:15:40-05:00[America/New_York],Yes,2021-02-07,79995,Sunday
1804,B,15,2021-02-07T22:15:40-05:00[America/New_York],2021-02-07T22:15:55-05:00[America/New_York],Yes,2021-02-07,80140,Sunday
1804,<A>,31,2021-02-07T22:15:55-05:00[America/New_York],2021-02-07T22:16:26-05:00[America/New_York],Yes,2021-02-07,80155,Sunday
1804,B,18,2021-02-07T22:16:26-05:00[America/New_York],2021-02-07T22:16:44-05:00[America/New_York],Yes,2021-02-07,80186,Sunday
1804,<A>,47,2021-02-07T22:16:44-05:00[America/New_York],2021-02-07T22:17:31-05:00[America/New_York],Yes,2021-02-07,80204,Sunday
1804,C,16,2021-02-07T22:17:31-05:00[America/New_York],2021-02-07T22:17:47-05:00[America/New_York],Yes,2021-02-07,80251,Sunday
1804,<A>,31,2021-02-07T22:17:47-05:00[America/New_York],2021-02-07T22:18:18-05:00[America/New_York],Yes,2021-02-07,80267,Sunday
1804,B,15,2021-02-07T22:18:18-05:00[America/New_York],2021-02-07T22:18:33-05:00[America/New_York],Yes,2021-02-07,80298,Sunday
1804,<A>,31,2021-02-07T22:18:33-05:00[America/New_York],2021-02-07T22:19:04-05:00[America/New_York],Yes,2021-02-07,80313,Sunday
1804,B,15,2021-02-07T22:19:04-05:00[America/New_York],2021-02-07T22:19:19-05:00[America/New_York],NA,2021-02-07,80344,Sunday
1804,C,15,2021-02-07T22:19:19-05:00[America/New_York],2021-02-07T22:19:34-05:00[America/New_York],Yes,2021-02-07,80359,Sunday
1804,<A>,41,2021-02-07T22:19:34-05:00[America/New_York],2021-02-07T22:20:15-05:00[America/New_York],Yes,2021-02-07,80374,Sunday
1804,B,15,2021-02-07T22:20:15-05:00[America/New_York],2021-02-07T22:20:30-05:00[America/New_York],Yes,2021-02-07,80415,Sunday
1804,<A>,31,2021-02-07T22:20:30-05:00[America/New_York],2021-02-07T22:21:01-05:00[America/New_York],Yes,2021-02-07,80430,Sunday
1804,C,20,2021-02-07T22:21:01-05:00[America/New_York],2021-02-07T22:21:21-05:00[America/New_York],Yes,2021-02-07,80461,Sunday
1804,<A>,31,2021-02-07T22:21:21-05:00[America/New_York],2021-02-07T22:21:52-05:00[America/New_York],Yes,2021-02-07,80481,Sunday
1804,B,16,2021-02-07T22:21:52-05:00[America/New_York],2021-02-07T22:22:08-05:00[America/New_York],Yes,2021-02-07,80512,Sunday
1804,<A>,35,2021-02-07T22:22:08-05:00[America/New_York],2021-02-07T22:22:43-05:00[America/New_York],Yes,2021-02-07,80528,Sunday
1804,C,20,2021-02-07T22:22:43-05:00[America/New_York],2021-02-07T22:23:03-05:00[America/New_York],Yes,2021-02-07,80563,Sunday
1804,<A>,30,2021-02-07T22:23:03-05:00[America/New_York],2021-02-07T22:23:33-05:00[America/New_York],Yes,2021-02-07,80583,Sunday
1804,C,15,2021-02-07T22:23:33-05:00[America/New_York],2021-02-07T22:23:48-05:00[America/New_York],Yes,2021-02-07,80613,Sunday
1804,<A>,31,2021-02-07T22:23:48-05:00[America/New_York],2021-02-07T22:24:19-05:00[America/New_York],Yes,2021-02-07,80628,Sunday
1804,B,18,2021-02-07T22:24:19-05:00[America/New_York],2021-02-07T22:24:37-05:00[America/New_York],Yes,2021-02-07,80659,Sunday
1804,<A>,31,2021-02-07T22:24:37-05:00[America/New_York],2021-02-07T22:25:08-05:00[America/New_York],Yes,2021-02-07,80677,Sunday
1804,C,15,2021-02-07T22:25:08-05:00[America/New_York],2021-02-07T22:25:23-05:00[America/New_York],Yes,2021-02-07,80708,Sunday
1804,<A>,37,2021-02-07T22:25:23-05:00[America/New_York],2021-02-07T22:26:00-05:00[America/New_York],Yes,2021-02-07,80723,Sunday
1804,B,15,2021-02-07T22:26:00-05:00[America/New_York],2021-02-07T22:26:15-05:00[America/New_York],Yes,2021-02-07,80760,Sunday
1804,<A>,32,2021-02-07T22:26:15-05:00[America/New_York],2021-02-07T22:26:47-05:00[America/New_York],Yes,2021-02-07,80775,Sunday
1804,B,15,2021-02-07T22:26:47-05:00[America/New_York],2021-02-07T22:27:02-05:00[America/New_York],Yes,2021-02-07,80807,Sunday
1804,<A>,118,2021-02-07T22:27:02-05:00[America/New_York],2021-02-07T22:29:00-05:00[America/New_York],Yes,2021-02-07,80822,Sunday
1804,C,15,2021-02-07T22:29:00-05:00[America/New_York],2021-02-07T22:29:15-05:00[America/New_York],Yes,2021-02-07,80940,Sunday
1804,<A>,81,2021-02-07T22:29:15-05:00[America/New_York],2021-02-07T22:30:36-05:00[America/New_York],NA,2021-02-07,80955,Sunday
1804,C,18,2021-02-07T22:30:36-05:00[America/New_York],2021-02-07T22:30:54-05:00[America/New_York],Yes,2021-02-07,81036,Sunday
1804,<A>,159,2021-02-07T22:30:54-05:00[America/New_York],2021-02-07T22:33:33-05:00[America/New_York],Yes,2021-02-07,81054,Sunday
1804,B,18,2021-02-07T22:33:33-05:00[America/New_York],2021-02-07T22:33:51-05:00[America/New_York],Yes,2021-02-07,81213,Sunday
1804,<A>,88,2021-02-07T22:33:51-05:00[America/New_York],2021-02-07T22:35:19-05:00[America/New_York],NA,2021-02-07,81231,Sunday
1804,B,15,2021-02-07T22:35:19-05:00[America/New_York],2021-02-07T22:35:34-05:00[America/New_York],Yes,2021-02-07,81319,Sunday
1804,<A>,41,2021-02-07T22:35:34-05:00[America/New_York],2021-02-07T22:36:15-05:00[America/New_York],Yes,2021-02-07,81334,Sunday
1804,B,15,2021-02-07T22:36:15-05:00[America/New_York],2021-02-07T22:36:30-05:00[America/New_York],Yes,2021-02-07,81375,Sunday
1804,C,19,2021-02-07T22:36:30-05:00[America/New_York],2021-02-07T22:36:49-05:00[America/New_York],Yes,2021-02-07,81390,Sunday
1804,<A>,43,2021-02-07T22:36:49-05:00[America/New_York],2021-02-07T22:37:32-05:00[America/New_York],Yes,2021-02-07,81409,Sunday
1804,B,15,2021-02-07T22:37:32-05:00[America/New_York],2021-02-07T22:37:47-05:00[America/New_York],Yes,2021-02-07,81452,Sunday
1804,<A>,45,2021-02-07T22:37:47-05:00[America/New_York],2021-02-07T22:38:32-05:00[America/New_York],Yes,2021-02-07,81467,Sunday
1804,B,15,2021-02-07T22:38:32-05:00[America/New_York],2021-02-07T22:38:47-05:00[America/New_York],Yes,2021-02-07,81512,Sunday
1804,<A>,32,2021-02-07T22:38:47-05:00[America/New_York],2021-02-07T22:39:19-05:00[America/New_York],Yes,2021-02-07,81527,Sunday
1804,C,15,2021-02-07T22:39:19-05:00[America/New_York],2021-02-07T22:39:34-05:00[America/New_York],Yes,2021-02-07,81559,Sunday
1804,<A>,33,2021-02-07T22:39:34-05:00[America/New_York],2021-02-07T22:40:07-05:00[America/New_York],Yes,2021-02-07,81574,Sunday
1804,C,16,2021-02-07T22:40:07-05:00[America/New_York],2021-02-07T22:40:23-05:00[America/New_York],Yes,2021-02-07,81607,Sunday
1804,<A>,37,2021-02-07T22:40:23-05:00[America/New_York],2021-02-07T22:41:00-05:00[America/New_York],Yes,2021-02-07,81623,Sunday
1804,B,16,2021-02-07T22:41:00-05:00[America/New_York],2021-02-07T22:41:16-05:00[America/New_York],Yes,2021-02-07,81660,Sunday
1804,<A>,143,2021-02-07T22:41:16-05:00[America/New_York],2021-02-07T22:43:39-05:00[America/New_York],Yes,2021-02-07,81676,Sunday
1804,B,15,2021-02-07T22:43:39-05:00[America/New_York],2021-02-07T22:43:54-05:00[America/New_York],Yes,2021-02-07,81819,Sunday
1804,<A>,61,2021-02-07T22:43:54-05:00[America/New_York],2021-02-07T22:44:55-05:00[America/New_York],Yes,2021-02-07,81834,Sunday
1804,C,15,2021-02-07T22:44:55-05:00[America/New_York],2021-02-07T22:45:10-05:00[America/New_York],Yes,2021-02-07,81895,Sunday
1804,<A>,31,2021-02-07T22:45:10-05:00[America/New_York],2021-02-07T22:45:41-05:00[America/New_York],Yes,2021-02-07,81910,Sunday
1804,C,15,2021-02-07T22:45:41-05:00[America/New_York],2021-02-07T22:45:56-05:00[America/New_York],Yes,2021-02-07,81941,Sunday
1804,<A>,69,2021-02-07T22:45:56-05:00[America/New_York],2021-02-07T22:47:05-05:00[America/New_York],NA,2021-02-07,81956,Sunday
1804,C,15,2021-02-07T22:47:05-05:00[America/New_York],2021-02-07T22:47:20-05:00[America/New_York],Yes,2021-02-07,82025,Sunday
1804,<A>,35,2021-02-07T22:47:20-05:00[America/New_York],2021-02-07T22:47:55-05:00[America/New_York],Yes,2021-02-07,82040,Sunday
1804,B,19,2021-02-07T22:47:55-05:00[America/New_York],2021-02-07T22:48:14-05:00[America/New_York],Yes,2021-02-07,82075,Sunday
1804,<A>,39,2021-02-07T22:48:14-05:00[America/New_York],2021-02-07T22:48:53-05:00[America/New_York],Yes,2021-02-07,82094,Sunday
1804,B,15,2021-02-07T22:48:53-05:00[America/New_York],2021-02-07T22:49:08-05:00[America/New_York],Yes,2021-02-07,82133,Sunday
1804,<A>,31,2021-02-07T22:49:08-05:00[America/New_York],2021-02-07T22:49:39-05:00[America/New_York],Yes,2021-02-07,82148,Sunday
1804,B,15,2021-02-07T22:49:39-05:00[America/New_York],2021-02-07T22:49:54-05:00[America/New_York],Yes,2021-02-07,82179,Sunday
1804,<A>,117,2021-02-07T22:49:54-05:00[America/New_York],2021-02-07T22:51:51-05:00[America/New_York],Yes,2021-02-07,82194,Sunday
1804,B,15,2021-02-07T22:51:51-05:00[America/New_York],2021-02-07T22:52:06-05:00[America/New_York],Yes,2021-02-07,82311,Sunday
1804,<A>,33,2021-02-07T22:52:06-05:00[America/New_York],2021-02-07T22:52:39-05:00[America/New_York],Yes,2021-02-07,82326,Sunday
1804,B,15,2021-02-07T22:52:39-05:00[America/New_York],2021-02-07T22:52:54-05:00[America/New_York],Yes,2021-02-07,82359,Sunday
1804,<A>,31,2021-02-07T22:52:54-05:00[America/New_York],2021-02-07T22:53:25-05:00[America/New_York],Yes,2021-02-07,82374,Sunday
1804,C,15,2021-02-07T22:53:25-05:00[America/New_York],2021-02-07T22:53:40-05:00[America/New_York],Yes,2021-02-07,82405,Sunday
1804,<A>,92,2021-02-07T22:53:40-05:00[America/New_York],2021-02-07T22:55:12-05:00[America/New_York],NA,2021-02-07,82420,Sunday
1804,C,18,2021-02-07T22:55:12-05:00[America/New_York],2021-02-07T22:55:30-05:00[America/New_York],Yes,2021-02-07,82512,Sunday
1804,<A>,55,2021-02-07T22:55:30-05:00[America/New_York],2021-02-07T22:56:25-05:00[America/New_York],Yes,2021-02-07,82530,Sunday
1804,C,15,2021-02-07T22:56:25-05:00[America/New_York],2021-02-07T22:56:40-05:00[America/New_York],Yes,2021-02-07,82585,Sunday
1804,<A>,47,2021-02-07T22:56:40-05:00[America/New_York],2021-02-07T22:57:27-05:00[America/New_York],Yes,2021-02-07,82600,Sunday
1804,C,15,2021-02-07T22:57:27-05:00[America/New_York],2021-02-07T22:57:42-05:00[America/New_York],Yes,2021-02-07,82647,Sunday
1804,<A>,41,2021-02-07T22:57:42-05:00[America/New_York],2021-02-07T22:58:23-05:00[America/New_York],Yes,2021-02-07,82662,Sunday
1804,C,16,2021-02-07T22:58:23-05:00[America/New_York],2021-02-07T22:58:39-05:00[America/New_York],Yes,2021-02-07,82703,Sunday
1804,<A>,49,2021-02-07T22:58:39-05:00[America/New_York],2021-02-07T22:59:28-05:00[America/New_York],Yes,2021-02-07,82719,Sunday
1804,C,23,2021-02-07T22:59:28-05:00[America/New_York],2021-02-07T22:59:51-05:00[America/New_York],Yes,2021-02-07,82768,Sunday
1804,<A>,135,2021-02-07T22:59:51-05:00[America/New_York],2021-02-07T23:02:06-05:00[America/New_York],Yes,2021-02-07,82791,Sunday
1804,C,15,2021-02-07T23:02:06-05:00[America/New_York],2021-02-07T23:02:21-05:00[America/New_York],Yes,2021-02-07,82926,Sunday
1804,<A>,31,2021-02-07T23:02:21-05:00[America/New_York],2021-02-07T23:02:52-05:00[America/New_York],Yes,2021-02-07,82941,Sunday
1804,C,17,2021-02-07T23:02:52-05:00[America/New_York],2021-02-07T23:03:09-05:00[America/New_York],Yes,2021-02-07,82972,Sunday
1804,<A>,31,2021-02-07T23:03:09-05:00[America/New_York],2021-02-07T23:03:40-05:00[America/New_York],Yes,2021-02-07,82989,Sunday
1804,B,17,2021-02-07T23:03:40-05:00[America/New_York],2021-02-07T23:03:57-05:00[America/New_York],Yes,2021-02-07,83020,Sunday
1804,<A>,30,2021-02-07T23:03:57-05:00[America/New_York],2021-02-07T23:04:27-05:00[America/New_York],Yes,2021-02-07,83037,Sunday
1804,B,16,2021-02-07T23:04:27-05:00[America/New_York],2021-02-07T23:04:43-05:00[America/New_York],NA,2021-02-07,83067,Sunday
1804,C,15,2021-02-07T23:04:43-05:00[America/New_York],2021-02-07T23:04:58-05:00[America/New_York],Yes,2021-02-07,83083,Sunday
1804,<A>,33,2021-02-07T23:04:58-05:00[America/New_York],2021-02-07T23:05:31-05:00[America/New_York],Yes,2021-02-07,83098,Sunday
1804,B,16,2021-02-07T23:05:31-05:00[America/New_York],2021-02-07T23:05:47-05:00[America/New_York],NA,2021-02-07,83131,Sunday
1804,C,18,2021-02-07T23:05:47-05:00[America/New_York],2021-02-07T23:06:05-05:00[America/New_York],Yes,2021-02-07,83147,Sunday
1804,<A>,30,2021-02-07T23:06:05-05:00[America/New_York],2021-02-07T23:06:35-05:00[America/New_York],Yes,2021-02-07,83165,Sunday
1804,C,16,2021-02-07T23:06:35-05:00[America/New_York],2021-02-07T23:06:51-05:00[America/New_York],Yes,2021-02-07,83195,Sunday
1804,<A>,37,2021-02-07T23:06:51-05:00[America/New_York],2021-02-07T23:07:28-05:00[America/New_York],Yes,2021-02-07,83211,Sunday
1804,B,15,2021-02-07T23:07:28-05:00[America/New_York],2021-02-07T23:07:43-05:00[America/New_York],Yes,2021-02-07,83248,Sunday
1804,<A>,35,2021-02-07T23:07:43-05:00[America/New_York],2021-02-07T23:08:18-05:00[America/New_York],Yes,2021-02-07,83263,Sunday
1804,C,15,2021-02-07T23:08:18-05:00[America/New_York],2021-02-07T23:08:33-05:00[America/New_York],Yes,2021-02-07,83298,Sunday
1804,<A>,122,2021-02-07T23:08:33-05:00[America/New_York],2021-02-07T23:10:35-05:00[America/New_York],Yes,2021-02-07,83313,Sunday
1804,B,15,2021-02-07T23:10:35-05:00[America/New_York],2021-02-07T23:10:50-05:00[America/New_York],Yes,2021-02-07,83435,Sunday
1804,<A>,246,2021-02-07T23:10:50-05:00[America/New_York],2021-02-07T23:14:56-05:00[America/New_York],Yes,2021-02-07,83450,Sunday
1804,C,15,2021-02-07T23:14:56-05:00[America/New_York],2021-02-07T23:15:11-05:00[America/New_York],Yes,2021-02-07,83696,Sunday
1804,<A>,164,2021-02-07T23:15:11-05:00[America/New_York],2021-02-07T23:17:55-05:00[America/New_York],Yes,2021-02-07,83711,Sunday
1804,B,15,2021-02-07T23:17:55-05:00[America/New_York],2021-02-07T23:18:10-05:00[America/New_York],Yes,2021-02-07,83875,Sunday
1804,<A>,33,2021-02-07T23:18:10-05:00[America/New_York],2021-02-07T23:18:43-05:00[America/New_York],Yes,2021-02-07,83890,Sunday
1804,C,15,2021-02-07T23:18:43-05:00[America/New_York],2021-02-07T23:18:58-05:00[America/New_York],Yes,2021-02-07,83923,Sunday
1804,<A>,75,2021-02-07T23:18:58-05:00[America/New_York],2021-02-07T23:20:13-05:00[America/New_York],NA,2021-02-07,83938,Sunday
1804,B,16,2021-02-07T23:20:13-05:00[America/New_York],2021-02-07T23:20:29-05:00[America/New_York],NA,2021-02-07,84013,Sunday
1804,C,15,2021-02-07T23:20:29-05:00[America/New_York],2021-02-07T23:20:44-05:00[America/New_York],Yes,2021-02-07,84029,Sunday
1804,<A>,173,2021-02-07T23:20:44-05:00[America/New_York],2021-02-07T23:23:37-05:00[America/New_York],NA,2021-02-07,84044,Sunday
1804,C,15,2021-02-07T23:23:37-05:00[America/New_York],2021-02-07T23:23:52-05:00[America/New_York],Yes,2021-02-07,84217,Sunday
1804,<A>,51,2021-02-07T23:23:52-05:00[America/New_York],2021-02-07T23:24:43-05:00[America/New_York],Yes,2021-02-07,84232,Sunday
1804,C,15,2021-02-07T23:24:43-05:00[America/New_York],2021-02-07T23:24:58-05:00[America/New_York],Yes,2021-02-07,84283,Sunday
1804,<A>,119,2021-02-07T23:24:58-05:00[America/New_York],2021-02-07T23:26:57-05:00[America/New_York],Yes,2021-02-07,84298,Sunday
1804,C,15,2021-02-07T23:26:57-05:00[America/New_York],2021-02-07T23:27:12-05:00[America/New_York],Yes,2021-02-07,84417,Sunday
1804,<A>,32,2021-02-07T23:27:12-05:00[America/New_York],2021-02-07T23:27:44-05:00[America/New_York],Yes,2021-02-07,84432,Sunday
1804,B,15,2021-02-07T23:27:44-05:00[America/New_York],2021-02-07T23:27:59-05:00[America/New_York],Yes,2021-02-07,84464,Sunday
1804,<A>,31,2021-02-07T23:27:59-05:00[America/New_York],2021-02-07T23:28:30-05:00[America/New_York],Yes,2021-02-07,84479,Sunday
1804,C,16,2021-02-07T23:28:30-05:00[America/New_York],2021-02-07T23:28:46-05:00[America/New_York],Yes,2021-02-07,84510,Sunday
1804,<A>,167,2021-02-07T23:28:46-05:00[America/New_York],2021-02-07T23:31:33-05:00[America/New_York],NA,2021-02-07,84526,Sunday
1804,C,15,2021-02-07T23:31:33-05:00[America/New_York],2021-02-07T23:31:48-05:00[America/New_York],Yes,2021-02-07,84693,Sunday
1804,<A>,88,2021-02-07T23:31:48-05:00[America/New_York],2021-02-07T23:33:16-05:00[America/New_York],NA,2021-02-07,84708,Sunday
1804,B,15,2021-02-07T23:33:16-05:00[America/New_York],2021-02-07T23:33:31-05:00[America/New_York],Yes,2021-02-07,84796,Sunday
1804,<A>,37,2021-02-07T23:33:31-05:00[America/New_York],2021-02-07T23:34:08-05:00[America/New_York],Yes,2021-02-07,84811,Sunday
1804,C,20,2021-02-07T23:34:08-05:00[America/New_York],2021-02-07T23:34:28-05:00[America/New_York],Yes,2021-02-07,84848,Sunday
1804,<A>,46,2021-02-07T23:34:28-05:00[America/New_York],2021-02-07T23:35:14-05:00[America/New_York],Yes,2021-02-07,84868,Sunday
1804,C,16,2021-02-07T23:35:14-05:00[America/New_York],2021-02-07T23:35:30-05:00[America/New_York],Yes,2021-02-07,84914,Sunday
1804,<A>,41,2021-02-07T23:35:30-05:00[America/New_York],2021-02-07T23:36:11-05:00[America/New_York],Yes,2021-02-07,84930,Sunday
1804,C,15,2021-02-07T23:36:11-05:00[America/New_York],2021-02-07T23:36:26-05:00[America/New_York],Yes,2021-02-07,84971,Sunday
1804,<A>,46,2021-02-07T23:36:26-05:00[America/New_York],2021-02-07T23:37:12-05:00[America/New_York],Yes,2021-02-07,84986,Sunday
1804,B,16,2021-02-07T23:37:12-05:00[America/New_York],2021-02-07T23:37:28-05:00[America/New_York],Yes,2021-02-07,85032,Sunday
1804,<A>,31,2021-02-07T23:37:28-05:00[America/New_York],2021-02-07T23:37:59-05:00[America/New_York],Yes,2021-02-07,85048,Sunday
1804,C,18,2021-02-07T23:37:59-05:00[America/New_York],2021-02-07T23:38:17-05:00[America/New_York],Yes,2021-02-07,85079,Sunday
1804,<A>,68,2021-02-07T23:38:17-05:00[America/New_York],2021-02-07T23:39:25-05:00[America/New_York],NA,2021-02-07,85097,Sunday
1804,B,15,2021-02-07T23:39:25-05:00[America/New_York],2021-02-07T23:39:40-05:00[America/New_York],Yes,2021-02-07,85165,Sunday
1804,<A>,199,2021-02-07T23:39:40-05:00[America/New_York],2021-02-07T23:42:59-05:00[America/New_York],Yes,2021-02-07,85180,Sunday
1804,C,15,2021-02-07T23:42:59-05:00[America/New_York],2021-02-07T23:43:14-05:00[America/New_York],Yes,2021-02-07,85379,Sunday
1804,<A>,143,2021-02-07T23:43:14-05:00[America/New_York],2021-02-07T23:45:37-05:00[America/New_York],Yes,2021-02-07,85394,Sunday
1804,C,15,2021-02-07T23:45:37-05:00[America/New_York],2021-02-07T23:45:52-05:00[America/New_York],Yes,2021-02-07,85537,Sunday
1804,<A>,33,2021-02-07T23:45:52-05:00[America/New_York],2021-02-07T23:46:25-05:00[America/New_York],Yes,2021-02-07,85552,Sunday
1804,C,15,2021-02-07T23:46:25-05:00[America/New_York],2021-02-07T23:46:40-05:00[America/New_York],Yes,2021-02-07,85585,Sunday
1804,<A>,119,2021-02-07T23:46:40-05:00[America/New_York],2021-02-07T23:48:39-05:00[America/New_York],Yes,2021-02-07,85600,Sunday
1804,C,15,2021-02-07T23:48:39-05:00[America/New_York],2021-02-07T23:48:54-05:00[America/New_York],Yes,2021-02-07,85719,Sunday
1804,<A>,34,2021-02-07T23:48:54-05:00[America/New_York],2021-02-07T23:49:28-05:00[America/New_York],Yes,2021-02-07,85734,Sunday
1804,C,15,2021-02-07T23:49:28-05:00[America/New_York],2021-02-07T23:49:43-05:00[America/New_York],Yes,2021-02-07,85768,Sunday
1804,<A>,46,2021-02-07T23:49:43-05:00[America/New_York],2021-02-07T23:50:29-05:00[America/New_York],Yes,2021-02-07,85783,Sunday
1804,C,16,2021-02-07T23:50:29-05:00[America/New_York],2021-02-07T23:50:45-05:00[America/New_York],Yes,2021-02-07,85829,Sunday
1804,<A>,48,2021-02-07T23:50:45-05:00[America/New_York],2021-02-07T23:51:33-05:00[America/New_York],Yes,2021-02-07,85845,Sunday
1804,C,15,2021-02-07T23:51:33-05:00[America/New_York],2021-02-07T23:51:48-05:00[America/New_York],Yes,2021-02-07,85893,Sunday
1804,<A>,72,2021-02-07T23:51:48-05:00[America/New_York],2021-02-07T23:53:00-05:00[America/New_York],NA,2021-02-07,85908,Sunday
1804,C,15,2021-02-07T23:53:00-05:00[America/New_York],2021-02-07T23:53:15-05:00[America/New_York],Yes,2021-02-07,85980,Sunday
1804,<A>,81,2021-02-07T23:53:15-05:00[America/New_York],2021-02-07T23:54:36-05:00[America/New_York],NA,2021-02-07,85995,Sunday
1804,B,15,2021-02-07T23:54:36-05:00[America/New_York],2021-02-07T23:54:51-05:00[America/New_York],Yes,2021-02-07,86076,Sunday
1804,<A>,30,2021-02-07T23:54:51-05:00[America/New_York],2021-02-07T23:55:21-05:00[America/New_York],Yes,2021-02-07,86091,Sunday
1804,B,16,2021-02-07T23:55:21-05:00[America/New_York],2021-02-07T23:55:37-05:00[America/New_York],Yes,2021-02-07,86121,Sunday
1804,<A>,122,2021-02-07T23:55:37-05:00[America/New_York],2021-02-07T23:57:39-05:00[America/New_York],Yes,2021-02-07,86137,Sunday
1804,C,15,2021-02-07T23:57:39-05:00[America/New_York],2021-02-07T23:57:54-05:00[America/New_York],Yes,2021-02-07,86259,Sunday
1804,<A>,44,2021-02-07T23:57:54-05:00[America/New_York],2021-02-07T23:58:38-05:00[America/New_York],Yes,2021-02-07,86274,Sunday
1804,B,17,2021-02-07T23:58:38-05:00[America/New_York],2021-02-07T23:58:55-05:00[America/New_York],Yes,2021-02-07,86318,Sunday
1804,<A>,64,2021-02-07T23:58:55-05:00[America/New_York],2021-02-07T23:59:59-05:00[America/New_York],NA,2021-02-07,86335,Sunday
1805,B,14,2021-02-07T00:00:39-05:00[America/New_York],2021-02-07T00:00:53-05:00[America/New_York],Yes,2021-02-07,39,Sunday
1805,<A>,63,2021-02-07T00:00:53-05:00[America/New_York],2021-02-07T00:01:56-05:00[America/New_York],Yes,2021-02-07,53,Sunday
1805,B,15,2021-02-07T00:01:56-05:00[America/New_York],2021-02-07T00:02:11-05:00[America/New_York],Yes,2021-02-07,116,Sunday
1805,<A>,37,2021-02-07T00:02:11-05:00[America/New_York],2021-02-07T00:02:48-05:00[America/New_York],Yes,2021-02-07,131,Sunday
1805,B,15,2021-02-07T00:02:48-05:00[America/New_York],2021-02-07T00:03:03-05:00[America/New_York],Yes,2021-02-07,168,Sunday
1805,<A>,34,2021-02-07T00:03:03-05:00[America/New_York],2021-02-07T00:03:37-05:00[America/New_York],Yes,2021-02-07,183,Sunday
1805,B,14,2021-02-07T00:03:37-05:00[America/New_York],2021-02-07T00:03:51-05:00[America/New_York],Yes,2021-02-07,217,Sunday
1805,<A>,260,2021-02-07T00:03:51-05:00[America/New_York],2021-02-07T00:08:11-05:00[America/New_York],Yes,2021-02-07,231,Sunday
1805,B,14,2021-02-07T00:08:11-05:00[America/New_York],2021-02-07T00:08:25-05:00[America/New_York],Yes,2021-02-07,491,Sunday
1805,<A>,91,2021-02-07T00:08:25-05:00[America/New_York],2021-02-07T00:09:56-05:00[America/New_York],Yes,2021-02-07,505,Sunday
1805,B,15,2021-02-07T00:09:56-05:00[America/New_York],2021-02-07T00:10:11-05:00[America/New_York],Yes,2021-02-07,596,Sunday
1805,<A>,37,2021-02-07T00:10:11-05:00[America/New_York],2021-02-07T00:10:48-05:00[America/New_York],Yes,2021-02-07,611,Sunday
1805,B,14,2021-02-07T00:10:48-05:00[America/New_York],2021-02-07T00:11:02-05:00[America/New_York],Yes,2021-02-07,648,Sunday
1805,<A>,35,2021-02-07T00:11:02-05:00[America/New_York],2021-02-07T00:11:37-05:00[America/New_York],Yes,2021-02-07,662,Sunday
1805,B,18,2021-02-07T00:11:37-05:00[America/New_York],2021-02-07T00:11:55-05:00[America/New_York],Yes,2021-02-07,697,Sunday
1805,<A>,36,2021-02-07T00:11:55-05:00[America/New_York],2021-02-07T00:12:31-05:00[America/New_York],Yes,2021-02-07,715,Sunday
1805,B,14,2021-02-07T00:12:31-05:00[America/New_York],2021-02-07T00:12:45-05:00[America/New_York],Yes,2021-02-07,751,Sunday
1805,<A>,213,2021-02-07T00:12:45-05:00[America/New_York],2021-02-07T00:16:18-05:00[America/New_York],Yes,2021-02-07,765,Sunday
1805,B,14,2021-02-07T00:16:18-05:00[America/New_York],2021-02-07T00:16:32-05:00[America/New_York],Yes,2021-02-07,978,Sunday
1805,<A>,98,2021-02-07T00:16:32-05:00[America/New_York],2021-02-07T00:18:10-05:00[America/New_York],NA,2021-02-07,992,Sunday
1805,B,14,2021-02-07T00:18:10-05:00[America/New_York],2021-02-07T00:18:24-05:00[America/New_York],Yes,2021-02-07,1090,Sunday
1805,<A>,34,2021-02-07T00:18:24-05:00[America/New_York],2021-02-07T00:18:58-05:00[America/New_York],Yes,2021-02-07,1104,Sunday
1805,B,18,2021-02-07T00:18:58-05:00[America/New_York],2021-02-07T00:19:16-05:00[America/New_York],Yes,2021-02-07,1138,Sunday
1805,<A>,40,2021-02-07T00:19:16-05:00[America/New_York],2021-02-07T00:19:56-05:00[America/New_York],Yes,2021-02-07,1156,Sunday
1805,B,15,2021-02-07T00:19:56-05:00[America/New_York],2021-02-07T00:20:11-05:00[America/New_York],Yes,2021-02-07,1196,Sunday
1805,<A>,51,2021-02-07T00:20:11-05:00[America/New_York],2021-02-07T00:21:02-05:00[America/New_York],Yes,2021-02-07,1211,Sunday
1805,B,15,2021-02-07T00:21:02-05:00[America/New_York],2021-02-07T00:21:17-05:00[America/New_York],Yes,2021-02-07,1262,Sunday
1805,<A>,56,2021-02-07T00:21:17-05:00[America/New_York],2021-02-07T00:22:13-05:00[America/New_York],Yes,2021-02-07,1277,Sunday
1805,B,14,2021-02-07T00:22:13-05:00[America/New_York],2021-02-07T00:22:27-05:00[America/New_York],Yes,2021-02-07,1333,Sunday
1805,<A>,211,2021-02-07T00:22:27-05:00[America/New_York],2021-02-07T00:25:58-05:00[America/New_York],Yes,2021-02-07,1347,Sunday
1805,B,15,2021-02-07T00:25:58-05:00[America/New_York],2021-02-07T00:26:13-05:00[America/New_York],Yes,2021-02-07,1558,Sunday
1805,<A>,52,2021-02-07T00:26:13-05:00[America/New_York],2021-02-07T00:27:05-05:00[America/New_York],Yes,2021-02-07,1573,Sunday
1805,B,14,2021-02-07T00:27:05-05:00[America/New_York],2021-02-07T00:27:19-05:00[America/New_York],Yes,2021-02-07,1625,Sunday
1805,<A>,34,2021-02-07T00:27:19-05:00[America/New_York],2021-02-07T00:27:53-05:00[America/New_York],Yes,2021-02-07,1639,Sunday
1805,B,15,2021-02-07T00:27:53-05:00[America/New_York],2021-02-07T00:28:08-05:00[America/New_York],Yes,2021-02-07,1673,Sunday
1805,<A>,35,2021-02-07T00:28:08-05:00[America/New_York],2021-02-07T00:28:43-05:00[America/New_York],Yes,2021-02-07,1688,Sunday
1805,B,15,2021-02-07T00:28:43-05:00[America/New_York],2021-02-07T00:28:58-05:00[America/New_York],Yes,2021-02-07,1723,Sunday
1805,<A>,160,2021-02-07T00:28:58-05:00[America/New_York],2021-02-07T00:31:38-05:00[America/New_York],Yes,2021-02-07,1738,Sunday
1805,B,14,2021-02-07T00:31:38-05:00[America/New_York],2021-02-07T00:31:52-05:00[America/New_York],Yes,2021-02-07,1898,Sunday
1805,<A>,40,2021-02-07T00:31:52-05:00[America/New_York],2021-02-07T00:32:32-05:00[America/New_York],Yes,2021-02-07,1912,Sunday
1805,B,15,2021-02-07T00:32:32-05:00[America/New_York],2021-02-07T00:32:47-05:00[America/New_York],Yes,2021-02-07,1952,Sunday
1805,<A>,44,2021-02-07T00:32:47-05:00[America/New_York],2021-02-07T00:33:31-05:00[America/New_York],Yes,2021-02-07,1967,Sunday
1805,B,14,2021-02-07T00:33:31-05:00[America/New_York],2021-02-07T00:33:45-05:00[America/New_York],Yes,2021-02-07,2011,Sunday
1805,<A>,34,2021-02-07T00:33:45-05:00[America/New_York],2021-02-07T00:34:19-05:00[America/New_York],Yes,2021-02-07,2025,Sunday
1805,B,15,2021-02-07T00:34:19-05:00[America/New_York],2021-02-07T00:34:34-05:00[America/New_York],Yes,2021-02-07,2059,Sunday
1805,<A>,132,2021-02-07T00:34:34-05:00[America/New_York],2021-02-07T00:36:46-05:00[America/New_York],Yes,2021-02-07,2074,Sunday
1805,B,15,2021-02-07T00:36:46-05:00[America/New_York],2021-02-07T00:37:01-05:00[America/New_York],Yes,2021-02-07,2206,Sunday
1805,<A>,35,2021-02-07T00:37:01-05:00[America/New_York],2021-02-07T00:37:36-05:00[America/New_York],Yes,2021-02-07,2221,Sunday
1805,B,14,2021-02-07T00:37:36-05:00[America/New_York],2021-02-07T00:37:50-05:00[America/New_York],Yes,2021-02-07,2256,Sunday
1805,<A>,35,2021-02-07T00:37:50-05:00[America/New_York],2021-02-07T00:38:25-05:00[America/New_York],Yes,2021-02-07,2270,Sunday
1805,B,14,2021-02-07T00:38:25-05:00[America/New_York],2021-02-07T00:38:39-05:00[America/New_York],Yes,2021-02-07,2305,Sunday
1805,<A>,148,2021-02-07T00:38:39-05:00[America/New_York],2021-02-07T00:41:07-05:00[America/New_York],Yes,2021-02-07,2319,Sunday
1805,B,15,2021-02-07T00:41:07-05:00[America/New_York],2021-02-07T00:41:22-05:00[America/New_York],Yes,2021-02-07,2467,Sunday
1805,<A>,97,2021-02-07T00:41:22-05:00[America/New_York],2021-02-07T00:42:59-05:00[America/New_York],NA,2021-02-07,2482,Sunday
1805,B,17,2021-02-07T00:42:59-05:00[America/New_York],2021-02-07T00:43:16-05:00[America/New_York],Yes,2021-02-07,2579,Sunday
1805,<A>,154,2021-02-07T00:43:16-05:00[America/New_York],2021-02-07T00:45:50-05:00[America/New_York],Yes,2021-02-07,2596,Sunday
1805,B,17,2021-02-07T00:45:50-05:00[America/New_York],2021-02-07T00:46:07-05:00[America/New_York],Yes,2021-02-07,2750,Sunday
1805,<A>,257,2021-02-07T00:46:07-05:00[America/New_York],2021-02-07T00:50:24-05:00[America/New_York],Yes,2021-02-07,2767,Sunday
1805,B,14,2021-02-07T00:50:24-05:00[America/New_York],2021-02-07T00:50:38-05:00[America/New_York],Yes,2021-02-07,3024,Sunday
1805,<A>,206,2021-02-07T00:50:38-05:00[America/New_York],2021-02-07T00:54:04-05:00[America/New_York],Yes,2021-02-07,3038,Sunday
1805,B,17,2021-02-07T00:54:04-05:00[America/New_York],2021-02-07T00:54:21-05:00[America/New_York],Yes,2021-02-07,3244,Sunday
1805,<A>,34,2021-02-07T00:54:21-05:00[America/New_York],2021-02-07T00:54:55-05:00[America/New_York],Yes,2021-02-07,3261,Sunday
1805,B,15,2021-02-07T00:54:55-05:00[America/New_York],2021-02-07T00:55:10-05:00[America/New_York],Yes,2021-02-07,3295,Sunday
1805,<A>,39,2021-02-07T00:55:10-05:00[America/New_York],2021-02-07T00:55:49-05:00[America/New_York],Yes,2021-02-07,3310,Sunday
1805,B,14,2021-02-07T00:55:49-05:00[America/New_York],2021-02-07T00:56:03-05:00[America/New_York],Yes,2021-02-07,3349,Sunday
1805,<A>,40,2021-02-07T00:56:03-05:00[America/New_York],2021-02-07T00:56:43-05:00[America/New_York],Yes,2021-02-07,3363,Sunday
1805,B,16,2021-02-07T00:56:43-05:00[America/New_York],2021-02-07T00:56:59-05:00[America/New_York],Yes,2021-02-07,3403,Sunday
1805,<A>,110,2021-02-07T00:56:59-05:00[America/New_York],2021-02-07T00:58:49-05:00[America/New_York],Yes,2021-02-07,3419,Sunday
1805,B,16,2021-02-07T00:58:49-05:00[America/New_York],2021-02-07T00:59:05-05:00[America/New_York],Yes,2021-02-07,3529,Sunday
1805,<A>,219,2021-02-07T00:59:05-05:00[America/New_York],2021-02-07T01:02:44-05:00[America/New_York],Yes,2021-02-07,3545,Sunday
1805,B,14,2021-02-07T01:02:44-05:00[America/New_York],2021-02-07T01:02:58-05:00[America/New_York],Yes,2021-02-07,3764,Sunday
1805,<A>,35,2021-02-07T01:02:58-05:00[America/New_York],2021-02-07T01:03:33-05:00[America/New_York],Yes,2021-02-07,3778,Sunday
1805,B,14,2021-02-07T01:03:33-05:00[America/New_York],2021-02-07T01:03:47-05:00[America/New_York],Yes,2021-02-07,3813,Sunday
1805,<A>,36,2021-02-07T01:03:47-05:00[America/New_York],2021-02-07T01:04:23-05:00[America/New_York],Yes,2021-02-07,3827,Sunday
1805,B,19,2021-02-07T01:04:23-05:00[America/New_York],2021-02-07T01:04:42-05:00[America/New_York],Yes,2021-02-07,3863,Sunday
1805,<A>,102,2021-02-07T01:04:42-05:00[America/New_York],2021-02-07T01:06:24-05:00[America/New_York],NA,2021-02-07,3882,Sunday
1805,B,14,2021-02-07T01:06:24-05:00[America/New_York],2021-02-07T01:06:38-05:00[America/New_York],Yes,2021-02-07,3984,Sunday
1805,<A>,51,2021-02-07T01:06:38-05:00[America/New_York],2021-02-07T01:07:29-05:00[America/New_York],Yes,2021-02-07,3998,Sunday
1805,B,14,2021-02-07T01:07:29-05:00[America/New_York],2021-02-07T01:07:43-05:00[America/New_York],Yes,2021-02-07,4049,Sunday
1805,<A>,96,2021-02-07T01:07:43-05:00[America/New_York],2021-02-07T01:09:19-05:00[America/New_York],NA,2021-02-07,4063,Sunday
1805,B,14,2021-02-07T01:09:19-05:00[America/New_York],2021-02-07T01:09:33-05:00[America/New_York],Yes,2021-02-07,4159,Sunday
1805,<A>,35,2021-02-07T01:09:33-05:00[America/New_York],2021-02-07T01:10:08-05:00[America/New_York],Yes,2021-02-07,4173,Sunday
1805,B,20,2021-02-07T01:10:08-05:00[America/New_York],2021-02-07T01:10:28-05:00[America/New_York],Yes,2021-02-07,4208,Sunday
1805,<A>,35,2021-02-07T01:10:28-05:00[America/New_York],2021-02-07T01:11:03-05:00[America/New_York],Yes,2021-02-07,4228,Sunday
1805,B,14,2021-02-07T01:11:03-05:00[America/New_York],2021-02-07T01:11:17-05:00[America/New_York],Yes,2021-02-07,4263,Sunday
1805,<A>,92,2021-02-07T01:11:17-05:00[America/New_York],2021-02-07T01:12:49-05:00[America/New_York],NA,2021-02-07,4277,Sunday
1805,B,18,2021-02-07T01:12:49-05:00[America/New_York],2021-02-07T01:13:07-05:00[America/New_York],Yes,2021-02-07,4369,Sunday
1805,<A>,137,2021-02-07T01:13:07-05:00[America/New_York],2021-02-07T01:15:24-05:00[America/New_York],Yes,2021-02-07,4387,Sunday
1805,B,15,2021-02-07T01:15:24-05:00[America/New_York],2021-02-07T01:15:39-05:00[America/New_York],Yes,2021-02-07,4524,Sunday
1805,<A>,40,2021-02-07T01:15:39-05:00[America/New_York],2021-02-07T01:16:19-05:00[America/New_York],Yes,2021-02-07,4539,Sunday
1805,B,14,2021-02-07T01:16:19-05:00[America/New_York],2021-02-07T01:16:33-05:00[America/New_York],Yes,2021-02-07,4579,Sunday
1805,<A>,147,2021-02-07T01:16:33-05:00[America/New_York],2021-02-07T01:19:00-05:00[America/New_York],Yes,2021-02-07,4593,Sunday
1805,B,14,2021-02-07T01:19:00-05:00[America/New_York],2021-02-07T01:19:14-05:00[America/New_York],Yes,2021-02-07,4740,Sunday
1805,<A>,39,2021-02-07T01:19:14-05:00[America/New_York],2021-02-07T01:19:53-05:00[America/New_York],Yes,2021-02-07,4754,Sunday
1805,B,14,2021-02-07T01:19:53-05:00[America/New_York],2021-02-07T01:20:07-05:00[America/New_York],Yes,2021-02-07,4793,Sunday
1805,<A>,137,2021-02-07T01:20:07-05:00[America/New_York],2021-02-07T01:22:24-05:00[America/New_York],Yes,2021-02-07,4807,Sunday
1805,B,14,2021-02-07T01:22:24-05:00[America/New_York],2021-02-07T01:22:38-05:00[America/New_York],Yes,2021-02-07,4944,Sunday
1805,<A>,34,2021-02-07T01:22:38-05:00[America/New_York],2021-02-07T01:23:12-05:00[America/New_York],Yes,2021-02-07,4958,Sunday
1805,B,15,2021-02-07T01:23:12-05:00[America/New_York],2021-02-07T01:23:27-05:00[America/New_York],Yes,2021-02-07,4992,Sunday
1805,<A>,101,2021-02-07T01:23:27-05:00[America/New_York],2021-02-07T01:25:08-05:00[America/New_York],NA,2021-02-07,5007,Sunday
1805,B,14,2021-02-07T01:25:08-05:00[America/New_York],2021-02-07T01:25:22-05:00[America/New_York],Yes,2021-02-07,5108,Sunday
1805,<A>,79,2021-02-07T01:25:22-05:00[America/New_York],2021-02-07T01:26:41-05:00[America/New_York],Yes,2021-02-07,5122,Sunday
1805,B,15,2021-02-07T01:26:41-05:00[America/New_York],2021-02-07T01:26:56-05:00[America/New_York],Yes,2021-02-07,5201,Sunday
1805,<A>,79,2021-02-07T01:26:56-05:00[America/New_York],2021-02-07T01:28:15-05:00[America/New_York],NA,2021-02-07,5216,Sunday
1805,B,14,2021-02-07T01:28:15-05:00[America/New_York],2021-02-07T01:28:29-05:00[America/New_York],Yes,2021-02-07,5295,Sunday
1805,<A>,662,2021-02-07T01:28:29-05:00[America/New_York],2021-02-07T01:39:31-05:00[America/New_York],NA,2021-02-07,5309,Sunday
1805,B,14,2021-02-07T01:39:31-05:00[America/New_York],2021-02-07T01:39:45-05:00[America/New_York],Yes,2021-02-07,5971,Sunday
1805,<A>,168,2021-02-07T01:39:45-05:00[America/New_York],2021-02-07T01:42:33-05:00[America/New_York],NA,2021-02-07,5985,Sunday
1805,B,14,2021-02-07T01:42:33-05:00[America/New_York],2021-02-07T01:42:47-05:00[America/New_York],Yes,2021-02-07,6153,Sunday
1805,<A>,165,2021-02-07T01:42:47-05:00[America/New_York],2021-02-07T01:45:32-05:00[America/New_York],NA,2021-02-07,6167,Sunday
1805,B,14,2021-02-07T01:45:32-05:00[America/New_York],2021-02-07T01:45:46-05:00[America/New_York],Yes,2021-02-07,6332,Sunday
1805,<A>,140,2021-02-07T01:45:46-05:00[America/New_York],2021-02-07T01:48:06-05:00[America/New_York],Yes,2021-02-07,6346,Sunday
1805,B,14,2021-02-07T01:48:06-05:00[America/New_York],2021-02-07T01:48:20-05:00[America/New_York],Yes,2021-02-07,6486,Sunday
1805,<A>,114,2021-02-07T01:48:20-05:00[America/New_York],2021-02-07T01:50:14-05:00[America/New_York],Yes,2021-02-07,6500,Sunday
1805,B,14,2021-02-07T01:50:14-05:00[America/New_York],2021-02-07T01:50:28-05:00[America/New_York],Yes,2021-02-07,6614,Sunday
1805,<A>,53,2021-02-07T01:50:28-05:00[America/New_York],2021-02-07T01:51:21-05:00[America/New_York],Yes,2021-02-07,6628,Sunday
1805,B,14,2021-02-07T01:51:21-05:00[America/New_York],2021-02-07T01:51:35-05:00[America/New_York],Yes,2021-02-07,6681,Sunday
1805,<A>,284,2021-02-07T01:51:35-05:00[America/New_York],2021-02-07T01:56:19-05:00[America/New_York],NA,2021-02-07,6695,Sunday
1805,B,14,2021-02-07T01:56:19-05:00[America/New_York],2021-02-07T01:56:33-05:00[America/New_York],Yes,2021-02-07,6979,Sunday
1805,<A>,726,2021-02-07T01:56:33-05:00[America/New_York],2021-02-07T02:08:39-05:00[America/New_York],Yes,2021-02-07,6993,Sunday
1805,B,14,2021-02-07T02:08:39-05:00[America/New_York],2021-02-07T02:08:53-05:00[America/New_York],Yes,2021-02-07,7719,Sunday
1805,<A>,163,2021-02-07T02:08:53-05:00[America/New_York],2021-02-07T02:11:36-05:00[America/New_York],NA,2021-02-07,7733,Sunday
1805,B,14,2021-02-07T02:11:36-05:00[America/New_York],2021-02-07T02:11:50-05:00[America/New_York],Yes,2021-02-07,7896,Sunday
1805,<A>,102,2021-02-07T02:11:50-05:00[America/New_York],2021-02-07T02:13:32-05:00[America/New_York],NA,2021-02-07,7910,Sunday
1805,B,14,2021-02-07T02:13:32-05:00[America/New_York],2021-02-07T02:13:46-05:00[America/New_York],Yes,2021-02-07,8012,Sunday
1805,<A>,133,2021-02-07T02:13:46-05:00[America/New_York],2021-02-07T02:15:59-05:00[America/New_York],Yes,2021-02-07,8026,Sunday
1805,B,14,2021-02-07T02:15:59-05:00[America/New_York],2021-02-07T02:16:13-05:00[America/New_York],Yes,2021-02-07,8159,Sunday
1805,<A>,206,2021-02-07T02:16:13-05:00[America/New_York],2021-02-07T02:19:39-05:00[America/New_York],Yes,2021-02-07,8173,Sunday
1805,B,16,2021-02-07T02:19:39-05:00[America/New_York],2021-02-07T02:19:55-05:00[America/New_York],Yes,2021-02-07,8379,Sunday
1805,<A>,156,2021-02-07T02:19:55-05:00[America/New_York],2021-02-07T02:22:31-05:00[America/New_York],Yes,2021-02-07,8395,Sunday
1805,B,17,2021-02-07T02:22:31-05:00[America/New_York],2021-02-07T02:22:48-05:00[America/New_York],Yes,2021-02-07,8551,Sunday
1805,<A>,480,2021-02-07T02:22:48-05:00[America/New_York],2021-02-07T02:30:48-05:00[America/New_York],NA,2021-02-07,8568,Sunday
1805,B,14,2021-02-07T02:30:48-05:00[America/New_York],2021-02-07T02:31:02-05:00[America/New_York],Yes,2021-02-07,9048,Sunday
1805,<A>,417,2021-02-07T02:31:02-05:00[America/New_York],2021-02-07T02:37:59-05:00[America/New_York],Yes,2021-02-07,9062,Sunday
1805,B,14,2021-02-07T02:37:59-05:00[America/New_York],2021-02-07T02:38:13-05:00[America/New_York],Yes,2021-02-07,9479,Sunday
1805,<A>,89,2021-02-07T02:38:13-05:00[America/New_York],2021-02-07T02:39:42-05:00[America/New_York],NA,2021-02-07,9493,Sunday
1805,B,16,2021-02-07T02:39:42-05:00[America/New_York],2021-02-07T02:39:58-05:00[America/New_York],Yes,2021-02-07,9582,Sunday
1805,<A>,288,2021-02-07T02:39:58-05:00[America/New_York],2021-02-07T02:44:46-05:00[America/New_York],NA,2021-02-07,9598,Sunday
1805,B,14,2021-02-07T02:44:46-05:00[America/New_York],2021-02-07T02:45:00-05:00[America/New_York],Yes,2021-02-07,9886,Sunday
1805,<A>,326,2021-02-07T02:45:00-05:00[America/New_York],2021-02-07T02:50:26-05:00[America/New_York],Yes,2021-02-07,9900,Sunday
1805,B,14,2021-02-07T02:50:26-05:00[America/New_York],2021-02-07T02:50:40-05:00[America/New_York],Yes,2021-02-07,10226,Sunday
1805,<A>,148,2021-02-07T02:50:40-05:00[America/New_York],2021-02-07T02:53:08-05:00[America/New_York],Yes,2021-02-07,10240,Sunday
1805,B,14,2021-02-07T02:53:08-05:00[America/New_York],2021-02-07T02:53:22-05:00[America/New_York],Yes,2021-02-07,10388,Sunday
1805,<A>,85,2021-02-07T02:53:22-05:00[America/New_York],2021-02-07T02:54:47-05:00[America/New_York],NA,2021-02-07,10402,Sunday
1805,B,17,2021-02-07T02:54:47-05:00[America/New_York],2021-02-07T02:55:04-05:00[America/New_York],Yes,2021-02-07,10487,Sunday
1805,<A>,224,2021-02-07T02:55:04-05:00[America/New_York],2021-02-07T02:58:48-05:00[America/New_York],Yes,2021-02-07,10504,Sunday
1805,B,14,2021-02-07T02:58:48-05:00[America/New_York],2021-02-07T02:59:02-05:00[America/New_York],Yes,2021-02-07,10728,Sunday
1805,<A>,35,2021-02-07T02:59:02-05:00[America/New_York],2021-02-07T02:59:37-05:00[America/New_York],Yes,2021-02-07,10742,Sunday
1805,B,14,2021-02-07T02:59:37-05:00[America/New_York],2021-02-07T02:59:51-05:00[America/New_York],Yes,2021-02-07,10777,Sunday
1805,<A>,393,2021-02-07T02:59:51-05:00[America/New_York],2021-02-07T03:06:24-05:00[America/New_York],Yes,2021-02-07,10791,Sunday
1805,B,14,2021-02-07T03:06:24-05:00[America/New_York],2021-02-07T03:06:38-05:00[America/New_York],Yes,2021-02-07,11184,Sunday
1805,<A>,423,2021-02-07T03:06:38-05:00[America/New_York],2021-02-07T03:13:41-05:00[America/New_York],Yes,2021-02-07,11198,Sunday
1805,B,14,2021-02-07T03:13:41-05:00[America/New_York],2021-02-07T03:13:55-05:00[America/New_York],Yes,2021-02-07,11621,Sunday
1805,<A>,212,2021-02-07T03:13:55-05:00[America/New_York],2021-02-07T03:17:27-05:00[America/New_York],Yes,2021-02-07,11635,Sunday
1805,B,14,2021-02-07T03:17:27-05:00[America/New_York],2021-02-07T03:17:41-05:00[America/New_York],Yes,2021-02-07,11847,Sunday
1805,<A>,139,2021-02-07T03:17:41-05:00[America/New_York],2021-02-07T03:20:00-05:00[America/New_York],Yes,2021-02-07,11861,Sunday
1805,B,14,2021-02-07T03:20:00-05:00[America/New_York],2021-02-07T03:20:14-05:00[America/New_York],Yes,2021-02-07,12000,Sunday
1805,<A>,164,2021-02-07T03:20:14-05:00[America/New_York],2021-02-07T03:22:58-05:00[America/New_York],NA,2021-02-07,12014,Sunday
1805,B,14,2021-02-07T03:22:58-05:00[America/New_York],2021-02-07T03:23:12-05:00[America/New_York],Yes,2021-02-07,12178,Sunday
1805,<A>,1114,2021-02-07T03:23:12-05:00[America/New_York],2021-02-07T03:41:46-05:00[America/New_York],NA,2021-02-07,12192,Sunday
1805,B,14,2021-02-07T03:41:46-05:00[America/New_York],2021-02-07T03:42:00-05:00[America/New_York],Yes,2021-02-07,13306,Sunday
1805,<A>,313,2021-02-07T03:42:00-05:00[America/New_York],2021-02-07T03:47:13-05:00[America/New_York],Yes,2021-02-07,13320,Sunday
1805,B,14,2021-02-07T03:47:13-05:00[America/New_York],2021-02-07T03:47:27-05:00[America/New_York],Yes,2021-02-07,13633,Sunday
1805,<A>,86,2021-02-07T03:47:27-05:00[America/New_York],2021-02-07T03:48:53-05:00[America/New_York],NA,2021-02-07,13647,Sunday
1805,B,14,2021-02-07T03:48:53-05:00[America/New_York],2021-02-07T03:49:07-05:00[America/New_York],Yes,2021-02-07,13733,Sunday
1805,<A>,42,2021-02-07T03:49:07-05:00[America/New_York],2021-02-07T03:49:49-05:00[America/New_York],Yes,2021-02-07,13747,Sunday
1805,B,20,2021-02-07T03:49:49-05:00[America/New_York],2021-02-07T03:50:09-05:00[America/New_York],Yes,2021-02-07,13789,Sunday
1805,<A>,260,2021-02-07T03:50:09-05:00[America/New_York],2021-02-07T03:54:29-05:00[America/New_York],NA,2021-02-07,13809,Sunday
1805,B,15,2021-02-07T03:54:29-05:00[America/New_York],2021-02-07T03:54:44-05:00[America/New_York],Yes,2021-02-07,14069,Sunday
1805,<A>,34,2021-02-07T03:54:44-05:00[America/New_York],2021-02-07T03:55:18-05:00[America/New_York],Yes,2021-02-07,14084,Sunday
1805,B,15,2021-02-07T03:55:18-05:00[America/New_York],2021-02-07T03:55:33-05:00[America/New_York],Yes,2021-02-07,14118,Sunday
1805,<A>,473,2021-02-07T03:55:33-05:00[America/New_York],2021-02-07T04:03:26-05:00[America/New_York],NA,2021-02-07,14133,Sunday
1805,B,14,2021-02-07T04:03:26-05:00[America/New_York],2021-02-07T04:03:40-05:00[America/New_York],Yes,2021-02-07,14606,Sunday
1805,<A>,661,2021-02-07T04:03:40-05:00[America/New_York],2021-02-07T04:14:41-05:00[America/New_York],NA,2021-02-07,14620,Sunday
1805,B,14,2021-02-07T04:14:41-05:00[America/New_York],2021-02-07T04:14:55-05:00[America/New_York],Yes,2021-02-07,15281,Sunday
1805,<A>,1055,2021-02-07T04:14:55-05:00[America/New_York],2021-02-07T04:32:30-05:00[America/New_York],Yes,2021-02-07,15295,Sunday
1805,B,14,2021-02-07T04:32:30-05:00[America/New_York],2021-02-07T04:32:44-05:00[America/New_York],Yes,2021-02-07,16350,Sunday
1805,<A>,359,2021-02-07T04:32:44-05:00[America/New_York],2021-02-07T04:38:43-05:00[America/New_York],NA,2021-02-07,16364,Sunday
1805,B,14,2021-02-07T04:38:43-05:00[America/New_York],2021-02-07T04:38:57-05:00[America/New_York],Yes,2021-02-07,16723,Sunday
1805,<A>,232,2021-02-07T04:38:57-05:00[America/New_York],2021-02-07T04:42:49-05:00[America/New_York],Yes,2021-02-07,16737,Sunday
1805,B,14,2021-02-07T04:42:49-05:00[America/New_York],2021-02-07T04:43:03-05:00[America/New_York],Yes,2021-02-07,16969,Sunday
1805,<A>,494,2021-02-07T04:43:03-05:00[America/New_York],2021-02-07T04:51:17-05:00[America/New_York],Yes,2021-02-07,16983,Sunday
1805,B,14,2021-02-07T04:51:17-05:00[America/New_York],2021-02-07T04:51:31-05:00[America/New_York],Yes,2021-02-07,17477,Sunday
1805,<A>,113,2021-02-07T04:51:31-05:00[America/New_York],2021-02-07T04:53:24-05:00[America/New_York],Yes,2021-02-07,17491,Sunday
1805,B,14,2021-02-07T04:53:24-05:00[America/New_York],2021-02-07T04:53:38-05:00[America/New_York],Yes,2021-02-07,17604,Sunday
1805,<A>,288,2021-02-07T04:53:38-05:00[America/New_York],2021-02-07T04:58:26-05:00[America/New_York],NA,2021-02-07,17618,Sunday
1805,B,14,2021-02-07T04:58:26-05:00[America/New_York],2021-02-07T04:58:40-05:00[America/New_York],Yes,2021-02-07,17906,Sunday
1805,<A>,651,2021-02-07T04:58:40-05:00[America/New_York],2021-02-07T05:09:31-05:00[America/New_York],NA,2021-02-07,17920,Sunday
1805,B,14,2021-02-07T05:09:31-05:00[America/New_York],2021-02-07T05:09:45-05:00[America/New_York],Yes,2021-02-07,18571,Sunday
1805,<A>,277,2021-02-07T05:09:45-05:00[America/New_York],2021-02-07T05:14:22-05:00[America/New_York],NA,2021-02-07,18585,Sunday
1805,B,14,2021-02-07T05:14:22-05:00[America/New_York],2021-02-07T05:14:36-05:00[America/New_York],Yes,2021-02-07,18862,Sunday
1805,<A>,836,2021-02-07T05:14:36-05:00[America/New_York],2021-02-07T05:28:32-05:00[America/New_York],NA,2021-02-07,18876,Sunday
1805,B,14,2021-02-07T05:28:32-05:00[America/New_York],2021-02-07T05:28:46-05:00[America/New_York],Yes,2021-02-07,19712,Sunday
1805,<A>,96,2021-02-07T05:28:46-05:00[America/New_York],2021-02-07T05:30:22-05:00[America/New_York],NA,2021-02-07,19726,Sunday
1805,B,15,2021-02-07T05:30:22-05:00[America/New_York],2021-02-07T05:30:37-05:00[America/New_York],Yes,2021-02-07,19822,Sunday
1805,<A>,562,2021-02-07T05:30:37-05:00[America/New_York],2021-02-07T05:39:59-05:00[America/New_York],NA,2021-02-07,19837,Sunday
1805,B,15,2021-02-07T05:39:59-05:00[America/New_York],2021-02-07T05:40:14-05:00[America/New_York],Yes,2021-02-07,20399,Sunday
1805,<A>,890,2021-02-07T05:40:14-05:00[America/New_York],2021-02-07T05:55:04-05:00[America/New_York],Yes,2021-02-07,20414,Sunday
1805,B,16,2021-02-07T05:55:04-05:00[America/New_York],2021-02-07T05:55:20-05:00[America/New_York],Yes,2021-02-07,21304,Sunday
1805,<A>,34,2021-02-07T05:55:20-05:00[America/New_York],2021-02-07T05:55:54-05:00[America/New_York],Yes,2021-02-07,21320,Sunday
1805,B,14,2021-02-07T05:55:54-05:00[America/New_York],2021-02-07T05:56:08-05:00[America/New_York],Yes,2021-02-07,21354,Sunday
1805,<A>,54,2021-02-07T05:56:08-05:00[America/New_York],2021-02-07T05:57:02-05:00[America/New_York],Yes,2021-02-07,21368,Sunday
1805,B,14,2021-02-07T05:57:02-05:00[America/New_York],2021-02-07T05:57:16-05:00[America/New_York],Yes,2021-02-07,21422,Sunday
1805,<A>,195,2021-02-07T05:57:16-05:00[America/New_York],2021-02-07T06:00:31-05:00[America/New_York],NA,2021-02-07,21436,Sunday
1805,B,14,2021-02-07T06:00:31-05:00[America/New_York],2021-02-07T06:00:45-05:00[America/New_York],Yes,2021-02-07,21631,Sunday
1805,<A>,37,2021-02-07T06:00:45-05:00[America/New_York],2021-02-07T06:01:22-05:00[America/New_York],Yes,2021-02-07,21645,Sunday
1805,B,14,2021-02-07T06:01:22-05:00[America/New_York],2021-02-07T06:01:36-05:00[America/New_York],Yes,2021-02-07,21682,Sunday
1805,<A>,220,2021-02-07T06:01:36-05:00[America/New_York],2021-02-07T06:05:16-05:00[America/New_York],Yes,2021-02-07,21696,Sunday
1805,B,14,2021-02-07T06:05:16-05:00[America/New_York],2021-02-07T06:05:30-05:00[America/New_York],Yes,2021-02-07,21916,Sunday
1805,<A>,164,2021-02-07T06:05:30-05:00[America/New_York],2021-02-07T06:08:14-05:00[America/New_York],NA,2021-02-07,21930,Sunday
1805,B,14,2021-02-07T06:08:14-05:00[America/New_York],2021-02-07T06:08:28-05:00[America/New_York],Yes,2021-02-07,22094,Sunday
1805,<A>,430,2021-02-07T06:08:28-05:00[America/New_York],2021-02-07T06:15:38-05:00[America/New_York],Yes,2021-02-07,22108,Sunday
1805,B,16,2021-02-07T06:15:38-05:00[America/New_York],2021-02-07T06:15:54-05:00[America/New_York],Yes,2021-02-07,22538,Sunday
1805,<A>,40,2021-02-07T06:15:54-05:00[America/New_York],2021-02-07T06:16:34-05:00[America/New_York],Yes,2021-02-07,22554,Sunday
1805,B,14,2021-02-07T06:16:34-05:00[America/New_York],2021-02-07T06:16:48-05:00[America/New_York],Yes,2021-02-07,22594,Sunday
1805,<A>,346,2021-02-07T06:16:48-05:00[America/New_York],2021-02-07T06:22:34-05:00[America/New_York],Yes,2021-02-07,22608,Sunday
1805,B,16,2021-02-07T06:22:34-05:00[America/New_York],2021-02-07T06:22:50-05:00[America/New_York],Yes,2021-02-07,22954,Sunday
1805,<A>,266,2021-02-07T06:22:50-05:00[America/New_York],2021-02-07T06:27:16-05:00[America/New_York],NA,2021-02-07,22970,Sunday
1805,B,14,2021-02-07T06:27:16-05:00[America/New_York],2021-02-07T06:27:30-05:00[America/New_York],Yes,2021-02-07,23236,Sunday
1805,<A>,274,2021-02-07T06:27:30-05:00[America/New_York],2021-02-07T06:32:04-05:00[America/New_York],NA,2021-02-07,23250,Sunday
1805,B,14,2021-02-07T06:32:04-05:00[America/New_York],2021-02-07T06:32:18-05:00[America/New_York],Yes,2021-02-07,23524,Sunday
1805,<A>,153,2021-02-07T06:32:18-05:00[America/New_York],2021-02-07T06:34:51-05:00[America/New_York],Yes,2021-02-07,23538,Sunday
1805,B,14,2021-02-07T06:34:51-05:00[America/New_York],2021-02-07T06:35:05-05:00[America/New_York],Yes,2021-02-07,23691,Sunday
1805,<A>,111,2021-02-07T06:35:05-05:00[America/New_York],2021-02-07T06:36:56-05:00[America/New_York],Yes,2021-02-07,23705,Sunday
1805,B,14,2021-02-07T06:36:56-05:00[America/New_York],2021-02-07T06:37:10-05:00[America/New_York],Yes,2021-02-07,23816,Sunday
1805,<A>,297,2021-02-07T06:37:10-05:00[America/New_York],2021-02-07T06:42:07-05:00[America/New_York],Yes,2021-02-07,23830,Sunday
1805,B,15,2021-02-07T06:42:07-05:00[America/New_York],2021-02-07T06:42:22-05:00[America/New_York],Yes,2021-02-07,24127,Sunday
1805,<A>,114,2021-02-07T06:42:22-05:00[America/New_York],2021-02-07T06:44:16-05:00[America/New_York],Yes,2021-02-07,24142,Sunday
1805,B,15,2021-02-07T06:44:16-05:00[America/New_York],2021-02-07T06:44:31-05:00[America/New_York],Yes,2021-02-07,24256,Sunday
1805,<A>,35,2021-02-07T06:44:31-05:00[America/New_York],2021-02-07T06:45:06-05:00[America/New_York],Yes,2021-02-07,24271,Sunday
1805,B,19,2021-02-07T06:45:06-05:00[America/New_York],2021-02-07T06:45:25-05:00[America/New_York],Yes,2021-02-07,24306,Sunday
1805,<A>,88,2021-02-07T06:45:25-05:00[America/New_York],2021-02-07T06:46:53-05:00[America/New_York],NA,2021-02-07,24325,Sunday
1805,B,14,2021-02-07T06:46:53-05:00[America/New_York],2021-02-07T06:47:07-05:00[America/New_York],Yes,2021-02-07,24413,Sunday
1805,<A>,34,2021-02-07T06:47:07-05:00[America/New_York],2021-02-07T06:47:41-05:00[America/New_York],Yes,2021-02-07,24427,Sunday
1805,B,18,2021-02-07T06:47:41-05:00[America/New_York],2021-02-07T06:47:59-05:00[America/New_York],Yes,2021-02-07,24461,Sunday
1805,<A>,35,2021-02-07T06:47:59-05:00[America/New_York],2021-02-07T06:48:34-05:00[America/New_York],Yes,2021-02-07,24479,Sunday
1805,B,14,2021-02-07T06:48:34-05:00[America/New_York],2021-02-07T06:48:48-05:00[America/New_York],Yes,2021-02-07,24514,Sunday
1805,<A>,117,2021-02-07T06:48:48-05:00[America/New_York],2021-02-07T06:50:45-05:00[America/New_York],Yes,2021-02-07,24528,Sunday
1805,B,14,2021-02-07T06:50:45-05:00[America/New_York],2021-02-07T06:50:59-05:00[America/New_York],Yes,2021-02-07,24645,Sunday
1805,<A>,59,2021-02-07T06:50:59-05:00[America/New_York],2021-02-07T06:51:58-05:00[America/New_York],Yes,2021-02-07,24659,Sunday
1805,B,15,2021-02-07T06:51:58-05:00[America/New_York],2021-02-07T06:52:13-05:00[America/New_York],Yes,2021-02-07,24718,Sunday
1805,<A>,68,2021-02-07T06:52:13-05:00[America/New_York],2021-02-07T06:53:21-05:00[America/New_York],Yes,2021-02-07,24733,Sunday
1805,B,14,2021-02-07T06:53:21-05:00[America/New_York],2021-02-07T06:53:35-05:00[America/New_York],Yes,2021-02-07,24801,Sunday
1805,<A>,116,2021-02-07T06:53:35-05:00[America/New_York],2021-02-07T06:55:31-05:00[America/New_York],Yes,2021-02-07,24815,Sunday
1805,B,14,2021-02-07T06:55:31-05:00[America/New_York],2021-02-07T06:55:45-05:00[America/New_York],Yes,2021-02-07,24931,Sunday
1805,<A>,73,2021-02-07T06:55:45-05:00[America/New_York],2021-02-07T06:56:58-05:00[America/New_York],NA,2021-02-07,24945,Sunday
1805,B,15,2021-02-07T06:56:58-05:00[America/New_York],2021-02-07T06:57:13-05:00[America/New_York],Yes,2021-02-07,25018,Sunday
1805,<A>,35,2021-02-07T06:57:13-05:00[America/New_York],2021-02-07T06:57:48-05:00[America/New_York],Yes,2021-02-07,25033,Sunday
1805,B,14,2021-02-07T06:57:48-05:00[America/New_York],2021-02-07T06:58:02-05:00[America/New_York],Yes,2021-02-07,25068,Sunday
1805,<A>,651,2021-02-07T06:58:02-05:00[America/New_York],2021-02-07T07:08:53-05:00[America/New_York],NA,2021-02-07,25082,Sunday
1805,B,14,2021-02-07T07:08:53-05:00[America/New_York],2021-02-07T07:09:07-05:00[America/New_York],Yes,2021-02-07,25733,Sunday
1805,<A>,209,2021-02-07T07:09:07-05:00[America/New_York],2021-02-07T07:12:36-05:00[America/New_York],Yes,2021-02-07,25747,Sunday
1805,B,14,2021-02-07T07:12:36-05:00[America/New_York],2021-02-07T07:12:50-05:00[America/New_York],Yes,2021-02-07,25956,Sunday
1805,<A>,34,2021-02-07T07:12:50-05:00[America/New_York],2021-02-07T07:13:24-05:00[America/New_York],Yes,2021-02-07,25970,Sunday
1805,B,15,2021-02-07T07:13:24-05:00[America/New_York],2021-02-07T07:13:39-05:00[America/New_York],Yes,2021-02-07,26004,Sunday
1805,<A>,147,2021-02-07T07:13:39-05:00[America/New_York],2021-02-07T07:16:06-05:00[America/New_York],Yes,2021-02-07,26019,Sunday
1805,B,14,2021-02-07T07:16:06-05:00[America/New_York],2021-02-07T07:16:20-05:00[America/New_York],Yes,2021-02-07,26166,Sunday
1805,<A>,282,2021-02-07T07:16:20-05:00[America/New_York],2021-02-07T07:21:02-05:00[America/New_York],NA,2021-02-07,26180,Sunday
1805,B,14,2021-02-07T07:21:02-05:00[America/New_York],2021-02-07T07:21:16-05:00[America/New_York],Yes,2021-02-07,26462,Sunday
1805,<A>,49,2021-02-07T07:21:16-05:00[America/New_York],2021-02-07T07:22:05-05:00[America/New_York],Yes,2021-02-07,26476,Sunday
1805,B,14,2021-02-07T07:22:05-05:00[America/New_York],2021-02-07T07:22:19-05:00[America/New_York],Yes,2021-02-07,26525,Sunday
1805,<A>,186,2021-02-07T07:22:19-05:00[America/New_York],2021-02-07T07:25:25-05:00[America/New_York],NA,2021-02-07,26539,Sunday
1805,B,14,2021-02-07T07:25:25-05:00[America/New_York],2021-02-07T07:25:39-05:00[America/New_York],Yes,2021-02-07,26725,Sunday
1805,<A>,34,2021-02-07T07:25:39-05:00[America/New_York],2021-02-07T07:26:13-05:00[America/New_York],Yes,2021-02-07,26739,Sunday
1805,B,15,2021-02-07T07:26:13-05:00[America/New_York],2021-02-07T07:26:28-05:00[America/New_York],Yes,2021-02-07,26773,Sunday
1805,<A>,176,2021-02-07T07:26:28-05:00[America/New_York],2021-02-07T07:29:24-05:00[America/New_York],NA,2021-02-07,26788,Sunday
1805,B,15,2021-02-07T07:29:24-05:00[America/New_York],2021-02-07T07:29:39-05:00[America/New_York],Yes,2021-02-07,26964,Sunday
1805,<A>,151,2021-02-07T07:29:39-05:00[America/New_York],2021-02-07T07:32:10-05:00[America/New_York],Yes,2021-02-07,26979,Sunday
1805,B,15,2021-02-07T07:32:10-05:00[America/New_York],2021-02-07T07:32:25-05:00[America/New_York],Yes,2021-02-07,27130,Sunday
1805,<A>,112,2021-02-07T07:32:25-05:00[America/New_York],2021-02-07T07:34:17-05:00[America/New_York],Yes,2021-02-07,27145,Sunday
1805,B,15,2021-02-07T07:34:17-05:00[America/New_York],2021-02-07T07:34:32-05:00[America/New_York],Yes,2021-02-07,27257,Sunday
1805,<A>,149,2021-02-07T07:34:32-05:00[America/New_York],2021-02-07T07:37:01-05:00[America/New_York],Yes,2021-02-07,27272,Sunday
1805,B,14,2021-02-07T07:37:01-05:00[America/New_York],2021-02-07T07:37:15-05:00[America/New_York],Yes,2021-02-07,27421,Sunday
1805,<A>,54,2021-02-07T07:37:15-05:00[America/New_York],2021-02-07T07:38:09-05:00[America/New_York],Yes,2021-02-07,27435,Sunday
1805,B,14,2021-02-07T07:38:09-05:00[America/New_York],2021-02-07T07:38:23-05:00[America/New_York],Yes,2021-02-07,27489,Sunday
1805,<A>,58,2021-02-07T07:38:23-05:00[America/New_York],2021-02-07T07:39:21-05:00[America/New_York],Yes,2021-02-07,27503,Sunday
1805,B,15,2021-02-07T07:39:21-05:00[America/New_York],2021-02-07T07:39:36-05:00[America/New_York],Yes,2021-02-07,27561,Sunday
1805,<A>,36,2021-02-07T07:39:36-05:00[America/New_York],2021-02-07T07:40:12-05:00[America/New_York],Yes,2021-02-07,27576,Sunday
1805,B,16,2021-02-07T07:40:12-05:00[America/New_York],2021-02-07T07:40:28-05:00[America/New_York],Yes,2021-02-07,27612,Sunday
1805,<A>,110,2021-02-07T07:40:28-05:00[America/New_York],2021-02-07T07:42:18-05:00[America/New_York],Yes,2021-02-07,27628,Sunday
1805,B,15,2021-02-07T07:42:18-05:00[America/New_York],2021-02-07T07:42:33-05:00[America/New_York],Yes,2021-02-07,27738,Sunday
1805,<A>,91,2021-02-07T07:42:33-05:00[America/New_York],2021-02-07T07:44:04-05:00[America/New_York],NA,2021-02-07,27753,Sunday
1805,B,19,2021-02-07T07:44:04-05:00[America/New_York],2021-02-07T07:44:23-05:00[America/New_York],Yes,2021-02-07,27844,Sunday
1805,<A>,39,2021-02-07T07:44:23-05:00[America/New_York],2021-02-07T07:45:02-05:00[America/New_York],Yes,2021-02-07,27863,Sunday
1805,B,19,2021-02-07T07:45:02-05:00[America/New_York],2021-02-07T07:45:21-05:00[America/New_York],Yes,2021-02-07,27902,Sunday
1805,<A>,89,2021-02-07T07:45:21-05:00[America/New_York],2021-02-07T07:46:50-05:00[America/New_York],NA,2021-02-07,27921,Sunday
1805,B,14,2021-02-07T07:46:50-05:00[America/New_York],2021-02-07T07:47:04-05:00[America/New_York],Yes,2021-02-07,28010,Sunday
1805,<A>,35,2021-02-07T07:47:04-05:00[America/New_York],2021-02-07T07:47:39-05:00[America/New_York],Yes,2021-02-07,28024,Sunday
1805,B,14,2021-02-07T07:47:39-05:00[America/New_York],2021-02-07T07:47:53-05:00[America/New_York],Yes,2021-02-07,28059,Sunday
1805,<A>,35,2021-02-07T07:47:53-05:00[America/New_York],2021-02-07T07:48:28-05:00[America/New_York],Yes,2021-02-07,28073,Sunday
1805,B,15,2021-02-07T07:48:28-05:00[America/New_York],2021-02-07T07:48:43-05:00[America/New_York],Yes,2021-02-07,28108,Sunday
1805,<A>,187,2021-02-07T07:48:43-05:00[America/New_York],2021-02-07T07:51:50-05:00[America/New_York],NA,2021-02-07,28123,Sunday
1805,B,15,2021-02-07T07:51:50-05:00[America/New_York],2021-02-07T07:52:05-05:00[America/New_York],Yes,2021-02-07,28310,Sunday
1805,<A>,88,2021-02-07T07:52:05-05:00[America/New_York],2021-02-07T07:53:33-05:00[America/New_York],NA,2021-02-07,28325,Sunday
1805,B,14,2021-02-07T07:53:33-05:00[America/New_York],2021-02-07T07:53:47-05:00[America/New_York],Yes,2021-02-07,28413,Sunday
1805,<A>,41,2021-02-07T07:53:47-05:00[America/New_York],2021-02-07T07:54:28-05:00[America/New_York],Yes,2021-02-07,28427,Sunday
1805,B,15,2021-02-07T07:54:28-05:00[America/New_York],2021-02-07T07:54:43-05:00[America/New_York],Yes,2021-02-07,28468,Sunday
1805,<A>,34,2021-02-07T07:54:43-05:00[America/New_York],2021-02-07T07:55:17-05:00[America/New_York],Yes,2021-02-07,28483,Sunday
1805,B,17,2021-02-07T07:55:17-05:00[America/New_York],2021-02-07T07:55:34-05:00[America/New_York],Yes,2021-02-07,28517,Sunday
1805,<A>,36,2021-02-07T07:55:34-05:00[America/New_York],2021-02-07T07:56:10-05:00[America/New_York],Yes,2021-02-07,28534,Sunday
1805,B,15,2021-02-07T07:56:10-05:00[America/New_York],2021-02-07T07:56:25-05:00[America/New_York],Yes,2021-02-07,28570,Sunday
1805,<A>,98,2021-02-07T07:56:25-05:00[America/New_York],2021-02-07T07:58:03-05:00[America/New_York],NA,2021-02-07,28585,Sunday
1805,B,14,2021-02-07T07:58:03-05:00[America/New_York],2021-02-07T07:58:17-05:00[America/New_York],Yes,2021-02-07,28683,Sunday
1805,<A>,64,2021-02-07T07:58:17-05:00[America/New_York],2021-02-07T07:59:21-05:00[America/New_York],Yes,2021-02-07,28697,Sunday
1805,B,17,2021-02-07T07:59:21-05:00[America/New_York],2021-02-07T07:59:38-05:00[America/New_York],Yes,2021-02-07,28761,Sunday
1805,<A>,120,2021-02-07T07:59:38-05:00[America/New_York],2021-02-07T08:01:38-05:00[America/New_York],Yes,2021-02-07,28778,Sunday
1805,B,14,2021-02-07T08:01:38-05:00[America/New_York],2021-02-07T08:01:52-05:00[America/New_York],Yes,2021-02-07,28898,Sunday
1805,<A>,39,2021-02-07T08:01:52-05:00[America/New_York],2021-02-07T08:02:31-05:00[America/New_York],Yes,2021-02-07,28912,Sunday
1805,B,14,2021-02-07T08:02:31-05:00[America/New_York],2021-02-07T08:02:45-05:00[America/New_York],Yes,2021-02-07,28951,Sunday
1805,<A>,52,2021-02-07T08:02:45-05:00[America/New_York],2021-02-07T08:03:37-05:00[America/New_York],Yes,2021-02-07,28965,Sunday
1805,B,17,2021-02-07T08:03:37-05:00[America/New_York],2021-02-07T08:03:54-05:00[America/New_York],Yes,2021-02-07,29017,Sunday
1805,<A>,38,2021-02-07T08:03:54-05:00[America/New_York],2021-02-07T08:04:32-05:00[America/New_York],Yes,2021-02-07,29034,Sunday
1805,B,19,2021-02-07T08:04:32-05:00[America/New_York],2021-02-07T08:04:51-05:00[America/New_York],Yes,2021-02-07,29072,Sunday
1805,<A>,564,2021-02-07T08:04:51-05:00[America/New_York],2021-02-07T08:14:15-05:00[America/New_York],Yes,2021-02-07,29091,Sunday
1805,B,16,2021-02-07T08:14:15-05:00[America/New_York],2021-02-07T08:14:31-05:00[America/New_York],Yes,2021-02-07,29655,Sunday
1805,<A>,42,2021-02-07T08:14:31-05:00[America/New_York],2021-02-07T08:15:13-05:00[America/New_York],Yes,2021-02-07,29671,Sunday
1805,B,14,2021-02-07T08:15:13-05:00[America/New_York],2021-02-07T08:15:27-05:00[America/New_York],Yes,2021-02-07,29713,Sunday
1805,<A>,73,2021-02-07T08:15:27-05:00[America/New_York],2021-02-07T08:16:40-05:00[America/New_York],Yes,2021-02-07,29727,Sunday
1805,B,15,2021-02-07T08:16:40-05:00[America/New_York],2021-02-07T08:16:55-05:00[America/New_York],Yes,2021-02-07,29800,Sunday
1805,<A>,75,2021-02-07T08:16:55-05:00[America/New_York],2021-02-07T08:18:10-05:00[America/New_York],Yes,2021-02-07,29815,Sunday
1805,B,14,2021-02-07T08:18:10-05:00[America/New_York],2021-02-07T08:18:24-05:00[America/New_York],Yes,2021-02-07,29890,Sunday
1805,<A>,39,2021-02-07T08:18:24-05:00[America/New_York],2021-02-07T08:19:03-05:00[America/New_York],Yes,2021-02-07,29904,Sunday
1805,B,14,2021-02-07T08:19:03-05:00[America/New_York],2021-02-07T08:19:17-05:00[America/New_York],Yes,2021-02-07,29943,Sunday
1805,<A>,69,2021-02-07T08:19:17-05:00[America/New_York],2021-02-07T08:20:26-05:00[America/New_York],Yes,2021-02-07,29957,Sunday
1805,B,25,2021-02-07T08:20:26-05:00[America/New_York],2021-02-07T08:20:51-05:00[America/New_York],NA,2021-02-07,30026,Sunday
1805,<A>,40,2021-02-07T08:20:51-05:00[America/New_York],2021-02-07T08:21:31-05:00[America/New_York],Yes,2021-02-07,30051,Sunday
1805,B,15,2021-02-07T08:21:31-05:00[America/New_York],2021-02-07T08:21:46-05:00[America/New_York],Yes,2021-02-07,30091,Sunday
1805,<A>,35,2021-02-07T08:21:46-05:00[America/New_York],2021-02-07T08:22:21-05:00[America/New_York],Yes,2021-02-07,30106,Sunday
1805,B,14,2021-02-07T08:22:21-05:00[America/New_York],2021-02-07T08:22:35-05:00[America/New_York],Yes,2021-02-07,30141,Sunday
1805,<A>,37,2021-02-07T08:22:35-05:00[America/New_York],2021-02-07T08:23:12-05:00[America/New_York],Yes,2021-02-07,30155,Sunday
1805,B,16,2021-02-07T08:23:12-05:00[America/New_York],2021-02-07T08:23:28-05:00[America/New_York],Yes,2021-02-07,30192,Sunday
1805,<A>,36,2021-02-07T08:23:28-05:00[America/New_York],2021-02-07T08:24:04-05:00[America/New_York],Yes,2021-02-07,30208,Sunday
1805,B,20,2021-02-07T08:24:04-05:00[America/New_York],2021-02-07T08:24:24-05:00[America/New_York],Yes,2021-02-07,30244,Sunday
1805,<A>,43,2021-02-07T08:24:24-05:00[America/New_York],2021-02-07T08:25:07-05:00[America/New_York],Yes,2021-02-07,30264,Sunday
1805,B,17,2021-02-07T08:25:07-05:00[America/New_York],2021-02-07T08:25:24-05:00[America/New_York],Yes,2021-02-07,30307,Sunday
1805,<A>,49,2021-02-07T08:25:24-05:00[America/New_York],2021-02-07T08:26:13-05:00[America/New_York],Yes,2021-02-07,30324,Sunday
1805,B,16,2021-02-07T08:26:13-05:00[America/New_York],2021-02-07T08:26:29-05:00[America/New_York],Yes,2021-02-07,30373,Sunday
1805,<A>,86,2021-02-07T08:26:29-05:00[America/New_York],2021-02-07T08:27:55-05:00[America/New_York],NA,2021-02-07,30389,Sunday
1805,B,14,2021-02-07T08:27:55-05:00[America/New_York],2021-02-07T08:28:09-05:00[America/New_York],Yes,2021-02-07,30475,Sunday
1805,<A>,71,2021-02-07T08:28:09-05:00[America/New_York],2021-02-07T08:29:20-05:00[America/New_York],Yes,2021-02-07,30489,Sunday
1805,B,18,2021-02-07T08:29:20-05:00[America/New_York],2021-02-07T08:29:38-05:00[America/New_York],Yes,2021-02-07,30560,Sunday
1805,<A>,59,2021-02-07T08:29:38-05:00[America/New_York],2021-02-07T08:30:37-05:00[America/New_York],Yes,2021-02-07,30578,Sunday
1805,B,14,2021-02-07T08:30:37-05:00[America/New_York],2021-02-07T08:30:51-05:00[America/New_York],Yes,2021-02-07,30637,Sunday
1805,<A>,37,2021-02-07T08:30:51-05:00[America/New_York],2021-02-07T08:31:28-05:00[America/New_York],Yes,2021-02-07,30651,Sunday
1805,B,17,2021-02-07T08:31:28-05:00[America/New_York],2021-02-07T08:31:45-05:00[America/New_York],Yes,2021-02-07,30688,Sunday
1805,<A>,38,2021-02-07T08:31:45-05:00[America/New_York],2021-02-07T08:32:23-05:00[America/New_York],Yes,2021-02-07,30705,Sunday
1805,B,14,2021-02-07T08:32:23-05:00[America/New_York],2021-02-07T08:32:37-05:00[America/New_York],Yes,2021-02-07,30743,Sunday
1805,<A>,48,2021-02-07T08:32:37-05:00[America/New_York],2021-02-07T08:33:25-05:00[America/New_York],Yes,2021-02-07,30757,Sunday
1805,B,16,2021-02-07T08:33:25-05:00[America/New_York],2021-02-07T08:33:41-05:00[America/New_York],Yes,2021-02-07,30805,Sunday
1805,<A>,90,2021-02-07T08:33:41-05:00[America/New_York],2021-02-07T08:35:11-05:00[America/New_York],NA,2021-02-07,30821,Sunday
1805,B,20,2021-02-07T08:35:11-05:00[America/New_York],2021-02-07T08:35:31-05:00[America/New_York],Yes,2021-02-07,30911,Sunday
1805,<A>,38,2021-02-07T08:35:31-05:00[America/New_York],2021-02-07T08:36:09-05:00[America/New_York],Yes,2021-02-07,30931,Sunday
1805,B,14,2021-02-07T08:36:09-05:00[America/New_York],2021-02-07T08:36:23-05:00[America/New_York],Yes,2021-02-07,30969,Sunday
1805,<A>,35,2021-02-07T08:36:23-05:00[America/New_York],2021-02-07T08:36:58-05:00[America/New_York],Yes,2021-02-07,30983,Sunday
1805,B,15,2021-02-07T08:36:58-05:00[America/New_York],2021-02-07T08:37:13-05:00[America/New_York],Yes,2021-02-07,31018,Sunday
1805,<A>,36,2021-02-07T08:37:13-05:00[America/New_York],2021-02-07T08:37:49-05:00[America/New_York],Yes,2021-02-07,31033,Sunday
1805,B,18,2021-02-07T08:37:49-05:00[America/New_York],2021-02-07T08:38:07-05:00[America/New_York],Yes,2021-02-07,31069,Sunday
1805,<A>,34,2021-02-07T08:38:07-05:00[America/New_York],2021-02-07T08:38:41-05:00[America/New_York],Yes,2021-02-07,31087,Sunday
1805,B,18,2021-02-07T08:38:41-05:00[America/New_York],2021-02-07T08:38:59-05:00[America/New_York],Yes,2021-02-07,31121,Sunday
1805,<A>,41,2021-02-07T08:38:59-05:00[America/New_York],2021-02-07T08:39:40-05:00[America/New_York],Yes,2021-02-07,31139,Sunday
1805,B,14,2021-02-07T08:39:40-05:00[America/New_York],2021-02-07T08:39:54-05:00[America/New_York],Yes,2021-02-07,31180,Sunday
1805,<A>,39,2021-02-07T08:39:54-05:00[America/New_York],2021-02-07T08:40:33-05:00[America/New_York],Yes,2021-02-07,31194,Sunday
1805,B,15,2021-02-07T08:40:33-05:00[America/New_York],2021-02-07T08:40:48-05:00[America/New_York],Yes,2021-02-07,31233,Sunday
1805,<A>,39,2021-02-07T08:40:48-05:00[America/New_York],2021-02-07T08:41:27-05:00[America/New_York],Yes,2021-02-07,31248,Sunday
1805,B,17,2021-02-07T08:41:27-05:00[America/New_York],2021-02-07T08:41:44-05:00[America/New_York],Yes,2021-02-07,31287,Sunday
1805,<A>,40,2021-02-07T08:41:44-05:00[America/New_York],2021-02-07T08:42:24-05:00[America/New_York],Yes,2021-02-07,31304,Sunday
1805,B,14,2021-02-07T08:42:24-05:00[America/New_York],2021-02-07T08:42:38-05:00[America/New_York],Yes,2021-02-07,31344,Sunday
1805,<A>,65,2021-02-07T08:42:38-05:00[America/New_York],2021-02-07T08:43:43-05:00[America/New_York],Yes,2021-02-07,31358,Sunday
1805,B,25,2021-02-07T08:43:43-05:00[America/New_York],2021-02-07T08:44:08-05:00[America/New_York],NA,2021-02-07,31423,Sunday
1805,<A>,38,2021-02-07T08:44:08-05:00[America/New_York],2021-02-07T08:44:46-05:00[America/New_York],Yes,2021-02-07,31448,Sunday
1805,B,18,2021-02-07T08:44:46-05:00[America/New_York],2021-02-07T08:45:04-05:00[America/New_York],Yes,2021-02-07,31486,Sunday
1805,<A>,73,2021-02-07T08:45:04-05:00[America/New_York],2021-02-07T08:46:17-05:00[America/New_York],Yes,2021-02-07,31504,Sunday
1805,B,21,2021-02-07T08:46:17-05:00[America/New_York],2021-02-07T08:46:38-05:00[America/New_York],Yes,2021-02-07,31577,Sunday
1805,<A>,40,2021-02-07T08:46:38-05:00[America/New_York],2021-02-07T08:47:18-05:00[America/New_York],Yes,2021-02-07,31598,Sunday
1805,B,14,2021-02-07T08:47:18-05:00[America/New_York],2021-02-07T08:47:32-05:00[America/New_York],Yes,2021-02-07,31638,Sunday
1805,<A>,34,2021-02-07T08:47:32-05:00[America/New_York],2021-02-07T08:48:06-05:00[America/New_York],Yes,2021-02-07,31652,Sunday
1805,B,23,2021-02-07T08:48:06-05:00[America/New_York],2021-02-07T08:48:29-05:00[America/New_York],Yes,2021-02-07,31686,Sunday
1805,<A>,90,2021-02-07T08:48:29-05:00[America/New_York],2021-02-07T08:49:59-05:00[America/New_York],NA,2021-02-07,31709,Sunday
1805,B,19,2021-02-07T08:49:59-05:00[America/New_York],2021-02-07T08:50:18-05:00[America/New_York],Yes,2021-02-07,31799,Sunday
1805,<A>,35,2021-02-07T08:50:18-05:00[America/New_York],2021-02-07T08:50:53-05:00[America/New_York],Yes,2021-02-07,31818,Sunday
1805,B,14,2021-02-07T08:50:53-05:00[America/New_York],2021-02-07T08:51:07-05:00[America/New_York],Yes,2021-02-07,31853,Sunday
1805,<A>,46,2021-02-07T08:51:07-05:00[America/New_York],2021-02-07T08:51:53-05:00[America/New_York],Yes,2021-02-07,31867,Sunday
1805,B,17,2021-02-07T08:51:53-05:00[America/New_York],2021-02-07T08:52:10-05:00[America/New_York],Yes,2021-02-07,31913,Sunday
1805,<A>,68,2021-02-07T08:52:10-05:00[America/New_York],2021-02-07T08:53:18-05:00[America/New_York],Yes,2021-02-07,31930,Sunday
1805,B,17,2021-02-07T08:53:18-05:00[America/New_York],2021-02-07T08:53:35-05:00[America/New_York],Yes,2021-02-07,31998,Sunday
1805,<A>,94,2021-02-07T08:53:35-05:00[America/New_York],2021-02-07T08:55:09-05:00[America/New_York],NA,2021-02-07,32015,Sunday
1805,B,14,2021-02-07T08:55:09-05:00[America/New_York],2021-02-07T08:55:23-05:00[America/New_York],Yes,2021-02-07,32109,Sunday
1805,<A>,35,2021-02-07T08:55:23-05:00[America/New_York],2021-02-07T08:55:58-05:00[America/New_York],Yes,2021-02-07,32123,Sunday
1805,B,16,2021-02-07T08:55:58-05:00[America/New_York],2021-02-07T08:56:14-05:00[America/New_York],Yes,2021-02-07,32158,Sunday
1805,<A>,42,2021-02-07T08:56:14-05:00[America/New_York],2021-02-07T08:56:56-05:00[America/New_York],Yes,2021-02-07,32174,Sunday
1805,B,17,2021-02-07T08:56:56-05:00[America/New_York],2021-02-07T08:57:13-05:00[America/New_York],Yes,2021-02-07,32216,Sunday
1805,<A>,36,2021-02-07T08:57:13-05:00[America/New_York],2021-02-07T08:57:49-05:00[America/New_York],Yes,2021-02-07,32233,Sunday
1805,B,23,2021-02-07T08:57:49-05:00[America/New_York],2021-02-07T08:58:12-05:00[America/New_York],Yes,2021-02-07,32269,Sunday
1805,<A>,72,2021-02-07T08:58:12-05:00[America/New_York],2021-02-07T08:59:24-05:00[America/New_York],Yes,2021-02-07,32292,Sunday
1805,B,15,2021-02-07T08:59:24-05:00[America/New_York],2021-02-07T08:59:39-05:00[America/New_York],Yes,2021-02-07,32364,Sunday
1805,<A>,42,2021-02-07T08:59:39-05:00[America/New_York],2021-02-07T09:00:21-05:00[America/New_York],Yes,2021-02-07,32379,Sunday
1805,B,21,2021-02-07T09:00:21-05:00[America/New_York],2021-02-07T09:00:42-05:00[America/New_York],Yes,2021-02-07,32421,Sunday
1805,<A>,34,2021-02-07T09:00:42-05:00[America/New_York],2021-02-07T09:01:16-05:00[America/New_York],Yes,2021-02-07,32442,Sunday
1805,B,19,2021-02-07T09:01:16-05:00[America/New_York],2021-02-07T09:01:35-05:00[America/New_York],Yes,2021-02-07,32476,Sunday
1805,<A>,46,2021-02-07T09:01:35-05:00[America/New_York],2021-02-07T09:02:21-05:00[America/New_York],Yes,2021-02-07,32495,Sunday
1805,B,18,2021-02-07T09:02:21-05:00[America/New_York],2021-02-07T09:02:39-05:00[America/New_York],Yes,2021-02-07,32541,Sunday
1805,<A>,49,2021-02-07T09:02:39-05:00[America/New_York],2021-02-07T09:03:28-05:00[America/New_York],Yes,2021-02-07,32559,Sunday
1805,B,15,2021-02-07T09:03:28-05:00[America/New_York],2021-02-07T09:03:43-05:00[America/New_York],Yes,2021-02-07,32608,Sunday
1805,<A>,38,2021-02-07T09:03:43-05:00[America/New_York],2021-02-07T09:04:21-05:00[America/New_York],Yes,2021-02-07,32623,Sunday
1805,B,15,2021-02-07T09:04:21-05:00[America/New_York],2021-02-07T09:04:36-05:00[America/New_York],Yes,2021-02-07,32661,Sunday
1805,<A>,41,2021-02-07T09:04:36-05:00[America/New_York],2021-02-07T09:05:17-05:00[America/New_York],Yes,2021-02-07,32676,Sunday
1805,B,14,2021-02-07T09:05:17-05:00[America/New_York],2021-02-07T09:05:31-05:00[America/New_York],Yes,2021-02-07,32717,Sunday
1805,<A>,35,2021-02-07T09:05:31-05:00[America/New_York],2021-02-07T09:06:06-05:00[America/New_York],Yes,2021-02-07,32731,Sunday
1805,B,16,2021-02-07T09:06:06-05:00[America/New_York],2021-02-07T09:06:22-05:00[America/New_York],Yes,2021-02-07,32766,Sunday
1805,<A>,40,2021-02-07T09:06:22-05:00[America/New_York],2021-02-07T09:07:02-05:00[America/New_York],Yes,2021-02-07,32782,Sunday
1805,B,22,2021-02-07T09:07:02-05:00[America/New_York],2021-02-07T09:07:24-05:00[America/New_York],Yes,2021-02-07,32822,Sunday
1805,<A>,61,2021-02-07T09:07:24-05:00[America/New_York],2021-02-07T09:08:25-05:00[America/New_York],Yes,2021-02-07,32844,Sunday
1805,B,17,2021-02-07T09:08:25-05:00[America/New_York],2021-02-07T09:08:42-05:00[America/New_York],Yes,2021-02-07,32905,Sunday
1805,<A>,48,2021-02-07T09:08:42-05:00[America/New_York],2021-02-07T09:09:30-05:00[America/New_York],Yes,2021-02-07,32922,Sunday
1805,B,14,2021-02-07T09:09:30-05:00[America/New_York],2021-02-07T09:09:44-05:00[America/New_York],Yes,2021-02-07,32970,Sunday
1805,<A>,35,2021-02-07T09:09:44-05:00[America/New_York],2021-02-07T09:10:19-05:00[America/New_York],Yes,2021-02-07,32984,Sunday
1805,B,19,2021-02-07T09:10:19-05:00[America/New_York],2021-02-07T09:10:38-05:00[America/New_York],Yes,2021-02-07,33019,Sunday
1805,<A>,35,2021-02-07T09:10:38-05:00[America/New_York],2021-02-07T09:11:13-05:00[America/New_York],Yes,2021-02-07,33038,Sunday
1805,B,17,2021-02-07T09:11:13-05:00[America/New_York],2021-02-07T09:11:30-05:00[America/New_York],Yes,2021-02-07,33073,Sunday
1805,<A>,55,2021-02-07T09:11:30-05:00[America/New_York],2021-02-07T09:12:25-05:00[America/New_York],Yes,2021-02-07,33090,Sunday
1805,B,23,2021-02-07T09:12:25-05:00[America/New_York],2021-02-07T09:12:48-05:00[America/New_York],Yes,2021-02-07,33145,Sunday
1805,<A>,36,2021-02-07T09:12:48-05:00[America/New_York],2021-02-07T09:13:24-05:00[America/New_York],Yes,2021-02-07,33168,Sunday
1805,B,14,2021-02-07T09:13:24-05:00[America/New_York],2021-02-07T09:13:38-05:00[America/New_York],Yes,2021-02-07,33204,Sunday
1805,<A>,36,2021-02-07T09:13:38-05:00[America/New_York],2021-02-07T09:14:14-05:00[America/New_York],Yes,2021-02-07,33218,Sunday
1805,B,17,2021-02-07T09:14:14-05:00[America/New_York],2021-02-07T09:14:31-05:00[America/New_York],Yes,2021-02-07,33254,Sunday
1805,<A>,35,2021-02-07T09:14:31-05:00[America/New_York],2021-02-07T09:15:06-05:00[America/New_York],Yes,2021-02-07,33271,Sunday
1805,B,16,2021-02-07T09:15:06-05:00[America/New_York],2021-02-07T09:15:22-05:00[America/New_York],Yes,2021-02-07,33306,Sunday
1805,<A>,69,2021-02-07T09:15:22-05:00[America/New_York],2021-02-07T09:16:31-05:00[America/New_York],Yes,2021-02-07,33322,Sunday
1805,B,16,2021-02-07T09:16:31-05:00[America/New_York],2021-02-07T09:16:47-05:00[America/New_York],Yes,2021-02-07,33391,Sunday
1805,<A>,62,2021-02-07T09:16:47-05:00[America/New_York],2021-02-07T09:17:49-05:00[America/New_York],Yes,2021-02-07,33407,Sunday
1805,B,16,2021-02-07T09:17:49-05:00[America/New_York],2021-02-07T09:18:05-05:00[America/New_York],Yes,2021-02-07,33469,Sunday
1805,<A>,46,2021-02-07T09:18:05-05:00[America/New_York],2021-02-07T09:18:51-05:00[America/New_York],Yes,2021-02-07,33485,Sunday
1805,B,14,2021-02-07T09:18:51-05:00[America/New_York],2021-02-07T09:19:05-05:00[America/New_York],Yes,2021-02-07,33531,Sunday
1805,<A>,34,2021-02-07T09:19:05-05:00[America/New_York],2021-02-07T09:19:39-05:00[America/New_York],Yes,2021-02-07,33545,Sunday
1805,B,15,2021-02-07T09:19:39-05:00[America/New_York],2021-02-07T09:19:54-05:00[America/New_York],Yes,2021-02-07,33579,Sunday
1805,<A>,98,2021-02-07T09:19:54-05:00[America/New_York],2021-02-07T09:21:32-05:00[America/New_York],NA,2021-02-07,33594,Sunday
1805,B,14,2021-02-07T09:21:32-05:00[America/New_York],2021-02-07T09:21:46-05:00[America/New_York],Yes,2021-02-07,33692,Sunday
1805,<A>,81,2021-02-07T09:21:46-05:00[America/New_York],2021-02-07T09:23:07-05:00[America/New_York],Yes,2021-02-07,33706,Sunday
1805,B,20,2021-02-07T09:23:07-05:00[America/New_York],2021-02-07T09:23:27-05:00[America/New_York],Yes,2021-02-07,33787,Sunday
1805,<A>,38,2021-02-07T09:23:27-05:00[America/New_York],2021-02-07T09:24:05-05:00[America/New_York],Yes,2021-02-07,33807,Sunday
1805,B,17,2021-02-07T09:24:05-05:00[America/New_York],2021-02-07T09:24:22-05:00[America/New_York],Yes,2021-02-07,33845,Sunday
1805,<A>,35,2021-02-07T09:24:22-05:00[America/New_York],2021-02-07T09:24:57-05:00[America/New_York],Yes,2021-02-07,33862,Sunday
1805,B,18,2021-02-07T09:24:57-05:00[America/New_York],2021-02-07T09:25:15-05:00[America/New_York],Yes,2021-02-07,33897,Sunday
1805,<A>,36,2021-02-07T09:25:15-05:00[America/New_York],2021-02-07T09:25:51-05:00[America/New_York],Yes,2021-02-07,33915,Sunday
1805,B,14,2021-02-07T09:25:51-05:00[America/New_York],2021-02-07T09:26:05-05:00[America/New_York],Yes,2021-02-07,33951,Sunday
1805,<A>,94,2021-02-07T09:26:05-05:00[America/New_York],2021-02-07T09:27:39-05:00[America/New_York],NA,2021-02-07,33965,Sunday
1805,B,25,2021-02-07T09:27:39-05:00[America/New_York],2021-02-07T09:28:04-05:00[America/New_York],Yes,2021-02-07,34059,Sunday
1805,<A>,41,2021-02-07T09:28:04-05:00[America/New_York],2021-02-07T09:28:45-05:00[America/New_York],Yes,2021-02-07,34084,Sunday
1805,B,16,2021-02-07T09:28:45-05:00[America/New_York],2021-02-07T09:29:01-05:00[America/New_York],Yes,2021-02-07,34125,Sunday
1805,<A>,55,2021-02-07T09:29:01-05:00[America/New_York],2021-02-07T09:29:56-05:00[America/New_York],Yes,2021-02-07,34141,Sunday
1805,B,15,2021-02-07T09:29:56-05:00[America/New_York],2021-02-07T09:30:11-05:00[America/New_York],Yes,2021-02-07,34196,Sunday
1805,<A>,36,2021-02-07T09:30:11-05:00[America/New_York],2021-02-07T09:30:47-05:00[America/New_York],Yes,2021-02-07,34211,Sunday
1805,B,15,2021-02-07T09:30:47-05:00[America/New_York],2021-02-07T09:31:02-05:00[America/New_York],Yes,2021-02-07,34247,Sunday
1805,<A>,38,2021-02-07T09:31:02-05:00[America/New_York],2021-02-07T09:31:40-05:00[America/New_York],Yes,2021-02-07,34262,Sunday
1805,B,15,2021-02-07T09:31:40-05:00[America/New_York],2021-02-07T09:31:55-05:00[America/New_York],Yes,2021-02-07,34300,Sunday
1805,<A>,34,2021-02-07T09:31:55-05:00[America/New_York],2021-02-07T09:32:29-05:00[America/New_York],Yes,2021-02-07,34315,Sunday
1805,B,23,2021-02-07T09:32:29-05:00[America/New_York],2021-02-07T09:32:52-05:00[America/New_York],Yes,2021-02-07,34349,Sunday
1805,<A>,58,2021-02-07T09:32:52-05:00[America/New_York],2021-02-07T09:33:50-05:00[America/New_York],Yes,2021-02-07,34372,Sunday
1805,B,14,2021-02-07T09:33:50-05:00[America/New_York],2021-02-07T09:34:04-05:00[America/New_York],Yes,2021-02-07,34430,Sunday
1805,<A>,80,2021-02-07T09:34:04-05:00[America/New_York],2021-02-07T09:35:24-05:00[America/New_York],NA,2021-02-07,34444,Sunday
1805,B,19,2021-02-07T09:35:24-05:00[America/New_York],2021-02-07T09:35:43-05:00[America/New_York],Yes,2021-02-07,34524,Sunday
1805,<A>,35,2021-02-07T09:35:43-05:00[America/New_York],2021-02-07T09:36:18-05:00[America/New_York],Yes,2021-02-07,34543,Sunday
1805,B,25,2021-02-07T09:36:18-05:00[America/New_York],2021-02-07T09:36:43-05:00[America/New_York],NA,2021-02-07,34578,Sunday
1805,<A>,102,2021-02-07T09:36:43-05:00[America/New_York],2021-02-07T09:38:25-05:00[America/New_York],NA,2021-02-07,34603,Sunday
1805,B,16,2021-02-07T09:38:25-05:00[America/New_York],2021-02-07T09:38:41-05:00[America/New_York],Yes,2021-02-07,34705,Sunday
1805,<A>,42,2021-02-07T09:38:41-05:00[America/New_York],2021-02-07T09:39:23-05:00[America/New_York],Yes,2021-02-07,34721,Sunday
1805,B,19,2021-02-07T09:39:23-05:00[America/New_York],2021-02-07T09:39:42-05:00[America/New_York],Yes,2021-02-07,34763,Sunday
1805,<A>,37,2021-02-07T09:39:42-05:00[America/New_York],2021-02-07T09:40:19-05:00[America/New_York],Yes,2021-02-07,34782,Sunday
1805,B,14,2021-02-07T09:40:19-05:00[America/New_York],2021-02-07T09:40:33-05:00[America/New_York],Yes,2021-02-07,34819,Sunday
1805,<A>,38,2021-02-07T09:40:33-05:00[America/New_York],2021-02-07T09:41:11-05:00[America/New_York],Yes,2021-02-07,34833,Sunday
1805,B,14,2021-02-07T09:41:11-05:00[America/New_York],2021-02-07T09:41:25-05:00[America/New_York],Yes,2021-02-07,34871,Sunday
1805,<A>,34,2021-02-07T09:41:25-05:00[America/New_York],2021-02-07T09:41:59-05:00[America/New_York],Yes,2021-02-07,34885,Sunday
1805,B,21,2021-02-07T09:41:59-05:00[America/New_York],2021-02-07T09:42:20-05:00[America/New_York],Yes,2021-02-07,34919,Sunday
1805,<A>,63,2021-02-07T09:42:20-05:00[America/New_York],2021-02-07T09:43:23-05:00[America/New_York],Yes,2021-02-07,34940,Sunday
1805,B,15,2021-02-07T09:43:23-05:00[America/New_York],2021-02-07T09:43:38-05:00[America/New_York],Yes,2021-02-07,35003,Sunday
1805,<A>,36,2021-02-07T09:43:38-05:00[America/New_York],2021-02-07T09:44:14-05:00[America/New_York],Yes,2021-02-07,35018,Sunday
1805,B,24,2021-02-07T09:44:14-05:00[America/New_York],2021-02-07T09:44:38-05:00[America/New_York],NA,2021-02-07,35054,Sunday
1805,<A>,108,2021-02-07T09:44:38-05:00[America/New_York],2021-02-07T09:46:26-05:00[America/New_York],NA,2021-02-07,35078,Sunday
1805,B,19,2021-02-07T09:46:26-05:00[America/New_York],2021-02-07T09:46:45-05:00[America/New_York],Yes,2021-02-07,35186,Sunday
1805,<A>,92,2021-02-07T09:46:45-05:00[America/New_York],2021-02-07T09:48:17-05:00[America/New_York],NA,2021-02-07,35205,Sunday
1805,B,22,2021-02-07T09:48:17-05:00[America/New_York],2021-02-07T09:48:39-05:00[America/New_York],Yes,2021-02-07,35297,Sunday
1805,<A>,119,2021-02-07T09:48:39-05:00[America/New_York],2021-02-07T09:50:38-05:00[America/New_York],NA,2021-02-07,35319,Sunday
1805,B,15,2021-02-07T09:50:38-05:00[America/New_York],2021-02-07T09:50:53-05:00[America/New_York],Yes,2021-02-07,35438,Sunday
1805,<A>,121,2021-02-07T09:50:53-05:00[America/New_York],2021-02-07T09:52:54-05:00[America/New_York],NA,2021-02-07,35453,Sunday
1805,B,16,2021-02-07T09:52:54-05:00[America/New_York],2021-02-07T09:53:10-05:00[America/New_York],Yes,2021-02-07,35574,Sunday
1805,<A>,112,2021-02-07T09:53:10-05:00[America/New_York],2021-02-07T09:55:02-05:00[America/New_York],NA,2021-02-07,35590,Sunday
1805,B,29,2021-02-07T09:55:02-05:00[America/New_York],2021-02-07T09:55:31-05:00[America/New_York],NA,2021-02-07,35702,Sunday
1805,<A>,85,2021-02-07T09:55:31-05:00[America/New_York],2021-02-07T09:56:56-05:00[America/New_York],NA,2021-02-07,35731,Sunday
1805,B,28,2021-02-07T09:56:56-05:00[America/New_York],2021-02-07T09:57:24-05:00[America/New_York],NA,2021-02-07,35816,Sunday
1805,<A>,85,2021-02-07T09:57:24-05:00[America/New_York],2021-02-07T09:58:49-05:00[America/New_York],NA,2021-02-07,35844,Sunday
1805,B,18,2021-02-07T09:58:49-05:00[America/New_York],2021-02-07T09:59:07-05:00[America/New_York],Yes,2021-02-07,35929,Sunday
1805,<A>,97,2021-02-07T09:59:07-05:00[America/New_York],2021-02-07T10:00:44-05:00[America/New_York],NA,2021-02-07,35947,Sunday
1805,B,15,2021-02-07T10:00:44-05:00[America/New_York],2021-02-07T10:00:59-05:00[America/New_York],Yes,2021-02-07,36044,Sunday
1805,<A>,95,2021-02-07T10:00:59-05:00[America/New_York],2021-02-07T10:02:34-05:00[America/New_York],NA,2021-02-07,36059,Sunday
1805,B,20,2021-02-07T10:02:34-05:00[America/New_York],2021-02-07T10:02:54-05:00[America/New_York],Yes,2021-02-07,36154,Sunday
1805,<A>,94,2021-02-07T10:02:54-05:00[America/New_York],2021-02-07T10:04:28-05:00[America/New_York],NA,2021-02-07,36174,Sunday
1805,B,18,2021-02-07T10:04:28-05:00[America/New_York],2021-02-07T10:04:46-05:00[America/New_York],Yes,2021-02-07,36268,Sunday
1805,<A>,92,2021-02-07T10:04:46-05:00[America/New_York],2021-02-07T10:06:18-05:00[America/New_York],NA,2021-02-07,36286,Sunday
1805,B,14,2021-02-07T10:06:18-05:00[America/New_York],2021-02-07T10:06:32-05:00[America/New_York],Yes,2021-02-07,36378,Sunday
1805,<A>,97,2021-02-07T10:06:32-05:00[America/New_York],2021-02-07T10:08:09-05:00[America/New_York],NA,2021-02-07,36392,Sunday
1805,B,23,2021-02-07T10:08:09-05:00[America/New_York],2021-02-07T10:08:32-05:00[America/New_York],Yes,2021-02-07,36489,Sunday
1805,<A>,83,2021-02-07T10:08:32-05:00[America/New_York],2021-02-07T10:09:55-05:00[America/New_York],NA,2021-02-07,36512,Sunday
1805,B,20,2021-02-07T10:09:55-05:00[America/New_York],2021-02-07T10:10:15-05:00[America/New_York],Yes,2021-02-07,36595,Sunday
1805,<A>,88,2021-02-07T10:10:15-05:00[America/New_York],2021-02-07T10:11:43-05:00[America/New_York],NA,2021-02-07,36615,Sunday
1805,B,22,2021-02-07T10:11:43-05:00[America/New_York],2021-02-07T10:12:05-05:00[America/New_York],Yes,2021-02-07,36703,Sunday
1805,<A>,187,2021-02-07T10:12:05-05:00[America/New_York],2021-02-07T10:15:12-05:00[America/New_York],NA,2021-02-07,36725,Sunday
1805,B,21,2021-02-07T10:15:12-05:00[America/New_York],2021-02-07T10:15:33-05:00[America/New_York],Yes,2021-02-07,36912,Sunday
1805,<A>,87,2021-02-07T10:15:33-05:00[America/New_York],2021-02-07T10:17:00-05:00[America/New_York],NA,2021-02-07,36933,Sunday
1805,B,19,2021-02-07T10:17:00-05:00[America/New_York],2021-02-07T10:17:19-05:00[America/New_York],Yes,2021-02-07,37020,Sunday
1805,<A>,95,2021-02-07T10:17:19-05:00[America/New_York],2021-02-07T10:18:54-05:00[America/New_York],NA,2021-02-07,37039,Sunday
1805,B,22,2021-02-07T10:18:54-05:00[America/New_York],2021-02-07T10:19:16-05:00[America/New_York],Yes,2021-02-07,37134,Sunday
1805,<A>,99,2021-02-07T10:19:16-05:00[America/New_York],2021-02-07T10:20:55-05:00[America/New_York],NA,2021-02-07,37156,Sunday
1805,B,18,2021-02-07T10:20:55-05:00[America/New_York],2021-02-07T10:21:13-05:00[America/New_York],Yes,2021-02-07,37255,Sunday
1805,<A>,105,2021-02-07T10:21:13-05:00[America/New_York],2021-02-07T10:22:58-05:00[America/New_York],NA,2021-02-07,37273,Sunday
1805,B,28,2021-02-07T10:22:58-05:00[America/New_York],2021-02-07T10:23:26-05:00[America/New_York],Yes,2021-02-07,37378,Sunday
1805,<A>,80,2021-02-07T10:23:26-05:00[America/New_York],2021-02-07T10:24:46-05:00[America/New_York],NA,2021-02-07,37406,Sunday
1805,B,26,2021-02-07T10:24:46-05:00[America/New_York],2021-02-07T10:25:12-05:00[America/New_York],NA,2021-02-07,37486,Sunday
1805,<A>,77,2021-02-07T10:25:12-05:00[America/New_York],2021-02-07T10:26:29-05:00[America/New_York],NA,2021-02-07,37512,Sunday
1805,B,27,2021-02-07T10:26:29-05:00[America/New_York],2021-02-07T10:26:56-05:00[America/New_York],NA,2021-02-07,37589,Sunday
1805,<A>,82,2021-02-07T10:26:56-05:00[America/New_York],2021-02-07T10:28:18-05:00[America/New_York],NA,2021-02-07,37616,Sunday
1805,B,18,2021-02-07T10:28:18-05:00[America/New_York],2021-02-07T10:28:36-05:00[America/New_York],Yes,2021-02-07,37698,Sunday
1805,<A>,101,2021-02-07T10:28:36-05:00[America/New_York],2021-02-07T10:30:17-05:00[America/New_York],NA,2021-02-07,37716,Sunday
1805,B,19,2021-02-07T10:30:17-05:00[America/New_York],2021-02-07T10:30:36-05:00[America/New_York],Yes,2021-02-07,37817,Sunday
1805,<A>,92,2021-02-07T10:30:36-05:00[America/New_York],2021-02-07T10:32:08-05:00[America/New_York],NA,2021-02-07,37836,Sunday
1805,B,21,2021-02-07T10:32:08-05:00[America/New_York],2021-02-07T10:32:29-05:00[America/New_York],Yes,2021-02-07,37928,Sunday
1805,<A>,86,2021-02-07T10:32:29-05:00[America/New_York],2021-02-07T10:33:55-05:00[America/New_York],NA,2021-02-07,37949,Sunday
1805,B,23,2021-02-07T10:33:55-05:00[America/New_York],2021-02-07T10:34:18-05:00[America/New_York],Yes,2021-02-07,38035,Sunday
1805,<A>,90,2021-02-07T10:34:18-05:00[America/New_York],2021-02-07T10:35:48-05:00[America/New_York],NA,2021-02-07,38058,Sunday
1805,B,17,2021-02-07T10:35:48-05:00[America/New_York],2021-02-07T10:36:05-05:00[America/New_York],Yes,2021-02-07,38148,Sunday
1805,<A>,94,2021-02-07T10:36:05-05:00[America/New_York],2021-02-07T10:37:39-05:00[America/New_York],NA,2021-02-07,38165,Sunday
1805,B,19,2021-02-07T10:37:39-05:00[America/New_York],2021-02-07T10:37:58-05:00[America/New_York],Yes,2021-02-07,38259,Sunday
1805,<A>,208,2021-02-07T10:37:58-05:00[America/New_York],2021-02-07T10:41:26-05:00[America/New_York],NA,2021-02-07,38278,Sunday
1805,B,18,2021-02-07T10:41:26-05:00[America/New_York],2021-02-07T10:41:44-05:00[America/New_York],Yes,2021-02-07,38486,Sunday
1805,<A>,101,2021-02-07T10:41:44-05:00[America/New_York],2021-02-07T10:43:25-05:00[America/New_York],NA,2021-02-07,38504,Sunday
1805,B,30,2021-02-07T10:43:25-05:00[America/New_York],2021-02-07T10:43:55-05:00[America/New_York],NA,2021-02-07,38605,Sunday
1805,<A>,94,2021-02-07T10:43:55-05:00[America/New_York],2021-02-07T10:45:29-05:00[America/New_York],NA,2021-02-07,38635,Sunday
1805,B,19,2021-02-07T10:45:29-05:00[America/New_York],2021-02-07T10:45:48-05:00[America/New_York],Yes,2021-02-07,38729,Sunday
1805,<A>,105,2021-02-07T10:45:48-05:00[America/New_York],2021-02-07T10:47:33-05:00[America/New_York],NA,2021-02-07,38748,Sunday
1805,B,16,2021-02-07T10:47:33-05:00[America/New_York],2021-02-07T10:47:49-05:00[America/New_York],Yes,2021-02-07,38853,Sunday
1805,<A>,121,2021-02-07T10:47:49-05:00[America/New_York],2021-02-07T10:49:50-05:00[America/New_York],NA,2021-02-07,38869,Sunday
1805,B,33,2021-02-07T10:49:50-05:00[America/New_York],2021-02-07T10:50:23-05:00[America/New_York],NA,2021-02-07,38990,Sunday
1805,<A>,98,2021-02-07T10:50:23-05:00[America/New_York],2021-02-07T10:52:01-05:00[America/New_York],NA,2021-02-07,39023,Sunday
1805,B,19,2021-02-07T10:52:01-05:00[America/New_York],2021-02-07T10:52:20-05:00[America/New_York],Yes,2021-02-07,39121,Sunday
1805,<A>,101,2021-02-07T10:52:20-05:00[America/New_York],2021-02-07T10:54:01-05:00[America/New_York],NA,2021-02-07,39140,Sunday
1805,B,30,2021-02-07T10:54:01-05:00[America/New_York],2021-02-07T10:54:31-05:00[America/New_York],NA,2021-02-07,39241,Sunday
1805,<A>,89,2021-02-07T10:54:31-05:00[America/New_York],2021-02-07T10:56:00-05:00[America/New_York],NA,2021-02-07,39271,Sunday
1805,B,16,2021-02-07T10:56:00-05:00[America/New_York],2021-02-07T10:56:16-05:00[America/New_York],Yes,2021-02-07,39360,Sunday
1805,<A>,105,2021-02-07T10:56:16-05:00[America/New_York],2021-02-07T10:58:01-05:00[America/New_York],NA,2021-02-07,39376,Sunday
1805,B,30,2021-02-07T10:58:01-05:00[America/New_York],2021-02-07T10:58:31-05:00[America/New_York],NA,2021-02-07,39481,Sunday
1805,<A>,91,2021-02-07T10:58:31-05:00[America/New_York],2021-02-07T11:00:02-05:00[America/New_York],NA,2021-02-07,39511,Sunday
1805,B,24,2021-02-07T11:00:02-05:00[America/New_York],2021-02-07T11:00:26-05:00[America/New_York],Yes,2021-02-07,39602,Sunday
1805,<A>,90,2021-02-07T11:00:26-05:00[America/New_York],2021-02-07T11:01:56-05:00[America/New_York],NA,2021-02-07,39626,Sunday
1805,B,25,2021-02-07T11:01:56-05:00[America/New_York],2021-02-07T11:02:21-05:00[America/New_York],Yes,2021-02-07,39716,Sunday
1805,<A>,88,2021-02-07T11:02:21-05:00[America/New_York],2021-02-07T11:03:49-05:00[America/New_York],NA,2021-02-07,39741,Sunday
1805,B,18,2021-02-07T11:03:49-05:00[America/New_York],2021-02-07T11:04:07-05:00[America/New_York],Yes,2021-02-07,39829,Sunday
1805,<A>,90,2021-02-07T11:04:07-05:00[America/New_York],2021-02-07T11:05:37-05:00[America/New_York],NA,2021-02-07,39847,Sunday
1805,B,27,2021-02-07T11:05:37-05:00[America/New_York],2021-02-07T11:06:04-05:00[America/New_York],Yes,2021-02-07,39937,Sunday
1805,<A>,84,2021-02-07T11:06:04-05:00[America/New_York],2021-02-07T11:07:28-05:00[America/New_York],NA,2021-02-07,39964,Sunday
1805,B,14,2021-02-07T11:07:28-05:00[America/New_York],2021-02-07T11:07:42-05:00[America/New_York],Yes,2021-02-07,40048,Sunday
1805,<A>,95,2021-02-07T11:07:42-05:00[America/New_York],2021-02-07T11:09:17-05:00[America/New_York],NA,2021-02-07,40062,Sunday
1805,B,23,2021-02-07T11:09:17-05:00[America/New_York],2021-02-07T11:09:40-05:00[America/New_York],Yes,2021-02-07,40157,Sunday
1805,<A>,93,2021-02-07T11:09:40-05:00[America/New_York],2021-02-07T11:11:13-05:00[America/New_York],NA,2021-02-07,40180,Sunday
1805,B,19,2021-02-07T11:11:13-05:00[America/New_York],2021-02-07T11:11:32-05:00[America/New_York],Yes,2021-02-07,40273,Sunday
1805,<A>,82,2021-02-07T11:11:32-05:00[America/New_York],2021-02-07T11:12:54-05:00[America/New_York],NA,2021-02-07,40292,Sunday
1805,B,21,2021-02-07T11:12:54-05:00[America/New_York],2021-02-07T11:13:15-05:00[America/New_York],Yes,2021-02-07,40374,Sunday
1805,<A>,80,2021-02-07T11:13:15-05:00[America/New_York],2021-02-07T11:14:35-05:00[America/New_York],NA,2021-02-07,40395,Sunday
1805,B,16,2021-02-07T11:14:35-05:00[America/New_York],2021-02-07T11:14:51-05:00[America/New_York],Yes,2021-02-07,40475,Sunday
1805,<A>,85,2021-02-07T11:14:51-05:00[America/New_York],2021-02-07T11:16:16-05:00[America/New_York],NA,2021-02-07,40491,Sunday
1805,B,23,2021-02-07T11:16:16-05:00[America/New_York],2021-02-07T11:16:39-05:00[America/New_York],Yes,2021-02-07,40576,Sunday
1805,<A>,82,2021-02-07T11:16:39-05:00[America/New_York],2021-02-07T11:18:01-05:00[America/New_York],NA,2021-02-07,40599,Sunday
1805,B,21,2021-02-07T11:18:01-05:00[America/New_York],2021-02-07T11:18:22-05:00[America/New_York],Yes,2021-02-07,40681,Sunday
1805,<A>,81,2021-02-07T11:18:22-05:00[America/New_York],2021-02-07T11:19:43-05:00[America/New_York],NA,2021-02-07,40702,Sunday
1805,B,18,2021-02-07T11:19:43-05:00[America/New_York],2021-02-07T11:20:01-05:00[America/New_York],Yes,2021-02-07,40783,Sunday
1805,<A>,89,2021-02-07T11:20:01-05:00[America/New_York],2021-02-07T11:21:30-05:00[America/New_York],NA,2021-02-07,40801,Sunday
1805,B,18,2021-02-07T11:21:30-05:00[America/New_York],2021-02-07T11:21:48-05:00[America/New_York],Yes,2021-02-07,40890,Sunday
1805,<A>,90,2021-02-07T11:21:48-05:00[America/New_York],2021-02-07T11:23:18-05:00[America/New_York],NA,2021-02-07,40908,Sunday
1805,B,19,2021-02-07T11:23:18-05:00[America/New_York],2021-02-07T11:23:37-05:00[America/New_York],Yes,2021-02-07,40998,Sunday
1805,<A>,90,2021-02-07T11:23:37-05:00[America/New_York],2021-02-07T11:25:07-05:00[America/New_York],NA,2021-02-07,41017,Sunday
1805,B,20,2021-02-07T11:25:07-05:00[America/New_York],2021-02-07T11:25:27-05:00[America/New_York],Yes,2021-02-07,41107,Sunday
1805,<A>,86,2021-02-07T11:25:27-05:00[America/New_York],2021-02-07T11:26:53-05:00[America/New_York],NA,2021-02-07,41127,Sunday
1805,B,19,2021-02-07T11:26:53-05:00[America/New_York],2021-02-07T11:27:12-05:00[America/New_York],Yes,2021-02-07,41213,Sunday
1805,<A>,83,2021-02-07T11:27:12-05:00[America/New_York],2021-02-07T11:28:35-05:00[America/New_York],NA,2021-02-07,41232,Sunday
1805,B,19,2021-02-07T11:28:35-05:00[America/New_York],2021-02-07T11:28:54-05:00[America/New_York],Yes,2021-02-07,41315,Sunday
1805,<A>,86,2021-02-07T11:28:54-05:00[America/New_York],2021-02-07T11:30:20-05:00[America/New_York],NA,2021-02-07,41334,Sunday
1805,B,25,2021-02-07T11:30:20-05:00[America/New_York],2021-02-07T11:30:45-05:00[America/New_York],NA,2021-02-07,41420,Sunday
1805,<A>,87,2021-02-07T11:30:45-05:00[America/New_York],2021-02-07T11:32:12-05:00[America/New_York],NA,2021-02-07,41445,Sunday
1805,B,19,2021-02-07T11:32:12-05:00[America/New_York],2021-02-07T11:32:31-05:00[America/New_York],Yes,2021-02-07,41532,Sunday
1805,<A>,35,2021-02-07T11:32:31-05:00[America/New_York],2021-02-07T11:33:06-05:00[America/New_York],Yes,2021-02-07,41551,Sunday
1805,B,18,2021-02-07T11:33:06-05:00[America/New_York],2021-02-07T11:33:24-05:00[America/New_York],Yes,2021-02-07,41586,Sunday
1805,<A>,41,2021-02-07T11:33:24-05:00[America/New_York],2021-02-07T11:34:05-05:00[America/New_York],Yes,2021-02-07,41604,Sunday
1805,B,15,2021-02-07T11:34:05-05:00[America/New_York],2021-02-07T11:34:20-05:00[America/New_York],Yes,2021-02-07,41645,Sunday
1805,<A>,35,2021-02-07T11:34:20-05:00[America/New_York],2021-02-07T11:34:55-05:00[America/New_York],Yes,2021-02-07,41660,Sunday
1805,B,16,2021-02-07T11:34:55-05:00[America/New_York],2021-02-07T11:35:11-05:00[America/New_York],Yes,2021-02-07,41695,Sunday
1805,<A>,35,2021-02-07T11:35:11-05:00[America/New_York],2021-02-07T11:35:46-05:00[America/New_York],Yes,2021-02-07,41711,Sunday
1805,B,21,2021-02-07T11:35:46-05:00[America/New_York],2021-02-07T11:36:07-05:00[America/New_York],Yes,2021-02-07,41746,Sunday
1805,<A>,34,2021-02-07T11:36:07-05:00[America/New_York],2021-02-07T11:36:41-05:00[America/New_York],Yes,2021-02-07,41767,Sunday
1805,B,20,2021-02-07T11:36:41-05:00[America/New_York],2021-02-07T11:37:01-05:00[America/New_York],Yes,2021-02-07,41801,Sunday
1805,<A>,36,2021-02-07T11:37:01-05:00[America/New_York],2021-02-07T11:37:37-05:00[America/New_York],Yes,2021-02-07,41821,Sunday
1805,B,19,2021-02-07T11:37:37-05:00[America/New_York],2021-02-07T11:37:56-05:00[America/New_York],Yes,2021-02-07,41857,Sunday
1805,<A>,34,2021-02-07T11:37:56-05:00[America/New_York],2021-02-07T11:38:30-05:00[America/New_York],Yes,2021-02-07,41876,Sunday
1805,B,15,2021-02-07T11:38:30-05:00[America/New_York],2021-02-07T11:38:45-05:00[America/New_York],Yes,2021-02-07,41910,Sunday
1805,<A>,37,2021-02-07T11:38:45-05:00[America/New_York],2021-02-07T11:39:22-05:00[America/New_York],Yes,2021-02-07,41925,Sunday
1805,B,14,2021-02-07T11:39:22-05:00[America/New_York],2021-02-07T11:39:36-05:00[America/New_York],Yes,2021-02-07,41962,Sunday
1805,<A>,37,2021-02-07T11:39:36-05:00[America/New_York],2021-02-07T11:40:13-05:00[America/New_York],Yes,2021-02-07,41976,Sunday
1805,B,18,2021-02-07T11:40:13-05:00[America/New_York],2021-02-07T11:40:31-05:00[America/New_York],Yes,2021-02-07,42013,Sunday
1805,<A>,38,2021-02-07T11:40:31-05:00[America/New_York],2021-02-07T11:41:09-05:00[America/New_York],Yes,2021-02-07,42031,Sunday
1805,B,14,2021-02-07T11:41:09-05:00[America/New_York],2021-02-07T11:41:23-05:00[America/New_York],Yes,2021-02-07,42069,Sunday
1805,<A>,70,2021-02-07T11:41:23-05:00[America/New_York],2021-02-07T11:42:33-05:00[America/New_York],Yes,2021-02-07,42083,Sunday
1805,B,17,2021-02-07T11:42:33-05:00[America/New_York],2021-02-07T11:42:50-05:00[America/New_York],Yes,2021-02-07,42153,Sunday
1805,<A>,41,2021-02-07T11:42:50-05:00[America/New_York],2021-02-07T11:43:31-05:00[America/New_York],Yes,2021-02-07,42170,Sunday
1805,B,14,2021-02-07T11:43:31-05:00[America/New_York],2021-02-07T11:43:45-05:00[America/New_York],Yes,2021-02-07,42211,Sunday
1805,<A>,58,2021-02-07T11:43:45-05:00[America/New_York],2021-02-07T11:44:43-05:00[America/New_York],Yes,2021-02-07,42225,Sunday
1805,B,17,2021-02-07T11:44:43-05:00[America/New_York],2021-02-07T11:45:00-05:00[America/New_York],Yes,2021-02-07,42283,Sunday
1805,<A>,46,2021-02-07T11:45:00-05:00[America/New_York],2021-02-07T11:45:46-05:00[America/New_York],Yes,2021-02-07,42300,Sunday
1805,B,16,2021-02-07T11:45:46-05:00[America/New_York],2021-02-07T11:46:02-05:00[America/New_York],Yes,2021-02-07,42346,Sunday
1805,<A>,63,2021-02-07T11:46:02-05:00[America/New_York],2021-02-07T11:47:05-05:00[America/New_York],Yes,2021-02-07,42362,Sunday
1805,B,16,2021-02-07T11:47:05-05:00[America/New_York],2021-02-07T11:47:21-05:00[America/New_York],Yes,2021-02-07,42425,Sunday
1805,<A>,52,2021-02-07T11:47:21-05:00[America/New_York],2021-02-07T11:48:13-05:00[America/New_York],Yes,2021-02-07,42441,Sunday
1805,B,16,2021-02-07T11:48:13-05:00[America/New_York],2021-02-07T11:48:29-05:00[America/New_York],Yes,2021-02-07,42493,Sunday
1805,<A>,59,2021-02-07T11:48:29-05:00[America/New_York],2021-02-07T11:49:28-05:00[America/New_York],Yes,2021-02-07,42509,Sunday
1805,B,14,2021-02-07T11:49:28-05:00[America/New_York],2021-02-07T11:49:42-05:00[America/New_York],Yes,2021-02-07,42568,Sunday
1805,<A>,35,2021-02-07T11:49:42-05:00[America/New_York],2021-02-07T11:50:17-05:00[America/New_York],Yes,2021-02-07,42582,Sunday
1805,B,14,2021-02-07T11:50:17-05:00[America/New_York],2021-02-07T11:50:31-05:00[America/New_York],Yes,2021-02-07,42617,Sunday
1805,<A>,35,2021-02-07T11:50:31-05:00[America/New_York],2021-02-07T11:51:06-05:00[America/New_York],Yes,2021-02-07,42631,Sunday
1805,B,17,2021-02-07T11:51:06-05:00[America/New_York],2021-02-07T11:51:23-05:00[America/New_York],Yes,2021-02-07,42666,Sunday
1805,<A>,38,2021-02-07T11:51:23-05:00[America/New_York],2021-02-07T11:52:01-05:00[America/New_York],Yes,2021-02-07,42683,Sunday
1805,B,23,2021-02-07T11:52:01-05:00[America/New_York],2021-02-07T11:52:24-05:00[America/New_York],Yes,2021-02-07,42721,Sunday
1805,<A>,47,2021-02-07T11:52:24-05:00[America/New_York],2021-02-07T11:53:11-05:00[America/New_York],Yes,2021-02-07,42744,Sunday
1805,B,18,2021-02-07T11:53:11-05:00[America/New_York],2021-02-07T11:53:29-05:00[America/New_York],Yes,2021-02-07,42791,Sunday
1805,<A>,34,2021-02-07T11:53:29-05:00[America/New_York],2021-02-07T11:54:03-05:00[America/New_York],Yes,2021-02-07,42809,Sunday
1805,B,18,2021-02-07T11:54:03-05:00[America/New_York],2021-02-07T11:54:21-05:00[America/New_York],Yes,2021-02-07,42843,Sunday
1805,<A>,70,2021-02-07T11:54:21-05:00[America/New_York],2021-02-07T11:55:31-05:00[America/New_York],Yes,2021-02-07,42861,Sunday
1805,B,17,2021-02-07T11:55:31-05:00[America/New_York],2021-02-07T11:55:48-05:00[America/New_York],Yes,2021-02-07,42931,Sunday
1805,<A>,34,2021-02-07T11:55:48-05:00[America/New_York],2021-02-07T11:56:22-05:00[America/New_York],Yes,2021-02-07,42948,Sunday
1805,B,16,2021-02-07T11:56:22-05:00[America/New_York],2021-02-07T11:56:38-05:00[America/New_York],Yes,2021-02-07,42982,Sunday
1805,<A>,62,2021-02-07T11:56:38-05:00[America/New_York],2021-02-07T11:57:40-05:00[America/New_York],Yes,2021-02-07,42998,Sunday
1805,B,14,2021-02-07T11:57:40-05:00[America/New_York],2021-02-07T11:57:54-05:00[America/New_York],Yes,2021-02-07,43060,Sunday
1805,<A>,41,2021-02-07T11:57:54-05:00[America/New_York],2021-02-07T11:58:35-05:00[America/New_York],Yes,2021-02-07,43074,Sunday
1805,B,19,2021-02-07T11:58:35-05:00[America/New_York],2021-02-07T11:58:54-05:00[America/New_York],Yes,2021-02-07,43115,Sunday
1805,<A>,34,2021-02-07T11:58:54-05:00[America/New_York],2021-02-07T11:59:28-05:00[America/New_York],Yes,2021-02-07,43134,Sunday
1805,B,14,2021-02-07T11:59:28-05:00[America/New_York],2021-02-07T11:59:42-05:00[America/New_York],Yes,2021-02-07,43168,Sunday
1805,<A>,66,2021-02-07T11:59:42-05:00[America/New_York],2021-02-07T12:00:48-05:00[America/New_York],Yes,2021-02-07,43182,Sunday
1805,B,16,2021-02-07T12:00:48-05:00[America/New_York],2021-02-07T12:01:04-05:00[America/New_York],Yes,2021-02-07,43248,Sunday
1805,<A>,38,2021-02-07T12:01:04-05:00[America/New_York],2021-02-07T12:01:42-05:00[America/New_York],Yes,2021-02-07,43264,Sunday
1805,B,17,2021-02-07T12:01:42-05:00[America/New_York],2021-02-07T12:01:59-05:00[America/New_York],Yes,2021-02-07,43302,Sunday
1805,<A>,53,2021-02-07T12:01:59-05:00[America/New_York],2021-02-07T12:02:52-05:00[America/New_York],Yes,2021-02-07,43319,Sunday
1805,B,15,2021-02-07T12:02:52-05:00[America/New_York],2021-02-07T12:03:07-05:00[America/New_York],Yes,2021-02-07,43372,Sunday
1805,<A>,34,2021-02-07T12:03:07-05:00[America/New_York],2021-02-07T12:03:41-05:00[America/New_York],Yes,2021-02-07,43387,Sunday
1805,B,23,2021-02-07T12:03:41-05:00[America/New_York],2021-02-07T12:04:04-05:00[America/New_York],Yes,2021-02-07,43421,Sunday
1805,<A>,94,2021-02-07T12:04:04-05:00[America/New_York],2021-02-07T12:05:38-05:00[America/New_York],NA,2021-02-07,43444,Sunday
1805,B,20,2021-02-07T12:05:38-05:00[America/New_York],2021-02-07T12:05:58-05:00[America/New_York],Yes,2021-02-07,43538,Sunday
1805,<A>,46,2021-02-07T12:05:58-05:00[America/New_York],2021-02-07T12:06:44-05:00[America/New_York],Yes,2021-02-07,43558,Sunday
1805,B,25,2021-02-07T12:06:44-05:00[America/New_York],2021-02-07T12:07:09-05:00[America/New_York],NA,2021-02-07,43604,Sunday
1805,<A>,34,2021-02-07T12:07:09-05:00[America/New_York],2021-02-07T12:07:43-05:00[America/New_York],Yes,2021-02-07,43629,Sunday
1805,B,25,2021-02-07T12:07:43-05:00[America/New_York],2021-02-07T12:08:08-05:00[America/New_York],NA,2021-02-07,43663,Sunday
1805,<A>,34,2021-02-07T12:08:08-05:00[America/New_York],2021-02-07T12:08:42-05:00[America/New_York],Yes,2021-02-07,43688,Sunday
1805,B,18,2021-02-07T12:08:42-05:00[America/New_York],2021-02-07T12:09:00-05:00[America/New_York],Yes,2021-02-07,43722,Sunday
1805,<A>,50,2021-02-07T12:09:00-05:00[America/New_York],2021-02-07T12:09:50-05:00[America/New_York],Yes,2021-02-07,43740,Sunday
1805,B,19,2021-02-07T12:09:50-05:00[America/New_York],2021-02-07T12:10:09-05:00[America/New_York],Yes,2021-02-07,43790,Sunday
1805,<A>,34,2021-02-07T12:10:09-05:00[America/New_York],2021-02-07T12:10:43-05:00[America/New_York],Yes,2021-02-07,43809,Sunday
1805,B,17,2021-02-07T12:10:43-05:00[America/New_York],2021-02-07T12:11:00-05:00[America/New_York],Yes,2021-02-07,43843,Sunday
1805,<A>,41,2021-02-07T12:11:00-05:00[America/New_York],2021-02-07T12:11:41-05:00[America/New_York],Yes,2021-02-07,43860,Sunday
1805,B,15,2021-02-07T12:11:41-05:00[America/New_York],2021-02-07T12:11:56-05:00[America/New_York],Yes,2021-02-07,43901,Sunday
1805,<A>,34,2021-02-07T12:11:56-05:00[America/New_York],2021-02-07T12:12:30-05:00[America/New_York],Yes,2021-02-07,43916,Sunday
1805,B,20,2021-02-07T12:12:30-05:00[America/New_York],2021-02-07T12:12:50-05:00[America/New_York],Yes,2021-02-07,43950,Sunday
1805,<A>,44,2021-02-07T12:12:50-05:00[America/New_York],2021-02-07T12:13:34-05:00[America/New_York],Yes,2021-02-07,43970,Sunday
1805,B,26,2021-02-07T12:13:34-05:00[America/New_York],2021-02-07T12:14:00-05:00[America/New_York],NA,2021-02-07,44014,Sunday
1805,<A>,52,2021-02-07T12:14:00-05:00[America/New_York],2021-02-07T12:14:52-05:00[America/New_York],Yes,2021-02-07,44040,Sunday
1805,B,20,2021-02-07T12:14:52-05:00[America/New_York],2021-02-07T12:15:12-05:00[America/New_York],Yes,2021-02-07,44092,Sunday
1805,<A>,34,2021-02-07T12:15:12-05:00[America/New_York],2021-02-07T12:15:46-05:00[America/New_York],Yes,2021-02-07,44112,Sunday
1805,B,22,2021-02-07T12:15:46-05:00[America/New_York],2021-02-07T12:16:08-05:00[America/New_York],Yes,2021-02-07,44146,Sunday
1805,<A>,35,2021-02-07T12:16:08-05:00[America/New_York],2021-02-07T12:16:43-05:00[America/New_York],Yes,2021-02-07,44168,Sunday
1805,B,17,2021-02-07T12:16:43-05:00[America/New_York],2021-02-07T12:17:00-05:00[America/New_York],Yes,2021-02-07,44203,Sunday
1805,<A>,36,2021-02-07T12:17:00-05:00[America/New_York],2021-02-07T12:17:36-05:00[America/New_York],Yes,2021-02-07,44220,Sunday
1805,B,16,2021-02-07T12:17:36-05:00[America/New_York],2021-02-07T12:17:52-05:00[America/New_York],Yes,2021-02-07,44256,Sunday
1805,<A>,34,2021-02-07T12:17:52-05:00[America/New_York],2021-02-07T12:18:26-05:00[America/New_York],Yes,2021-02-07,44272,Sunday
1805,B,15,2021-02-07T12:18:26-05:00[America/New_York],2021-02-07T12:18:41-05:00[America/New_York],Yes,2021-02-07,44306,Sunday
1805,<A>,111,2021-02-07T12:18:41-05:00[America/New_York],2021-02-07T12:20:32-05:00[America/New_York],NA,2021-02-07,44321,Sunday
1805,B,18,2021-02-07T12:20:32-05:00[America/New_York],2021-02-07T12:20:50-05:00[America/New_York],Yes,2021-02-07,44432,Sunday
1805,<A>,102,2021-02-07T12:20:50-05:00[America/New_York],2021-02-07T12:22:32-05:00[America/New_York],NA,2021-02-07,44450,Sunday
1805,B,23,2021-02-07T12:22:32-05:00[America/New_York],2021-02-07T12:22:55-05:00[America/New_York],Yes,2021-02-07,44552,Sunday
1805,<A>,102,2021-02-07T12:22:55-05:00[America/New_York],2021-02-07T12:24:37-05:00[America/New_York],NA,2021-02-07,44575,Sunday
1805,B,20,2021-02-07T12:24:37-05:00[America/New_York],2021-02-07T12:24:57-05:00[America/New_York],Yes,2021-02-07,44677,Sunday
1805,<A>,92,2021-02-07T12:24:57-05:00[America/New_York],2021-02-07T12:26:29-05:00[America/New_York],NA,2021-02-07,44697,Sunday
1805,B,23,2021-02-07T12:26:29-05:00[America/New_York],2021-02-07T12:26:52-05:00[America/New_York],Yes,2021-02-07,44789,Sunday
1805,<A>,175,2021-02-07T12:26:52-05:00[America/New_York],2021-02-07T12:29:47-05:00[America/New_York],NA,2021-02-07,44812,Sunday
1805,B,23,2021-02-07T12:29:47-05:00[America/New_York],2021-02-07T12:30:10-05:00[America/New_York],NA,2021-02-07,44987,Sunday
1805,<A>,85,2021-02-07T12:30:10-05:00[America/New_York],2021-02-07T12:31:35-05:00[America/New_York],NA,2021-02-07,45010,Sunday
1805,B,22,2021-02-07T12:31:35-05:00[America/New_York],2021-02-07T12:31:57-05:00[America/New_York],Yes,2021-02-07,45095,Sunday
1805,<A>,80,2021-02-07T12:31:57-05:00[America/New_York],2021-02-07T12:33:17-05:00[America/New_York],NA,2021-02-07,45117,Sunday
1805,B,26,2021-02-07T12:33:17-05:00[America/New_York],2021-02-07T12:33:43-05:00[America/New_York],NA,2021-02-07,45197,Sunday
1805,<A>,78,2021-02-07T12:33:43-05:00[America/New_York],2021-02-07T12:35:01-05:00[America/New_York],NA,2021-02-07,45223,Sunday
1805,B,25,2021-02-07T12:35:01-05:00[America/New_York],2021-02-07T12:35:26-05:00[America/New_York],Yes,2021-02-07,45301,Sunday
1805,<A>,80,2021-02-07T12:35:26-05:00[America/New_York],2021-02-07T12:36:46-05:00[America/New_York],NA,2021-02-07,45326,Sunday
1805,B,33,2021-02-07T12:36:46-05:00[America/New_York],2021-02-07T12:37:19-05:00[America/New_York],NA,2021-02-07,45406,Sunday
1805,<A>,72,2021-02-07T12:37:19-05:00[America/New_York],2021-02-07T12:38:31-05:00[America/New_York],NA,2021-02-07,45439,Sunday
1805,B,16,2021-02-07T12:38:31-05:00[America/New_York],2021-02-07T12:38:47-05:00[America/New_York],Yes,2021-02-07,45511,Sunday
1805,<A>,86,2021-02-07T12:38:47-05:00[America/New_York],2021-02-07T12:40:13-05:00[America/New_York],NA,2021-02-07,45527,Sunday
1805,B,19,2021-02-07T12:40:13-05:00[America/New_York],2021-02-07T12:40:32-05:00[America/New_York],Yes,2021-02-07,45613,Sunday
1805,<A>,82,2021-02-07T12:40:32-05:00[America/New_York],2021-02-07T12:41:54-05:00[America/New_York],NA,2021-02-07,45632,Sunday
1805,B,20,2021-02-07T12:41:54-05:00[America/New_York],2021-02-07T12:42:14-05:00[America/New_York],Yes,2021-02-07,45714,Sunday
1805,<A>,89,2021-02-07T12:42:14-05:00[America/New_York],2021-02-07T12:43:43-05:00[America/New_York],NA,2021-02-07,45734,Sunday
1805,B,17,2021-02-07T12:43:43-05:00[America/New_York],2021-02-07T12:44:00-05:00[America/New_York],Yes,2021-02-07,45823,Sunday
1805,<A>,97,2021-02-07T12:44:00-05:00[America/New_York],2021-02-07T12:45:37-05:00[America/New_York],NA,2021-02-07,45840,Sunday
1805,B,23,2021-02-07T12:45:37-05:00[America/New_York],2021-02-07T12:46:00-05:00[America/New_York],Yes,2021-02-07,45937,Sunday
1805,<A>,94,2021-02-07T12:46:00-05:00[America/New_York],2021-02-07T12:47:34-05:00[America/New_York],NA,2021-02-07,45960,Sunday
1805,B,27,2021-02-07T12:47:34-05:00[America/New_York],2021-02-07T12:48:01-05:00[America/New_York],Yes,2021-02-07,46054,Sunday
1805,<A>,88,2021-02-07T12:48:01-05:00[America/New_York],2021-02-07T12:49:29-05:00[America/New_York],NA,2021-02-07,46081,Sunday
1805,B,27,2021-02-07T12:49:29-05:00[America/New_York],2021-02-07T12:49:56-05:00[America/New_York],NA,2021-02-07,46169,Sunday
1805,<A>,76,2021-02-07T12:49:56-05:00[America/New_York],2021-02-07T12:51:12-05:00[America/New_York],Yes,2021-02-07,46196,Sunday
1805,B,17,2021-02-07T12:51:12-05:00[America/New_York],2021-02-07T12:51:29-05:00[America/New_York],Yes,2021-02-07,46272,Sunday
1805,<A>,34,2021-02-07T12:51:29-05:00[America/New_York],2021-02-07T12:52:03-05:00[America/New_York],Yes,2021-02-07,46289,Sunday
1805,B,21,2021-02-07T12:52:03-05:00[America/New_York],2021-02-07T12:52:24-05:00[America/New_York],Yes,2021-02-07,46323,Sunday
1805,<A>,38,2021-02-07T12:52:24-05:00[America/New_York],2021-02-07T12:53:02-05:00[America/New_York],Yes,2021-02-07,46344,Sunday
1805,B,15,2021-02-07T12:53:02-05:00[America/New_York],2021-02-07T12:53:17-05:00[America/New_York],Yes,2021-02-07,46382,Sunday
1805,<A>,53,2021-02-07T12:53:17-05:00[America/New_York],2021-02-07T12:54:10-05:00[America/New_York],Yes,2021-02-07,46397,Sunday
1805,B,24,2021-02-07T12:54:10-05:00[America/New_York],2021-02-07T12:54:34-05:00[America/New_York],NA,2021-02-07,46450,Sunday
1805,<A>,36,2021-02-07T12:54:34-05:00[America/New_York],2021-02-07T12:55:10-05:00[America/New_York],Yes,2021-02-07,46474,Sunday
1805,B,21,2021-02-07T12:55:10-05:00[America/New_York],2021-02-07T12:55:31-05:00[America/New_York],Yes,2021-02-07,46510,Sunday
1805,<A>,76,2021-02-07T12:55:31-05:00[America/New_York],2021-02-07T12:56:47-05:00[America/New_York],NA,2021-02-07,46531,Sunday
1805,B,15,2021-02-07T12:56:47-05:00[America/New_York],2021-02-07T12:57:02-05:00[America/New_York],Yes,2021-02-07,46607,Sunday
1805,<A>,59,2021-02-07T12:57:02-05:00[America/New_York],2021-02-07T12:58:01-05:00[America/New_York],Yes,2021-02-07,46622,Sunday
1805,B,19,2021-02-07T12:58:01-05:00[America/New_York],2021-02-07T12:58:20-05:00[America/New_York],Yes,2021-02-07,46681,Sunday
1805,<A>,37,2021-02-07T12:58:20-05:00[America/New_York],2021-02-07T12:58:57-05:00[America/New_York],Yes,2021-02-07,46700,Sunday
1805,B,14,2021-02-07T12:58:57-05:00[America/New_York],2021-02-07T12:59:11-05:00[America/New_York],Yes,2021-02-07,46737,Sunday
1805,<A>,37,2021-02-07T12:59:11-05:00[America/New_York],2021-02-07T12:59:48-05:00[America/New_York],Yes,2021-02-07,46751,Sunday
1805,B,15,2021-02-07T12:59:48-05:00[America/New_York],2021-02-07T13:00:03-05:00[America/New_York],Yes,2021-02-07,46788,Sunday
1805,<A>,37,2021-02-07T13:00:03-05:00[America/New_York],2021-02-07T13:00:40-05:00[America/New_York],Yes,2021-02-07,46803,Sunday
1805,B,25,2021-02-07T13:00:40-05:00[America/New_York],2021-02-07T13:01:05-05:00[America/New_York],NA,2021-02-07,46840,Sunday
1805,<A>,68,2021-02-07T13:01:05-05:00[America/New_York],2021-02-07T13:02:13-05:00[America/New_York],Yes,2021-02-07,46865,Sunday
1805,B,16,2021-02-07T13:02:13-05:00[America/New_York],2021-02-07T13:02:29-05:00[America/New_York],Yes,2021-02-07,46933,Sunday
1805,<A>,59,2021-02-07T13:02:29-05:00[America/New_York],2021-02-07T13:03:28-05:00[America/New_York],Yes,2021-02-07,46949,Sunday
1805,B,14,2021-02-07T13:03:28-05:00[America/New_York],2021-02-07T13:03:42-05:00[America/New_York],Yes,2021-02-07,47008,Sunday
1805,<A>,34,2021-02-07T13:03:42-05:00[America/New_York],2021-02-07T13:04:16-05:00[America/New_York],Yes,2021-02-07,47022,Sunday
1805,B,18,2021-02-07T13:04:16-05:00[America/New_York],2021-02-07T13:04:34-05:00[America/New_York],Yes,2021-02-07,47056,Sunday
1805,<A>,34,2021-02-07T13:04:34-05:00[America/New_York],2021-02-07T13:05:08-05:00[America/New_York],Yes,2021-02-07,47074,Sunday
1805,B,15,2021-02-07T13:05:08-05:00[America/New_York],2021-02-07T13:05:23-05:00[America/New_York],Yes,2021-02-07,47108,Sunday
1805,<A>,37,2021-02-07T13:05:23-05:00[America/New_York],2021-02-07T13:06:00-05:00[America/New_York],Yes,2021-02-07,47123,Sunday
1805,B,19,2021-02-07T13:06:00-05:00[America/New_York],2021-02-07T13:06:19-05:00[America/New_York],Yes,2021-02-07,47160,Sunday
1805,<A>,40,2021-02-07T13:06:19-05:00[America/New_York],2021-02-07T13:06:59-05:00[America/New_York],Yes,2021-02-07,47179,Sunday
1805,B,14,2021-02-07T13:06:59-05:00[America/New_York],2021-02-07T13:07:13-05:00[America/New_York],Yes,2021-02-07,47219,Sunday
1805,<A>,35,2021-02-07T13:07:13-05:00[America/New_York],2021-02-07T13:07:48-05:00[America/New_York],Yes,2021-02-07,47233,Sunday
1805,B,18,2021-02-07T13:07:48-05:00[America/New_York],2021-02-07T13:08:06-05:00[America/New_York],Yes,2021-02-07,47268,Sunday
1805,<A>,35,2021-02-07T13:08:06-05:00[America/New_York],2021-02-07T13:08:41-05:00[America/New_York],Yes,2021-02-07,47286,Sunday
1805,B,23,2021-02-07T13:08:41-05:00[America/New_York],2021-02-07T13:09:04-05:00[America/New_York],Yes,2021-02-07,47321,Sunday
1805,<A>,43,2021-02-07T13:09:04-05:00[America/New_York],2021-02-07T13:09:47-05:00[America/New_York],Yes,2021-02-07,47344,Sunday
1805,B,15,2021-02-07T13:09:47-05:00[America/New_York],2021-02-07T13:10:02-05:00[America/New_York],Yes,2021-02-07,47387,Sunday
1805,<A>,34,2021-02-07T13:10:02-05:00[America/New_York],2021-02-07T13:10:36-05:00[America/New_York],Yes,2021-02-07,47402,Sunday
1805,B,17,2021-02-07T13:10:36-05:00[America/New_York],2021-02-07T13:10:53-05:00[America/New_York],Yes,2021-02-07,47436,Sunday
1805,<A>,38,2021-02-07T13:10:53-05:00[America/New_York],2021-02-07T13:11:31-05:00[America/New_York],Yes,2021-02-07,47453,Sunday
1805,B,21,2021-02-07T13:11:31-05:00[America/New_York],2021-02-07T13:11:52-05:00[America/New_York],Yes,2021-02-07,47491,Sunday
1805,<A>,39,2021-02-07T13:11:52-05:00[America/New_York],2021-02-07T13:12:31-05:00[America/New_York],Yes,2021-02-07,47512,Sunday
1805,B,18,2021-02-07T13:12:31-05:00[America/New_York],2021-02-07T13:12:49-05:00[America/New_York],Yes,2021-02-07,47551,Sunday
1805,<A>,40,2021-02-07T13:12:49-05:00[America/New_York],2021-02-07T13:13:29-05:00[America/New_York],Yes,2021-02-07,47569,Sunday
1805,B,14,2021-02-07T13:13:29-05:00[America/New_York],2021-02-07T13:13:43-05:00[America/New_York],Yes,2021-02-07,47609,Sunday
1805,<A>,36,2021-02-07T13:13:43-05:00[America/New_York],2021-02-07T13:14:19-05:00[America/New_York],Yes,2021-02-07,47623,Sunday
1805,B,15,2021-02-07T13:14:19-05:00[America/New_York],2021-02-07T13:14:34-05:00[America/New_York],Yes,2021-02-07,47659,Sunday
1805,<A>,34,2021-02-07T13:14:34-05:00[America/New_York],2021-02-07T13:15:08-05:00[America/New_York],Yes,2021-02-07,47674,Sunday
1805,B,15,2021-02-07T13:15:08-05:00[America/New_York],2021-02-07T13:15:23-05:00[America/New_York],Yes,2021-02-07,47708,Sunday
1805,<A>,37,2021-02-07T13:15:23-05:00[America/New_York],2021-02-07T13:16:00-05:00[America/New_York],Yes,2021-02-07,47723,Sunday
1805,B,15,2021-02-07T13:16:00-05:00[America/New_York],2021-02-07T13:16:15-05:00[America/New_York],Yes,2021-02-07,47760,Sunday
1805,<A>,35,2021-02-07T13:16:15-05:00[America/New_York],2021-02-07T13:16:50-05:00[America/New_York],Yes,2021-02-07,47775,Sunday
1805,B,17,2021-02-07T13:16:50-05:00[America/New_York],2021-02-07T13:17:07-05:00[America/New_York],Yes,2021-02-07,47810,Sunday
1805,<A>,37,2021-02-07T13:17:07-05:00[America/New_York],2021-02-07T13:17:44-05:00[America/New_York],Yes,2021-02-07,47827,Sunday
1805,B,14,2021-02-07T13:17:44-05:00[America/New_York],2021-02-07T13:17:58-05:00[America/New_York],Yes,2021-02-07,47864,Sunday
1805,<A>,35,2021-02-07T13:17:58-05:00[America/New_York],2021-02-07T13:18:33-05:00[America/New_York],Yes,2021-02-07,47878,Sunday
1805,B,14,2021-02-07T13:18:33-05:00[America/New_York],2021-02-07T13:18:47-05:00[America/New_York],Yes,2021-02-07,47913,Sunday
1805,<A>,74,2021-02-07T13:18:47-05:00[America/New_York],2021-02-07T13:20:01-05:00[America/New_York],NA,2021-02-07,47927,Sunday
1805,B,18,2021-02-07T13:20:01-05:00[America/New_York],2021-02-07T13:20:19-05:00[America/New_York],Yes,2021-02-07,48001,Sunday
1805,<A>,47,2021-02-07T13:20:19-05:00[America/New_York],2021-02-07T13:21:06-05:00[America/New_York],Yes,2021-02-07,48019,Sunday
1805,B,15,2021-02-07T13:21:06-05:00[America/New_York],2021-02-07T13:21:21-05:00[America/New_York],Yes,2021-02-07,48066,Sunday
1805,<A>,98,2021-02-07T13:21:21-05:00[America/New_York],2021-02-07T13:22:59-05:00[America/New_York],NA,2021-02-07,48081,Sunday
1805,B,17,2021-02-07T13:22:59-05:00[America/New_York],2021-02-07T13:23:16-05:00[America/New_York],Yes,2021-02-07,48179,Sunday
1805,<A>,38,2021-02-07T13:23:16-05:00[America/New_York],2021-02-07T13:23:54-05:00[America/New_York],Yes,2021-02-07,48196,Sunday
1805,B,25,2021-02-07T13:23:54-05:00[America/New_York],2021-02-07T13:24:19-05:00[America/New_York],NA,2021-02-07,48234,Sunday
1805,<A>,56,2021-02-07T13:24:19-05:00[America/New_York],2021-02-07T13:25:15-05:00[America/New_York],Yes,2021-02-07,48259,Sunday
1805,B,16,2021-02-07T13:25:15-05:00[America/New_York],2021-02-07T13:25:31-05:00[America/New_York],Yes,2021-02-07,48315,Sunday
1805,<A>,34,2021-02-07T13:25:31-05:00[America/New_York],2021-02-07T13:26:05-05:00[America/New_York],Yes,2021-02-07,48331,Sunday
1805,B,23,2021-02-07T13:26:05-05:00[America/New_York],2021-02-07T13:26:28-05:00[America/New_York],Yes,2021-02-07,48365,Sunday
1805,<A>,40,2021-02-07T13:26:28-05:00[America/New_York],2021-02-07T13:27:08-05:00[America/New_York],Yes,2021-02-07,48388,Sunday
1805,B,16,2021-02-07T13:27:08-05:00[America/New_York],2021-02-07T13:27:24-05:00[America/New_York],Yes,2021-02-07,48428,Sunday
1805,<A>,38,2021-02-07T13:27:24-05:00[America/New_York],2021-02-07T13:28:02-05:00[America/New_York],Yes,2021-02-07,48444,Sunday
1805,B,15,2021-02-07T13:28:02-05:00[America/New_York],2021-02-07T13:28:17-05:00[America/New_York],Yes,2021-02-07,48482,Sunday
1805,<A>,34,2021-02-07T13:28:17-05:00[America/New_York],2021-02-07T13:28:51-05:00[America/New_York],Yes,2021-02-07,48497,Sunday
1805,B,15,2021-02-07T13:28:51-05:00[America/New_York],2021-02-07T13:29:06-05:00[America/New_York],Yes,2021-02-07,48531,Sunday
1805,<A>,49,2021-02-07T13:29:06-05:00[America/New_York],2021-02-07T13:29:55-05:00[America/New_York],Yes,2021-02-07,48546,Sunday
1805,B,15,2021-02-07T13:29:55-05:00[America/New_York],2021-02-07T13:30:10-05:00[America/New_York],Yes,2021-02-07,48595,Sunday
1805,<A>,110,2021-02-07T13:30:10-05:00[America/New_York],2021-02-07T13:32:00-05:00[America/New_York],Yes,2021-02-07,48610,Sunday
1805,B,15,2021-02-07T13:32:00-05:00[America/New_York],2021-02-07T13:32:15-05:00[America/New_York],Yes,2021-02-07,48720,Sunday
1805,<A>,51,2021-02-07T13:32:15-05:00[America/New_York],2021-02-07T13:33:06-05:00[America/New_York],Yes,2021-02-07,48735,Sunday
1805,B,15,2021-02-07T13:33:06-05:00[America/New_York],2021-02-07T13:33:21-05:00[America/New_York],Yes,2021-02-07,48786,Sunday
1805,<A>,38,2021-02-07T13:33:21-05:00[America/New_York],2021-02-07T13:33:59-05:00[America/New_York],Yes,2021-02-07,48801,Sunday
1805,B,14,2021-02-07T13:33:59-05:00[America/New_York],2021-02-07T13:34:13-05:00[America/New_York],Yes,2021-02-07,48839,Sunday
1805,<A>,49,2021-02-07T13:34:13-05:00[America/New_York],2021-02-07T13:35:02-05:00[America/New_York],Yes,2021-02-07,48853,Sunday
1805,B,22,2021-02-07T13:35:02-05:00[America/New_York],2021-02-07T13:35:24-05:00[America/New_York],Yes,2021-02-07,48902,Sunday
1805,<A>,71,2021-02-07T13:35:24-05:00[America/New_York],2021-02-07T13:36:35-05:00[America/New_York],Yes,2021-02-07,48924,Sunday
1805,B,15,2021-02-07T13:36:35-05:00[America/New_York],2021-02-07T13:36:50-05:00[America/New_York],Yes,2021-02-07,48995,Sunday
1805,<A>,36,2021-02-07T13:36:50-05:00[America/New_York],2021-02-07T13:37:26-05:00[America/New_York],Yes,2021-02-07,49010,Sunday
1805,B,24,2021-02-07T13:37:26-05:00[America/New_York],2021-02-07T13:37:50-05:00[America/New_York],Yes,2021-02-07,49046,Sunday
1805,<A>,44,2021-02-07T13:37:50-05:00[America/New_York],2021-02-07T13:38:34-05:00[America/New_York],Yes,2021-02-07,49070,Sunday
1805,B,16,2021-02-07T13:38:34-05:00[America/New_York],2021-02-07T13:38:50-05:00[America/New_York],Yes,2021-02-07,49114,Sunday
1805,<A>,35,2021-02-07T13:38:50-05:00[America/New_York],2021-02-07T13:39:25-05:00[America/New_York],Yes,2021-02-07,49130,Sunday
1805,B,16,2021-02-07T13:39:25-05:00[America/New_York],2021-02-07T13:39:41-05:00[America/New_York],Yes,2021-02-07,49165,Sunday
1805,<A>,37,2021-02-07T13:39:41-05:00[America/New_York],2021-02-07T13:40:18-05:00[America/New_York],Yes,2021-02-07,49181,Sunday
1805,B,16,2021-02-07T13:40:18-05:00[America/New_York],2021-02-07T13:40:34-05:00[America/New_York],Yes,2021-02-07,49218,Sunday
1805,<A>,107,2021-02-07T13:40:34-05:00[America/New_York],2021-02-07T13:42:21-05:00[America/New_York],NA,2021-02-07,49234,Sunday
1805,B,20,2021-02-07T13:42:21-05:00[America/New_York],2021-02-07T13:42:41-05:00[America/New_York],Yes,2021-02-07,49341,Sunday
1805,<A>,39,2021-02-07T13:42:41-05:00[America/New_York],2021-02-07T13:43:20-05:00[America/New_York],Yes,2021-02-07,49361,Sunday
1805,B,15,2021-02-07T13:43:20-05:00[America/New_York],2021-02-07T13:43:35-05:00[America/New_York],Yes,2021-02-07,49400,Sunday
1805,<A>,35,2021-02-07T13:43:35-05:00[America/New_York],2021-02-07T13:44:10-05:00[America/New_York],Yes,2021-02-07,49415,Sunday
1805,B,16,2021-02-07T13:44:10-05:00[America/New_York],2021-02-07T13:44:26-05:00[America/New_York],Yes,2021-02-07,49450,Sunday
1805,<A>,43,2021-02-07T13:44:26-05:00[America/New_York],2021-02-07T13:45:09-05:00[America/New_York],Yes,2021-02-07,49466,Sunday
1805,B,21,2021-02-07T13:45:09-05:00[America/New_York],2021-02-07T13:45:30-05:00[America/New_York],Yes,2021-02-07,49509,Sunday
1805,<A>,34,2021-02-07T13:45:30-05:00[America/New_York],2021-02-07T13:46:04-05:00[America/New_York],Yes,2021-02-07,49530,Sunday
1805,B,19,2021-02-07T13:46:04-05:00[America/New_York],2021-02-07T13:46:23-05:00[America/New_York],Yes,2021-02-07,49564,Sunday
1805,<A>,88,2021-02-07T13:46:23-05:00[America/New_York],2021-02-07T13:47:51-05:00[America/New_York],NA,2021-02-07,49583,Sunday
1805,B,16,2021-02-07T13:47:51-05:00[America/New_York],2021-02-07T13:48:07-05:00[America/New_York],Yes,2021-02-07,49671,Sunday
1805,<A>,54,2021-02-07T13:48:07-05:00[America/New_York],2021-02-07T13:49:01-05:00[America/New_York],Yes,2021-02-07,49687,Sunday
1805,B,14,2021-02-07T13:49:01-05:00[America/New_York],2021-02-07T13:49:15-05:00[America/New_York],Yes,2021-02-07,49741,Sunday
1805,<A>,35,2021-02-07T13:49:15-05:00[America/New_York],2021-02-07T13:49:50-05:00[America/New_York],Yes,2021-02-07,49755,Sunday
1805,B,14,2021-02-07T13:49:50-05:00[America/New_York],2021-02-07T13:50:04-05:00[America/New_York],Yes,2021-02-07,49790,Sunday
1805,<A>,38,2021-02-07T13:50:04-05:00[America/New_York],2021-02-07T13:50:42-05:00[America/New_York],Yes,2021-02-07,49804,Sunday
1805,B,25,2021-02-07T13:50:42-05:00[America/New_York],2021-02-07T13:51:07-05:00[America/New_York],NA,2021-02-07,49842,Sunday
1805,<A>,50,2021-02-07T13:51:07-05:00[America/New_York],2021-02-07T13:51:57-05:00[America/New_York],Yes,2021-02-07,49867,Sunday
1805,B,15,2021-02-07T13:51:57-05:00[America/New_York],2021-02-07T13:52:12-05:00[America/New_York],Yes,2021-02-07,49917,Sunday
1805,<A>,35,2021-02-07T13:52:12-05:00[America/New_York],2021-02-07T13:52:47-05:00[America/New_York],Yes,2021-02-07,49932,Sunday
1805,B,19,2021-02-07T13:52:47-05:00[America/New_York],2021-02-07T13:53:06-05:00[America/New_York],Yes,2021-02-07,49967,Sunday
1805,<A>,40,2021-02-07T13:53:06-05:00[America/New_York],2021-02-07T13:53:46-05:00[America/New_York],Yes,2021-02-07,49986,Sunday
1805,B,14,2021-02-07T13:53:46-05:00[America/New_York],2021-02-07T13:54:00-05:00[America/New_York],Yes,2021-02-07,50026,Sunday
1805,<A>,35,2021-02-07T13:54:00-05:00[America/New_York],2021-02-07T13:54:35-05:00[America/New_York],Yes,2021-02-07,50040,Sunday
1805,B,21,2021-02-07T13:54:35-05:00[America/New_York],2021-02-07T13:54:56-05:00[America/New_York],Yes,2021-02-07,50075,Sunday
1805,<A>,35,2021-02-07T13:54:56-05:00[America/New_York],2021-02-07T13:55:31-05:00[America/New_York],Yes,2021-02-07,50096,Sunday
1805,B,15,2021-02-07T13:55:31-05:00[America/New_York],2021-02-07T13:55:46-05:00[America/New_York],Yes,2021-02-07,50131,Sunday
1805,<A>,41,2021-02-07T13:55:46-05:00[America/New_York],2021-02-07T13:56:27-05:00[America/New_York],Yes,2021-02-07,50146,Sunday
1805,B,17,2021-02-07T13:56:27-05:00[America/New_York],2021-02-07T13:56:44-05:00[America/New_York],Yes,2021-02-07,50187,Sunday
1805,<A>,34,2021-02-07T13:56:44-05:00[America/New_York],2021-02-07T13:57:18-05:00[America/New_York],Yes,2021-02-07,50204,Sunday
1805,B,17,2021-02-07T13:57:18-05:00[America/New_York],2021-02-07T13:57:35-05:00[America/New_York],Yes,2021-02-07,50238,Sunday
1805,<A>,35,2021-02-07T13:57:35-05:00[America/New_York],2021-02-07T13:58:10-05:00[America/New_York],Yes,2021-02-07,50255,Sunday
1805,B,15,2021-02-07T13:58:10-05:00[America/New_York],2021-02-07T13:58:25-05:00[America/New_York],Yes,2021-02-07,50290,Sunday
1805,<A>,34,2021-02-07T13:58:25-05:00[America/New_York],2021-02-07T13:58:59-05:00[America/New_York],Yes,2021-02-07,50305,Sunday
1805,B,15,2021-02-07T13:58:59-05:00[America/New_York],2021-02-07T13:59:14-05:00[America/New_York],Yes,2021-02-07,50339,Sunday
1805,<A>,44,2021-02-07T13:59:14-05:00[America/New_York],2021-02-07T13:59:58-05:00[America/New_York],Yes,2021-02-07,50354,Sunday
1805,B,17,2021-02-07T13:59:58-05:00[America/New_York],2021-02-07T14:00:15-05:00[America/New_York],Yes,2021-02-07,50398,Sunday
1805,<A>,43,2021-02-07T14:00:15-05:00[America/New_York],2021-02-07T14:00:58-05:00[America/New_York],Yes,2021-02-07,50415,Sunday
1805,B,16,2021-02-07T14:00:58-05:00[America/New_York],2021-02-07T14:01:14-05:00[America/New_York],Yes,2021-02-07,50458,Sunday
1805,<A>,35,2021-02-07T14:01:14-05:00[America/New_York],2021-02-07T14:01:49-05:00[America/New_York],Yes,2021-02-07,50474,Sunday
1805,B,18,2021-02-07T14:01:49-05:00[America/New_York],2021-02-07T14:02:07-05:00[America/New_York],Yes,2021-02-07,50509,Sunday
1805,<A>,34,2021-02-07T14:02:07-05:00[America/New_York],2021-02-07T14:02:41-05:00[America/New_York],Yes,2021-02-07,50527,Sunday
1805,B,16,2021-02-07T14:02:41-05:00[America/New_York],2021-02-07T14:02:57-05:00[America/New_York],Yes,2021-02-07,50561,Sunday
1805,<A>,58,2021-02-07T14:02:57-05:00[America/New_York],2021-02-07T14:03:55-05:00[America/New_York],Yes,2021-02-07,50577,Sunday
1805,B,18,2021-02-07T14:03:55-05:00[America/New_York],2021-02-07T14:04:13-05:00[America/New_York],Yes,2021-02-07,50635,Sunday
1805,<A>,38,2021-02-07T14:04:13-05:00[America/New_York],2021-02-07T14:04:51-05:00[America/New_York],Yes,2021-02-07,50653,Sunday
1805,B,18,2021-02-07T14:04:51-05:00[America/New_York],2021-02-07T14:05:09-05:00[America/New_York],Yes,2021-02-07,50691,Sunday
1805,<A>,36,2021-02-07T14:05:09-05:00[America/New_York],2021-02-07T14:05:45-05:00[America/New_York],Yes,2021-02-07,50709,Sunday
1805,B,24,2021-02-07T14:05:45-05:00[America/New_York],2021-02-07T14:06:09-05:00[America/New_York],Yes,2021-02-07,50745,Sunday
1805,<A>,37,2021-02-07T14:06:09-05:00[America/New_York],2021-02-07T14:06:46-05:00[America/New_York],Yes,2021-02-07,50769,Sunday
1805,B,15,2021-02-07T14:06:46-05:00[America/New_York],2021-02-07T14:07:01-05:00[America/New_York],Yes,2021-02-07,50806,Sunday
1805,<A>,34,2021-02-07T14:07:01-05:00[America/New_York],2021-02-07T14:07:35-05:00[America/New_York],Yes,2021-02-07,50821,Sunday
1805,B,15,2021-02-07T14:07:35-05:00[America/New_York],2021-02-07T14:07:50-05:00[America/New_York],Yes,2021-02-07,50855,Sunday
1805,<A>,38,2021-02-07T14:07:50-05:00[America/New_York],2021-02-07T14:08:28-05:00[America/New_York],Yes,2021-02-07,50870,Sunday
1805,B,15,2021-02-07T14:08:28-05:00[America/New_York],2021-02-07T14:08:43-05:00[America/New_York],Yes,2021-02-07,50908,Sunday
1805,<A>,34,2021-02-07T14:08:43-05:00[America/New_York],2021-02-07T14:09:17-05:00[America/New_York],Yes,2021-02-07,50923,Sunday
1805,B,20,2021-02-07T14:09:17-05:00[America/New_York],2021-02-07T14:09:37-05:00[America/New_York],Yes,2021-02-07,50957,Sunday
1805,<A>,36,2021-02-07T14:09:37-05:00[America/New_York],2021-02-07T14:10:13-05:00[America/New_York],Yes,2021-02-07,50977,Sunday
1805,B,15,2021-02-07T14:10:13-05:00[America/New_York],2021-02-07T14:10:28-05:00[America/New_York],Yes,2021-02-07,51013,Sunday
1805,<A>,39,2021-02-07T14:10:28-05:00[America/New_York],2021-02-07T14:11:07-05:00[America/New_York],Yes,2021-02-07,51028,Sunday
1805,B,20,2021-02-07T14:11:07-05:00[America/New_York],2021-02-07T14:11:27-05:00[America/New_York],Yes,2021-02-07,51067,Sunday
1805,<A>,35,2021-02-07T14:11:27-05:00[America/New_York],2021-02-07T14:12:02-05:00[America/New_York],Yes,2021-02-07,51087,Sunday
1805,B,16,2021-02-07T14:12:02-05:00[America/New_York],2021-02-07T14:12:18-05:00[America/New_York],Yes,2021-02-07,51122,Sunday
1805,<A>,41,2021-02-07T14:12:18-05:00[America/New_York],2021-02-07T14:12:59-05:00[America/New_York],Yes,2021-02-07,51138,Sunday
1805,B,14,2021-02-07T14:12:59-05:00[America/New_York],2021-02-07T14:13:13-05:00[America/New_York],Yes,2021-02-07,51179,Sunday
1805,<A>,53,2021-02-07T14:13:13-05:00[America/New_York],2021-02-07T14:14:06-05:00[America/New_York],Yes,2021-02-07,51193,Sunday
1805,B,19,2021-02-07T14:14:06-05:00[America/New_York],2021-02-07T14:14:25-05:00[America/New_York],Yes,2021-02-07,51246,Sunday
1805,<A>,128,2021-02-07T14:14:25-05:00[America/New_York],2021-02-07T14:16:33-05:00[America/New_York],Yes,2021-02-07,51265,Sunday
1805,B,16,2021-02-07T14:16:33-05:00[America/New_York],2021-02-07T14:16:49-05:00[America/New_York],Yes,2021-02-07,51393,Sunday
1805,<A>,39,2021-02-07T14:16:49-05:00[America/New_York],2021-02-07T14:17:28-05:00[America/New_York],Yes,2021-02-07,51409,Sunday
1805,B,20,2021-02-07T14:17:28-05:00[America/New_York],2021-02-07T14:17:48-05:00[America/New_York],Yes,2021-02-07,51448,Sunday
1805,<A>,46,2021-02-07T14:17:48-05:00[America/New_York],2021-02-07T14:18:34-05:00[America/New_York],Yes,2021-02-07,51468,Sunday
1805,B,17,2021-02-07T14:18:34-05:00[America/New_York],2021-02-07T14:18:51-05:00[America/New_York],Yes,2021-02-07,51514,Sunday
1805,<A>,34,2021-02-07T14:18:51-05:00[America/New_York],2021-02-07T14:19:25-05:00[America/New_York],Yes,2021-02-07,51531,Sunday
1805,B,16,2021-02-07T14:19:25-05:00[America/New_York],2021-02-07T14:19:41-05:00[America/New_York],Yes,2021-02-07,51565,Sunday
1805,<A>,41,2021-02-07T14:19:41-05:00[America/New_York],2021-02-07T14:20:22-05:00[America/New_York],Yes,2021-02-07,51581,Sunday
1805,B,14,2021-02-07T14:20:22-05:00[America/New_York],2021-02-07T14:20:36-05:00[America/New_York],Yes,2021-02-07,51622,Sunday
1805,<A>,37,2021-02-07T14:20:36-05:00[America/New_York],2021-02-07T14:21:13-05:00[America/New_York],Yes,2021-02-07,51636,Sunday
1805,B,25,2021-02-07T14:21:13-05:00[America/New_York],2021-02-07T14:21:38-05:00[America/New_York],NA,2021-02-07,51673,Sunday
1805,<A>,34,2021-02-07T14:21:38-05:00[America/New_York],2021-02-07T14:22:12-05:00[America/New_York],Yes,2021-02-07,51698,Sunday
1805,B,22,2021-02-07T14:22:12-05:00[America/New_York],2021-02-07T14:22:34-05:00[America/New_York],Yes,2021-02-07,51732,Sunday
1805,<A>,63,2021-02-07T14:22:34-05:00[America/New_York],2021-02-07T14:23:37-05:00[America/New_York],Yes,2021-02-07,51754,Sunday
1805,B,18,2021-02-07T14:23:37-05:00[America/New_York],2021-02-07T14:23:55-05:00[America/New_York],Yes,2021-02-07,51817,Sunday
1805,<A>,39,2021-02-07T14:23:55-05:00[America/New_York],2021-02-07T14:24:34-05:00[America/New_York],Yes,2021-02-07,51835,Sunday
1805,B,16,2021-02-07T14:24:34-05:00[America/New_York],2021-02-07T14:24:50-05:00[America/New_York],Yes,2021-02-07,51874,Sunday
1805,<A>,94,2021-02-07T14:24:50-05:00[America/New_York],2021-02-07T14:26:24-05:00[America/New_York],NA,2021-02-07,51890,Sunday
1805,B,16,2021-02-07T14:26:24-05:00[America/New_York],2021-02-07T14:26:40-05:00[America/New_York],Yes,2021-02-07,51984,Sunday
1805,<A>,34,2021-02-07T14:26:40-05:00[America/New_York],2021-02-07T14:27:14-05:00[America/New_York],Yes,2021-02-07,52000,Sunday
1805,B,14,2021-02-07T14:27:14-05:00[America/New_York],2021-02-07T14:27:28-05:00[America/New_York],Yes,2021-02-07,52034,Sunday
1805,<A>,76,2021-02-07T14:27:28-05:00[America/New_York],2021-02-07T14:28:44-05:00[America/New_York],NA,2021-02-07,52048,Sunday
1805,B,18,2021-02-07T14:28:44-05:00[America/New_York],2021-02-07T14:29:02-05:00[America/New_York],Yes,2021-02-07,52124,Sunday
1805,<A>,34,2021-02-07T14:29:02-05:00[America/New_York],2021-02-07T14:29:36-05:00[America/New_York],Yes,2021-02-07,52142,Sunday
1805,B,15,2021-02-07T14:29:36-05:00[America/New_York],2021-02-07T14:29:51-05:00[America/New_York],Yes,2021-02-07,52176,Sunday
1805,<A>,111,2021-02-07T14:29:51-05:00[America/New_York],2021-02-07T14:31:42-05:00[America/New_York],Yes,2021-02-07,52191,Sunday
1805,B,15,2021-02-07T14:31:42-05:00[America/New_York],2021-02-07T14:31:57-05:00[America/New_York],Yes,2021-02-07,52302,Sunday
1805,<A>,41,2021-02-07T14:31:57-05:00[America/New_York],2021-02-07T14:32:38-05:00[America/New_York],Yes,2021-02-07,52317,Sunday
1805,B,23,2021-02-07T14:32:38-05:00[America/New_York],2021-02-07T14:33:01-05:00[America/New_York],Yes,2021-02-07,52358,Sunday
1805,<A>,62,2021-02-07T14:33:01-05:00[America/New_York],2021-02-07T14:34:03-05:00[America/New_York],Yes,2021-02-07,52381,Sunday
1805,B,16,2021-02-07T14:34:03-05:00[America/New_York],2021-02-07T14:34:19-05:00[America/New_York],Yes,2021-02-07,52443,Sunday
1805,<A>,97,2021-02-07T14:34:19-05:00[America/New_York],2021-02-07T14:35:56-05:00[America/New_York],NA,2021-02-07,52459,Sunday
1805,B,15,2021-02-07T14:35:56-05:00[America/New_York],2021-02-07T14:36:11-05:00[America/New_York],Yes,2021-02-07,52556,Sunday
1805,<A>,46,2021-02-07T14:36:11-05:00[America/New_York],2021-02-07T14:36:57-05:00[America/New_York],Yes,2021-02-07,52571,Sunday
1805,B,25,2021-02-07T14:36:57-05:00[America/New_York],2021-02-07T14:37:22-05:00[America/New_York],NA,2021-02-07,52617,Sunday
1805,<A>,35,2021-02-07T14:37:22-05:00[America/New_York],2021-02-07T14:37:57-05:00[America/New_York],Yes,2021-02-07,52642,Sunday
1805,B,18,2021-02-07T14:37:57-05:00[America/New_York],2021-02-07T14:38:15-05:00[America/New_York],Yes,2021-02-07,52677,Sunday
1805,<A>,48,2021-02-07T14:38:15-05:00[America/New_York],2021-02-07T14:39:03-05:00[America/New_York],Yes,2021-02-07,52695,Sunday
1805,B,14,2021-02-07T14:39:03-05:00[America/New_York],2021-02-07T14:39:17-05:00[America/New_York],Yes,2021-02-07,52743,Sunday
1805,<A>,36,2021-02-07T14:39:17-05:00[America/New_York],2021-02-07T14:39:53-05:00[America/New_York],Yes,2021-02-07,52757,Sunday
1805,B,15,2021-02-07T14:39:53-05:00[America/New_York],2021-02-07T14:40:08-05:00[America/New_York],Yes,2021-02-07,52793,Sunday
1805,<A>,34,2021-02-07T14:40:08-05:00[America/New_York],2021-02-07T14:40:42-05:00[America/New_York],Yes,2021-02-07,52808,Sunday
1805,B,25,2021-02-07T14:40:42-05:00[America/New_York],2021-02-07T14:41:07-05:00[America/New_York],NA,2021-02-07,52842,Sunday
1805,<A>,42,2021-02-07T14:41:07-05:00[America/New_York],2021-02-07T14:41:49-05:00[America/New_York],Yes,2021-02-07,52867,Sunday
1805,B,14,2021-02-07T14:41:49-05:00[America/New_York],2021-02-07T14:42:03-05:00[America/New_York],Yes,2021-02-07,52909,Sunday
1805,<A>,44,2021-02-07T14:42:03-05:00[America/New_York],2021-02-07T14:42:47-05:00[America/New_York],Yes,2021-02-07,52923,Sunday
1805,B,20,2021-02-07T14:42:47-05:00[America/New_York],2021-02-07T14:43:07-05:00[America/New_York],Yes,2021-02-07,52967,Sunday
1805,<A>,38,2021-02-07T14:43:07-05:00[America/New_York],2021-02-07T14:43:45-05:00[America/New_York],Yes,2021-02-07,52987,Sunday
1805,B,15,2021-02-07T14:43:45-05:00[America/New_York],2021-02-07T14:44:00-05:00[America/New_York],Yes,2021-02-07,53025,Sunday
1805,<A>,36,2021-02-07T14:44:00-05:00[America/New_York],2021-02-07T14:44:36-05:00[America/New_York],Yes,2021-02-07,53040,Sunday
1805,B,15,2021-02-07T14:44:36-05:00[America/New_York],2021-02-07T14:44:51-05:00[America/New_York],Yes,2021-02-07,53076,Sunday
1805,<A>,126,2021-02-07T14:44:51-05:00[America/New_York],2021-02-07T14:46:57-05:00[America/New_York],Yes,2021-02-07,53091,Sunday
1805,B,19,2021-02-07T14:46:57-05:00[America/New_York],2021-02-07T14:47:16-05:00[America/New_York],Yes,2021-02-07,53217,Sunday
1805,<A>,65,2021-02-07T14:47:16-05:00[America/New_York],2021-02-07T14:48:21-05:00[America/New_York],Yes,2021-02-07,53236,Sunday
1805,B,15,2021-02-07T14:48:21-05:00[America/New_York],2021-02-07T14:48:36-05:00[America/New_York],Yes,2021-02-07,53301,Sunday
1805,<A>,37,2021-02-07T14:48:36-05:00[America/New_York],2021-02-07T14:49:13-05:00[America/New_York],Yes,2021-02-07,53316,Sunday
1805,B,16,2021-02-07T14:49:13-05:00[America/New_York],2021-02-07T14:49:29-05:00[America/New_York],Yes,2021-02-07,53353,Sunday
1805,<A>,54,2021-02-07T14:49:29-05:00[America/New_York],2021-02-07T14:50:23-05:00[America/New_York],Yes,2021-02-07,53369,Sunday
1805,B,15,2021-02-07T14:50:23-05:00[America/New_York],2021-02-07T14:50:38-05:00[America/New_York],Yes,2021-02-07,53423,Sunday
1805,<A>,36,2021-02-07T14:50:38-05:00[America/New_York],2021-02-07T14:51:14-05:00[America/New_York],Yes,2021-02-07,53438,Sunday
1805,B,19,2021-02-07T14:51:14-05:00[America/New_York],2021-02-07T14:51:33-05:00[America/New_York],Yes,2021-02-07,53474,Sunday
1805,<A>,40,2021-02-07T14:51:33-05:00[America/New_York],2021-02-07T14:52:13-05:00[America/New_York],Yes,2021-02-07,53493,Sunday
1805,B,15,2021-02-07T14:52:13-05:00[America/New_York],2021-02-07T14:52:28-05:00[America/New_York],Yes,2021-02-07,53533,Sunday
1805,<A>,34,2021-02-07T14:52:28-05:00[America/New_York],2021-02-07T14:53:02-05:00[America/New_York],Yes,2021-02-07,53548,Sunday
1805,B,22,2021-02-07T14:53:02-05:00[America/New_York],2021-02-07T14:53:24-05:00[America/New_York],Yes,2021-02-07,53582,Sunday
1805,<A>,49,2021-02-07T14:53:24-05:00[America/New_York],2021-02-07T14:54:13-05:00[America/New_York],Yes,2021-02-07,53604,Sunday
1805,B,14,2021-02-07T14:54:13-05:00[America/New_York],2021-02-07T14:54:27-05:00[America/New_York],Yes,2021-02-07,53653,Sunday
1805,<A>,41,2021-02-07T14:54:27-05:00[America/New_York],2021-02-07T14:55:08-05:00[America/New_York],Yes,2021-02-07,53667,Sunday
1805,B,15,2021-02-07T14:55:08-05:00[America/New_York],2021-02-07T14:55:23-05:00[America/New_York],Yes,2021-02-07,53708,Sunday
1805,<A>,34,2021-02-07T14:55:23-05:00[America/New_York],2021-02-07T14:55:57-05:00[America/New_York],Yes,2021-02-07,53723,Sunday
1805,B,17,2021-02-07T14:55:57-05:00[America/New_York],2021-02-07T14:56:14-05:00[America/New_York],Yes,2021-02-07,53757,Sunday
1805,<A>,38,2021-02-07T14:56:14-05:00[America/New_York],2021-02-07T14:56:52-05:00[America/New_York],Yes,2021-02-07,53774,Sunday
1805,B,14,2021-02-07T14:56:52-05:00[America/New_York],2021-02-07T14:57:06-05:00[America/New_York],Yes,2021-02-07,53812,Sunday
1805,<A>,47,2021-02-07T14:57:06-05:00[America/New_York],2021-02-07T14:57:53-05:00[America/New_York],Yes,2021-02-07,53826,Sunday
1805,B,17,2021-02-07T14:57:53-05:00[America/New_York],2021-02-07T14:58:10-05:00[America/New_York],Yes,2021-02-07,53873,Sunday
1805,<A>,34,2021-02-07T14:58:10-05:00[America/New_York],2021-02-07T14:58:44-05:00[America/New_York],Yes,2021-02-07,53890,Sunday
1805,B,15,2021-02-07T14:58:44-05:00[America/New_York],2021-02-07T14:58:59-05:00[America/New_York],Yes,2021-02-07,53924,Sunday
1805,<A>,36,2021-02-07T14:58:59-05:00[America/New_York],2021-02-07T14:59:35-05:00[America/New_York],Yes,2021-02-07,53939,Sunday
1805,B,14,2021-02-07T14:59:35-05:00[America/New_York],2021-02-07T14:59:49-05:00[America/New_York],Yes,2021-02-07,53975,Sunday
1805,<A>,37,2021-02-07T14:59:49-05:00[America/New_York],2021-02-07T15:00:26-05:00[America/New_York],Yes,2021-02-07,53989,Sunday
1805,B,21,2021-02-07T15:00:26-05:00[America/New_York],2021-02-07T15:00:47-05:00[America/New_York],Yes,2021-02-07,54026,Sunday
1805,<A>,34,2021-02-07T15:00:47-05:00[America/New_York],2021-02-07T15:01:21-05:00[America/New_York],Yes,2021-02-07,54047,Sunday
1805,B,19,2021-02-07T15:01:21-05:00[America/New_York],2021-02-07T15:01:40-05:00[America/New_York],Yes,2021-02-07,54081,Sunday
1805,<A>,42,2021-02-07T15:01:40-05:00[America/New_York],2021-02-07T15:02:22-05:00[America/New_York],Yes,2021-02-07,54100,Sunday
1805,B,19,2021-02-07T15:02:22-05:00[America/New_York],2021-02-07T15:02:41-05:00[America/New_York],Yes,2021-02-07,54142,Sunday
1805,<A>,92,2021-02-07T15:02:41-05:00[America/New_York],2021-02-07T15:04:13-05:00[America/New_York],NA,2021-02-07,54161,Sunday
1805,B,18,2021-02-07T15:04:13-05:00[America/New_York],2021-02-07T15:04:31-05:00[America/New_York],Yes,2021-02-07,54253,Sunday
1805,<A>,41,2021-02-07T15:04:31-05:00[America/New_York],2021-02-07T15:05:12-05:00[America/New_York],Yes,2021-02-07,54271,Sunday
1805,B,16,2021-02-07T15:05:12-05:00[America/New_York],2021-02-07T15:05:28-05:00[America/New_York],Yes,2021-02-07,54312,Sunday
1805,<A>,45,2021-02-07T15:05:28-05:00[America/New_York],2021-02-07T15:06:13-05:00[America/New_York],Yes,2021-02-07,54328,Sunday
1805,B,19,2021-02-07T15:06:13-05:00[America/New_York],2021-02-07T15:06:32-05:00[America/New_York],Yes,2021-02-07,54373,Sunday
1805,<A>,45,2021-02-07T15:06:32-05:00[America/New_York],2021-02-07T15:07:17-05:00[America/New_York],Yes,2021-02-07,54392,Sunday
1805,B,19,2021-02-07T15:07:17-05:00[America/New_York],2021-02-07T15:07:36-05:00[America/New_York],Yes,2021-02-07,54437,Sunday
1805,<A>,34,2021-02-07T15:07:36-05:00[America/New_York],2021-02-07T15:08:10-05:00[America/New_York],Yes,2021-02-07,54456,Sunday
1805,B,18,2021-02-07T15:08:10-05:00[America/New_York],2021-02-07T15:08:28-05:00[America/New_York],Yes,2021-02-07,54490,Sunday
1805,<A>,74,2021-02-07T15:08:28-05:00[America/New_York],2021-02-07T15:09:42-05:00[America/New_York],NA,2021-02-07,54508,Sunday
1805,B,19,2021-02-07T15:09:42-05:00[America/New_York],2021-02-07T15:10:01-05:00[America/New_York],Yes,2021-02-07,54582,Sunday
1805,<A>,36,2021-02-07T15:10:01-05:00[America/New_York],2021-02-07T15:10:37-05:00[America/New_York],Yes,2021-02-07,54601,Sunday
1805,B,16,2021-02-07T15:10:37-05:00[America/New_York],2021-02-07T15:10:53-05:00[America/New_York],Yes,2021-02-07,54637,Sunday
1805,<A>,37,2021-02-07T15:10:53-05:00[America/New_York],2021-02-07T15:11:30-05:00[America/New_York],Yes,2021-02-07,54653,Sunday
1805,B,18,2021-02-07T15:11:30-05:00[America/New_York],2021-02-07T15:11:48-05:00[America/New_York],Yes,2021-02-07,54690,Sunday
1805,<A>,88,2021-02-07T15:11:48-05:00[America/New_York],2021-02-07T15:13:16-05:00[America/New_York],NA,2021-02-07,54708,Sunday
1805,B,18,2021-02-07T15:13:16-05:00[America/New_York],2021-02-07T15:13:34-05:00[America/New_York],Yes,2021-02-07,54796,Sunday
1805,<A>,42,2021-02-07T15:13:34-05:00[America/New_York],2021-02-07T15:14:16-05:00[America/New_York],Yes,2021-02-07,54814,Sunday
1805,B,15,2021-02-07T15:14:16-05:00[America/New_York],2021-02-07T15:14:31-05:00[America/New_York],Yes,2021-02-07,54856,Sunday
1805,<A>,47,2021-02-07T15:14:31-05:00[America/New_York],2021-02-07T15:15:18-05:00[America/New_York],Yes,2021-02-07,54871,Sunday
1805,B,22,2021-02-07T15:15:18-05:00[America/New_York],2021-02-07T15:15:40-05:00[America/New_York],Yes,2021-02-07,54918,Sunday
1805,<A>,34,2021-02-07T15:15:40-05:00[America/New_York],2021-02-07T15:16:14-05:00[America/New_York],Yes,2021-02-07,54940,Sunday
1805,B,21,2021-02-07T15:16:14-05:00[America/New_York],2021-02-07T15:16:35-05:00[America/New_York],Yes,2021-02-07,54974,Sunday
1805,<A>,51,2021-02-07T15:16:35-05:00[America/New_York],2021-02-07T15:17:26-05:00[America/New_York],Yes,2021-02-07,54995,Sunday
1805,B,17,2021-02-07T15:17:26-05:00[America/New_York],2021-02-07T15:17:43-05:00[America/New_York],Yes,2021-02-07,55046,Sunday
1805,<A>,119,2021-02-07T15:17:43-05:00[America/New_York],2021-02-07T15:19:42-05:00[America/New_York],Yes,2021-02-07,55063,Sunday
1805,B,19,2021-02-07T15:19:42-05:00[America/New_York],2021-02-07T15:20:01-05:00[America/New_York],Yes,2021-02-07,55182,Sunday
1805,<A>,35,2021-02-07T15:20:01-05:00[America/New_York],2021-02-07T15:20:36-05:00[America/New_York],Yes,2021-02-07,55201,Sunday
1805,B,18,2021-02-07T15:20:36-05:00[America/New_York],2021-02-07T15:20:54-05:00[America/New_York],Yes,2021-02-07,55236,Sunday
1805,<A>,36,2021-02-07T15:20:54-05:00[America/New_York],2021-02-07T15:21:30-05:00[America/New_York],Yes,2021-02-07,55254,Sunday
1805,B,16,2021-02-07T15:21:30-05:00[America/New_York],2021-02-07T15:21:46-05:00[America/New_York],Yes,2021-02-07,55290,Sunday
1805,<A>,38,2021-02-07T15:21:46-05:00[America/New_York],2021-02-07T15:22:24-05:00[America/New_York],Yes,2021-02-07,55306,Sunday
1805,B,19,2021-02-07T15:22:24-05:00[America/New_York],2021-02-07T15:22:43-05:00[America/New_York],Yes,2021-02-07,55344,Sunday
1805,<A>,72,2021-02-07T15:22:43-05:00[America/New_York],2021-02-07T15:23:55-05:00[America/New_York],Yes,2021-02-07,55363,Sunday
1805,B,19,2021-02-07T15:23:55-05:00[America/New_York],2021-02-07T15:24:14-05:00[America/New_York],Yes,2021-02-07,55435,Sunday
1805,<A>,41,2021-02-07T15:24:14-05:00[America/New_York],2021-02-07T15:24:55-05:00[America/New_York],Yes,2021-02-07,55454,Sunday
1805,B,16,2021-02-07T15:24:55-05:00[America/New_York],2021-02-07T15:25:11-05:00[America/New_York],Yes,2021-02-07,55495,Sunday
1805,<A>,35,2021-02-07T15:25:11-05:00[America/New_York],2021-02-07T15:25:46-05:00[America/New_York],Yes,2021-02-07,55511,Sunday
1805,B,17,2021-02-07T15:25:46-05:00[America/New_York],2021-02-07T15:26:03-05:00[America/New_York],Yes,2021-02-07,55546,Sunday
1805,<A>,84,2021-02-07T15:26:03-05:00[America/New_York],2021-02-07T15:27:27-05:00[America/New_York],NA,2021-02-07,55563,Sunday
1805,B,15,2021-02-07T15:27:27-05:00[America/New_York],2021-02-07T15:27:42-05:00[America/New_York],Yes,2021-02-07,55647,Sunday
1805,<A>,34,2021-02-07T15:27:42-05:00[America/New_York],2021-02-07T15:28:16-05:00[America/New_York],Yes,2021-02-07,55662,Sunday
1805,B,19,2021-02-07T15:28:16-05:00[America/New_York],2021-02-07T15:28:35-05:00[America/New_York],Yes,2021-02-07,55696,Sunday
1805,<A>,55,2021-02-07T15:28:35-05:00[America/New_York],2021-02-07T15:29:30-05:00[America/New_York],Yes,2021-02-07,55715,Sunday
1805,B,19,2021-02-07T15:29:30-05:00[America/New_York],2021-02-07T15:29:49-05:00[America/New_York],Yes,2021-02-07,55770,Sunday
1805,<A>,79,2021-02-07T15:29:49-05:00[America/New_York],2021-02-07T15:31:08-05:00[America/New_York],NA,2021-02-07,55789,Sunday
1805,B,14,2021-02-07T15:31:08-05:00[America/New_York],2021-02-07T15:31:22-05:00[America/New_York],Yes,2021-02-07,55868,Sunday
1805,<A>,36,2021-02-07T15:31:22-05:00[America/New_York],2021-02-07T15:31:58-05:00[America/New_York],Yes,2021-02-07,55882,Sunday
1805,B,19,2021-02-07T15:31:58-05:00[America/New_York],2021-02-07T15:32:17-05:00[America/New_York],Yes,2021-02-07,55918,Sunday
1805,<A>,56,2021-02-07T15:32:17-05:00[America/New_York],2021-02-07T15:33:13-05:00[America/New_York],Yes,2021-02-07,55937,Sunday
1805,B,22,2021-02-07T15:33:13-05:00[America/New_York],2021-02-07T15:33:35-05:00[America/New_York],Yes,2021-02-07,55993,Sunday
1805,<A>,34,2021-02-07T15:33:35-05:00[America/New_York],2021-02-07T15:34:09-05:00[America/New_York],Yes,2021-02-07,56015,Sunday
1805,B,18,2021-02-07T15:34:09-05:00[America/New_York],2021-02-07T15:34:27-05:00[America/New_York],Yes,2021-02-07,56049,Sunday
1805,<A>,38,2021-02-07T15:34:27-05:00[America/New_York],2021-02-07T15:35:05-05:00[America/New_York],Yes,2021-02-07,56067,Sunday
1805,B,15,2021-02-07T15:35:05-05:00[America/New_York],2021-02-07T15:35:20-05:00[America/New_York],Yes,2021-02-07,56105,Sunday
1805,<A>,60,2021-02-07T15:35:20-05:00[America/New_York],2021-02-07T15:36:20-05:00[America/New_York],Yes,2021-02-07,56120,Sunday
1805,B,19,2021-02-07T15:36:20-05:00[America/New_York],2021-02-07T15:36:39-05:00[America/New_York],Yes,2021-02-07,56180,Sunday
1805,<A>,36,2021-02-07T15:36:39-05:00[America/New_York],2021-02-07T15:37:15-05:00[America/New_York],Yes,2021-02-07,56199,Sunday
1805,B,15,2021-02-07T15:37:15-05:00[America/New_York],2021-02-07T15:37:30-05:00[America/New_York],Yes,2021-02-07,56235,Sunday
1805,<A>,45,2021-02-07T15:37:30-05:00[America/New_York],2021-02-07T15:38:15-05:00[America/New_York],Yes,2021-02-07,56250,Sunday
1805,B,14,2021-02-07T15:38:15-05:00[America/New_York],2021-02-07T15:38:29-05:00[America/New_York],Yes,2021-02-07,56295,Sunday
1805,<A>,34,2021-02-07T15:38:29-05:00[America/New_York],2021-02-07T15:39:03-05:00[America/New_York],Yes,2021-02-07,56309,Sunday
1805,B,19,2021-02-07T15:39:03-05:00[America/New_York],2021-02-07T15:39:22-05:00[America/New_York],Yes,2021-02-07,56343,Sunday
1805,<A>,35,2021-02-07T15:39:22-05:00[America/New_York],2021-02-07T15:39:57-05:00[America/New_York],Yes,2021-02-07,56362,Sunday
1805,B,19,2021-02-07T15:39:57-05:00[America/New_York],2021-02-07T15:40:16-05:00[America/New_York],Yes,2021-02-07,56397,Sunday
1805,<A>,44,2021-02-07T15:40:16-05:00[America/New_York],2021-02-07T15:41:00-05:00[America/New_York],Yes,2021-02-07,56416,Sunday
1805,B,15,2021-02-07T15:41:00-05:00[America/New_York],2021-02-07T15:41:15-05:00[America/New_York],Yes,2021-02-07,56460,Sunday
1805,<A>,35,2021-02-07T15:41:15-05:00[America/New_York],2021-02-07T15:41:50-05:00[America/New_York],Yes,2021-02-07,56475,Sunday
1805,B,17,2021-02-07T15:41:50-05:00[America/New_York],2021-02-07T15:42:07-05:00[America/New_York],Yes,2021-02-07,56510,Sunday
1805,<A>,38,2021-02-07T15:42:07-05:00[America/New_York],2021-02-07T15:42:45-05:00[America/New_York],Yes,2021-02-07,56527,Sunday
1805,B,17,2021-02-07T15:42:45-05:00[America/New_York],2021-02-07T15:43:02-05:00[America/New_York],Yes,2021-02-07,56565,Sunday
1805,<A>,35,2021-02-07T15:43:02-05:00[America/New_York],2021-02-07T15:43:37-05:00[America/New_York],Yes,2021-02-07,56582,Sunday
1805,B,15,2021-02-07T15:43:37-05:00[America/New_York],2021-02-07T15:43:52-05:00[America/New_York],Yes,2021-02-07,56617,Sunday
1805,<A>,57,2021-02-07T15:43:52-05:00[America/New_York],2021-02-07T15:44:49-05:00[America/New_York],Yes,2021-02-07,56632,Sunday
1805,B,19,2021-02-07T15:44:49-05:00[America/New_York],2021-02-07T15:45:08-05:00[America/New_York],Yes,2021-02-07,56689,Sunday
1805,<A>,35,2021-02-07T15:45:08-05:00[America/New_York],2021-02-07T15:45:43-05:00[America/New_York],Yes,2021-02-07,56708,Sunday
1805,B,23,2021-02-07T15:45:43-05:00[America/New_York],2021-02-07T15:46:06-05:00[America/New_York],Yes,2021-02-07,56743,Sunday
1805,<A>,34,2021-02-07T15:46:06-05:00[America/New_York],2021-02-07T15:46:40-05:00[America/New_York],Yes,2021-02-07,56766,Sunday
1805,B,15,2021-02-07T15:46:40-05:00[America/New_York],2021-02-07T15:46:55-05:00[America/New_York],Yes,2021-02-07,56800,Sunday
1805,<A>,35,2021-02-07T15:46:55-05:00[America/New_York],2021-02-07T15:47:30-05:00[America/New_York],Yes,2021-02-07,56815,Sunday
1805,B,24,2021-02-07T15:47:30-05:00[America/New_York],2021-02-07T15:47:54-05:00[America/New_York],NA,2021-02-07,56850,Sunday
1805,<A>,34,2021-02-07T15:47:54-05:00[America/New_York],2021-02-07T15:48:28-05:00[America/New_York],Yes,2021-02-07,56874,Sunday
1805,B,19,2021-02-07T15:48:28-05:00[America/New_York],2021-02-07T15:48:47-05:00[America/New_York],Yes,2021-02-07,56908,Sunday
1805,<A>,36,2021-02-07T15:48:47-05:00[America/New_York],2021-02-07T15:49:23-05:00[America/New_York],Yes,2021-02-07,56927,Sunday
1805,B,23,2021-02-07T15:49:23-05:00[America/New_York],2021-02-07T15:49:46-05:00[America/New_York],Yes,2021-02-07,56963,Sunday
1805,<A>,35,2021-02-07T15:49:46-05:00[America/New_York],2021-02-07T15:50:21-05:00[America/New_York],Yes,2021-02-07,56986,Sunday
1805,B,21,2021-02-07T15:50:21-05:00[America/New_York],2021-02-07T15:50:42-05:00[America/New_York],Yes,2021-02-07,57021,Sunday
1805,<A>,39,2021-02-07T15:50:42-05:00[America/New_York],2021-02-07T15:51:21-05:00[America/New_York],Yes,2021-02-07,57042,Sunday
1805,B,24,2021-02-07T15:51:21-05:00[America/New_York],2021-02-07T15:51:45-05:00[America/New_York],NA,2021-02-07,57081,Sunday
1805,<A>,53,2021-02-07T15:51:45-05:00[America/New_York],2021-02-07T15:52:38-05:00[America/New_York],Yes,2021-02-07,57105,Sunday
1805,B,14,2021-02-07T15:52:38-05:00[America/New_York],2021-02-07T15:52:52-05:00[America/New_York],Yes,2021-02-07,57158,Sunday
1805,<A>,35,2021-02-07T15:52:52-05:00[America/New_York],2021-02-07T15:53:27-05:00[America/New_York],Yes,2021-02-07,57172,Sunday
1805,B,16,2021-02-07T15:53:27-05:00[America/New_York],2021-02-07T15:53:43-05:00[America/New_York],Yes,2021-02-07,57207,Sunday
1805,<A>,34,2021-02-07T15:53:43-05:00[America/New_York],2021-02-07T15:54:17-05:00[America/New_York],Yes,2021-02-07,57223,Sunday
1805,B,16,2021-02-07T15:54:17-05:00[America/New_York],2021-02-07T15:54:33-05:00[America/New_York],Yes,2021-02-07,57257,Sunday
1805,<A>,42,2021-02-07T15:54:33-05:00[America/New_York],2021-02-07T15:55:15-05:00[America/New_York],Yes,2021-02-07,57273,Sunday
1805,B,15,2021-02-07T15:55:15-05:00[America/New_York],2021-02-07T15:55:30-05:00[America/New_York],Yes,2021-02-07,57315,Sunday
1805,<A>,38,2021-02-07T15:55:30-05:00[America/New_York],2021-02-07T15:56:08-05:00[America/New_York],Yes,2021-02-07,57330,Sunday
1805,B,15,2021-02-07T15:56:08-05:00[America/New_York],2021-02-07T15:56:23-05:00[America/New_York],Yes,2021-02-07,57368,Sunday
1805,<A>,46,2021-02-07T15:56:23-05:00[America/New_York],2021-02-07T15:57:09-05:00[America/New_York],Yes,2021-02-07,57383,Sunday
1805,B,14,2021-02-07T15:57:09-05:00[America/New_York],2021-02-07T15:57:23-05:00[America/New_York],Yes,2021-02-07,57429,Sunday
1805,<A>,34,2021-02-07T15:57:23-05:00[America/New_York],2021-02-07T15:57:57-05:00[America/New_York],Yes,2021-02-07,57443,Sunday
1805,B,15,2021-02-07T15:57:57-05:00[America/New_York],2021-02-07T15:58:12-05:00[America/New_York],Yes,2021-02-07,57477,Sunday
1805,<A>,51,2021-02-07T15:58:12-05:00[America/New_York],2021-02-07T15:59:03-05:00[America/New_York],Yes,2021-02-07,57492,Sunday
1805,B,15,2021-02-07T15:59:03-05:00[America/New_York],2021-02-07T15:59:18-05:00[America/New_York],Yes,2021-02-07,57543,Sunday
1805,<A>,49,2021-02-07T15:59:18-05:00[America/New_York],2021-02-07T16:00:07-05:00[America/New_York],Yes,2021-02-07,57558,Sunday
1805,B,14,2021-02-07T16:00:07-05:00[America/New_York],2021-02-07T16:00:21-05:00[America/New_York],Yes,2021-02-07,57607,Sunday
1805,<A>,35,2021-02-07T16:00:21-05:00[America/New_York],2021-02-07T16:00:56-05:00[America/New_York],Yes,2021-02-07,57621,Sunday
1805,B,18,2021-02-07T16:00:56-05:00[America/New_York],2021-02-07T16:01:14-05:00[America/New_York],Yes,2021-02-07,57656,Sunday
1805,<A>,43,2021-02-07T16:01:14-05:00[America/New_York],2021-02-07T16:01:57-05:00[America/New_York],Yes,2021-02-07,57674,Sunday
1805,B,21,2021-02-07T16:01:57-05:00[America/New_York],2021-02-07T16:02:18-05:00[America/New_York],Yes,2021-02-07,57717,Sunday
1805,<A>,50,2021-02-07T16:02:18-05:00[America/New_York],2021-02-07T16:03:08-05:00[America/New_York],Yes,2021-02-07,57738,Sunday
1805,B,14,2021-02-07T16:03:08-05:00[America/New_York],2021-02-07T16:03:22-05:00[America/New_York],Yes,2021-02-07,57788,Sunday
1805,<A>,36,2021-02-07T16:03:22-05:00[America/New_York],2021-02-07T16:03:58-05:00[America/New_York],Yes,2021-02-07,57802,Sunday
1805,B,16,2021-02-07T16:03:58-05:00[America/New_York],2021-02-07T16:04:14-05:00[America/New_York],Yes,2021-02-07,57838,Sunday
1805,<A>,35,2021-02-07T16:04:14-05:00[America/New_York],2021-02-07T16:04:49-05:00[America/New_York],Yes,2021-02-07,57854,Sunday
1805,B,17,2021-02-07T16:04:49-05:00[America/New_York],2021-02-07T16:05:06-05:00[America/New_York],Yes,2021-02-07,57889,Sunday
1805,<A>,34,2021-02-07T16:05:06-05:00[America/New_York],2021-02-07T16:05:40-05:00[America/New_York],Yes,2021-02-07,57906,Sunday
1805,B,16,2021-02-07T16:05:40-05:00[America/New_York],2021-02-07T16:05:56-05:00[America/New_York],Yes,2021-02-07,57940,Sunday
1805,<A>,37,2021-02-07T16:05:56-05:00[America/New_York],2021-02-07T16:06:33-05:00[America/New_York],Yes,2021-02-07,57956,Sunday
1805,B,15,2021-02-07T16:06:33-05:00[America/New_York],2021-02-07T16:06:48-05:00[America/New_York],Yes,2021-02-07,57993,Sunday
1805,<A>,100,2021-02-07T16:06:48-05:00[America/New_York],2021-02-07T16:08:28-05:00[America/New_York],NA,2021-02-07,58008,Sunday
1805,B,20,2021-02-07T16:08:28-05:00[America/New_York],2021-02-07T16:08:48-05:00[America/New_York],Yes,2021-02-07,58108,Sunday
1805,<A>,35,2021-02-07T16:08:48-05:00[America/New_York],2021-02-07T16:09:23-05:00[America/New_York],Yes,2021-02-07,58128,Sunday
1805,B,20,2021-02-07T16:09:23-05:00[America/New_York],2021-02-07T16:09:43-05:00[America/New_York],Yes,2021-02-07,58163,Sunday
1805,<A>,35,2021-02-07T16:09:43-05:00[America/New_York],2021-02-07T16:10:18-05:00[America/New_York],Yes,2021-02-07,58183,Sunday
1805,B,20,2021-02-07T16:10:18-05:00[America/New_York],2021-02-07T16:10:38-05:00[America/New_York],Yes,2021-02-07,58218,Sunday
1805,<A>,35,2021-02-07T16:10:38-05:00[America/New_York],2021-02-07T16:11:13-05:00[America/New_York],Yes,2021-02-07,58238,Sunday
1805,B,17,2021-02-07T16:11:13-05:00[America/New_York],2021-02-07T16:11:30-05:00[America/New_York],Yes,2021-02-07,58273,Sunday
1805,<A>,45,2021-02-07T16:11:30-05:00[America/New_York],2021-02-07T16:12:15-05:00[America/New_York],Yes,2021-02-07,58290,Sunday
1805,B,16,2021-02-07T16:12:15-05:00[America/New_York],2021-02-07T16:12:31-05:00[America/New_York],Yes,2021-02-07,58335,Sunday
1805,<A>,36,2021-02-07T16:12:31-05:00[America/New_York],2021-02-07T16:13:07-05:00[America/New_York],Yes,2021-02-07,58351,Sunday
1805,B,20,2021-02-07T16:13:07-05:00[America/New_York],2021-02-07T16:13:27-05:00[America/New_York],Yes,2021-02-07,58387,Sunday
1805,<A>,37,2021-02-07T16:13:27-05:00[America/New_York],2021-02-07T16:14:04-05:00[America/New_York],Yes,2021-02-07,58407,Sunday
1805,B,18,2021-02-07T16:14:04-05:00[America/New_York],2021-02-07T16:14:22-05:00[America/New_York],Yes,2021-02-07,58444,Sunday
1805,<A>,79,2021-02-07T16:14:22-05:00[America/New_York],2021-02-07T16:15:41-05:00[America/New_York],NA,2021-02-07,58462,Sunday
1805,B,17,2021-02-07T16:15:41-05:00[America/New_York],2021-02-07T16:15:58-05:00[America/New_York],Yes,2021-02-07,58541,Sunday
1805,<A>,35,2021-02-07T16:15:58-05:00[America/New_York],2021-02-07T16:16:33-05:00[America/New_York],Yes,2021-02-07,58558,Sunday
1805,B,16,2021-02-07T16:16:33-05:00[America/New_York],2021-02-07T16:16:49-05:00[America/New_York],Yes,2021-02-07,58593,Sunday
1805,<A>,35,2021-02-07T16:16:49-05:00[America/New_York],2021-02-07T16:17:24-05:00[America/New_York],Yes,2021-02-07,58609,Sunday
1805,B,22,2021-02-07T16:17:24-05:00[America/New_York],2021-02-07T16:17:46-05:00[America/New_York],Yes,2021-02-07,58644,Sunday
1805,<A>,39,2021-02-07T16:17:46-05:00[America/New_York],2021-02-07T16:18:25-05:00[America/New_York],Yes,2021-02-07,58666,Sunday
1805,B,25,2021-02-07T16:18:25-05:00[America/New_York],2021-02-07T16:18:50-05:00[America/New_York],NA,2021-02-07,58705,Sunday
1805,<A>,36,2021-02-07T16:18:50-05:00[America/New_York],2021-02-07T16:19:26-05:00[America/New_York],Yes,2021-02-07,58730,Sunday
1805,B,19,2021-02-07T16:19:26-05:00[America/New_York],2021-02-07T16:19:45-05:00[America/New_York],Yes,2021-02-07,58766,Sunday
1805,<A>,34,2021-02-07T16:19:45-05:00[America/New_York],2021-02-07T16:20:19-05:00[America/New_York],Yes,2021-02-07,58785,Sunday
1805,B,18,2021-02-07T16:20:19-05:00[America/New_York],2021-02-07T16:20:37-05:00[America/New_York],Yes,2021-02-07,58819,Sunday
1805,<A>,54,2021-02-07T16:20:37-05:00[America/New_York],2021-02-07T16:21:31-05:00[America/New_York],Yes,2021-02-07,58837,Sunday
1805,B,25,2021-02-07T16:21:31-05:00[America/New_York],2021-02-07T16:21:56-05:00[America/New_York],NA,2021-02-07,58891,Sunday
1805,<A>,35,2021-02-07T16:21:56-05:00[America/New_York],2021-02-07T16:22:31-05:00[America/New_York],Yes,2021-02-07,58916,Sunday
1805,B,15,2021-02-07T16:22:31-05:00[America/New_York],2021-02-07T16:22:46-05:00[America/New_York],Yes,2021-02-07,58951,Sunday
1805,<A>,39,2021-02-07T16:22:46-05:00[America/New_York],2021-02-07T16:23:25-05:00[America/New_York],Yes,2021-02-07,58966,Sunday
1805,B,25,2021-02-07T16:23:25-05:00[America/New_York],2021-02-07T16:23:50-05:00[America/New_York],NA,2021-02-07,59005,Sunday
1805,<A>,36,2021-02-07T16:23:50-05:00[America/New_York],2021-02-07T16:24:26-05:00[America/New_York],Yes,2021-02-07,59030,Sunday
1805,B,20,2021-02-07T16:24:26-05:00[America/New_York],2021-02-07T16:24:46-05:00[America/New_York],Yes,2021-02-07,59066,Sunday
1805,<A>,36,2021-02-07T16:24:46-05:00[America/New_York],2021-02-07T16:25:22-05:00[America/New_York],Yes,2021-02-07,59086,Sunday
1805,B,14,2021-02-07T16:25:22-05:00[America/New_York],2021-02-07T16:25:36-05:00[America/New_York],Yes,2021-02-07,59122,Sunday
1805,<A>,41,2021-02-07T16:25:36-05:00[America/New_York],2021-02-07T16:26:17-05:00[America/New_York],Yes,2021-02-07,59136,Sunday
1805,B,15,2021-02-07T16:26:17-05:00[America/New_York],2021-02-07T16:26:32-05:00[America/New_York],Yes,2021-02-07,59177,Sunday
1805,<A>,36,2021-02-07T16:26:32-05:00[America/New_York],2021-02-07T16:27:08-05:00[America/New_York],Yes,2021-02-07,59192,Sunday
1805,B,20,2021-02-07T16:27:08-05:00[America/New_York],2021-02-07T16:27:28-05:00[America/New_York],Yes,2021-02-07,59228,Sunday
1805,<A>,95,2021-02-07T16:27:28-05:00[America/New_York],2021-02-07T16:29:03-05:00[America/New_York],NA,2021-02-07,59248,Sunday
1805,B,17,2021-02-07T16:29:03-05:00[America/New_York],2021-02-07T16:29:20-05:00[America/New_York],Yes,2021-02-07,59343,Sunday
1805,<A>,72,2021-02-07T16:29:20-05:00[America/New_York],2021-02-07T16:30:32-05:00[America/New_York],Yes,2021-02-07,59360,Sunday
1805,B,18,2021-02-07T16:30:32-05:00[America/New_York],2021-02-07T16:30:50-05:00[America/New_York],Yes,2021-02-07,59432,Sunday
1805,<A>,35,2021-02-07T16:30:50-05:00[America/New_York],2021-02-07T16:31:25-05:00[America/New_York],Yes,2021-02-07,59450,Sunday
1805,B,14,2021-02-07T16:31:25-05:00[America/New_York],2021-02-07T16:31:39-05:00[America/New_York],Yes,2021-02-07,59485,Sunday
1805,<A>,43,2021-02-07T16:31:39-05:00[America/New_York],2021-02-07T16:32:22-05:00[America/New_York],Yes,2021-02-07,59499,Sunday
1805,B,19,2021-02-07T16:32:22-05:00[America/New_York],2021-02-07T16:32:41-05:00[America/New_York],Yes,2021-02-07,59542,Sunday
1805,<A>,34,2021-02-07T16:32:41-05:00[America/New_York],2021-02-07T16:33:15-05:00[America/New_York],Yes,2021-02-07,59561,Sunday
1805,B,20,2021-02-07T16:33:15-05:00[America/New_York],2021-02-07T16:33:35-05:00[America/New_York],Yes,2021-02-07,59595,Sunday
1805,<A>,76,2021-02-07T16:33:35-05:00[America/New_York],2021-02-07T16:34:51-05:00[America/New_York],NA,2021-02-07,59615,Sunday
1805,B,17,2021-02-07T16:34:51-05:00[America/New_York],2021-02-07T16:35:08-05:00[America/New_York],Yes,2021-02-07,59691,Sunday
1805,<A>,45,2021-02-07T16:35:08-05:00[America/New_York],2021-02-07T16:35:53-05:00[America/New_York],Yes,2021-02-07,59708,Sunday
1805,B,20,2021-02-07T16:35:53-05:00[America/New_York],2021-02-07T16:36:13-05:00[America/New_York],Yes,2021-02-07,59753,Sunday
1805,<A>,35,2021-02-07T16:36:13-05:00[America/New_York],2021-02-07T16:36:48-05:00[America/New_York],Yes,2021-02-07,59773,Sunday
1805,B,16,2021-02-07T16:36:48-05:00[America/New_York],2021-02-07T16:37:04-05:00[America/New_York],Yes,2021-02-07,59808,Sunday
1805,<A>,35,2021-02-07T16:37:04-05:00[America/New_York],2021-02-07T16:37:39-05:00[America/New_York],Yes,2021-02-07,59824,Sunday
1805,B,17,2021-02-07T16:37:39-05:00[America/New_York],2021-02-07T16:37:56-05:00[America/New_York],Yes,2021-02-07,59859,Sunday
1805,<A>,54,2021-02-07T16:37:56-05:00[America/New_York],2021-02-07T16:38:50-05:00[America/New_York],Yes,2021-02-07,59876,Sunday
1805,B,16,2021-02-07T16:38:50-05:00[America/New_York],2021-02-07T16:39:06-05:00[America/New_York],Yes,2021-02-07,59930,Sunday
1805,<A>,48,2021-02-07T16:39:06-05:00[America/New_York],2021-02-07T16:39:54-05:00[America/New_York],Yes,2021-02-07,59946,Sunday
1805,B,14,2021-02-07T16:39:54-05:00[America/New_York],2021-02-07T16:40:08-05:00[America/New_York],Yes,2021-02-07,59994,Sunday
1805,<A>,158,2021-02-07T16:40:08-05:00[America/New_York],2021-02-07T16:42:46-05:00[America/New_York],NA,2021-02-07,60008,Sunday
1805,B,15,2021-02-07T16:42:46-05:00[America/New_York],2021-02-07T16:43:01-05:00[America/New_York],Yes,2021-02-07,60166,Sunday
1805,<A>,87,2021-02-07T16:43:01-05:00[America/New_York],2021-02-07T16:44:28-05:00[America/New_York],NA,2021-02-07,60181,Sunday
1805,B,16,2021-02-07T16:44:28-05:00[America/New_York],2021-02-07T16:44:44-05:00[America/New_York],Yes,2021-02-07,60268,Sunday
1805,<A>,86,2021-02-07T16:44:44-05:00[America/New_York],2021-02-07T16:46:10-05:00[America/New_York],NA,2021-02-07,60284,Sunday
1805,B,17,2021-02-07T16:46:10-05:00[America/New_York],2021-02-07T16:46:27-05:00[America/New_York],Yes,2021-02-07,60370,Sunday
1805,<A>,80,2021-02-07T16:46:27-05:00[America/New_York],2021-02-07T16:47:47-05:00[America/New_York],NA,2021-02-07,60387,Sunday
1805,B,14,2021-02-07T16:47:47-05:00[America/New_York],2021-02-07T16:48:01-05:00[America/New_York],Yes,2021-02-07,60467,Sunday
1805,<A>,37,2021-02-07T16:48:01-05:00[America/New_York],2021-02-07T16:48:38-05:00[America/New_York],Yes,2021-02-07,60481,Sunday
1805,B,24,2021-02-07T16:48:38-05:00[America/New_York],2021-02-07T16:49:02-05:00[America/New_York],NA,2021-02-07,60518,Sunday
1805,<A>,34,2021-02-07T16:49:02-05:00[America/New_York],2021-02-07T16:49:36-05:00[America/New_York],Yes,2021-02-07,60542,Sunday
1805,B,15,2021-02-07T16:49:36-05:00[America/New_York],2021-02-07T16:49:51-05:00[America/New_York],Yes,2021-02-07,60576,Sunday
1805,<A>,41,2021-02-07T16:49:51-05:00[America/New_York],2021-02-07T16:50:32-05:00[America/New_York],Yes,2021-02-07,60591,Sunday
1805,B,16,2021-02-07T16:50:32-05:00[America/New_York],2021-02-07T16:50:48-05:00[America/New_York],Yes,2021-02-07,60632,Sunday
1805,<A>,34,2021-02-07T16:50:48-05:00[America/New_York],2021-02-07T16:51:22-05:00[America/New_York],Yes,2021-02-07,60648,Sunday
1805,B,14,2021-02-07T16:51:22-05:00[America/New_York],2021-02-07T16:51:36-05:00[America/New_York],Yes,2021-02-07,60682,Sunday
1805,<A>,72,2021-02-07T16:51:36-05:00[America/New_York],2021-02-07T16:52:48-05:00[America/New_York],Yes,2021-02-07,60696,Sunday
1805,B,24,2021-02-07T16:52:48-05:00[America/New_York],2021-02-07T16:53:12-05:00[America/New_York],NA,2021-02-07,60768,Sunday
1805,<A>,36,2021-02-07T16:53:12-05:00[America/New_York],2021-02-07T16:53:48-05:00[America/New_York],Yes,2021-02-07,60792,Sunday
1805,B,18,2021-02-07T16:53:48-05:00[America/New_York],2021-02-07T16:54:06-05:00[America/New_York],Yes,2021-02-07,60828,Sunday
1805,<A>,35,2021-02-07T16:54:06-05:00[America/New_York],2021-02-07T16:54:41-05:00[America/New_York],Yes,2021-02-07,60846,Sunday
1805,B,25,2021-02-07T16:54:41-05:00[America/New_York],2021-02-07T16:55:06-05:00[America/New_York],NA,2021-02-07,60881,Sunday
1805,<A>,59,2021-02-07T16:55:06-05:00[America/New_York],2021-02-07T16:56:05-05:00[America/New_York],Yes,2021-02-07,60906,Sunday
1805,B,14,2021-02-07T16:56:05-05:00[America/New_York],2021-02-07T16:56:19-05:00[America/New_York],Yes,2021-02-07,60965,Sunday
1805,<A>,36,2021-02-07T16:56:19-05:00[America/New_York],2021-02-07T16:56:55-05:00[America/New_York],Yes,2021-02-07,60979,Sunday
1805,B,15,2021-02-07T16:56:55-05:00[America/New_York],2021-02-07T16:57:10-05:00[America/New_York],Yes,2021-02-07,61015,Sunday
1805,<A>,38,2021-02-07T16:57:10-05:00[America/New_York],2021-02-07T16:57:48-05:00[America/New_York],Yes,2021-02-07,61030,Sunday
1805,B,23,2021-02-07T16:57:48-05:00[America/New_York],2021-02-07T16:58:11-05:00[America/New_York],Yes,2021-02-07,61068,Sunday
1805,<A>,36,2021-02-07T16:58:11-05:00[America/New_York],2021-02-07T16:58:47-05:00[America/New_York],Yes,2021-02-07,61091,Sunday
1805,B,14,2021-02-07T16:58:47-05:00[America/New_York],2021-02-07T16:59:01-05:00[America/New_York],Yes,2021-02-07,61127,Sunday
1805,<A>,37,2021-02-07T16:59:01-05:00[America/New_York],2021-02-07T16:59:38-05:00[America/New_York],Yes,2021-02-07,61141,Sunday
1805,B,19,2021-02-07T16:59:38-05:00[America/New_York],2021-02-07T16:59:57-05:00[America/New_York],Yes,2021-02-07,61178,Sunday
1805,<A>,76,2021-02-07T16:59:57-05:00[America/New_York],2021-02-07T17:01:13-05:00[America/New_York],NA,2021-02-07,61197,Sunday
1805,B,14,2021-02-07T17:01:13-05:00[America/New_York],2021-02-07T17:01:27-05:00[America/New_York],Yes,2021-02-07,61273,Sunday
1805,<A>,89,2021-02-07T17:01:27-05:00[America/New_York],2021-02-07T17:02:56-05:00[America/New_York],NA,2021-02-07,61287,Sunday
1805,B,14,2021-02-07T17:02:56-05:00[America/New_York],2021-02-07T17:03:10-05:00[America/New_York],Yes,2021-02-07,61376,Sunday
1805,<A>,96,2021-02-07T17:03:10-05:00[America/New_York],2021-02-07T17:04:46-05:00[America/New_York],NA,2021-02-07,61390,Sunday
1805,B,21,2021-02-07T17:04:46-05:00[America/New_York],2021-02-07T17:05:07-05:00[America/New_York],Yes,2021-02-07,61486,Sunday
1805,<A>,120,2021-02-07T17:05:07-05:00[America/New_York],2021-02-07T17:07:07-05:00[America/New_York],NA,2021-02-07,61507,Sunday
1805,B,15,2021-02-07T17:07:07-05:00[America/New_York],2021-02-07T17:07:22-05:00[America/New_York],Yes,2021-02-07,61627,Sunday
1805,<A>,116,2021-02-07T17:07:22-05:00[America/New_York],2021-02-07T17:09:18-05:00[America/New_York],NA,2021-02-07,61642,Sunday
1805,B,18,2021-02-07T17:09:18-05:00[America/New_York],2021-02-07T17:09:36-05:00[America/New_York],Yes,2021-02-07,61758,Sunday
1805,<A>,97,2021-02-07T17:09:36-05:00[America/New_York],2021-02-07T17:11:13-05:00[America/New_York],NA,2021-02-07,61776,Sunday
1805,B,21,2021-02-07T17:11:13-05:00[America/New_York],2021-02-07T17:11:34-05:00[America/New_York],Yes,2021-02-07,61873,Sunday
1805,<A>,80,2021-02-07T17:11:34-05:00[America/New_York],2021-02-07T17:12:54-05:00[America/New_York],NA,2021-02-07,61894,Sunday
1805,B,18,2021-02-07T17:12:54-05:00[America/New_York],2021-02-07T17:13:12-05:00[America/New_York],Yes,2021-02-07,61974,Sunday
1805,<A>,92,2021-02-07T17:13:12-05:00[America/New_York],2021-02-07T17:14:44-05:00[America/New_York],NA,2021-02-07,61992,Sunday
1805,B,25,2021-02-07T17:14:44-05:00[America/New_York],2021-02-07T17:15:09-05:00[America/New_York],Yes,2021-02-07,62084,Sunday
1805,<A>,86,2021-02-07T17:15:09-05:00[America/New_York],2021-02-07T17:16:35-05:00[America/New_York],NA,2021-02-07,62109,Sunday
1805,B,14,2021-02-07T17:16:35-05:00[America/New_York],2021-02-07T17:16:49-05:00[America/New_York],Yes,2021-02-07,62195,Sunday
1805,<A>,102,2021-02-07T17:16:49-05:00[America/New_York],2021-02-07T17:18:31-05:00[America/New_York],NA,2021-02-07,62209,Sunday
1805,B,29,2021-02-07T17:18:31-05:00[America/New_York],2021-02-07T17:19:00-05:00[America/New_York],NA,2021-02-07,62311,Sunday
1805,<A>,94,2021-02-07T17:19:00-05:00[America/New_York],2021-02-07T17:20:34-05:00[America/New_York],NA,2021-02-07,62340,Sunday
1805,B,17,2021-02-07T17:20:34-05:00[America/New_York],2021-02-07T17:20:51-05:00[America/New_York],Yes,2021-02-07,62434,Sunday
1805,<A>,108,2021-02-07T17:20:51-05:00[America/New_York],2021-02-07T17:22:39-05:00[America/New_York],NA,2021-02-07,62451,Sunday
1805,B,19,2021-02-07T17:22:39-05:00[America/New_York],2021-02-07T17:22:58-05:00[America/New_York],Yes,2021-02-07,62559,Sunday
1805,<A>,116,2021-02-07T17:22:58-05:00[America/New_York],2021-02-07T17:24:54-05:00[America/New_York],NA,2021-02-07,62578,Sunday
1805,B,15,2021-02-07T17:24:54-05:00[America/New_York],2021-02-07T17:25:09-05:00[America/New_York],Yes,2021-02-07,62694,Sunday
1805,<A>,112,2021-02-07T17:25:09-05:00[America/New_York],2021-02-07T17:27:01-05:00[America/New_York],NA,2021-02-07,62709,Sunday
1805,B,14,2021-02-07T17:27:01-05:00[America/New_York],2021-02-07T17:27:15-05:00[America/New_York],Yes,2021-02-07,62821,Sunday
1805,<A>,92,2021-02-07T17:27:15-05:00[America/New_York],2021-02-07T17:28:47-05:00[America/New_York],NA,2021-02-07,62835,Sunday
1805,B,14,2021-02-07T17:28:47-05:00[America/New_York],2021-02-07T17:29:01-05:00[America/New_York],Yes,2021-02-07,62927,Sunday
1805,<A>,97,2021-02-07T17:29:01-05:00[America/New_York],2021-02-07T17:30:38-05:00[America/New_York],NA,2021-02-07,62941,Sunday
1805,B,26,2021-02-07T17:30:38-05:00[America/New_York],2021-02-07T17:31:04-05:00[America/New_York],Yes,2021-02-07,63038,Sunday
1805,<A>,84,2021-02-07T17:31:04-05:00[America/New_York],2021-02-07T17:32:28-05:00[America/New_York],NA,2021-02-07,63064,Sunday
1805,B,23,2021-02-07T17:32:28-05:00[America/New_York],2021-02-07T17:32:51-05:00[America/New_York],Yes,2021-02-07,63148,Sunday
1805,<A>,89,2021-02-07T17:32:51-05:00[America/New_York],2021-02-07T17:34:20-05:00[America/New_York],NA,2021-02-07,63171,Sunday
1805,B,17,2021-02-07T17:34:20-05:00[America/New_York],2021-02-07T17:34:37-05:00[America/New_York],Yes,2021-02-07,63260,Sunday
1805,<A>,92,2021-02-07T17:34:37-05:00[America/New_York],2021-02-07T17:36:09-05:00[America/New_York],NA,2021-02-07,63277,Sunday
1805,B,19,2021-02-07T17:36:09-05:00[America/New_York],2021-02-07T17:36:28-05:00[America/New_York],Yes,2021-02-07,63369,Sunday
1805,<A>,86,2021-02-07T17:36:28-05:00[America/New_York],2021-02-07T17:37:54-05:00[America/New_York],NA,2021-02-07,63388,Sunday
1805,B,15,2021-02-07T17:37:54-05:00[America/New_York],2021-02-07T17:38:09-05:00[America/New_York],Yes,2021-02-07,63474,Sunday
1805,<A>,93,2021-02-07T17:38:09-05:00[America/New_York],2021-02-07T17:39:42-05:00[America/New_York],NA,2021-02-07,63489,Sunday
1805,B,22,2021-02-07T17:39:42-05:00[America/New_York],2021-02-07T17:40:04-05:00[America/New_York],Yes,2021-02-07,63582,Sunday
1805,<A>,76,2021-02-07T17:40:04-05:00[America/New_York],2021-02-07T17:41:20-05:00[America/New_York],NA,2021-02-07,63604,Sunday
1805,B,19,2021-02-07T17:41:20-05:00[America/New_York],2021-02-07T17:41:39-05:00[America/New_York],Yes,2021-02-07,63680,Sunday
1805,<A>,191,2021-02-07T17:41:39-05:00[America/New_York],2021-02-07T17:44:50-05:00[America/New_York],NA,2021-02-07,63699,Sunday
1805,B,26,2021-02-07T17:44:50-05:00[America/New_York],2021-02-07T17:45:16-05:00[America/New_York],Yes,2021-02-07,63890,Sunday
1805,<A>,85,2021-02-07T17:45:16-05:00[America/New_York],2021-02-07T17:46:41-05:00[America/New_York],NA,2021-02-07,63916,Sunday
1805,B,19,2021-02-07T17:46:41-05:00[America/New_York],2021-02-07T17:47:00-05:00[America/New_York],Yes,2021-02-07,64001,Sunday
1805,<A>,89,2021-02-07T17:47:00-05:00[America/New_York],2021-02-07T17:48:29-05:00[America/New_York],NA,2021-02-07,64020,Sunday
1805,B,16,2021-02-07T17:48:29-05:00[America/New_York],2021-02-07T17:48:45-05:00[America/New_York],Yes,2021-02-07,64109,Sunday
1805,<A>,90,2021-02-07T17:48:45-05:00[America/New_York],2021-02-07T17:50:15-05:00[America/New_York],NA,2021-02-07,64125,Sunday
1805,B,15,2021-02-07T17:50:15-05:00[America/New_York],2021-02-07T17:50:30-05:00[America/New_York],Yes,2021-02-07,64215,Sunday
1805,<A>,92,2021-02-07T17:50:30-05:00[America/New_York],2021-02-07T17:52:02-05:00[America/New_York],NA,2021-02-07,64230,Sunday
1805,B,21,2021-02-07T17:52:02-05:00[America/New_York],2021-02-07T17:52:23-05:00[America/New_York],Yes,2021-02-07,64322,Sunday
1805,<A>,85,2021-02-07T17:52:23-05:00[America/New_York],2021-02-07T17:53:48-05:00[America/New_York],NA,2021-02-07,64343,Sunday
1805,B,14,2021-02-07T17:53:48-05:00[America/New_York],2021-02-07T17:54:02-05:00[America/New_York],Yes,2021-02-07,64428,Sunday
1805,<A>,65,2021-02-07T17:54:02-05:00[America/New_York],2021-02-07T17:55:07-05:00[America/New_York],Yes,2021-02-07,64442,Sunday
1805,B,18,2021-02-07T17:55:07-05:00[America/New_York],2021-02-07T17:55:25-05:00[America/New_York],Yes,2021-02-07,64507,Sunday
1805,<A>,37,2021-02-07T17:55:25-05:00[America/New_York],2021-02-07T17:56:02-05:00[America/New_York],Yes,2021-02-07,64525,Sunday
1805,B,20,2021-02-07T17:56:02-05:00[America/New_York],2021-02-07T17:56:22-05:00[America/New_York],Yes,2021-02-07,64562,Sunday
1805,<A>,52,2021-02-07T17:56:22-05:00[America/New_York],2021-02-07T17:57:14-05:00[America/New_York],Yes,2021-02-07,64582,Sunday
1805,B,14,2021-02-07T17:57:14-05:00[America/New_York],2021-02-07T17:57:28-05:00[America/New_York],Yes,2021-02-07,64634,Sunday
1805,<A>,48,2021-02-07T17:57:28-05:00[America/New_York],2021-02-07T17:58:16-05:00[America/New_York],Yes,2021-02-07,64648,Sunday
1805,B,14,2021-02-07T17:58:16-05:00[America/New_York],2021-02-07T17:58:30-05:00[America/New_York],Yes,2021-02-07,64696,Sunday
1805,<A>,64,2021-02-07T17:58:30-05:00[America/New_York],2021-02-07T17:59:34-05:00[America/New_York],Yes,2021-02-07,64710,Sunday
1805,B,14,2021-02-07T17:59:34-05:00[America/New_York],2021-02-07T17:59:48-05:00[America/New_York],Yes,2021-02-07,64774,Sunday
1805,<A>,41,2021-02-07T17:59:48-05:00[America/New_York],2021-02-07T18:00:29-05:00[America/New_York],Yes,2021-02-07,64788,Sunday
1805,B,16,2021-02-07T18:00:29-05:00[America/New_York],2021-02-07T18:00:45-05:00[America/New_York],Yes,2021-02-07,64829,Sunday
1805,<A>,34,2021-02-07T18:00:45-05:00[America/New_York],2021-02-07T18:01:19-05:00[America/New_York],Yes,2021-02-07,64845,Sunday
1805,B,16,2021-02-07T18:01:19-05:00[America/New_York],2021-02-07T18:01:35-05:00[America/New_York],Yes,2021-02-07,64879,Sunday
1805,<A>,34,2021-02-07T18:01:35-05:00[America/New_York],2021-02-07T18:02:09-05:00[America/New_York],Yes,2021-02-07,64895,Sunday
1805,B,15,2021-02-07T18:02:09-05:00[America/New_York],2021-02-07T18:02:24-05:00[America/New_York],Yes,2021-02-07,64929,Sunday
1805,<A>,35,2021-02-07T18:02:24-05:00[America/New_York],2021-02-07T18:02:59-05:00[America/New_York],Yes,2021-02-07,64944,Sunday
1805,B,16,2021-02-07T18:02:59-05:00[America/New_York],2021-02-07T18:03:15-05:00[America/New_York],Yes,2021-02-07,64979,Sunday
1805,<A>,35,2021-02-07T18:03:15-05:00[America/New_York],2021-02-07T18:03:50-05:00[America/New_York],Yes,2021-02-07,64995,Sunday
1805,B,17,2021-02-07T18:03:50-05:00[America/New_York],2021-02-07T18:04:07-05:00[America/New_York],Yes,2021-02-07,65030,Sunday
1805,<A>,45,2021-02-07T18:04:07-05:00[America/New_York],2021-02-07T18:04:52-05:00[America/New_York],Yes,2021-02-07,65047,Sunday
1805,B,22,2021-02-07T18:04:52-05:00[America/New_York],2021-02-07T18:05:14-05:00[America/New_York],Yes,2021-02-07,65092,Sunday
1805,<A>,36,2021-02-07T18:05:14-05:00[America/New_York],2021-02-07T18:05:50-05:00[America/New_York],Yes,2021-02-07,65114,Sunday
1805,B,16,2021-02-07T18:05:50-05:00[America/New_York],2021-02-07T18:06:06-05:00[America/New_York],Yes,2021-02-07,65150,Sunday
1805,<A>,40,2021-02-07T18:06:06-05:00[America/New_York],2021-02-07T18:06:46-05:00[America/New_York],Yes,2021-02-07,65166,Sunday
1805,B,17,2021-02-07T18:06:46-05:00[America/New_York],2021-02-07T18:07:03-05:00[America/New_York],Yes,2021-02-07,65206,Sunday
1805,<A>,44,2021-02-07T18:07:03-05:00[America/New_York],2021-02-07T18:07:47-05:00[America/New_York],Yes,2021-02-07,65223,Sunday
1805,B,23,2021-02-07T18:07:47-05:00[America/New_York],2021-02-07T18:08:10-05:00[America/New_York],Yes,2021-02-07,65267,Sunday
1805,<A>,36,2021-02-07T18:08:10-05:00[America/New_York],2021-02-07T18:08:46-05:00[America/New_York],Yes,2021-02-07,65290,Sunday
1805,B,17,2021-02-07T18:08:46-05:00[America/New_York],2021-02-07T18:09:03-05:00[America/New_York],Yes,2021-02-07,65326,Sunday
1805,<A>,36,2021-02-07T18:09:03-05:00[America/New_York],2021-02-07T18:09:39-05:00[America/New_York],Yes,2021-02-07,65343,Sunday
1805,B,16,2021-02-07T18:09:39-05:00[America/New_York],2021-02-07T18:09:55-05:00[America/New_York],Yes,2021-02-07,65379,Sunday
1805,<A>,56,2021-02-07T18:09:55-05:00[America/New_York],2021-02-07T18:10:51-05:00[America/New_York],Yes,2021-02-07,65395,Sunday
1805,B,18,2021-02-07T18:10:51-05:00[America/New_York],2021-02-07T18:11:09-05:00[America/New_York],Yes,2021-02-07,65451,Sunday
1805,<A>,37,2021-02-07T18:11:09-05:00[America/New_York],2021-02-07T18:11:46-05:00[America/New_York],Yes,2021-02-07,65469,Sunday
1805,B,21,2021-02-07T18:11:46-05:00[America/New_York],2021-02-07T18:12:07-05:00[America/New_York],Yes,2021-02-07,65506,Sunday
1805,<A>,34,2021-02-07T18:12:07-05:00[America/New_York],2021-02-07T18:12:41-05:00[America/New_York],Yes,2021-02-07,65527,Sunday
1805,B,16,2021-02-07T18:12:41-05:00[America/New_York],2021-02-07T18:12:57-05:00[America/New_York],Yes,2021-02-07,65561,Sunday
1805,<A>,63,2021-02-07T18:12:57-05:00[America/New_York],2021-02-07T18:14:00-05:00[America/New_York],Yes,2021-02-07,65577,Sunday
1805,B,17,2021-02-07T18:14:00-05:00[America/New_York],2021-02-07T18:14:17-05:00[America/New_York],Yes,2021-02-07,65640,Sunday
1805,<A>,44,2021-02-07T18:14:17-05:00[America/New_York],2021-02-07T18:15:01-05:00[America/New_York],Yes,2021-02-07,65657,Sunday
1805,B,14,2021-02-07T18:15:01-05:00[America/New_York],2021-02-07T18:15:15-05:00[America/New_York],Yes,2021-02-07,65701,Sunday
1805,<A>,38,2021-02-07T18:15:15-05:00[America/New_York],2021-02-07T18:15:53-05:00[America/New_York],Yes,2021-02-07,65715,Sunday
1805,B,16,2021-02-07T18:15:53-05:00[America/New_York],2021-02-07T18:16:09-05:00[America/New_York],Yes,2021-02-07,65753,Sunday
1805,<A>,34,2021-02-07T18:16:09-05:00[America/New_York],2021-02-07T18:16:43-05:00[America/New_York],Yes,2021-02-07,65769,Sunday
1805,B,15,2021-02-07T18:16:43-05:00[America/New_York],2021-02-07T18:16:58-05:00[America/New_York],Yes,2021-02-07,65803,Sunday
1805,<A>,35,2021-02-07T18:16:58-05:00[America/New_York],2021-02-07T18:17:33-05:00[America/New_York],Yes,2021-02-07,65818,Sunday
1805,B,17,2021-02-07T18:17:33-05:00[America/New_York],2021-02-07T18:17:50-05:00[America/New_York],Yes,2021-02-07,65853,Sunday
1805,<A>,57,2021-02-07T18:17:50-05:00[America/New_York],2021-02-07T18:18:47-05:00[America/New_York],Yes,2021-02-07,65870,Sunday
1805,B,18,2021-02-07T18:18:47-05:00[America/New_York],2021-02-07T18:19:05-05:00[America/New_York],Yes,2021-02-07,65927,Sunday
1805,<A>,79,2021-02-07T18:19:05-05:00[America/New_York],2021-02-07T18:20:24-05:00[America/New_York],Yes,2021-02-07,65945,Sunday
1805,B,18,2021-02-07T18:20:24-05:00[America/New_York],2021-02-07T18:20:42-05:00[America/New_York],Yes,2021-02-07,66024,Sunday
1805,<A>,36,2021-02-07T18:20:42-05:00[America/New_York],2021-02-07T18:21:18-05:00[America/New_York],Yes,2021-02-07,66042,Sunday
1805,B,15,2021-02-07T18:21:18-05:00[America/New_York],2021-02-07T18:21:33-05:00[America/New_York],Yes,2021-02-07,66078,Sunday
1805,<A>,74,2021-02-07T18:21:33-05:00[America/New_York],2021-02-07T18:22:47-05:00[America/New_York],NA,2021-02-07,66093,Sunday
1805,B,19,2021-02-07T18:22:47-05:00[America/New_York],2021-02-07T18:23:06-05:00[America/New_York],Yes,2021-02-07,66167,Sunday
1805,<A>,57,2021-02-07T18:23:06-05:00[America/New_York],2021-02-07T18:24:03-05:00[America/New_York],Yes,2021-02-07,66186,Sunday
1805,B,19,2021-02-07T18:24:03-05:00[America/New_York],2021-02-07T18:24:22-05:00[America/New_York],Yes,2021-02-07,66243,Sunday
1805,<A>,35,2021-02-07T18:24:22-05:00[America/New_York],2021-02-07T18:24:57-05:00[America/New_York],Yes,2021-02-07,66262,Sunday
1805,B,15,2021-02-07T18:24:57-05:00[America/New_York],2021-02-07T18:25:12-05:00[America/New_York],Yes,2021-02-07,66297,Sunday
1805,<A>,35,2021-02-07T18:25:12-05:00[America/New_York],2021-02-07T18:25:47-05:00[America/New_York],Yes,2021-02-07,66312,Sunday
1805,B,16,2021-02-07T18:25:47-05:00[America/New_York],2021-02-07T18:26:03-05:00[America/New_York],Yes,2021-02-07,66347,Sunday
1805,<A>,35,2021-02-07T18:26:03-05:00[America/New_York],2021-02-07T18:26:38-05:00[America/New_York],Yes,2021-02-07,66363,Sunday
1805,B,16,2021-02-07T18:26:38-05:00[America/New_York],2021-02-07T18:26:54-05:00[America/New_York],Yes,2021-02-07,66398,Sunday
1805,<A>,38,2021-02-07T18:26:54-05:00[America/New_York],2021-02-07T18:27:32-05:00[America/New_York],Yes,2021-02-07,66414,Sunday
1805,B,16,2021-02-07T18:27:32-05:00[America/New_York],2021-02-07T18:27:48-05:00[America/New_York],Yes,2021-02-07,66452,Sunday
1805,<A>,38,2021-02-07T18:27:48-05:00[America/New_York],2021-02-07T18:28:26-05:00[America/New_York],Yes,2021-02-07,66468,Sunday
1805,B,14,2021-02-07T18:28:26-05:00[America/New_York],2021-02-07T18:28:40-05:00[America/New_York],Yes,2021-02-07,66506,Sunday
1805,<A>,41,2021-02-07T18:28:40-05:00[America/New_York],2021-02-07T18:29:21-05:00[America/New_York],Yes,2021-02-07,66520,Sunday
1805,B,17,2021-02-07T18:29:21-05:00[America/New_York],2021-02-07T18:29:38-05:00[America/New_York],Yes,2021-02-07,66561,Sunday
1805,<A>,34,2021-02-07T18:29:38-05:00[America/New_York],2021-02-07T18:30:12-05:00[America/New_York],Yes,2021-02-07,66578,Sunday
1805,B,18,2021-02-07T18:30:12-05:00[America/New_York],2021-02-07T18:30:30-05:00[America/New_York],Yes,2021-02-07,66612,Sunday
1805,<A>,51,2021-02-07T18:30:30-05:00[America/New_York],2021-02-07T18:31:21-05:00[America/New_York],Yes,2021-02-07,66630,Sunday
1805,B,16,2021-02-07T18:31:21-05:00[America/New_York],2021-02-07T18:31:37-05:00[America/New_York],Yes,2021-02-07,66681,Sunday
1805,<A>,42,2021-02-07T18:31:37-05:00[America/New_York],2021-02-07T18:32:19-05:00[America/New_York],Yes,2021-02-07,66697,Sunday
1805,B,18,2021-02-07T18:32:19-05:00[America/New_York],2021-02-07T18:32:37-05:00[America/New_York],Yes,2021-02-07,66739,Sunday
1805,<A>,40,2021-02-07T18:32:37-05:00[America/New_York],2021-02-07T18:33:17-05:00[America/New_York],Yes,2021-02-07,66757,Sunday
1805,B,18,2021-02-07T18:33:17-05:00[America/New_York],2021-02-07T18:33:35-05:00[America/New_York],Yes,2021-02-07,66797,Sunday
1805,<A>,38,2021-02-07T18:33:35-05:00[America/New_York],2021-02-07T18:34:13-05:00[America/New_York],Yes,2021-02-07,66815,Sunday
1805,B,14,2021-02-07T18:34:13-05:00[America/New_York],2021-02-07T18:34:27-05:00[America/New_York],Yes,2021-02-07,66853,Sunday
1805,<A>,35,2021-02-07T18:34:27-05:00[America/New_York],2021-02-07T18:35:02-05:00[America/New_York],Yes,2021-02-07,66867,Sunday
1805,B,15,2021-02-07T18:35:02-05:00[America/New_York],2021-02-07T18:35:17-05:00[America/New_York],Yes,2021-02-07,66902,Sunday
1805,<A>,39,2021-02-07T18:35:17-05:00[America/New_York],2021-02-07T18:35:56-05:00[America/New_York],Yes,2021-02-07,66917,Sunday
1805,B,20,2021-02-07T18:35:56-05:00[America/New_York],2021-02-07T18:36:16-05:00[America/New_York],Yes,2021-02-07,66956,Sunday
1805,<A>,37,2021-02-07T18:36:16-05:00[America/New_York],2021-02-07T18:36:53-05:00[America/New_York],Yes,2021-02-07,66976,Sunday
1805,B,15,2021-02-07T18:36:53-05:00[America/New_York],2021-02-07T18:37:08-05:00[America/New_York],Yes,2021-02-07,67013,Sunday
1805,<A>,43,2021-02-07T18:37:08-05:00[America/New_York],2021-02-07T18:37:51-05:00[America/New_York],Yes,2021-02-07,67028,Sunday
1805,B,18,2021-02-07T18:37:51-05:00[America/New_York],2021-02-07T18:38:09-05:00[America/New_York],Yes,2021-02-07,67071,Sunday
1805,<A>,38,2021-02-07T18:38:09-05:00[America/New_York],2021-02-07T18:38:47-05:00[America/New_York],Yes,2021-02-07,67089,Sunday
1805,B,20,2021-02-07T18:38:47-05:00[America/New_York],2021-02-07T18:39:07-05:00[America/New_York],Yes,2021-02-07,67127,Sunday
1805,<A>,39,2021-02-07T18:39:07-05:00[America/New_York],2021-02-07T18:39:46-05:00[America/New_York],Yes,2021-02-07,67147,Sunday
1805,B,14,2021-02-07T18:39:46-05:00[America/New_York],2021-02-07T18:40:00-05:00[America/New_York],Yes,2021-02-07,67186,Sunday
1805,<A>,35,2021-02-07T18:40:00-05:00[America/New_York],2021-02-07T18:40:35-05:00[America/New_York],Yes,2021-02-07,67200,Sunday
1805,B,18,2021-02-07T18:40:35-05:00[America/New_York],2021-02-07T18:40:53-05:00[America/New_York],Yes,2021-02-07,67235,Sunday
1805,<A>,34,2021-02-07T18:40:53-05:00[America/New_York],2021-02-07T18:41:27-05:00[America/New_York],Yes,2021-02-07,67253,Sunday
1805,B,19,2021-02-07T18:41:27-05:00[America/New_York],2021-02-07T18:41:46-05:00[America/New_York],Yes,2021-02-07,67287,Sunday
1805,<A>,37,2021-02-07T18:41:46-05:00[America/New_York],2021-02-07T18:42:23-05:00[America/New_York],Yes,2021-02-07,67306,Sunday
1805,B,16,2021-02-07T18:42:23-05:00[America/New_York],2021-02-07T18:42:39-05:00[America/New_York],Yes,2021-02-07,67343,Sunday
1805,<A>,36,2021-02-07T18:42:39-05:00[America/New_York],2021-02-07T18:43:15-05:00[America/New_York],Yes,2021-02-07,67359,Sunday
1805,B,15,2021-02-07T18:43:15-05:00[America/New_York],2021-02-07T18:43:30-05:00[America/New_York],Yes,2021-02-07,67395,Sunday
1805,<A>,35,2021-02-07T18:43:30-05:00[America/New_York],2021-02-07T18:44:05-05:00[America/New_York],Yes,2021-02-07,67410,Sunday
1805,B,16,2021-02-07T18:44:05-05:00[America/New_York],2021-02-07T18:44:21-05:00[America/New_York],Yes,2021-02-07,67445,Sunday
1805,<A>,42,2021-02-07T18:44:21-05:00[America/New_York],2021-02-07T18:45:03-05:00[America/New_York],Yes,2021-02-07,67461,Sunday
1805,B,22,2021-02-07T18:45:03-05:00[America/New_York],2021-02-07T18:45:25-05:00[America/New_York],Yes,2021-02-07,67503,Sunday
1805,<A>,148,2021-02-07T18:45:25-05:00[America/New_York],2021-02-07T18:47:53-05:00[America/New_York],Yes,2021-02-07,67525,Sunday
1805,B,14,2021-02-07T18:47:53-05:00[America/New_York],2021-02-07T18:48:07-05:00[America/New_York],Yes,2021-02-07,67673,Sunday
1805,<A>,34,2021-02-07T18:48:07-05:00[America/New_York],2021-02-07T18:48:41-05:00[America/New_York],Yes,2021-02-07,67687,Sunday
1805,B,15,2021-02-07T18:48:41-05:00[America/New_York],2021-02-07T18:48:56-05:00[America/New_York],Yes,2021-02-07,67721,Sunday
1805,<A>,38,2021-02-07T18:48:56-05:00[America/New_York],2021-02-07T18:49:34-05:00[America/New_York],Yes,2021-02-07,67736,Sunday
1805,B,20,2021-02-07T18:49:34-05:00[America/New_York],2021-02-07T18:49:54-05:00[America/New_York],Yes,2021-02-07,67774,Sunday
1805,<A>,73,2021-02-07T18:49:54-05:00[America/New_York],2021-02-07T18:51:07-05:00[America/New_York],NA,2021-02-07,67794,Sunday
1805,B,15,2021-02-07T18:51:07-05:00[America/New_York],2021-02-07T18:51:22-05:00[America/New_York],Yes,2021-02-07,67867,Sunday
1805,<A>,34,2021-02-07T18:51:22-05:00[America/New_York],2021-02-07T18:51:56-05:00[America/New_York],Yes,2021-02-07,67882,Sunday
1805,B,16,2021-02-07T18:51:56-05:00[America/New_York],2021-02-07T18:52:12-05:00[America/New_York],Yes,2021-02-07,67916,Sunday
1805,<A>,37,2021-02-07T18:52:12-05:00[America/New_York],2021-02-07T18:52:49-05:00[America/New_York],Yes,2021-02-07,67932,Sunday
1805,B,14,2021-02-07T18:52:49-05:00[America/New_York],2021-02-07T18:53:03-05:00[America/New_York],Yes,2021-02-07,67969,Sunday
1805,<A>,36,2021-02-07T18:53:03-05:00[America/New_York],2021-02-07T18:53:39-05:00[America/New_York],Yes,2021-02-07,67983,Sunday
1805,B,19,2021-02-07T18:53:39-05:00[America/New_York],2021-02-07T18:53:58-05:00[America/New_York],Yes,2021-02-07,68019,Sunday
1805,<A>,37,2021-02-07T18:53:58-05:00[America/New_York],2021-02-07T18:54:35-05:00[America/New_York],Yes,2021-02-07,68038,Sunday
1805,B,14,2021-02-07T18:54:35-05:00[America/New_York],2021-02-07T18:54:49-05:00[America/New_York],Yes,2021-02-07,68075,Sunday
1805,<A>,35,2021-02-07T18:54:49-05:00[America/New_York],2021-02-07T18:55:24-05:00[America/New_York],Yes,2021-02-07,68089,Sunday
1805,B,17,2021-02-07T18:55:24-05:00[America/New_York],2021-02-07T18:55:41-05:00[America/New_York],Yes,2021-02-07,68124,Sunday
1805,<A>,73,2021-02-07T18:55:41-05:00[America/New_York],2021-02-07T18:56:54-05:00[America/New_York],Yes,2021-02-07,68141,Sunday
1805,B,14,2021-02-07T18:56:54-05:00[America/New_York],2021-02-07T18:57:08-05:00[America/New_York],Yes,2021-02-07,68214,Sunday
1805,<A>,35,2021-02-07T18:57:08-05:00[America/New_York],2021-02-07T18:57:43-05:00[America/New_York],Yes,2021-02-07,68228,Sunday
1805,B,15,2021-02-07T18:57:43-05:00[America/New_York],2021-02-07T18:57:58-05:00[America/New_York],Yes,2021-02-07,68263,Sunday
1805,<A>,40,2021-02-07T18:57:58-05:00[America/New_York],2021-02-07T18:58:38-05:00[America/New_York],Yes,2021-02-07,68278,Sunday
1805,B,14,2021-02-07T18:58:38-05:00[America/New_York],2021-02-07T18:58:52-05:00[America/New_York],Yes,2021-02-07,68318,Sunday
1805,<A>,35,2021-02-07T18:58:52-05:00[America/New_York],2021-02-07T18:59:27-05:00[America/New_York],Yes,2021-02-07,68332,Sunday
1805,B,18,2021-02-07T18:59:27-05:00[America/New_York],2021-02-07T18:59:45-05:00[America/New_York],Yes,2021-02-07,68367,Sunday
1805,<A>,34,2021-02-07T18:59:45-05:00[America/New_York],2021-02-07T19:00:19-05:00[America/New_York],Yes,2021-02-07,68385,Sunday
1805,B,14,2021-02-07T19:00:19-05:00[America/New_York],2021-02-07T19:00:33-05:00[America/New_York],Yes,2021-02-07,68419,Sunday
1805,<A>,113,2021-02-07T19:00:33-05:00[America/New_York],2021-02-07T19:02:26-05:00[America/New_York],Yes,2021-02-07,68433,Sunday
1805,B,16,2021-02-07T19:02:26-05:00[America/New_York],2021-02-07T19:02:42-05:00[America/New_York],Yes,2021-02-07,68546,Sunday
1805,<A>,34,2021-02-07T19:02:42-05:00[America/New_York],2021-02-07T19:03:16-05:00[America/New_York],Yes,2021-02-07,68562,Sunday
1805,B,14,2021-02-07T19:03:16-05:00[America/New_York],2021-02-07T19:03:30-05:00[America/New_York],Yes,2021-02-07,68596,Sunday
1805,<A>,71,2021-02-07T19:03:30-05:00[America/New_York],2021-02-07T19:04:41-05:00[America/New_York],Yes,2021-02-07,68610,Sunday
1805,B,14,2021-02-07T19:04:41-05:00[America/New_York],2021-02-07T19:04:55-05:00[America/New_York],Yes,2021-02-07,68681,Sunday
1805,<A>,43,2021-02-07T19:04:55-05:00[America/New_York],2021-02-07T19:05:38-05:00[America/New_York],Yes,2021-02-07,68695,Sunday
1805,B,15,2021-02-07T19:05:38-05:00[America/New_York],2021-02-07T19:05:53-05:00[America/New_York],Yes,2021-02-07,68738,Sunday
1805,<A>,118,2021-02-07T19:05:53-05:00[America/New_York],2021-02-07T19:07:51-05:00[America/New_York],Yes,2021-02-07,68753,Sunday
1805,B,15,2021-02-07T19:07:51-05:00[America/New_York],2021-02-07T19:08:06-05:00[America/New_York],Yes,2021-02-07,68871,Sunday
1805,<A>,35,2021-02-07T19:08:06-05:00[America/New_York],2021-02-07T19:08:41-05:00[America/New_York],Yes,2021-02-07,68886,Sunday
1805,B,22,2021-02-07T19:08:41-05:00[America/New_York],2021-02-07T19:09:03-05:00[America/New_York],Yes,2021-02-07,68921,Sunday
1805,<A>,36,2021-02-07T19:09:03-05:00[America/New_York],2021-02-07T19:09:39-05:00[America/New_York],Yes,2021-02-07,68943,Sunday
1805,B,16,2021-02-07T19:09:39-05:00[America/New_York],2021-02-07T19:09:55-05:00[America/New_York],Yes,2021-02-07,68979,Sunday
1805,<A>,35,2021-02-07T19:09:55-05:00[America/New_York],2021-02-07T19:10:30-05:00[America/New_York],Yes,2021-02-07,68995,Sunday
1805,B,22,2021-02-07T19:10:30-05:00[America/New_York],2021-02-07T19:10:52-05:00[America/New_York],Yes,2021-02-07,69030,Sunday
1805,<A>,127,2021-02-07T19:10:52-05:00[America/New_York],2021-02-07T19:12:59-05:00[America/New_York],Yes,2021-02-07,69052,Sunday
1805,B,15,2021-02-07T19:12:59-05:00[America/New_York],2021-02-07T19:13:14-05:00[America/New_York],Yes,2021-02-07,69179,Sunday
1805,<A>,165,2021-02-07T19:13:14-05:00[America/New_York],2021-02-07T19:15:59-05:00[America/New_York],Yes,2021-02-07,69194,Sunday
1805,B,14,2021-02-07T19:15:59-05:00[America/New_York],2021-02-07T19:16:13-05:00[America/New_York],Yes,2021-02-07,69359,Sunday
1805,<A>,34,2021-02-07T19:16:13-05:00[America/New_York],2021-02-07T19:16:47-05:00[America/New_York],Yes,2021-02-07,69373,Sunday
1805,B,15,2021-02-07T19:16:47-05:00[America/New_York],2021-02-07T19:17:02-05:00[America/New_York],Yes,2021-02-07,69407,Sunday
1805,<A>,37,2021-02-07T19:17:02-05:00[America/New_York],2021-02-07T19:17:39-05:00[America/New_York],Yes,2021-02-07,69422,Sunday
1805,B,14,2021-02-07T19:17:39-05:00[America/New_York],2021-02-07T19:17:53-05:00[America/New_York],Yes,2021-02-07,69459,Sunday
1805,<A>,66,2021-02-07T19:17:53-05:00[America/New_York],2021-02-07T19:18:59-05:00[America/New_York],Yes,2021-02-07,69473,Sunday
1805,B,23,2021-02-07T19:18:59-05:00[America/New_York],2021-02-07T19:19:22-05:00[America/New_York],Yes,2021-02-07,69539,Sunday
1805,<A>,68,2021-02-07T19:19:22-05:00[America/New_York],2021-02-07T19:20:30-05:00[America/New_York],Yes,2021-02-07,69562,Sunday
1805,B,21,2021-02-07T19:20:30-05:00[America/New_York],2021-02-07T19:20:51-05:00[America/New_York],Yes,2021-02-07,69630,Sunday
1805,<A>,35,2021-02-07T19:20:51-05:00[America/New_York],2021-02-07T19:21:26-05:00[America/New_York],Yes,2021-02-07,69651,Sunday
1805,B,19,2021-02-07T19:21:26-05:00[America/New_York],2021-02-07T19:21:45-05:00[America/New_York],Yes,2021-02-07,69686,Sunday
1805,<A>,35,2021-02-07T19:21:45-05:00[America/New_York],2021-02-07T19:22:20-05:00[America/New_York],Yes,2021-02-07,69705,Sunday
1805,B,14,2021-02-07T19:22:20-05:00[America/New_York],2021-02-07T19:22:34-05:00[America/New_York],Yes,2021-02-07,69740,Sunday
1805,<A>,37,2021-02-07T19:22:34-05:00[America/New_York],2021-02-07T19:23:11-05:00[America/New_York],Yes,2021-02-07,69754,Sunday
1805,B,20,2021-02-07T19:23:11-05:00[America/New_York],2021-02-07T19:23:31-05:00[America/New_York],Yes,2021-02-07,69791,Sunday
1805,<A>,46,2021-02-07T19:23:31-05:00[America/New_York],2021-02-07T19:24:17-05:00[America/New_York],Yes,2021-02-07,69811,Sunday
1805,B,15,2021-02-07T19:24:17-05:00[America/New_York],2021-02-07T19:24:32-05:00[America/New_York],Yes,2021-02-07,69857,Sunday
1805,<A>,34,2021-02-07T19:24:32-05:00[America/New_York],2021-02-07T19:25:06-05:00[America/New_York],Yes,2021-02-07,69872,Sunday
1805,B,15,2021-02-07T19:25:06-05:00[America/New_York],2021-02-07T19:25:21-05:00[America/New_York],Yes,2021-02-07,69906,Sunday
1805,<A>,45,2021-02-07T19:25:21-05:00[America/New_York],2021-02-07T19:26:06-05:00[America/New_York],Yes,2021-02-07,69921,Sunday
1805,B,21,2021-02-07T19:26:06-05:00[America/New_York],2021-02-07T19:26:27-05:00[America/New_York],Yes,2021-02-07,69966,Sunday
1805,<A>,35,2021-02-07T19:26:27-05:00[America/New_York],2021-02-07T19:27:02-05:00[America/New_York],Yes,2021-02-07,69987,Sunday
1805,B,17,2021-02-07T19:27:02-05:00[America/New_York],2021-02-07T19:27:19-05:00[America/New_York],Yes,2021-02-07,70022,Sunday
1805,<A>,34,2021-02-07T19:27:19-05:00[America/New_York],2021-02-07T19:27:53-05:00[America/New_York],Yes,2021-02-07,70039,Sunday
1805,B,19,2021-02-07T19:27:53-05:00[America/New_York],2021-02-07T19:28:12-05:00[America/New_York],Yes,2021-02-07,70073,Sunday
1805,<A>,38,2021-02-07T19:28:12-05:00[America/New_York],2021-02-07T19:28:50-05:00[America/New_York],Yes,2021-02-07,70092,Sunday
1805,B,15,2021-02-07T19:28:50-05:00[America/New_York],2021-02-07T19:29:05-05:00[America/New_York],Yes,2021-02-07,70130,Sunday
1805,<A>,35,2021-02-07T19:29:05-05:00[America/New_York],2021-02-07T19:29:40-05:00[America/New_York],Yes,2021-02-07,70145,Sunday
1805,B,17,2021-02-07T19:29:40-05:00[America/New_York],2021-02-07T19:29:57-05:00[America/New_York],Yes,2021-02-07,70180,Sunday
1805,<A>,35,2021-02-07T19:29:57-05:00[America/New_York],2021-02-07T19:30:32-05:00[America/New_York],Yes,2021-02-07,70197,Sunday
1805,B,14,2021-02-07T19:30:32-05:00[America/New_York],2021-02-07T19:30:46-05:00[America/New_York],Yes,2021-02-07,70232,Sunday
1805,<A>,35,2021-02-07T19:30:46-05:00[America/New_York],2021-02-07T19:31:21-05:00[America/New_York],Yes,2021-02-07,70246,Sunday
1805,B,17,2021-02-07T19:31:21-05:00[America/New_York],2021-02-07T19:31:38-05:00[America/New_York],Yes,2021-02-07,70281,Sunday
1805,<A>,111,2021-02-07T19:31:38-05:00[America/New_York],2021-02-07T19:33:29-05:00[America/New_York],Yes,2021-02-07,70298,Sunday
1805,B,14,2021-02-07T19:33:29-05:00[America/New_York],2021-02-07T19:33:43-05:00[America/New_York],Yes,2021-02-07,70409,Sunday
1805,<A>,76,2021-02-07T19:33:43-05:00[America/New_York],2021-02-07T19:34:59-05:00[America/New_York],NA,2021-02-07,70423,Sunday
1805,B,14,2021-02-07T19:34:59-05:00[America/New_York],2021-02-07T19:35:13-05:00[America/New_York],Yes,2021-02-07,70499,Sunday
1805,<A>,35,2021-02-07T19:35:13-05:00[America/New_York],2021-02-07T19:35:48-05:00[America/New_York],Yes,2021-02-07,70513,Sunday
1805,B,14,2021-02-07T19:35:48-05:00[America/New_York],2021-02-07T19:36:02-05:00[America/New_York],Yes,2021-02-07,70548,Sunday
1805,<A>,80,2021-02-07T19:36:02-05:00[America/New_York],2021-02-07T19:37:22-05:00[America/New_York],NA,2021-02-07,70562,Sunday
1805,B,14,2021-02-07T19:37:22-05:00[America/New_York],2021-02-07T19:37:36-05:00[America/New_York],Yes,2021-02-07,70642,Sunday
1805,<A>,40,2021-02-07T19:37:36-05:00[America/New_York],2021-02-07T19:38:16-05:00[America/New_York],Yes,2021-02-07,70656,Sunday
1805,B,15,2021-02-07T19:38:16-05:00[America/New_York],2021-02-07T19:38:31-05:00[America/New_York],Yes,2021-02-07,70696,Sunday
1805,<A>,50,2021-02-07T19:38:31-05:00[America/New_York],2021-02-07T19:39:21-05:00[America/New_York],Yes,2021-02-07,70711,Sunday
1805,B,15,2021-02-07T19:39:21-05:00[America/New_York],2021-02-07T19:39:36-05:00[America/New_York],Yes,2021-02-07,70761,Sunday
1805,<A>,50,2021-02-07T19:39:36-05:00[America/New_York],2021-02-07T19:40:26-05:00[America/New_York],Yes,2021-02-07,70776,Sunday
1805,B,14,2021-02-07T19:40:26-05:00[America/New_York],2021-02-07T19:40:40-05:00[America/New_York],Yes,2021-02-07,70826,Sunday
1805,<A>,39,2021-02-07T19:40:40-05:00[America/New_York],2021-02-07T19:41:19-05:00[America/New_York],Yes,2021-02-07,70840,Sunday
1805,B,17,2021-02-07T19:41:19-05:00[America/New_York],2021-02-07T19:41:36-05:00[America/New_York],Yes,2021-02-07,70879,Sunday
1805,<A>,106,2021-02-07T19:41:36-05:00[America/New_York],2021-02-07T19:43:22-05:00[America/New_York],NA,2021-02-07,70896,Sunday
1805,B,14,2021-02-07T19:43:22-05:00[America/New_York],2021-02-07T19:43:36-05:00[America/New_York],Yes,2021-02-07,71002,Sunday
1805,<A>,37,2021-02-07T19:43:36-05:00[America/New_York],2021-02-07T19:44:13-05:00[America/New_York],Yes,2021-02-07,71016,Sunday
1805,B,19,2021-02-07T19:44:13-05:00[America/New_York],2021-02-07T19:44:32-05:00[America/New_York],Yes,2021-02-07,71053,Sunday
1805,<A>,84,2021-02-07T19:44:32-05:00[America/New_York],2021-02-07T19:45:56-05:00[America/New_York],NA,2021-02-07,71072,Sunday
1805,B,19,2021-02-07T19:45:56-05:00[America/New_York],2021-02-07T19:46:15-05:00[America/New_York],Yes,2021-02-07,71156,Sunday
1805,<A>,34,2021-02-07T19:46:15-05:00[America/New_York],2021-02-07T19:46:49-05:00[America/New_York],Yes,2021-02-07,71175,Sunday
1805,B,18,2021-02-07T19:46:49-05:00[America/New_York],2021-02-07T19:47:07-05:00[America/New_York],Yes,2021-02-07,71209,Sunday
1805,<A>,34,2021-02-07T19:47:07-05:00[America/New_York],2021-02-07T19:47:41-05:00[America/New_York],Yes,2021-02-07,71227,Sunday
1805,B,15,2021-02-07T19:47:41-05:00[America/New_York],2021-02-07T19:47:56-05:00[America/New_York],Yes,2021-02-07,71261,Sunday
1805,<A>,35,2021-02-07T19:47:56-05:00[America/New_York],2021-02-07T19:48:31-05:00[America/New_York],Yes,2021-02-07,71276,Sunday
1805,B,14,2021-02-07T19:48:31-05:00[America/New_York],2021-02-07T19:48:45-05:00[America/New_York],Yes,2021-02-07,71311,Sunday
1805,<A>,37,2021-02-07T19:48:45-05:00[America/New_York],2021-02-07T19:49:22-05:00[America/New_York],Yes,2021-02-07,71325,Sunday
1805,B,20,2021-02-07T19:49:22-05:00[America/New_York],2021-02-07T19:49:42-05:00[America/New_York],Yes,2021-02-07,71362,Sunday
1805,<A>,73,2021-02-07T19:49:42-05:00[America/New_York],2021-02-07T19:50:55-05:00[America/New_York],Yes,2021-02-07,71382,Sunday
1805,B,14,2021-02-07T19:50:55-05:00[America/New_York],2021-02-07T19:51:09-05:00[America/New_York],Yes,2021-02-07,71455,Sunday
1805,<A>,34,2021-02-07T19:51:09-05:00[America/New_York],2021-02-07T19:51:43-05:00[America/New_York],Yes,2021-02-07,71469,Sunday
1805,B,25,2021-02-07T19:51:43-05:00[America/New_York],2021-02-07T19:52:08-05:00[America/New_York],NA,2021-02-07,71503,Sunday
1805,<A>,71,2021-02-07T19:52:08-05:00[America/New_York],2021-02-07T19:53:19-05:00[America/New_York],Yes,2021-02-07,71528,Sunday
1805,B,17,2021-02-07T19:53:19-05:00[America/New_York],2021-02-07T19:53:36-05:00[America/New_York],Yes,2021-02-07,71599,Sunday
1805,<A>,71,2021-02-07T19:53:36-05:00[America/New_York],2021-02-07T19:54:47-05:00[America/New_York],Yes,2021-02-07,71616,Sunday
1805,B,21,2021-02-07T19:54:47-05:00[America/New_York],2021-02-07T19:55:08-05:00[America/New_York],Yes,2021-02-07,71687,Sunday
1805,<A>,34,2021-02-07T19:55:08-05:00[America/New_York],2021-02-07T19:55:42-05:00[America/New_York],Yes,2021-02-07,71708,Sunday
1805,B,17,2021-02-07T19:55:42-05:00[America/New_York],2021-02-07T19:55:59-05:00[America/New_York],Yes,2021-02-07,71742,Sunday
1805,<A>,35,2021-02-07T19:55:59-05:00[America/New_York],2021-02-07T19:56:34-05:00[America/New_York],Yes,2021-02-07,71759,Sunday
1805,B,21,2021-02-07T19:56:34-05:00[America/New_York],2021-02-07T19:56:55-05:00[America/New_York],Yes,2021-02-07,71794,Sunday
1805,<A>,40,2021-02-07T19:56:55-05:00[America/New_York],2021-02-07T19:57:35-05:00[America/New_York],Yes,2021-02-07,71815,Sunday
1805,B,18,2021-02-07T19:57:35-05:00[America/New_York],2021-02-07T19:57:53-05:00[America/New_York],Yes,2021-02-07,71855,Sunday
1805,<A>,38,2021-02-07T19:57:53-05:00[America/New_York],2021-02-07T19:58:31-05:00[America/New_York],Yes,2021-02-07,71873,Sunday
1805,B,21,2021-02-07T19:58:31-05:00[America/New_York],2021-02-07T19:58:52-05:00[America/New_York],Yes,2021-02-07,71911,Sunday
1805,<A>,51,2021-02-07T19:58:52-05:00[America/New_York],2021-02-07T19:59:43-05:00[America/New_York],Yes,2021-02-07,71932,Sunday
1805,B,14,2021-02-07T19:59:43-05:00[America/New_York],2021-02-07T19:59:57-05:00[America/New_York],Yes,2021-02-07,71983,Sunday
1805,<A>,91,2021-02-07T19:59:57-05:00[America/New_York],2021-02-07T20:01:28-05:00[America/New_York],NA,2021-02-07,71997,Sunday
1805,B,14,2021-02-07T20:01:28-05:00[America/New_York],2021-02-07T20:01:42-05:00[America/New_York],Yes,2021-02-07,72088,Sunday
1805,<A>,35,2021-02-07T20:01:42-05:00[America/New_York],2021-02-07T20:02:17-05:00[America/New_York],Yes,2021-02-07,72102,Sunday
1805,B,15,2021-02-07T20:02:17-05:00[America/New_York],2021-02-07T20:02:32-05:00[America/New_York],Yes,2021-02-07,72137,Sunday
1805,<A>,34,2021-02-07T20:02:32-05:00[America/New_York],2021-02-07T20:03:06-05:00[America/New_York],Yes,2021-02-07,72152,Sunday
1805,B,18,2021-02-07T20:03:06-05:00[America/New_York],2021-02-07T20:03:24-05:00[America/New_York],Yes,2021-02-07,72186,Sunday
1805,<A>,67,2021-02-07T20:03:24-05:00[America/New_York],2021-02-07T20:04:31-05:00[America/New_York],Yes,2021-02-07,72204,Sunday
1805,B,14,2021-02-07T20:04:31-05:00[America/New_York],2021-02-07T20:04:45-05:00[America/New_York],Yes,2021-02-07,72271,Sunday
1805,<A>,43,2021-02-07T20:04:45-05:00[America/New_York],2021-02-07T20:05:28-05:00[America/New_York],Yes,2021-02-07,72285,Sunday
1805,B,14,2021-02-07T20:05:28-05:00[America/New_York],2021-02-07T20:05:42-05:00[America/New_York],Yes,2021-02-07,72328,Sunday
1805,<A>,74,2021-02-07T20:05:42-05:00[America/New_York],2021-02-07T20:06:56-05:00[America/New_York],NA,2021-02-07,72342,Sunday
1805,B,15,2021-02-07T20:06:56-05:00[America/New_York],2021-02-07T20:07:11-05:00[America/New_York],Yes,2021-02-07,72416,Sunday
1805,<A>,36,2021-02-07T20:07:11-05:00[America/New_York],2021-02-07T20:07:47-05:00[America/New_York],Yes,2021-02-07,72431,Sunday
1805,B,22,2021-02-07T20:07:47-05:00[America/New_York],2021-02-07T20:08:09-05:00[America/New_York],Yes,2021-02-07,72467,Sunday
1805,<A>,57,2021-02-07T20:08:09-05:00[America/New_York],2021-02-07T20:09:06-05:00[America/New_York],Yes,2021-02-07,72489,Sunday
1805,B,17,2021-02-07T20:09:06-05:00[America/New_York],2021-02-07T20:09:23-05:00[America/New_York],Yes,2021-02-07,72546,Sunday
1805,<A>,92,2021-02-07T20:09:23-05:00[America/New_York],2021-02-07T20:10:55-05:00[America/New_York],NA,2021-02-07,72563,Sunday
1805,B,15,2021-02-07T20:10:55-05:00[America/New_York],2021-02-07T20:11:10-05:00[America/New_York],Yes,2021-02-07,72655,Sunday
1805,<A>,54,2021-02-07T20:11:10-05:00[America/New_York],2021-02-07T20:12:04-05:00[America/New_York],Yes,2021-02-07,72670,Sunday
1805,B,22,2021-02-07T20:12:04-05:00[America/New_York],2021-02-07T20:12:26-05:00[America/New_York],Yes,2021-02-07,72724,Sunday
1805,<A>,45,2021-02-07T20:12:26-05:00[America/New_York],2021-02-07T20:13:11-05:00[America/New_York],Yes,2021-02-07,72746,Sunday
1805,B,18,2021-02-07T20:13:11-05:00[America/New_York],2021-02-07T20:13:29-05:00[America/New_York],Yes,2021-02-07,72791,Sunday
1805,<A>,35,2021-02-07T20:13:29-05:00[America/New_York],2021-02-07T20:14:04-05:00[America/New_York],Yes,2021-02-07,72809,Sunday
1805,B,15,2021-02-07T20:14:04-05:00[America/New_York],2021-02-07T20:14:19-05:00[America/New_York],Yes,2021-02-07,72844,Sunday
1805,<A>,37,2021-02-07T20:14:19-05:00[America/New_York],2021-02-07T20:14:56-05:00[America/New_York],Yes,2021-02-07,72859,Sunday
1805,B,15,2021-02-07T20:14:56-05:00[America/New_York],2021-02-07T20:15:11-05:00[America/New_York],Yes,2021-02-07,72896,Sunday
1805,<A>,34,2021-02-07T20:15:11-05:00[America/New_York],2021-02-07T20:15:45-05:00[America/New_York],Yes,2021-02-07,72911,Sunday
1805,B,16,2021-02-07T20:15:45-05:00[America/New_York],2021-02-07T20:16:01-05:00[America/New_York],Yes,2021-02-07,72945,Sunday
1805,<A>,62,2021-02-07T20:16:01-05:00[America/New_York],2021-02-07T20:17:03-05:00[America/New_York],Yes,2021-02-07,72961,Sunday
1805,B,14,2021-02-07T20:17:03-05:00[America/New_York],2021-02-07T20:17:17-05:00[America/New_York],Yes,2021-02-07,73023,Sunday
1805,<A>,180,2021-02-07T20:17:17-05:00[America/New_York],2021-02-07T20:20:17-05:00[America/New_York],NA,2021-02-07,73037,Sunday
1805,B,14,2021-02-07T20:20:17-05:00[America/New_York],2021-02-07T20:20:31-05:00[America/New_York],Yes,2021-02-07,73217,Sunday
1805,<A>,35,2021-02-07T20:20:31-05:00[America/New_York],2021-02-07T20:21:06-05:00[America/New_York],Yes,2021-02-07,73231,Sunday
1805,B,14,2021-02-07T20:21:06-05:00[America/New_York],2021-02-07T20:21:20-05:00[America/New_York],Yes,2021-02-07,73266,Sunday
1805,<A>,46,2021-02-07T20:21:20-05:00[America/New_York],2021-02-07T20:22:06-05:00[America/New_York],Yes,2021-02-07,73280,Sunday
1805,B,14,2021-02-07T20:22:06-05:00[America/New_York],2021-02-07T20:22:20-05:00[America/New_York],Yes,2021-02-07,73326,Sunday
1805,<A>,72,2021-02-07T20:22:20-05:00[America/New_York],2021-02-07T20:23:32-05:00[America/New_York],Yes,2021-02-07,73340,Sunday
1805,B,19,2021-02-07T20:23:32-05:00[America/New_York],2021-02-07T20:23:51-05:00[America/New_York],Yes,2021-02-07,73412,Sunday
1805,<A>,41,2021-02-07T20:23:51-05:00[America/New_York],2021-02-07T20:24:32-05:00[America/New_York],Yes,2021-02-07,73431,Sunday
1805,B,14,2021-02-07T20:24:32-05:00[America/New_York],2021-02-07T20:24:46-05:00[America/New_York],Yes,2021-02-07,73472,Sunday
1805,<A>,35,2021-02-07T20:24:46-05:00[America/New_York],2021-02-07T20:25:21-05:00[America/New_York],Yes,2021-02-07,73486,Sunday
1805,B,14,2021-02-07T20:25:21-05:00[America/New_York],2021-02-07T20:25:35-05:00[America/New_York],Yes,2021-02-07,73521,Sunday
1805,<A>,35,2021-02-07T20:25:35-05:00[America/New_York],2021-02-07T20:26:10-05:00[America/New_York],Yes,2021-02-07,73535,Sunday
1805,B,14,2021-02-07T20:26:10-05:00[America/New_York],2021-02-07T20:26:24-05:00[America/New_York],Yes,2021-02-07,73570,Sunday
1805,<A>,84,2021-02-07T20:26:24-05:00[America/New_York],2021-02-07T20:27:48-05:00[America/New_York],NA,2021-02-07,73584,Sunday
1805,B,14,2021-02-07T20:27:48-05:00[America/New_York],2021-02-07T20:28:02-05:00[America/New_York],Yes,2021-02-07,73668,Sunday
1805,<A>,54,2021-02-07T20:28:02-05:00[America/New_York],2021-02-07T20:28:56-05:00[America/New_York],Yes,2021-02-07,73682,Sunday
1805,B,14,2021-02-07T20:28:56-05:00[America/New_York],2021-02-07T20:29:10-05:00[America/New_York],Yes,2021-02-07,73736,Sunday
1805,<A>,34,2021-02-07T20:29:10-05:00[America/New_York],2021-02-07T20:29:44-05:00[America/New_York],Yes,2021-02-07,73750,Sunday
1805,B,23,2021-02-07T20:29:44-05:00[America/New_York],2021-02-07T20:30:07-05:00[America/New_York],Yes,2021-02-07,73784,Sunday
1805,<A>,36,2021-02-07T20:30:07-05:00[America/New_York],2021-02-07T20:30:43-05:00[America/New_York],Yes,2021-02-07,73807,Sunday
1805,B,15,2021-02-07T20:30:43-05:00[America/New_York],2021-02-07T20:30:58-05:00[America/New_York],Yes,2021-02-07,73843,Sunday
1805,<A>,34,2021-02-07T20:30:58-05:00[America/New_York],2021-02-07T20:31:32-05:00[America/New_York],Yes,2021-02-07,73858,Sunday
1805,B,15,2021-02-07T20:31:32-05:00[America/New_York],2021-02-07T20:31:47-05:00[America/New_York],Yes,2021-02-07,73892,Sunday
1805,<A>,36,2021-02-07T20:31:47-05:00[America/New_York],2021-02-07T20:32:23-05:00[America/New_York],Yes,2021-02-07,73907,Sunday
1805,B,15,2021-02-07T20:32:23-05:00[America/New_York],2021-02-07T20:32:38-05:00[America/New_York],Yes,2021-02-07,73943,Sunday
1805,<A>,53,2021-02-07T20:32:38-05:00[America/New_York],2021-02-07T20:33:31-05:00[America/New_York],Yes,2021-02-07,73958,Sunday
1805,B,14,2021-02-07T20:33:31-05:00[America/New_York],2021-02-07T20:33:45-05:00[America/New_York],Yes,2021-02-07,74011,Sunday
1805,<A>,63,2021-02-07T20:33:45-05:00[America/New_York],2021-02-07T20:34:48-05:00[America/New_York],Yes,2021-02-07,74025,Sunday
1805,B,15,2021-02-07T20:34:48-05:00[America/New_York],2021-02-07T20:35:03-05:00[America/New_York],Yes,2021-02-07,74088,Sunday
1805,<A>,69,2021-02-07T20:35:03-05:00[America/New_York],2021-02-07T20:36:12-05:00[America/New_York],Yes,2021-02-07,74103,Sunday
1805,B,14,2021-02-07T20:36:12-05:00[America/New_York],2021-02-07T20:36:26-05:00[America/New_York],Yes,2021-02-07,74172,Sunday
1805,<A>,40,2021-02-07T20:36:26-05:00[America/New_York],2021-02-07T20:37:06-05:00[America/New_York],Yes,2021-02-07,74186,Sunday
1805,B,14,2021-02-07T20:37:06-05:00[America/New_York],2021-02-07T20:37:20-05:00[America/New_York],Yes,2021-02-07,74226,Sunday
1805,<A>,177,2021-02-07T20:37:20-05:00[America/New_York],2021-02-07T20:40:17-05:00[America/New_York],NA,2021-02-07,74240,Sunday
1805,B,14,2021-02-07T20:40:17-05:00[America/New_York],2021-02-07T20:40:31-05:00[America/New_York],Yes,2021-02-07,74417,Sunday
1805,<A>,122,2021-02-07T20:40:31-05:00[America/New_York],2021-02-07T20:42:33-05:00[America/New_York],Yes,2021-02-07,74431,Sunday
1805,B,22,2021-02-07T20:42:33-05:00[America/New_York],2021-02-07T20:42:55-05:00[America/New_York],Yes,2021-02-07,74553,Sunday
1805,<A>,83,2021-02-07T20:42:55-05:00[America/New_York],2021-02-07T20:44:18-05:00[America/New_York],NA,2021-02-07,74575,Sunday
1805,B,16,2021-02-07T20:44:18-05:00[America/New_York],2021-02-07T20:44:34-05:00[America/New_York],Yes,2021-02-07,74658,Sunday
1805,<A>,35,2021-02-07T20:44:34-05:00[America/New_York],2021-02-07T20:45:09-05:00[America/New_York],Yes,2021-02-07,74674,Sunday
1805,B,14,2021-02-07T20:45:09-05:00[America/New_York],2021-02-07T20:45:23-05:00[America/New_York],Yes,2021-02-07,74709,Sunday
1805,<A>,71,2021-02-07T20:45:23-05:00[America/New_York],2021-02-07T20:46:34-05:00[America/New_York],Yes,2021-02-07,74723,Sunday
1805,B,16,2021-02-07T20:46:34-05:00[America/New_York],2021-02-07T20:46:50-05:00[America/New_York],Yes,2021-02-07,74794,Sunday
1805,<A>,79,2021-02-07T20:46:50-05:00[America/New_York],2021-02-07T20:48:09-05:00[America/New_York],Yes,2021-02-07,74810,Sunday
1805,B,14,2021-02-07T20:48:09-05:00[America/New_York],2021-02-07T20:48:23-05:00[America/New_York],Yes,2021-02-07,74889,Sunday
1805,<A>,35,2021-02-07T20:48:23-05:00[America/New_York],2021-02-07T20:48:58-05:00[America/New_York],Yes,2021-02-07,74903,Sunday
1805,B,14,2021-02-07T20:48:58-05:00[America/New_York],2021-02-07T20:49:12-05:00[America/New_York],Yes,2021-02-07,74938,Sunday
1805,<A>,34,2021-02-07T20:49:12-05:00[America/New_York],2021-02-07T20:49:46-05:00[America/New_York],Yes,2021-02-07,74952,Sunday
1805,B,18,2021-02-07T20:49:46-05:00[America/New_York],2021-02-07T20:50:04-05:00[America/New_York],Yes,2021-02-07,74986,Sunday
1805,<A>,58,2021-02-07T20:50:04-05:00[America/New_York],2021-02-07T20:51:02-05:00[America/New_York],Yes,2021-02-07,75004,Sunday
1805,B,14,2021-02-07T20:51:02-05:00[America/New_York],2021-02-07T20:51:16-05:00[America/New_York],Yes,2021-02-07,75062,Sunday
1805,<A>,39,2021-02-07T20:51:16-05:00[America/New_York],2021-02-07T20:51:55-05:00[America/New_York],Yes,2021-02-07,75076,Sunday
1805,B,14,2021-02-07T20:51:55-05:00[America/New_York],2021-02-07T20:52:09-05:00[America/New_York],Yes,2021-02-07,75115,Sunday
1805,<A>,84,2021-02-07T20:52:09-05:00[America/New_York],2021-02-07T20:53:33-05:00[America/New_York],NA,2021-02-07,75129,Sunday
1805,B,16,2021-02-07T20:53:33-05:00[America/New_York],2021-02-07T20:53:49-05:00[America/New_York],Yes,2021-02-07,75213,Sunday
1805,<A>,47,2021-02-07T20:53:49-05:00[America/New_York],2021-02-07T20:54:36-05:00[America/New_York],Yes,2021-02-07,75229,Sunday
1805,B,16,2021-02-07T20:54:36-05:00[America/New_York],2021-02-07T20:54:52-05:00[America/New_York],Yes,2021-02-07,75276,Sunday
1805,<A>,37,2021-02-07T20:54:52-05:00[America/New_York],2021-02-07T20:55:29-05:00[America/New_York],Yes,2021-02-07,75292,Sunday
1805,B,16,2021-02-07T20:55:29-05:00[America/New_York],2021-02-07T20:55:45-05:00[America/New_York],Yes,2021-02-07,75329,Sunday
1805,<A>,36,2021-02-07T20:55:45-05:00[America/New_York],2021-02-07T20:56:21-05:00[America/New_York],Yes,2021-02-07,75345,Sunday
1805,B,15,2021-02-07T20:56:21-05:00[America/New_York],2021-02-07T20:56:36-05:00[America/New_York],Yes,2021-02-07,75381,Sunday
1805,<A>,98,2021-02-07T20:56:36-05:00[America/New_York],2021-02-07T20:58:14-05:00[America/New_York],NA,2021-02-07,75396,Sunday
1805,B,14,2021-02-07T20:58:14-05:00[America/New_York],2021-02-07T20:58:28-05:00[America/New_York],Yes,2021-02-07,75494,Sunday
1805,<A>,39,2021-02-07T20:58:28-05:00[America/New_York],2021-02-07T20:59:07-05:00[America/New_York],Yes,2021-02-07,75508,Sunday
1805,B,15,2021-02-07T20:59:07-05:00[America/New_York],2021-02-07T20:59:22-05:00[America/New_York],Yes,2021-02-07,75547,Sunday
1805,<A>,35,2021-02-07T20:59:22-05:00[America/New_York],2021-02-07T20:59:57-05:00[America/New_York],Yes,2021-02-07,75562,Sunday
1805,B,16,2021-02-07T20:59:57-05:00[America/New_York],2021-02-07T21:00:13-05:00[America/New_York],Yes,2021-02-07,75597,Sunday
1805,<A>,35,2021-02-07T21:00:13-05:00[America/New_York],2021-02-07T21:00:48-05:00[America/New_York],Yes,2021-02-07,75613,Sunday
1805,B,14,2021-02-07T21:00:48-05:00[America/New_York],2021-02-07T21:01:02-05:00[America/New_York],Yes,2021-02-07,75648,Sunday
1805,<A>,125,2021-02-07T21:01:02-05:00[America/New_York],2021-02-07T21:03:07-05:00[America/New_York],Yes,2021-02-07,75662,Sunday
1805,B,15,2021-02-07T21:03:07-05:00[America/New_York],2021-02-07T21:03:22-05:00[America/New_York],Yes,2021-02-07,75787,Sunday
1805,<A>,177,2021-02-07T21:03:22-05:00[America/New_York],2021-02-07T21:06:19-05:00[America/New_York],NA,2021-02-07,75802,Sunday
1805,B,14,2021-02-07T21:06:19-05:00[America/New_York],2021-02-07T21:06:33-05:00[America/New_York],Yes,2021-02-07,75979,Sunday
1805,<A>,79,2021-02-07T21:06:33-05:00[America/New_York],2021-02-07T21:07:52-05:00[America/New_York],NA,2021-02-07,75993,Sunday
1805,B,15,2021-02-07T21:07:52-05:00[America/New_York],2021-02-07T21:08:07-05:00[America/New_York],Yes,2021-02-07,76072,Sunday
1805,<A>,113,2021-02-07T21:08:07-05:00[America/New_York],2021-02-07T21:10:00-05:00[America/New_York],Yes,2021-02-07,76087,Sunday
1805,B,16,2021-02-07T21:10:00-05:00[America/New_York],2021-02-07T21:10:16-05:00[America/New_York],Yes,2021-02-07,76200,Sunday
1805,<A>,120,2021-02-07T21:10:16-05:00[America/New_York],2021-02-07T21:12:16-05:00[America/New_York],Yes,2021-02-07,76216,Sunday
1805,B,16,2021-02-07T21:12:16-05:00[America/New_York],2021-02-07T21:12:32-05:00[America/New_York],Yes,2021-02-07,76336,Sunday
1805,<A>,83,2021-02-07T21:12:32-05:00[America/New_York],2021-02-07T21:13:55-05:00[America/New_York],NA,2021-02-07,76352,Sunday
1805,B,15,2021-02-07T21:13:55-05:00[America/New_York],2021-02-07T21:14:10-05:00[America/New_York],Yes,2021-02-07,76435,Sunday
1805,<A>,35,2021-02-07T21:14:10-05:00[America/New_York],2021-02-07T21:14:45-05:00[America/New_York],Yes,2021-02-07,76450,Sunday
1805,B,14,2021-02-07T21:14:45-05:00[America/New_York],2021-02-07T21:14:59-05:00[America/New_York],Yes,2021-02-07,76485,Sunday
1805,<A>,38,2021-02-07T21:14:59-05:00[America/New_York],2021-02-07T21:15:37-05:00[America/New_York],Yes,2021-02-07,76499,Sunday
1805,B,16,2021-02-07T21:15:37-05:00[America/New_York],2021-02-07T21:15:53-05:00[America/New_York],Yes,2021-02-07,76537,Sunday
1805,<A>,219,2021-02-07T21:15:53-05:00[America/New_York],2021-02-07T21:19:32-05:00[America/New_York],Yes,2021-02-07,76553,Sunday
1805,B,21,2021-02-07T21:19:32-05:00[America/New_York],2021-02-07T21:19:53-05:00[America/New_York],Yes,2021-02-07,76772,Sunday
1805,<A>,35,2021-02-07T21:19:53-05:00[America/New_York],2021-02-07T21:20:28-05:00[America/New_York],Yes,2021-02-07,76793,Sunday
1805,B,18,2021-02-07T21:20:28-05:00[America/New_York],2021-02-07T21:20:46-05:00[America/New_York],Yes,2021-02-07,76828,Sunday
1805,<A>,93,2021-02-07T21:20:46-05:00[America/New_York],2021-02-07T21:22:19-05:00[America/New_York],NA,2021-02-07,76846,Sunday
1805,B,18,2021-02-07T21:22:19-05:00[America/New_York],2021-02-07T21:22:37-05:00[America/New_York],Yes,2021-02-07,76939,Sunday
1805,<A>,55,2021-02-07T21:22:37-05:00[America/New_York],2021-02-07T21:23:32-05:00[America/New_York],Yes,2021-02-07,76957,Sunday
1805,B,15,2021-02-07T21:23:32-05:00[America/New_York],2021-02-07T21:23:47-05:00[America/New_York],Yes,2021-02-07,77012,Sunday
1805,<A>,34,2021-02-07T21:23:47-05:00[America/New_York],2021-02-07T21:24:21-05:00[America/New_York],Yes,2021-02-07,77027,Sunday
1805,B,14,2021-02-07T21:24:21-05:00[America/New_York],2021-02-07T21:24:35-05:00[America/New_York],Yes,2021-02-07,77061,Sunday
1805,<A>,44,2021-02-07T21:24:35-05:00[America/New_York],2021-02-07T21:25:19-05:00[America/New_York],Yes,2021-02-07,77075,Sunday
1805,B,20,2021-02-07T21:25:19-05:00[America/New_York],2021-02-07T21:25:39-05:00[America/New_York],Yes,2021-02-07,77119,Sunday
1805,<A>,157,2021-02-07T21:25:39-05:00[America/New_York],2021-02-07T21:28:16-05:00[America/New_York],Yes,2021-02-07,77139,Sunday
1805,B,14,2021-02-07T21:28:16-05:00[America/New_York],2021-02-07T21:28:30-05:00[America/New_York],Yes,2021-02-07,77296,Sunday
1805,<A>,79,2021-02-07T21:28:30-05:00[America/New_York],2021-02-07T21:29:49-05:00[America/New_York],Yes,2021-02-07,77310,Sunday
1805,B,15,2021-02-07T21:29:49-05:00[America/New_York],2021-02-07T21:30:04-05:00[America/New_York],Yes,2021-02-07,77389,Sunday
1805,<A>,73,2021-02-07T21:30:04-05:00[America/New_York],2021-02-07T21:31:17-05:00[America/New_York],Yes,2021-02-07,77404,Sunday
1805,B,14,2021-02-07T21:31:17-05:00[America/New_York],2021-02-07T21:31:31-05:00[America/New_York],Yes,2021-02-07,77477,Sunday
1805,<A>,34,2021-02-07T21:31:31-05:00[America/New_York],2021-02-07T21:32:05-05:00[America/New_York],Yes,2021-02-07,77491,Sunday
1805,B,15,2021-02-07T21:32:05-05:00[America/New_York],2021-02-07T21:32:20-05:00[America/New_York],Yes,2021-02-07,77525,Sunday
1805,<A>,34,2021-02-07T21:32:20-05:00[America/New_York],2021-02-07T21:32:54-05:00[America/New_York],Yes,2021-02-07,77540,Sunday
1805,B,15,2021-02-07T21:32:54-05:00[America/New_York],2021-02-07T21:33:09-05:00[America/New_York],Yes,2021-02-07,77574,Sunday
1805,<A>,34,2021-02-07T21:33:09-05:00[America/New_York],2021-02-07T21:33:43-05:00[America/New_York],Yes,2021-02-07,77589,Sunday
1805,B,14,2021-02-07T21:33:43-05:00[America/New_York],2021-02-07T21:33:57-05:00[America/New_York],Yes,2021-02-07,77623,Sunday
1805,<A>,35,2021-02-07T21:33:57-05:00[America/New_York],2021-02-07T21:34:32-05:00[America/New_York],Yes,2021-02-07,77637,Sunday
1805,B,14,2021-02-07T21:34:32-05:00[America/New_York],2021-02-07T21:34:46-05:00[America/New_York],Yes,2021-02-07,77672,Sunday
1805,<A>,37,2021-02-07T21:34:46-05:00[America/New_York],2021-02-07T21:35:23-05:00[America/New_York],Yes,2021-02-07,77686,Sunday
1805,B,15,2021-02-07T21:35:23-05:00[America/New_York],2021-02-07T21:35:38-05:00[America/New_York],Yes,2021-02-07,77723,Sunday
1805,<A>,35,2021-02-07T21:35:38-05:00[America/New_York],2021-02-07T21:36:13-05:00[America/New_York],Yes,2021-02-07,77738,Sunday
1805,B,14,2021-02-07T21:36:13-05:00[America/New_York],2021-02-07T21:36:27-05:00[America/New_York],Yes,2021-02-07,77773,Sunday
1805,<A>,145,2021-02-07T21:36:27-05:00[America/New_York],2021-02-07T21:38:52-05:00[America/New_York],Yes,2021-02-07,77787,Sunday
1805,B,14,2021-02-07T21:38:52-05:00[America/New_York],2021-02-07T21:39:06-05:00[America/New_York],Yes,2021-02-07,77932,Sunday
1805,<A>,34,2021-02-07T21:39:06-05:00[America/New_York],2021-02-07T21:39:40-05:00[America/New_York],Yes,2021-02-07,77946,Sunday
1805,B,15,2021-02-07T21:39:40-05:00[America/New_York],2021-02-07T21:39:55-05:00[America/New_York],Yes,2021-02-07,77980,Sunday
1805,<A>,34,2021-02-07T21:39:55-05:00[America/New_York],2021-02-07T21:40:29-05:00[America/New_York],Yes,2021-02-07,77995,Sunday
1805,B,15,2021-02-07T21:40:29-05:00[America/New_York],2021-02-07T21:40:44-05:00[America/New_York],Yes,2021-02-07,78029,Sunday
1805,<A>,38,2021-02-07T21:40:44-05:00[America/New_York],2021-02-07T21:41:22-05:00[America/New_York],Yes,2021-02-07,78044,Sunday
1805,B,15,2021-02-07T21:41:22-05:00[America/New_York],2021-02-07T21:41:37-05:00[America/New_York],Yes,2021-02-07,78082,Sunday
1805,<A>,34,2021-02-07T21:41:37-05:00[America/New_York],2021-02-07T21:42:11-05:00[America/New_York],Yes,2021-02-07,78097,Sunday
1805,B,14,2021-02-07T21:42:11-05:00[America/New_York],2021-02-07T21:42:25-05:00[America/New_York],Yes,2021-02-07,78131,Sunday
1805,<A>,35,2021-02-07T21:42:25-05:00[America/New_York],2021-02-07T21:43:00-05:00[America/New_York],Yes,2021-02-07,78145,Sunday
1805,B,14,2021-02-07T21:43:00-05:00[America/New_York],2021-02-07T21:43:14-05:00[America/New_York],Yes,2021-02-07,78180,Sunday
1805,<A>,35,2021-02-07T21:43:14-05:00[America/New_York],2021-02-07T21:43:49-05:00[America/New_York],Yes,2021-02-07,78194,Sunday
1805,B,14,2021-02-07T21:43:49-05:00[America/New_York],2021-02-07T21:44:03-05:00[America/New_York],Yes,2021-02-07,78229,Sunday
1805,<A>,35,2021-02-07T21:44:03-05:00[America/New_York],2021-02-07T21:44:38-05:00[America/New_York],Yes,2021-02-07,78243,Sunday
1805,B,14,2021-02-07T21:44:38-05:00[America/New_York],2021-02-07T21:44:52-05:00[America/New_York],Yes,2021-02-07,78278,Sunday
1805,<A>,73,2021-02-07T21:44:52-05:00[America/New_York],2021-02-07T21:46:05-05:00[America/New_York],NA,2021-02-07,78292,Sunday
1805,B,15,2021-02-07T21:46:05-05:00[America/New_York],2021-02-07T21:46:20-05:00[America/New_York],Yes,2021-02-07,78365,Sunday
1805,<A>,97,2021-02-07T21:46:20-05:00[America/New_York],2021-02-07T21:47:57-05:00[America/New_York],NA,2021-02-07,78380,Sunday
1805,B,17,2021-02-07T21:47:57-05:00[America/New_York],2021-02-07T21:48:14-05:00[America/New_York],Yes,2021-02-07,78477,Sunday
1805,<A>,83,2021-02-07T21:48:14-05:00[America/New_York],2021-02-07T21:49:37-05:00[America/New_York],NA,2021-02-07,78494,Sunday
1805,B,15,2021-02-07T21:49:37-05:00[America/New_York],2021-02-07T21:49:52-05:00[America/New_York],Yes,2021-02-07,78577,Sunday
1805,<A>,42,2021-02-07T21:49:52-05:00[America/New_York],2021-02-07T21:50:34-05:00[America/New_York],Yes,2021-02-07,78592,Sunday
1805,B,14,2021-02-07T21:50:34-05:00[America/New_York],2021-02-07T21:50:48-05:00[America/New_York],Yes,2021-02-07,78634,Sunday
1805,<A>,170,2021-02-07T21:50:48-05:00[America/New_York],2021-02-07T21:53:38-05:00[America/New_York],NA,2021-02-07,78648,Sunday
1805,B,18,2021-02-07T21:53:38-05:00[America/New_York],2021-02-07T21:53:56-05:00[America/New_York],Yes,2021-02-07,78818,Sunday
1805,<A>,68,2021-02-07T21:53:56-05:00[America/New_York],2021-02-07T21:55:04-05:00[America/New_York],Yes,2021-02-07,78836,Sunday
1805,B,18,2021-02-07T21:55:04-05:00[America/New_York],2021-02-07T21:55:22-05:00[America/New_York],Yes,2021-02-07,78904,Sunday
1805,<A>,41,2021-02-07T21:55:22-05:00[America/New_York],2021-02-07T21:56:03-05:00[America/New_York],Yes,2021-02-07,78922,Sunday
1805,B,15,2021-02-07T21:56:03-05:00[America/New_York],2021-02-07T21:56:18-05:00[America/New_York],Yes,2021-02-07,78963,Sunday
1805,<A>,54,2021-02-07T21:56:18-05:00[America/New_York],2021-02-07T21:57:12-05:00[America/New_York],Yes,2021-02-07,78978,Sunday
1805,B,14,2021-02-07T21:57:12-05:00[America/New_York],2021-02-07T21:57:26-05:00[America/New_York],Yes,2021-02-07,79032,Sunday
1805,<A>,58,2021-02-07T21:57:26-05:00[America/New_York],2021-02-07T21:58:24-05:00[America/New_York],Yes,2021-02-07,79046,Sunday
1805,B,14,2021-02-07T21:58:24-05:00[America/New_York],2021-02-07T21:58:38-05:00[America/New_York],Yes,2021-02-07,79104,Sunday
1805,<A>,40,2021-02-07T21:58:38-05:00[America/New_York],2021-02-07T21:59:18-05:00[America/New_York],Yes,2021-02-07,79118,Sunday
1805,B,14,2021-02-07T21:59:18-05:00[America/New_York],2021-02-07T21:59:32-05:00[America/New_York],Yes,2021-02-07,79158,Sunday
1805,<A>,37,2021-02-07T21:59:32-05:00[America/New_York],2021-02-07T22:00:09-05:00[America/New_York],Yes,2021-02-07,79172,Sunday
1805,B,15,2021-02-07T22:00:09-05:00[America/New_York],2021-02-07T22:00:24-05:00[America/New_York],Yes,2021-02-07,79209,Sunday
1805,<A>,35,2021-02-07T22:00:24-05:00[America/New_York],2021-02-07T22:00:59-05:00[America/New_York],Yes,2021-02-07,79224,Sunday
1805,B,15,2021-02-07T22:00:59-05:00[America/New_York],2021-02-07T22:01:14-05:00[America/New_York],Yes,2021-02-07,79259,Sunday
1805,<A>,42,2021-02-07T22:01:14-05:00[America/New_York],2021-02-07T22:01:56-05:00[America/New_York],Yes,2021-02-07,79274,Sunday
1805,B,15,2021-02-07T22:01:56-05:00[America/New_York],2021-02-07T22:02:11-05:00[America/New_York],Yes,2021-02-07,79316,Sunday
1805,<A>,64,2021-02-07T22:02:11-05:00[America/New_York],2021-02-07T22:03:15-05:00[America/New_York],Yes,2021-02-07,79331,Sunday
1805,B,14,2021-02-07T22:03:15-05:00[America/New_York],2021-02-07T22:03:29-05:00[America/New_York],Yes,2021-02-07,79395,Sunday
1805,<A>,44,2021-02-07T22:03:29-05:00[America/New_York],2021-02-07T22:04:13-05:00[America/New_York],Yes,2021-02-07,79409,Sunday
1805,B,15,2021-02-07T22:04:13-05:00[America/New_York],2021-02-07T22:04:28-05:00[America/New_York],Yes,2021-02-07,79453,Sunday
1805,<A>,51,2021-02-07T22:04:28-05:00[America/New_York],2021-02-07T22:05:19-05:00[America/New_York],Yes,2021-02-07,79468,Sunday
1805,B,16,2021-02-07T22:05:19-05:00[America/New_York],2021-02-07T22:05:35-05:00[America/New_York],Yes,2021-02-07,79519,Sunday
1805,<A>,171,2021-02-07T22:05:35-05:00[America/New_York],2021-02-07T22:08:26-05:00[America/New_York],NA,2021-02-07,79535,Sunday
1805,B,14,2021-02-07T22:08:26-05:00[America/New_York],2021-02-07T22:08:40-05:00[America/New_York],Yes,2021-02-07,79706,Sunday
1805,<A>,35,2021-02-07T22:08:40-05:00[America/New_York],2021-02-07T22:09:15-05:00[America/New_York],Yes,2021-02-07,79720,Sunday
1805,B,14,2021-02-07T22:09:15-05:00[America/New_York],2021-02-07T22:09:29-05:00[America/New_York],Yes,2021-02-07,79755,Sunday
1805,<A>,48,2021-02-07T22:09:29-05:00[America/New_York],2021-02-07T22:10:17-05:00[America/New_York],Yes,2021-02-07,79769,Sunday
1805,B,14,2021-02-07T22:10:17-05:00[America/New_York],2021-02-07T22:10:31-05:00[America/New_York],Yes,2021-02-07,79817,Sunday
1805,<A>,125,2021-02-07T22:10:31-05:00[America/New_York],2021-02-07T22:12:36-05:00[America/New_York],Yes,2021-02-07,79831,Sunday
1805,B,14,2021-02-07T22:12:36-05:00[America/New_York],2021-02-07T22:12:50-05:00[America/New_York],Yes,2021-02-07,79956,Sunday
1805,<A>,68,2021-02-07T22:12:50-05:00[America/New_York],2021-02-07T22:13:58-05:00[America/New_York],Yes,2021-02-07,79970,Sunday
1805,B,15,2021-02-07T22:13:58-05:00[America/New_York],2021-02-07T22:14:13-05:00[America/New_York],Yes,2021-02-07,80038,Sunday
1805,<A>,36,2021-02-07T22:14:13-05:00[America/New_York],2021-02-07T22:14:49-05:00[America/New_York],Yes,2021-02-07,80053,Sunday
1805,B,15,2021-02-07T22:14:49-05:00[America/New_York],2021-02-07T22:15:04-05:00[America/New_York],Yes,2021-02-07,80089,Sunday
1805,<A>,36,2021-02-07T22:15:04-05:00[America/New_York],2021-02-07T22:15:40-05:00[America/New_York],Yes,2021-02-07,80104,Sunday
1805,B,14,2021-02-07T22:15:40-05:00[America/New_York],2021-02-07T22:15:54-05:00[America/New_York],Yes,2021-02-07,80140,Sunday
1805,<A>,51,2021-02-07T22:15:54-05:00[America/New_York],2021-02-07T22:16:45-05:00[America/New_York],Yes,2021-02-07,80154,Sunday
1805,B,14,2021-02-07T22:16:45-05:00[America/New_York],2021-02-07T22:16:59-05:00[America/New_York],Yes,2021-02-07,80205,Sunday
1805,<A>,43,2021-02-07T22:16:59-05:00[America/New_York],2021-02-07T22:17:42-05:00[America/New_York],Yes,2021-02-07,80219,Sunday
1805,B,15,2021-02-07T22:17:42-05:00[America/New_York],2021-02-07T22:17:57-05:00[America/New_York],Yes,2021-02-07,80262,Sunday
1805,<A>,123,2021-02-07T22:17:57-05:00[America/New_York],2021-02-07T22:20:00-05:00[America/New_York],Yes,2021-02-07,80277,Sunday
1805,B,16,2021-02-07T22:20:00-05:00[America/New_York],2021-02-07T22:20:16-05:00[America/New_York],Yes,2021-02-07,80400,Sunday
1805,<A>,34,2021-02-07T22:20:16-05:00[America/New_York],2021-02-07T22:20:50-05:00[America/New_York],Yes,2021-02-07,80416,Sunday
1805,B,15,2021-02-07T22:20:50-05:00[America/New_York],2021-02-07T22:21:05-05:00[America/New_York],Yes,2021-02-07,80450,Sunday
1805,<A>,44,2021-02-07T22:21:05-05:00[America/New_York],2021-02-07T22:21:49-05:00[America/New_York],Yes,2021-02-07,80465,Sunday
1805,B,19,2021-02-07T22:21:49-05:00[America/New_York],2021-02-07T22:22:08-05:00[America/New_York],Yes,2021-02-07,80509,Sunday
1805,<A>,38,2021-02-07T22:22:08-05:00[America/New_York],2021-02-07T22:22:46-05:00[America/New_York],Yes,2021-02-07,80528,Sunday
1805,B,14,2021-02-07T22:22:46-05:00[America/New_York],2021-02-07T22:23:00-05:00[America/New_York],Yes,2021-02-07,80566,Sunday
1805,<A>,60,2021-02-07T22:23:00-05:00[America/New_York],2021-02-07T22:24:00-05:00[America/New_York],Yes,2021-02-07,80580,Sunday
1805,B,20,2021-02-07T22:24:00-05:00[America/New_York],2021-02-07T22:24:20-05:00[America/New_York],Yes,2021-02-07,80640,Sunday
1805,<A>,35,2021-02-07T22:24:20-05:00[America/New_York],2021-02-07T22:24:55-05:00[America/New_York],Yes,2021-02-07,80660,Sunday
1805,B,16,2021-02-07T22:24:55-05:00[America/New_York],2021-02-07T22:25:11-05:00[America/New_York],Yes,2021-02-07,80695,Sunday
1805,<A>,238,2021-02-07T22:25:11-05:00[America/New_York],2021-02-07T22:29:09-05:00[America/New_York],Yes,2021-02-07,80711,Sunday
1805,B,17,2021-02-07T22:29:09-05:00[America/New_York],2021-02-07T22:29:26-05:00[America/New_York],Yes,2021-02-07,80949,Sunday
1805,<A>,44,2021-02-07T22:29:26-05:00[America/New_York],2021-02-07T22:30:10-05:00[America/New_York],Yes,2021-02-07,80966,Sunday
1805,B,14,2021-02-07T22:30:10-05:00[America/New_York],2021-02-07T22:30:24-05:00[America/New_York],Yes,2021-02-07,81010,Sunday
1805,<A>,114,2021-02-07T22:30:24-05:00[America/New_York],2021-02-07T22:32:18-05:00[America/New_York],Yes,2021-02-07,81024,Sunday
1805,B,14,2021-02-07T22:32:18-05:00[America/New_York],2021-02-07T22:32:32-05:00[America/New_York],Yes,2021-02-07,81138,Sunday
1805,<A>,98,2021-02-07T22:32:32-05:00[America/New_York],2021-02-07T22:34:10-05:00[America/New_York],NA,2021-02-07,81152,Sunday
1805,B,14,2021-02-07T22:34:10-05:00[America/New_York],2021-02-07T22:34:24-05:00[America/New_York],Yes,2021-02-07,81250,Sunday
1805,<A>,61,2021-02-07T22:34:24-05:00[America/New_York],2021-02-07T22:35:25-05:00[America/New_York],Yes,2021-02-07,81264,Sunday
1805,B,14,2021-02-07T22:35:25-05:00[America/New_York],2021-02-07T22:35:39-05:00[America/New_York],Yes,2021-02-07,81325,Sunday
1805,<A>,82,2021-02-07T22:35:39-05:00[America/New_York],2021-02-07T22:37:01-05:00[America/New_York],Yes,2021-02-07,81339,Sunday
1805,B,15,2021-02-07T22:37:01-05:00[America/New_York],2021-02-07T22:37:16-05:00[America/New_York],Yes,2021-02-07,81421,Sunday
1805,<A>,35,2021-02-07T22:37:16-05:00[America/New_York],2021-02-07T22:37:51-05:00[America/New_York],Yes,2021-02-07,81436,Sunday
1805,B,16,2021-02-07T22:37:51-05:00[America/New_York],2021-02-07T22:38:07-05:00[America/New_York],Yes,2021-02-07,81471,Sunday
1805,<A>,49,2021-02-07T22:38:07-05:00[America/New_York],2021-02-07T22:38:56-05:00[America/New_York],Yes,2021-02-07,81487,Sunday
1805,B,14,2021-02-07T22:38:56-05:00[America/New_York],2021-02-07T22:39:10-05:00[America/New_York],Yes,2021-02-07,81536,Sunday
1805,<A>,38,2021-02-07T22:39:10-05:00[America/New_York],2021-02-07T22:39:48-05:00[America/New_York],Yes,2021-02-07,81550,Sunday
1805,B,17,2021-02-07T22:39:48-05:00[America/New_York],2021-02-07T22:40:05-05:00[America/New_York],Yes,2021-02-07,81588,Sunday
1805,<A>,45,2021-02-07T22:40:05-05:00[America/New_York],2021-02-07T22:40:50-05:00[America/New_York],Yes,2021-02-07,81605,Sunday
1805,B,18,2021-02-07T22:40:50-05:00[America/New_York],2021-02-07T22:41:08-05:00[America/New_York],Yes,2021-02-07,81650,Sunday
1805,<A>,34,2021-02-07T22:41:08-05:00[America/New_York],2021-02-07T22:41:42-05:00[America/New_York],Yes,2021-02-07,81668,Sunday
1805,B,16,2021-02-07T22:41:42-05:00[America/New_York],2021-02-07T22:41:58-05:00[America/New_York],Yes,2021-02-07,81702,Sunday
1805,<A>,131,2021-02-07T22:41:58-05:00[America/New_York],2021-02-07T22:44:09-05:00[America/New_York],Yes,2021-02-07,81718,Sunday
1805,B,14,2021-02-07T22:44:09-05:00[America/New_York],2021-02-07T22:44:23-05:00[America/New_York],Yes,2021-02-07,81849,Sunday
1805,<A>,81,2021-02-07T22:44:23-05:00[America/New_York],2021-02-07T22:45:44-05:00[America/New_York],Yes,2021-02-07,81863,Sunday
1805,B,14,2021-02-07T22:45:44-05:00[America/New_York],2021-02-07T22:45:58-05:00[America/New_York],Yes,2021-02-07,81944,Sunday
1805,<A>,166,2021-02-07T22:45:58-05:00[America/New_York],2021-02-07T22:48:44-05:00[America/New_York],Yes,2021-02-07,81958,Sunday
1805,B,14,2021-02-07T22:48:44-05:00[America/New_York],2021-02-07T22:48:58-05:00[America/New_York],Yes,2021-02-07,82124,Sunday
1805,<A>,116,2021-02-07T22:48:58-05:00[America/New_York],2021-02-07T22:50:54-05:00[America/New_York],Yes,2021-02-07,82138,Sunday
1805,B,14,2021-02-07T22:50:54-05:00[America/New_York],2021-02-07T22:51:08-05:00[America/New_York],Yes,2021-02-07,82254,Sunday
1805,<A>,35,2021-02-07T22:51:08-05:00[America/New_York],2021-02-07T22:51:43-05:00[America/New_York],Yes,2021-02-07,82268,Sunday
1805,B,14,2021-02-07T22:51:43-05:00[America/New_York],2021-02-07T22:51:57-05:00[America/New_York],Yes,2021-02-07,82303,Sunday
1805,<A>,289,2021-02-07T22:51:57-05:00[America/New_York],2021-02-07T22:56:46-05:00[America/New_York],NA,2021-02-07,82317,Sunday
1805,B,14,2021-02-07T22:56:46-05:00[America/New_York],2021-02-07T22:57:00-05:00[America/New_York],Yes,2021-02-07,82606,Sunday
1805,<A>,35,2021-02-07T22:57:00-05:00[America/New_York],2021-02-07T22:57:35-05:00[America/New_York],Yes,2021-02-07,82620,Sunday
1805,B,19,2021-02-07T22:57:35-05:00[America/New_York],2021-02-07T22:57:54-05:00[America/New_York],Yes,2021-02-07,82655,Sunday
1805,<A>,41,2021-02-07T22:57:54-05:00[America/New_York],2021-02-07T22:58:35-05:00[America/New_York],Yes,2021-02-07,82674,Sunday
1805,B,15,2021-02-07T22:58:35-05:00[America/New_York],2021-02-07T22:58:50-05:00[America/New_York],Yes,2021-02-07,82715,Sunday
1805,<A>,36,2021-02-07T22:58:50-05:00[America/New_York],2021-02-07T22:59:26-05:00[America/New_York],Yes,2021-02-07,82730,Sunday
1805,B,14,2021-02-07T22:59:26-05:00[America/New_York],2021-02-07T22:59:40-05:00[America/New_York],Yes,2021-02-07,82766,Sunday
1805,<A>,41,2021-02-07T22:59:40-05:00[America/New_York],2021-02-07T23:00:21-05:00[America/New_York],Yes,2021-02-07,82780,Sunday
1805,B,14,2021-02-07T23:00:21-05:00[America/New_York],2021-02-07T23:00:35-05:00[America/New_York],Yes,2021-02-07,82821,Sunday
1805,<A>,223,2021-02-07T23:00:35-05:00[America/New_York],2021-02-07T23:04:18-05:00[America/New_York],Yes,2021-02-07,82835,Sunday
1805,B,14,2021-02-07T23:04:18-05:00[America/New_York],2021-02-07T23:04:32-05:00[America/New_York],Yes,2021-02-07,83058,Sunday
1805,<A>,35,2021-02-07T23:04:32-05:00[America/New_York],2021-02-07T23:05:07-05:00[America/New_York],Yes,2021-02-07,83072,Sunday
1805,B,14,2021-02-07T23:05:07-05:00[America/New_York],2021-02-07T23:05:21-05:00[America/New_York],Yes,2021-02-07,83107,Sunday
1805,<A>,34,2021-02-07T23:05:21-05:00[America/New_York],2021-02-07T23:05:55-05:00[America/New_York],Yes,2021-02-07,83121,Sunday
1805,B,15,2021-02-07T23:05:55-05:00[America/New_York],2021-02-07T23:06:10-05:00[America/New_York],Yes,2021-02-07,83155,Sunday
1805,<A>,252,2021-02-07T23:06:10-05:00[America/New_York],2021-02-07T23:10:22-05:00[America/New_York],Yes,2021-02-07,83170,Sunday
1805,B,15,2021-02-07T23:10:22-05:00[America/New_York],2021-02-07T23:10:37-05:00[America/New_York],Yes,2021-02-07,83422,Sunday
1805,<A>,92,2021-02-07T23:10:37-05:00[America/New_York],2021-02-07T23:12:09-05:00[America/New_York],NA,2021-02-07,83437,Sunday
1805,B,16,2021-02-07T23:12:09-05:00[America/New_York],2021-02-07T23:12:25-05:00[America/New_York],Yes,2021-02-07,83529,Sunday
1805,<A>,267,2021-02-07T23:12:25-05:00[America/New_York],2021-02-07T23:16:52-05:00[America/New_York],Yes,2021-02-07,83545,Sunday
1805,B,14,2021-02-07T23:16:52-05:00[America/New_York],2021-02-07T23:17:06-05:00[America/New_York],Yes,2021-02-07,83812,Sunday
1805,<A>,34,2021-02-07T23:17:06-05:00[America/New_York],2021-02-07T23:17:40-05:00[America/New_York],Yes,2021-02-07,83826,Sunday
1805,B,15,2021-02-07T23:17:40-05:00[America/New_York],2021-02-07T23:17:55-05:00[America/New_York],Yes,2021-02-07,83860,Sunday
1805,<A>,462,2021-02-07T23:17:55-05:00[America/New_York],2021-02-07T23:25:37-05:00[America/New_York],Yes,2021-02-07,83875,Sunday
1805,B,14,2021-02-07T23:25:37-05:00[America/New_York],2021-02-07T23:25:51-05:00[America/New_York],Yes,2021-02-07,84337,Sunday
1805,<A>,53,2021-02-07T23:25:51-05:00[America/New_York],2021-02-07T23:26:44-05:00[America/New_York],Yes,2021-02-07,84351,Sunday
1805,B,14,2021-02-07T23:26:44-05:00[America/New_York],2021-02-07T23:26:58-05:00[America/New_York],Yes,2021-02-07,84404,Sunday
1805,<A>,183,2021-02-07T23:26:58-05:00[America/New_York],2021-02-07T23:30:01-05:00[America/New_York],NA,2021-02-07,84418,Sunday
1805,B,14,2021-02-07T23:30:01-05:00[America/New_York],2021-02-07T23:30:15-05:00[America/New_York],Yes,2021-02-07,84601,Sunday
1805,<A>,178,2021-02-07T23:30:15-05:00[America/New_York],2021-02-07T23:33:13-05:00[America/New_York],NA,2021-02-07,84615,Sunday
1805,B,14,2021-02-07T23:33:13-05:00[America/New_York],2021-02-07T23:33:27-05:00[America/New_York],Yes,2021-02-07,84793,Sunday
1805,<A>,101,2021-02-07T23:33:27-05:00[America/New_York],2021-02-07T23:35:08-05:00[America/New_York],NA,2021-02-07,84807,Sunday
1805,B,14,2021-02-07T23:35:08-05:00[America/New_York],2021-02-07T23:35:22-05:00[America/New_York],Yes,2021-02-07,84908,Sunday
1805,<A>,245,2021-02-07T23:35:22-05:00[America/New_York],2021-02-07T23:39:27-05:00[America/New_York],Yes,2021-02-07,84922,Sunday
1805,B,14,2021-02-07T23:39:27-05:00[America/New_York],2021-02-07T23:39:41-05:00[America/New_York],Yes,2021-02-07,85167,Sunday
1805,<A>,366,2021-02-07T23:39:41-05:00[America/New_York],2021-02-07T23:45:47-05:00[America/New_York],Yes,2021-02-07,85181,Sunday
1805,B,15,2021-02-07T23:45:47-05:00[America/New_York],2021-02-07T23:46:02-05:00[America/New_York],Yes,2021-02-07,85547,Sunday
1805,<A>,216,2021-02-07T23:46:02-05:00[America/New_York],2021-02-07T23:49:38-05:00[America/New_York],Yes,2021-02-07,85562,Sunday
1805,B,14,2021-02-07T23:49:38-05:00[America/New_York],2021-02-07T23:49:52-05:00[America/New_York],Yes,2021-02-07,85778,Sunday
1805,<A>,142,2021-02-07T23:49:52-05:00[America/New_York],2021-02-07T23:52:14-05:00[America/New_York],Yes,2021-02-07,85792,Sunday
1805,B,15,2021-02-07T23:52:14-05:00[America/New_York],2021-02-07T23:52:29-05:00[America/New_York],Yes,2021-02-07,85934,Sunday
1805,<A>,87,2021-02-07T23:52:29-05:00[America/New_York],2021-02-07T23:53:56-05:00[America/New_York],NA,2021-02-07,85949,Sunday
1805,B,18,2021-02-07T23:53:56-05:00[America/New_York],2021-02-07T23:54:14-05:00[America/New_York],Yes,2021-02-07,86036,Sunday
1805,<A>,140,2021-02-07T23:54:14-05:00[America/New_York],2021-02-07T23:56:34-05:00[America/New_York],Yes,2021-02-07,86054,Sunday
1805,B,14,2021-02-07T23:56:34-05:00[America/New_York],2021-02-07T23:56:48-05:00[America/New_York],Yes,2021-02-07,86194,Sunday
1805,<A>,191,2021-02-07T23:56:48-05:00[America/New_York],2021-02-07T23:59:59-05:00[America/New_York],NA,2021-02-07,86208,Sunday
1806,<A>,644,2021-02-07T00:00:32-05:00[America/New_York],2021-02-07T00:11:16-05:00[America/New_York],Yes,2021-02-07,32,Sunday
1806,B,13,2021-02-07T00:11:16-05:00[America/New_York],2021-02-07T00:11:29-05:00[America/New_York],Yes,2021-02-07,676,Sunday
1806,<A>,274,2021-02-07T00:11:29-05:00[America/New_York],2021-02-07T00:16:03-05:00[America/New_York],NA,2021-02-07,689,Sunday
1806,B,13,2021-02-07T00:16:03-05:00[America/New_York],2021-02-07T00:16:16-05:00[America/New_York],Yes,2021-02-07,963,Sunday
1806,<A>,208,2021-02-07T00:16:16-05:00[America/New_York],2021-02-07T00:19:44-05:00[America/New_York],NA,2021-02-07,976,Sunday
1806,B,14,2021-02-07T00:19:44-05:00[America/New_York],2021-02-07T00:19:58-05:00[America/New_York],Yes,2021-02-07,1184,Sunday
1806,<A>,890,2021-02-07T00:19:58-05:00[America/New_York],2021-02-07T00:34:48-05:00[America/New_York],NA,2021-02-07,1198,Sunday
1806,B,13,2021-02-07T00:34:48-05:00[America/New_York],2021-02-07T00:35:01-05:00[America/New_York],Yes,2021-02-07,2088,Sunday
1806,<A>,294,2021-02-07T00:35:01-05:00[America/New_York],2021-02-07T00:39:55-05:00[America/New_York],NA,2021-02-07,2101,Sunday
1806,B,13,2021-02-07T00:39:55-05:00[America/New_York],2021-02-07T00:40:08-05:00[America/New_York],Yes,2021-02-07,2395,Sunday
1806,<A>,372,2021-02-07T00:40:08-05:00[America/New_York],2021-02-07T00:46:20-05:00[America/New_York],NA,2021-02-07,2408,Sunday
1806,B,13,2021-02-07T00:46:20-05:00[America/New_York],2021-02-07T00:46:33-05:00[America/New_York],Yes,2021-02-07,2780,Sunday
1806,<A>,812,2021-02-07T00:46:33-05:00[America/New_York],2021-02-07T01:00:05-05:00[America/New_York],Yes,2021-02-07,2793,Sunday
1806,B,13,2021-02-07T01:00:05-05:00[America/New_York],2021-02-07T01:00:18-05:00[America/New_York],Yes,2021-02-07,3605,Sunday
1806,<A>,905,2021-02-07T01:00:18-05:00[America/New_York],2021-02-07T01:15:23-05:00[America/New_York],Yes,2021-02-07,3618,Sunday
1806,B,13,2021-02-07T01:15:23-05:00[America/New_York],2021-02-07T01:15:36-05:00[America/New_York],Yes,2021-02-07,4523,Sunday
1806,<A>,571,2021-02-07T01:15:36-05:00[America/New_York],2021-02-07T01:25:07-05:00[America/New_York],NA,2021-02-07,4536,Sunday
1806,B,13,2021-02-07T01:25:07-05:00[America/New_York],2021-02-07T01:25:20-05:00[America/New_York],Yes,2021-02-07,5107,Sunday
1806,<A>,346,2021-02-07T01:25:20-05:00[America/New_York],2021-02-07T01:31:06-05:00[America/New_York],Yes,2021-02-07,5120,Sunday
1806,B,13,2021-02-07T01:31:06-05:00[America/New_York],2021-02-07T01:31:19-05:00[America/New_York],Yes,2021-02-07,5466,Sunday
1806,<A>,764,2021-02-07T01:31:19-05:00[America/New_York],2021-02-07T01:44:03-05:00[America/New_York],NA,2021-02-07,5479,Sunday
1806,B,13,2021-02-07T01:44:03-05:00[America/New_York],2021-02-07T01:44:16-05:00[America/New_York],Yes,2021-02-07,6243,Sunday
1806,<A>,172,2021-02-07T01:44:16-05:00[America/New_York],2021-02-07T01:47:08-05:00[America/New_York],NA,2021-02-07,6256,Sunday
1806,B,13,2021-02-07T01:47:08-05:00[America/New_York],2021-02-07T01:47:21-05:00[America/New_York],Yes,2021-02-07,6428,Sunday
1806,<A>,1380,2021-02-07T01:47:21-05:00[America/New_York],2021-02-07T02:10:21-05:00[America/New_York],Yes,2021-02-07,6441,Sunday
1806,B,13,2021-02-07T02:10:21-05:00[America/New_York],2021-02-07T02:10:34-05:00[America/New_York],Yes,2021-02-07,7821,Sunday
1806,<A>,183,2021-02-07T02:10:34-05:00[America/New_York],2021-02-07T02:13:37-05:00[America/New_York],NA,2021-02-07,7834,Sunday
1806,B,13,2021-02-07T02:13:37-05:00[America/New_York],2021-02-07T02:13:50-05:00[America/New_York],Yes,2021-02-07,8017,Sunday
1806,<A>,671,2021-02-07T02:13:50-05:00[America/New_York],2021-02-07T02:25:01-05:00[America/New_York],NA,2021-02-07,8030,Sunday
1806,B,15,2021-02-07T02:25:01-05:00[America/New_York],2021-02-07T02:25:16-05:00[America/New_York],Yes,2021-02-07,8701,Sunday
1806,<A>,358,2021-02-07T02:25:16-05:00[America/New_York],2021-02-07T02:31:14-05:00[America/New_York],NA,2021-02-07,8716,Sunday
1806,B,13,2021-02-07T02:31:14-05:00[America/New_York],2021-02-07T02:31:27-05:00[America/New_York],Yes,2021-02-07,9074,Sunday
1806,<A>,572,2021-02-07T02:31:27-05:00[America/New_York],2021-02-07T02:40:59-05:00[America/New_York],NA,2021-02-07,9087,Sunday
1806,B,15,2021-02-07T02:40:59-05:00[America/New_York],2021-02-07T02:41:14-05:00[America/New_York],Yes,2021-02-07,9659,Sunday
1806,<A>,103,2021-02-07T02:41:14-05:00[America/New_York],2021-02-07T02:42:57-05:00[America/New_York],NA,2021-02-07,9674,Sunday
1806,B,13,2021-02-07T02:42:57-05:00[America/New_York],2021-02-07T02:43:10-05:00[America/New_York],Yes,2021-02-07,9777,Sunday
1806,<A>,726,2021-02-07T02:43:10-05:00[America/New_York],2021-02-07T02:55:16-05:00[America/New_York],Yes,2021-02-07,9790,Sunday
1806,B,13,2021-02-07T02:55:16-05:00[America/New_York],2021-02-07T02:55:29-05:00[America/New_York],Yes,2021-02-07,10516,Sunday
1806,<A>,2068,2021-02-07T02:55:29-05:00[America/New_York],2021-02-07T03:29:57-05:00[America/New_York],NA,2021-02-07,10529,Sunday
1806,B,13,2021-02-07T03:29:57-05:00[America/New_York],2021-02-07T03:30:10-05:00[America/New_York],Yes,2021-02-07,12597,Sunday
1806,<A>,1621,2021-02-07T03:30:10-05:00[America/New_York],2021-02-07T03:57:11-05:00[America/New_York],NA,2021-02-07,12610,Sunday
1806,B,13,2021-02-07T03:57:11-05:00[America/New_York],2021-02-07T03:57:24-05:00[America/New_York],Yes,2021-02-07,14231,Sunday
1806,<A>,778,2021-02-07T03:57:24-05:00[America/New_York],2021-02-07T04:10:22-05:00[America/New_York],NA,2021-02-07,14244,Sunday
1806,B,14,2021-02-07T04:10:22-05:00[America/New_York],2021-02-07T04:10:36-05:00[America/New_York],Yes,2021-02-07,15022,Sunday
1806,<A>,1153,2021-02-07T04:10:36-05:00[America/New_York],2021-02-07T04:29:49-05:00[America/New_York],NA,2021-02-07,15036,Sunday
1806,B,13,2021-02-07T04:29:49-05:00[America/New_York],2021-02-07T04:30:02-05:00[America/New_York],Yes,2021-02-07,16189,Sunday
1806,<A>,831,2021-02-07T04:30:02-05:00[America/New_York],2021-02-07T04:43:53-05:00[America/New_York],NA,2021-02-07,16202,Sunday
1806,B,13,2021-02-07T04:43:53-05:00[America/New_York],2021-02-07T04:44:06-05:00[America/New_York],Yes,2021-02-07,17033,Sunday
1806,<A>,621,2021-02-07T04:44:06-05:00[America/New_York],2021-02-07T04:54:27-05:00[America/New_York],Yes,2021-02-07,17046,Sunday
1806,B,23,2021-02-07T04:54:27-05:00[America/New_York],2021-02-07T04:54:50-05:00[America/New_York],NA,2021-02-07,17667,Sunday
1806,<A>,109,2021-02-07T04:54:50-05:00[America/New_York],2021-02-07T04:56:39-05:00[America/New_York],NA,2021-02-07,17690,Sunday
1806,B,13,2021-02-07T04:56:39-05:00[America/New_York],2021-02-07T04:56:52-05:00[America/New_York],Yes,2021-02-07,17799,Sunday
1806,<A>,868,2021-02-07T04:56:52-05:00[America/New_York],2021-02-07T05:11:20-05:00[America/New_York],NA,2021-02-07,17812,Sunday
1806,B,13,2021-02-07T05:11:20-05:00[America/New_York],2021-02-07T05:11:33-05:00[America/New_York],Yes,2021-02-07,18680,Sunday
1806,<A>,379,2021-02-07T05:11:33-05:00[America/New_York],2021-02-07T05:17:52-05:00[America/New_York],NA,2021-02-07,18693,Sunday
1806,B,14,2021-02-07T05:17:52-05:00[America/New_York],2021-02-07T05:18:06-05:00[America/New_York],Yes,2021-02-07,19072,Sunday
1806,<A>,140,2021-02-07T05:18:06-05:00[America/New_York],2021-02-07T05:20:26-05:00[America/New_York],Yes,2021-02-07,19086,Sunday
1806,B,13,2021-02-07T05:20:26-05:00[America/New_York],2021-02-07T05:20:39-05:00[America/New_York],Yes,2021-02-07,19226,Sunday
1806,<A>,75,2021-02-07T05:20:39-05:00[America/New_York],2021-02-07T05:21:54-05:00[America/New_York],NA,2021-02-07,19239,Sunday
1806,B,13,2021-02-07T05:21:54-05:00[America/New_York],2021-02-07T05:22:07-05:00[America/New_York],Yes,2021-02-07,19314,Sunday
1806,<A>,1212,2021-02-07T05:22:07-05:00[America/New_York],2021-02-07T05:42:19-05:00[America/New_York],NA,2021-02-07,19327,Sunday
1806,B,13,2021-02-07T05:42:19-05:00[America/New_York],2021-02-07T05:42:32-05:00[America/New_York],Yes,2021-02-07,20539,Sunday
1806,<A>,82,2021-02-07T05:42:32-05:00[America/New_York],2021-02-07T05:43:54-05:00[America/New_York],NA,2021-02-07,20552,Sunday
1806,B,13,2021-02-07T05:43:54-05:00[America/New_York],2021-02-07T05:44:07-05:00[America/New_York],Yes,2021-02-07,20634,Sunday
1806,<A>,572,2021-02-07T05:44:07-05:00[America/New_York],2021-02-07T05:53:39-05:00[America/New_York],NA,2021-02-07,20647,Sunday
1806,B,13,2021-02-07T05:53:39-05:00[America/New_York],2021-02-07T05:53:52-05:00[America/New_York],Yes,2021-02-07,21219,Sunday
1806,<A>,687,2021-02-07T05:53:52-05:00[America/New_York],2021-02-07T06:05:19-05:00[America/New_York],NA,2021-02-07,21232,Sunday
1806,B,13,2021-02-07T06:05:19-05:00[America/New_York],2021-02-07T06:05:32-05:00[America/New_York],Yes,2021-02-07,21919,Sunday
1806,<A>,333,2021-02-07T06:05:32-05:00[America/New_York],2021-02-07T06:11:05-05:00[America/New_York],Yes,2021-02-07,21932,Sunday
1806,B,13,2021-02-07T06:11:05-05:00[America/New_York],2021-02-07T06:11:18-05:00[America/New_York],Yes,2021-02-07,22265,Sunday
1806,<A>,135,2021-02-07T06:11:18-05:00[America/New_York],2021-02-07T06:13:33-05:00[America/New_York],Yes,2021-02-07,22278,Sunday
1806,B,13,2021-02-07T06:13:33-05:00[America/New_York],2021-02-07T06:13:46-05:00[America/New_York],Yes,2021-02-07,22413,Sunday
1806,<A>,820,2021-02-07T06:13:46-05:00[America/New_York],2021-02-07T06:27:26-05:00[America/New_York],Yes,2021-02-07,22426,Sunday
1806,B,13,2021-02-07T06:27:26-05:00[America/New_York],2021-02-07T06:27:39-05:00[America/New_York],Yes,2021-02-07,23246,Sunday
1806,<A>,179,2021-02-07T06:27:39-05:00[America/New_York],2021-02-07T06:30:38-05:00[America/New_York],NA,2021-02-07,23259,Sunday
1806,B,13,2021-02-07T06:30:38-05:00[America/New_York],2021-02-07T06:30:51-05:00[America/New_York],Yes,2021-02-07,23438,Sunday
1806,<A>,175,2021-02-07T06:30:51-05:00[America/New_York],2021-02-07T06:33:46-05:00[America/New_York],NA,2021-02-07,23451,Sunday
1806,B,13,2021-02-07T06:33:46-05:00[America/New_York],2021-02-07T06:33:59-05:00[America/New_York],Yes,2021-02-07,23626,Sunday
1806,<A>,116,2021-02-07T06:33:59-05:00[America/New_York],2021-02-07T06:35:55-05:00[America/New_York],NA,2021-02-07,23639,Sunday
1806,B,13,2021-02-07T06:35:55-05:00[America/New_York],2021-02-07T06:36:08-05:00[America/New_York],Yes,2021-02-07,23755,Sunday
1806,<A>,549,2021-02-07T06:36:08-05:00[America/New_York],2021-02-07T06:45:17-05:00[America/New_York],NA,2021-02-07,23768,Sunday
1806,B,13,2021-02-07T06:45:17-05:00[America/New_York],2021-02-07T06:45:30-05:00[America/New_York],Yes,2021-02-07,24317,Sunday
1806,<A>,111,2021-02-07T06:45:30-05:00[America/New_York],2021-02-07T06:47:21-05:00[America/New_York],NA,2021-02-07,24330,Sunday
1806,B,13,2021-02-07T06:47:21-05:00[America/New_York],2021-02-07T06:47:34-05:00[America/New_York],Yes,2021-02-07,24441,Sunday
1806,<A>,82,2021-02-07T06:47:34-05:00[America/New_York],2021-02-07T06:48:56-05:00[America/New_York],NA,2021-02-07,24454,Sunday
1806,B,17,2021-02-07T06:48:56-05:00[America/New_York],2021-02-07T06:49:13-05:00[America/New_York],Yes,2021-02-07,24536,Sunday
1806,<A>,79,2021-02-07T06:49:13-05:00[America/New_York],2021-02-07T06:50:32-05:00[America/New_York],NA,2021-02-07,24553,Sunday
1806,B,13,2021-02-07T06:50:32-05:00[America/New_York],2021-02-07T06:50:45-05:00[America/New_York],Yes,2021-02-07,24632,Sunday
1806,<A>,85,2021-02-07T06:50:45-05:00[America/New_York],2021-02-07T06:52:10-05:00[America/New_York],NA,2021-02-07,24645,Sunday
1806,B,13,2021-02-07T06:52:10-05:00[America/New_York],2021-02-07T06:52:23-05:00[America/New_York],Yes,2021-02-07,24730,Sunday
1806,<A>,302,2021-02-07T06:52:23-05:00[America/New_York],2021-02-07T06:57:25-05:00[America/New_York],NA,2021-02-07,24743,Sunday
1806,B,13,2021-02-07T06:57:25-05:00[America/New_York],2021-02-07T06:57:38-05:00[America/New_York],Yes,2021-02-07,25045,Sunday
1806,<A>,141,2021-02-07T06:57:38-05:00[America/New_York],2021-02-07T06:59:59-05:00[America/New_York],Yes,2021-02-07,25058,Sunday
1806,B,13,2021-02-07T06:59:59-05:00[America/New_York],2021-02-07T07:00:12-05:00[America/New_York],Yes,2021-02-07,25199,Sunday
1806,<A>,97,2021-02-07T07:00:12-05:00[America/New_York],2021-02-07T07:01:49-05:00[America/New_York],NA,2021-02-07,25212,Sunday
1806,B,13,2021-02-07T07:01:49-05:00[America/New_York],2021-02-07T07:02:02-05:00[America/New_York],Yes,2021-02-07,25309,Sunday
1806,<A>,82,2021-02-07T07:02:02-05:00[America/New_York],2021-02-07T07:03:24-05:00[America/New_York],NA,2021-02-07,25322,Sunday
1806,B,16,2021-02-07T07:03:24-05:00[America/New_York],2021-02-07T07:03:40-05:00[America/New_York],Yes,2021-02-07,25404,Sunday
1806,<A>,79,2021-02-07T07:03:40-05:00[America/New_York],2021-02-07T07:04:59-05:00[America/New_York],NA,2021-02-07,25420,Sunday
1806,B,23,2021-02-07T07:04:59-05:00[America/New_York],2021-02-07T07:05:22-05:00[America/New_York],NA,2021-02-07,25499,Sunday
1806,<A>,105,2021-02-07T07:05:22-05:00[America/New_York],2021-02-07T07:07:07-05:00[America/New_York],NA,2021-02-07,25522,Sunday
1806,B,17,2021-02-07T07:07:07-05:00[America/New_York],2021-02-07T07:07:24-05:00[America/New_York],Yes,2021-02-07,25627,Sunday
1806,<A>,78,2021-02-07T07:07:24-05:00[America/New_York],2021-02-07T07:08:42-05:00[America/New_York],NA,2021-02-07,25644,Sunday
1806,B,19,2021-02-07T07:08:42-05:00[America/New_York],2021-02-07T07:09:01-05:00[America/New_York],Yes,2021-02-07,25722,Sunday
1806,<A>,230,2021-02-07T07:09:01-05:00[America/New_York],2021-02-07T07:12:51-05:00[America/New_York],Yes,2021-02-07,25741,Sunday
1806,B,13,2021-02-07T07:12:51-05:00[America/New_York],2021-02-07T07:13:04-05:00[America/New_York],Yes,2021-02-07,25971,Sunday
1806,<A>,72,2021-02-07T07:13:04-05:00[America/New_York],2021-02-07T07:14:16-05:00[America/New_York],NA,2021-02-07,25984,Sunday
1806,B,13,2021-02-07T07:14:16-05:00[America/New_York],2021-02-07T07:14:29-05:00[America/New_York],Yes,2021-02-07,26056,Sunday
1806,<A>,82,2021-02-07T07:14:29-05:00[America/New_York],2021-02-07T07:15:51-05:00[America/New_York],NA,2021-02-07,26069,Sunday
1806,B,15,2021-02-07T07:15:51-05:00[America/New_York],2021-02-07T07:16:06-05:00[America/New_York],Yes,2021-02-07,26151,Sunday
1806,<A>,80,2021-02-07T07:16:06-05:00[America/New_York],2021-02-07T07:17:26-05:00[America/New_York],NA,2021-02-07,26166,Sunday
1806,B,16,2021-02-07T07:17:26-05:00[America/New_York],2021-02-07T07:17:42-05:00[America/New_York],Yes,2021-02-07,26246,Sunday
1806,<A>,79,2021-02-07T07:17:42-05:00[America/New_York],2021-02-07T07:19:01-05:00[America/New_York],NA,2021-02-07,26262,Sunday
1806,B,13,2021-02-07T07:19:01-05:00[America/New_York],2021-02-07T07:19:14-05:00[America/New_York],Yes,2021-02-07,26341,Sunday
1806,<A>,82,2021-02-07T07:19:14-05:00[America/New_York],2021-02-07T07:20:36-05:00[America/New_York],NA,2021-02-07,26354,Sunday
1806,B,13,2021-02-07T07:20:36-05:00[America/New_York],2021-02-07T07:20:49-05:00[America/New_York],Yes,2021-02-07,26436,Sunday
1806,<A>,134,2021-02-07T07:20:49-05:00[America/New_York],2021-02-07T07:23:03-05:00[America/New_York],Yes,2021-02-07,26449,Sunday
1806,B,21,2021-02-07T07:23:03-05:00[America/New_York],2021-02-07T07:23:24-05:00[America/New_York],Yes,2021-02-07,26583,Sunday
1806,<A>,175,2021-02-07T07:23:24-05:00[America/New_York],2021-02-07T07:26:19-05:00[America/New_York],NA,2021-02-07,26604,Sunday
1806,B,13,2021-02-07T07:26:19-05:00[America/New_York],2021-02-07T07:26:32-05:00[America/New_York],Yes,2021-02-07,26779,Sunday
1806,<A>,82,2021-02-07T07:26:32-05:00[America/New_York],2021-02-07T07:27:54-05:00[America/New_York],NA,2021-02-07,26792,Sunday
1806,B,13,2021-02-07T07:27:54-05:00[America/New_York],2021-02-07T07:28:07-05:00[America/New_York],Yes,2021-02-07,26874,Sunday
1806,<A>,167,2021-02-07T07:28:07-05:00[America/New_York],2021-02-07T07:30:54-05:00[America/New_York],NA,2021-02-07,26887,Sunday
1806,B,13,2021-02-07T07:30:54-05:00[America/New_York],2021-02-07T07:31:07-05:00[America/New_York],Yes,2021-02-07,27054,Sunday
1806,<A>,82,2021-02-07T07:31:07-05:00[America/New_York],2021-02-07T07:32:29-05:00[America/New_York],NA,2021-02-07,27067,Sunday
1806,B,13,2021-02-07T07:32:29-05:00[America/New_York],2021-02-07T07:32:42-05:00[America/New_York],Yes,2021-02-07,27149,Sunday
1806,<A>,82,2021-02-07T07:32:42-05:00[America/New_York],2021-02-07T07:34:04-05:00[America/New_York],NA,2021-02-07,27162,Sunday
1806,B,13,2021-02-07T07:34:04-05:00[America/New_York],2021-02-07T07:34:17-05:00[America/New_York],Yes,2021-02-07,27244,Sunday
1806,<A>,82,2021-02-07T07:34:17-05:00[America/New_York],2021-02-07T07:35:39-05:00[America/New_York],NA,2021-02-07,27257,Sunday
1806,B,16,2021-02-07T07:35:39-05:00[America/New_York],2021-02-07T07:35:55-05:00[America/New_York],Yes,2021-02-07,27339,Sunday
1806,<A>,89,2021-02-07T07:35:55-05:00[America/New_York],2021-02-07T07:37:24-05:00[America/New_York],NA,2021-02-07,27355,Sunday
1806,B,17,2021-02-07T07:37:24-05:00[America/New_York],2021-02-07T07:37:41-05:00[America/New_York],Yes,2021-02-07,27444,Sunday
1806,<A>,78,2021-02-07T07:37:41-05:00[America/New_York],2021-02-07T07:38:59-05:00[America/New_York],NA,2021-02-07,27461,Sunday
1806,B,16,2021-02-07T07:38:59-05:00[America/New_York],2021-02-07T07:39:15-05:00[America/New_York],Yes,2021-02-07,27539,Sunday
1806,<A>,101,2021-02-07T07:39:15-05:00[America/New_York],2021-02-07T07:40:56-05:00[America/New_York],NA,2021-02-07,27555,Sunday
1806,B,14,2021-02-07T07:40:56-05:00[America/New_York],2021-02-07T07:41:10-05:00[America/New_York],Yes,2021-02-07,27656,Sunday
1806,<A>,87,2021-02-07T07:41:10-05:00[America/New_York],2021-02-07T07:42:37-05:00[America/New_York],NA,2021-02-07,27670,Sunday
1806,B,13,2021-02-07T07:42:37-05:00[America/New_York],2021-02-07T07:42:50-05:00[America/New_York],Yes,2021-02-07,27757,Sunday
1806,<A>,262,2021-02-07T07:42:50-05:00[America/New_York],2021-02-07T07:47:12-05:00[America/New_York],NA,2021-02-07,27770,Sunday
1806,B,19,2021-02-07T07:47:12-05:00[America/New_York],2021-02-07T07:47:31-05:00[America/New_York],NA,2021-02-07,28032,Sunday
1806,<A>,61,2021-02-07T07:47:31-05:00[America/New_York],2021-02-07T07:48:32-05:00[America/New_York],NA,2021-02-07,28051,Sunday
1806,B,15,2021-02-07T07:48:32-05:00[America/New_York],2021-02-07T07:48:47-05:00[America/New_York],Yes,2021-02-07,28112,Sunday
1806,<A>,92,2021-02-07T07:48:47-05:00[America/New_York],2021-02-07T07:50:19-05:00[America/New_York],NA,2021-02-07,28127,Sunday
1806,B,13,2021-02-07T07:50:19-05:00[America/New_York],2021-02-07T07:50:32-05:00[America/New_York],Yes,2021-02-07,28219,Sunday
1806,<A>,119,2021-02-07T07:50:32-05:00[America/New_York],2021-02-07T07:52:31-05:00[America/New_York],NA,2021-02-07,28232,Sunday
1806,B,13,2021-02-07T07:52:31-05:00[America/New_York],2021-02-07T07:52:44-05:00[America/New_York],Yes,2021-02-07,28351,Sunday
1806,<A>,190,2021-02-07T07:52:44-05:00[America/New_York],2021-02-07T07:55:54-05:00[America/New_York],NA,2021-02-07,28364,Sunday
1806,B,13,2021-02-07T07:55:54-05:00[America/New_York],2021-02-07T07:56:07-05:00[America/New_York],Yes,2021-02-07,28554,Sunday
1806,<A>,88,2021-02-07T07:56:07-05:00[America/New_York],2021-02-07T07:57:35-05:00[America/New_York],NA,2021-02-07,28567,Sunday
1806,B,13,2021-02-07T07:57:35-05:00[America/New_York],2021-02-07T07:57:48-05:00[America/New_York],Yes,2021-02-07,28655,Sunday
1806,<A>,117,2021-02-07T07:57:48-05:00[America/New_York],2021-02-07T07:59:45-05:00[America/New_York],NA,2021-02-07,28668,Sunday
1806,B,15,2021-02-07T07:59:45-05:00[America/New_York],2021-02-07T08:00:00-05:00[America/New_York],Yes,2021-02-07,28785,Sunday
1806,<A>,268,2021-02-07T08:00:00-05:00[America/New_York],2021-02-07T08:04:28-05:00[America/New_York],Yes,2021-02-07,28800,Sunday
1806,B,13,2021-02-07T08:04:28-05:00[America/New_York],2021-02-07T08:04:41-05:00[America/New_York],Yes,2021-02-07,29068,Sunday
1806,<A>,95,2021-02-07T08:04:41-05:00[America/New_York],2021-02-07T08:06:16-05:00[America/New_York],NA,2021-02-07,29081,Sunday
1806,B,15,2021-02-07T08:06:16-05:00[America/New_York],2021-02-07T08:06:31-05:00[America/New_York],Yes,2021-02-07,29176,Sunday
1806,<A>,85,2021-02-07T08:06:31-05:00[America/New_York],2021-02-07T08:07:56-05:00[America/New_York],NA,2021-02-07,29191,Sunday
1806,B,13,2021-02-07T08:07:56-05:00[America/New_York],2021-02-07T08:08:09-05:00[America/New_York],Yes,2021-02-07,29276,Sunday
1806,<A>,87,2021-02-07T08:08:09-05:00[America/New_York],2021-02-07T08:09:36-05:00[America/New_York],NA,2021-02-07,29289,Sunday
1806,B,14,2021-02-07T08:09:36-05:00[America/New_York],2021-02-07T08:09:50-05:00[America/New_York],Yes,2021-02-07,29376,Sunday
1806,<A>,86,2021-02-07T08:09:50-05:00[America/New_York],2021-02-07T08:11:16-05:00[America/New_York],NA,2021-02-07,29390,Sunday
1806,B,13,2021-02-07T08:11:16-05:00[America/New_York],2021-02-07T08:11:29-05:00[America/New_York],Yes,2021-02-07,29476,Sunday
1806,<A>,87,2021-02-07T08:11:29-05:00[America/New_York],2021-02-07T08:12:56-05:00[America/New_York],NA,2021-02-07,29489,Sunday
1806,B,17,2021-02-07T08:12:56-05:00[America/New_York],2021-02-07T08:13:13-05:00[America/New_York],Yes,2021-02-07,29576,Sunday
1806,<A>,93,2021-02-07T08:13:13-05:00[America/New_York],2021-02-07T08:14:46-05:00[America/New_York],NA,2021-02-07,29593,Sunday
1806,B,13,2021-02-07T08:14:46-05:00[America/New_York],2021-02-07T08:14:59-05:00[America/New_York],Yes,2021-02-07,29686,Sunday
1806,<A>,87,2021-02-07T08:14:59-05:00[America/New_York],2021-02-07T08:16:26-05:00[America/New_York],NA,2021-02-07,29699,Sunday
1806,B,14,2021-02-07T08:16:26-05:00[America/New_York],2021-02-07T08:16:40-05:00[America/New_York],Yes,2021-02-07,29786,Sunday
1806,<A>,86,2021-02-07T08:16:40-05:00[America/New_York],2021-02-07T08:18:06-05:00[America/New_York],NA,2021-02-07,29800,Sunday
1806,B,16,2021-02-07T08:18:06-05:00[America/New_York],2021-02-07T08:18:22-05:00[America/New_York],Yes,2021-02-07,29886,Sunday
1806,<A>,207,2021-02-07T08:18:22-05:00[America/New_York],2021-02-07T08:21:49-05:00[America/New_York],NA,2021-02-07,29902,Sunday
1806,B,13,2021-02-07T08:21:49-05:00[America/New_York],2021-02-07T08:22:02-05:00[America/New_York],Yes,2021-02-07,30109,Sunday
1806,<A>,87,2021-02-07T08:22:02-05:00[America/New_York],2021-02-07T08:23:29-05:00[America/New_York],NA,2021-02-07,30122,Sunday
1806,B,15,2021-02-07T08:23:29-05:00[America/New_York],2021-02-07T08:23:44-05:00[America/New_York],Yes,2021-02-07,30209,Sunday
1806,<A>,85,2021-02-07T08:23:44-05:00[America/New_York],2021-02-07T08:25:09-05:00[America/New_York],NA,2021-02-07,30224,Sunday
1806,B,13,2021-02-07T08:25:09-05:00[America/New_York],2021-02-07T08:25:22-05:00[America/New_York],Yes,2021-02-07,30309,Sunday
1806,<A>,87,2021-02-07T08:25:22-05:00[America/New_York],2021-02-07T08:26:49-05:00[America/New_York],NA,2021-02-07,30322,Sunday
1806,B,19,2021-02-07T08:26:49-05:00[America/New_York],2021-02-07T08:27:08-05:00[America/New_York],Yes,2021-02-07,30409,Sunday
1806,<A>,192,2021-02-07T08:27:08-05:00[America/New_York],2021-02-07T08:30:20-05:00[America/New_York],NA,2021-02-07,30428,Sunday
1806,B,19,2021-02-07T08:30:20-05:00[America/New_York],2021-02-07T08:30:39-05:00[America/New_York],Yes,2021-02-07,30620,Sunday
1806,<A>,81,2021-02-07T08:30:39-05:00[America/New_York],2021-02-07T08:32:00-05:00[America/New_York],NA,2021-02-07,30639,Sunday
1806,B,21,2021-02-07T08:32:00-05:00[America/New_York],2021-02-07T08:32:21-05:00[America/New_York],Yes,2021-02-07,30720,Sunday
1806,<A>,79,2021-02-07T08:32:21-05:00[America/New_York],2021-02-07T08:33:40-05:00[America/New_York],NA,2021-02-07,30741,Sunday
1806,B,20,2021-02-07T08:33:40-05:00[America/New_York],2021-02-07T08:34:00-05:00[America/New_York],Yes,2021-02-07,30820,Sunday
1806,<A>,80,2021-02-07T08:34:00-05:00[America/New_York],2021-02-07T08:35:20-05:00[America/New_York],NA,2021-02-07,30840,Sunday
1806,B,19,2021-02-07T08:35:20-05:00[America/New_York],2021-02-07T08:35:39-05:00[America/New_York],Yes,2021-02-07,30920,Sunday
1806,<A>,81,2021-02-07T08:35:39-05:00[America/New_York],2021-02-07T08:37:00-05:00[America/New_York],NA,2021-02-07,30939,Sunday
1806,B,13,2021-02-07T08:37:00-05:00[America/New_York],2021-02-07T08:37:13-05:00[America/New_York],Yes,2021-02-07,31020,Sunday
1806,<A>,87,2021-02-07T08:37:13-05:00[America/New_York],2021-02-07T08:38:40-05:00[America/New_York],NA,2021-02-07,31033,Sunday
1806,B,13,2021-02-07T08:38:40-05:00[America/New_York],2021-02-07T08:38:53-05:00[America/New_York],Yes,2021-02-07,31120,Sunday
1806,<A>,87,2021-02-07T08:38:53-05:00[America/New_York],2021-02-07T08:40:20-05:00[America/New_York],NA,2021-02-07,31133,Sunday
1806,B,17,2021-02-07T08:40:20-05:00[America/New_York],2021-02-07T08:40:37-05:00[America/New_York],Yes,2021-02-07,31220,Sunday
1806,<A>,83,2021-02-07T08:40:37-05:00[America/New_York],2021-02-07T08:42:00-05:00[America/New_York],NA,2021-02-07,31237,Sunday
1806,B,15,2021-02-07T08:42:00-05:00[America/New_York],2021-02-07T08:42:15-05:00[America/New_York],Yes,2021-02-07,31320,Sunday
1806,<A>,85,2021-02-07T08:42:15-05:00[America/New_York],2021-02-07T08:43:40-05:00[America/New_York],NA,2021-02-07,31335,Sunday
1806,B,20,2021-02-07T08:43:40-05:00[America/New_York],2021-02-07T08:44:00-05:00[America/New_York],Yes,2021-02-07,31420,Sunday
1806,<A>,80,2021-02-07T08:44:00-05:00[America/New_York],2021-02-07T08:45:20-05:00[America/New_York],NA,2021-02-07,31440,Sunday
1806,B,17,2021-02-07T08:45:20-05:00[America/New_York],2021-02-07T08:45:37-05:00[America/New_York],Yes,2021-02-07,31520,Sunday
1806,<A>,83,2021-02-07T08:45:37-05:00[America/New_York],2021-02-07T08:47:00-05:00[America/New_York],NA,2021-02-07,31537,Sunday
1806,B,18,2021-02-07T08:47:00-05:00[America/New_York],2021-02-07T08:47:18-05:00[America/New_York],Yes,2021-02-07,31620,Sunday
1806,<A>,82,2021-02-07T08:47:18-05:00[America/New_York],2021-02-07T08:48:40-05:00[America/New_York],NA,2021-02-07,31638,Sunday
1806,B,20,2021-02-07T08:48:40-05:00[America/New_York],2021-02-07T08:49:00-05:00[America/New_York],Yes,2021-02-07,31720,Sunday
1806,<A>,82,2021-02-07T08:49:00-05:00[America/New_York],2021-02-07T08:50:22-05:00[America/New_York],NA,2021-02-07,31740,Sunday
1806,B,17,2021-02-07T08:50:22-05:00[America/New_York],2021-02-07T08:50:39-05:00[America/New_York],Yes,2021-02-07,31822,Sunday
1806,<A>,83,2021-02-07T08:50:39-05:00[America/New_York],2021-02-07T08:52:02-05:00[America/New_York],NA,2021-02-07,31839,Sunday
1806,B,41,2021-02-07T08:52:02-05:00[America/New_York],2021-02-07T08:52:43-05:00[America/New_York],NA,2021-02-07,31922,Sunday
1806,<A>,167,2021-02-07T08:52:43-05:00[America/New_York],2021-02-07T08:55:30-05:00[America/New_York],Yes,2021-02-07,31963,Sunday
1806,B,15,2021-02-07T08:55:30-05:00[America/New_York],2021-02-07T08:55:45-05:00[America/New_York],Yes,2021-02-07,32130,Sunday
1806,<A>,94,2021-02-07T08:55:45-05:00[America/New_York],2021-02-07T08:57:19-05:00[America/New_York],NA,2021-02-07,32145,Sunday
1806,B,16,2021-02-07T08:57:19-05:00[America/New_York],2021-02-07T08:57:35-05:00[America/New_York],Yes,2021-02-07,32239,Sunday
1806,<A>,84,2021-02-07T08:57:35-05:00[America/New_York],2021-02-07T08:58:59-05:00[America/New_York],NA,2021-02-07,32255,Sunday
1806,B,19,2021-02-07T08:58:59-05:00[America/New_York],2021-02-07T08:59:18-05:00[America/New_York],Yes,2021-02-07,32339,Sunday
1806,<A>,81,2021-02-07T08:59:18-05:00[America/New_York],2021-02-07T09:00:39-05:00[America/New_York],NA,2021-02-07,32358,Sunday
1806,B,15,2021-02-07T09:00:39-05:00[America/New_York],2021-02-07T09:00:54-05:00[America/New_York],Yes,2021-02-07,32439,Sunday
1806,<A>,85,2021-02-07T09:00:54-05:00[America/New_York],2021-02-07T09:02:19-05:00[America/New_York],NA,2021-02-07,32454,Sunday
1806,B,14,2021-02-07T09:02:19-05:00[America/New_York],2021-02-07T09:02:33-05:00[America/New_York],Yes,2021-02-07,32539,Sunday
1806,<A>,86,2021-02-07T09:02:33-05:00[America/New_York],2021-02-07T09:03:59-05:00[America/New_York],NA,2021-02-07,32553,Sunday
1806,B,41,2021-02-07T09:03:59-05:00[America/New_York],2021-02-07T09:04:40-05:00[America/New_York],NA,2021-02-07,32639,Sunday
1806,<A>,76,2021-02-07T09:04:40-05:00[America/New_York],2021-02-07T09:05:56-05:00[America/New_York],NA,2021-02-07,32680,Sunday
1806,B,13,2021-02-07T09:05:56-05:00[America/New_York],2021-02-07T09:06:09-05:00[America/New_York],Yes,2021-02-07,32756,Sunday
1806,<A>,87,2021-02-07T09:06:09-05:00[America/New_York],2021-02-07T09:07:36-05:00[America/New_York],NA,2021-02-07,32769,Sunday
1806,B,21,2021-02-07T09:07:36-05:00[America/New_York],2021-02-07T09:07:57-05:00[America/New_York],Yes,2021-02-07,32856,Sunday
1806,<A>,123,2021-02-07T09:07:57-05:00[America/New_York],2021-02-07T09:10:00-05:00[America/New_York],NA,2021-02-07,32877,Sunday
1806,B,13,2021-02-07T09:10:00-05:00[America/New_York],2021-02-07T09:10:13-05:00[America/New_York],Yes,2021-02-07,33000,Sunday
1806,<A>,87,2021-02-07T09:10:13-05:00[America/New_York],2021-02-07T09:11:40-05:00[America/New_York],NA,2021-02-07,33013,Sunday
1806,B,13,2021-02-07T09:11:40-05:00[America/New_York],2021-02-07T09:11:53-05:00[America/New_York],Yes,2021-02-07,33100,Sunday
1806,<A>,87,2021-02-07T09:11:53-05:00[America/New_York],2021-02-07T09:13:20-05:00[America/New_York],NA,2021-02-07,33113,Sunday
1806,B,20,2021-02-07T09:13:20-05:00[America/New_York],2021-02-07T09:13:40-05:00[America/New_York],Yes,2021-02-07,33200,Sunday
1806,<A>,80,2021-02-07T09:13:40-05:00[America/New_York],2021-02-07T09:15:00-05:00[America/New_York],NA,2021-02-07,33220,Sunday
1806,B,25,2021-02-07T09:15:00-05:00[America/New_York],2021-02-07T09:15:25-05:00[America/New_York],Yes,2021-02-07,33300,Sunday
1806,<A>,75,2021-02-07T09:15:25-05:00[America/New_York],2021-02-07T09:16:40-05:00[America/New_York],NA,2021-02-07,33325,Sunday
1806,B,15,2021-02-07T09:16:40-05:00[America/New_York],2021-02-07T09:16:55-05:00[America/New_York],Yes,2021-02-07,33400,Sunday
1806,<A>,85,2021-02-07T09:16:55-05:00[America/New_York],2021-02-07T09:18:20-05:00[America/New_York],NA,2021-02-07,33415,Sunday
1806,B,13,2021-02-07T09:18:20-05:00[America/New_York],2021-02-07T09:18:33-05:00[America/New_York],Yes,2021-02-07,33500,Sunday
1806,<A>,87,2021-02-07T09:18:33-05:00[America/New_York],2021-02-07T09:20:00-05:00[America/New_York],NA,2021-02-07,33513,Sunday
1806,B,16,2021-02-07T09:20:00-05:00[America/New_York],2021-02-07T09:20:16-05:00[America/New_York],Yes,2021-02-07,33600,Sunday
1806,<A>,84,2021-02-07T09:20:16-05:00[America/New_York],2021-02-07T09:21:40-05:00[America/New_York],NA,2021-02-07,33616,Sunday
1806,B,17,2021-02-07T09:21:40-05:00[America/New_York],2021-02-07T09:21:57-05:00[America/New_York],Yes,2021-02-07,33700,Sunday
1806,<A>,83,2021-02-07T09:21:57-05:00[America/New_York],2021-02-07T09:23:20-05:00[America/New_York],NA,2021-02-07,33717,Sunday
1806,B,18,2021-02-07T09:23:20-05:00[America/New_York],2021-02-07T09:23:38-05:00[America/New_York],Yes,2021-02-07,33800,Sunday
1806,<A>,82,2021-02-07T09:23:38-05:00[America/New_York],2021-02-07T09:25:00-05:00[America/New_York],NA,2021-02-07,33818,Sunday
1806,B,14,2021-02-07T09:25:00-05:00[America/New_York],2021-02-07T09:25:14-05:00[America/New_York],Yes,2021-02-07,33900,Sunday
1806,<A>,86,2021-02-07T09:25:14-05:00[America/New_York],2021-02-07T09:26:40-05:00[America/New_York],NA,2021-02-07,33914,Sunday
1806,B,18,2021-02-07T09:26:40-05:00[America/New_York],2021-02-07T09:26:58-05:00[America/New_York],Yes,2021-02-07,34000,Sunday
1806,<A>,73,2021-02-07T09:26:58-05:00[America/New_York],2021-02-07T09:28:11-05:00[America/New_York],NA,2021-02-07,34018,Sunday
1806,B,13,2021-02-07T09:28:11-05:00[America/New_York],2021-02-07T09:28:24-05:00[America/New_York],Yes,2021-02-07,34091,Sunday
1806,<A>,88,2021-02-07T09:28:24-05:00[America/New_York],2021-02-07T09:29:52-05:00[America/New_York],NA,2021-02-07,34104,Sunday
1806,B,22,2021-02-07T09:29:52-05:00[America/New_York],2021-02-07T09:30:14-05:00[America/New_York],Yes,2021-02-07,34192,Sunday
1806,<A>,107,2021-02-07T09:30:14-05:00[America/New_York],2021-02-07T09:32:01-05:00[America/New_York],NA,2021-02-07,34214,Sunday
1806,B,20,2021-02-07T09:32:01-05:00[America/New_York],2021-02-07T09:32:21-05:00[America/New_York],Yes,2021-02-07,34321,Sunday
1806,<A>,80,2021-02-07T09:32:21-05:00[America/New_York],2021-02-07T09:33:41-05:00[America/New_York],NA,2021-02-07,34341,Sunday
1806,B,17,2021-02-07T09:33:41-05:00[America/New_York],2021-02-07T09:33:58-05:00[America/New_York],Yes,2021-02-07,34421,Sunday
1806,<A>,83,2021-02-07T09:33:58-05:00[America/New_York],2021-02-07T09:35:21-05:00[America/New_York],NA,2021-02-07,34438,Sunday
1806,B,19,2021-02-07T09:35:21-05:00[America/New_York],2021-02-07T09:35:40-05:00[America/New_York],Yes,2021-02-07,34521,Sunday
1806,<A>,81,2021-02-07T09:35:40-05:00[America/New_York],2021-02-07T09:37:01-05:00[America/New_York],NA,2021-02-07,34540,Sunday
1806,B,22,2021-02-07T09:37:01-05:00[America/New_York],2021-02-07T09:37:23-05:00[America/New_York],Yes,2021-02-07,34621,Sunday
1806,<A>,78,2021-02-07T09:37:23-05:00[America/New_York],2021-02-07T09:38:41-05:00[America/New_York],NA,2021-02-07,34643,Sunday
1806,B,15,2021-02-07T09:38:41-05:00[America/New_York],2021-02-07T09:38:56-05:00[America/New_York],Yes,2021-02-07,34721,Sunday
1806,<A>,85,2021-02-07T09:38:56-05:00[America/New_York],2021-02-07T09:40:21-05:00[America/New_York],NA,2021-02-07,34736,Sunday
1806,B,19,2021-02-07T09:40:21-05:00[America/New_York],2021-02-07T09:40:40-05:00[America/New_York],Yes,2021-02-07,34821,Sunday
1806,<A>,81,2021-02-07T09:40:40-05:00[America/New_York],2021-02-07T09:42:01-05:00[America/New_York],NA,2021-02-07,34840,Sunday
1806,B,13,2021-02-07T09:42:01-05:00[America/New_York],2021-02-07T09:42:14-05:00[America/New_York],Yes,2021-02-07,34921,Sunday
1806,<A>,87,2021-02-07T09:42:14-05:00[America/New_York],2021-02-07T09:43:41-05:00[America/New_York],NA,2021-02-07,34934,Sunday
1806,B,23,2021-02-07T09:43:41-05:00[America/New_York],2021-02-07T09:44:04-05:00[America/New_York],Yes,2021-02-07,35021,Sunday
1806,<A>,77,2021-02-07T09:44:04-05:00[America/New_York],2021-02-07T09:45:21-05:00[America/New_York],NA,2021-02-07,35044,Sunday
1806,B,19,2021-02-07T09:45:21-05:00[America/New_York],2021-02-07T09:45:40-05:00[America/New_York],Yes,2021-02-07,35121,Sunday
1806,<A>,38,2021-02-07T09:45:40-05:00[America/New_York],2021-02-07T09:46:18-05:00[America/New_York],NA,2021-02-07,35140,Sunday
1806,B,16,2021-02-07T09:46:18-05:00[America/New_York],2021-02-07T09:46:34-05:00[America/New_York],Yes,2021-02-07,35178,Sunday
1806,<A>,94,2021-02-07T09:46:34-05:00[America/New_York],2021-02-07T09:48:08-05:00[America/New_York],NA,2021-02-07,35194,Sunday
1806,B,18,2021-02-07T09:48:08-05:00[America/New_York],2021-02-07T09:48:26-05:00[America/New_York],Yes,2021-02-07,35288,Sunday
1806,<A>,74,2021-02-07T09:48:26-05:00[America/New_York],2021-02-07T09:49:40-05:00[America/New_York],NA,2021-02-07,35306,Sunday
1806,B,13,2021-02-07T09:49:40-05:00[America/New_York],2021-02-07T09:49:53-05:00[America/New_York],Yes,2021-02-07,35380,Sunday
1806,<A>,76,2021-02-07T09:49:53-05:00[America/New_York],2021-02-07T09:51:09-05:00[America/New_York],NA,2021-02-07,35393,Sunday
1806,B,20,2021-02-07T09:51:09-05:00[America/New_York],2021-02-07T09:51:29-05:00[America/New_York],Yes,2021-02-07,35469,Sunday
1806,<A>,93,2021-02-07T09:51:29-05:00[America/New_York],2021-02-07T09:53:02-05:00[America/New_York],NA,2021-02-07,35489,Sunday
1806,B,19,2021-02-07T09:53:02-05:00[America/New_York],2021-02-07T09:53:21-05:00[America/New_York],Yes,2021-02-07,35582,Sunday
1806,<A>,110,2021-02-07T09:53:21-05:00[America/New_York],2021-02-07T09:55:11-05:00[America/New_York],NA,2021-02-07,35601,Sunday
1806,B,18,2021-02-07T09:55:11-05:00[America/New_York],2021-02-07T09:55:29-05:00[America/New_York],Yes,2021-02-07,35711,Sunday
1806,<A>,98,2021-02-07T09:55:29-05:00[America/New_York],2021-02-07T09:57:07-05:00[America/New_York],NA,2021-02-07,35729,Sunday
1806,B,16,2021-02-07T09:57:07-05:00[America/New_York],2021-02-07T09:57:23-05:00[America/New_York],Yes,2021-02-07,35827,Sunday
1806,<A>,96,2021-02-07T09:57:23-05:00[America/New_York],2021-02-07T09:58:59-05:00[America/New_York],NA,2021-02-07,35843,Sunday
1806,B,18,2021-02-07T09:58:59-05:00[America/New_York],2021-02-07T09:59:17-05:00[America/New_York],Yes,2021-02-07,35939,Sunday
1806,<A>,96,2021-02-07T09:59:17-05:00[America/New_York],2021-02-07T10:00:53-05:00[America/New_York],NA,2021-02-07,35957,Sunday
1806,B,26,2021-02-07T10:00:53-05:00[America/New_York],2021-02-07T10:01:19-05:00[America/New_York],Yes,2021-02-07,36053,Sunday
1806,<A>,85,2021-02-07T10:01:19-05:00[America/New_York],2021-02-07T10:02:44-05:00[America/New_York],NA,2021-02-07,36079,Sunday
1806,B,14,2021-02-07T10:02:44-05:00[America/New_York],2021-02-07T10:02:58-05:00[America/New_York],Yes,2021-02-07,36164,Sunday
1806,<A>,99,2021-02-07T10:02:58-05:00[America/New_York],2021-02-07T10:04:37-05:00[America/New_York],NA,2021-02-07,36178,Sunday
1806,B,14,2021-02-07T10:04:37-05:00[America/New_York],2021-02-07T10:04:51-05:00[America/New_York],Yes,2021-02-07,36277,Sunday
1806,<A>,80,2021-02-07T10:04:51-05:00[America/New_York],2021-02-07T10:06:11-05:00[America/New_York],NA,2021-02-07,36291,Sunday
1806,B,21,2021-02-07T10:06:11-05:00[America/New_York],2021-02-07T10:06:32-05:00[America/New_York],Yes,2021-02-07,36371,Sunday
1806,<A>,86,2021-02-07T10:06:32-05:00[America/New_York],2021-02-07T10:07:58-05:00[America/New_York],NA,2021-02-07,36392,Sunday
1806,B,23,2021-02-07T10:07:58-05:00[America/New_York],2021-02-07T10:08:21-05:00[America/New_York],Yes,2021-02-07,36478,Sunday
1806,<A>,85,2021-02-07T10:08:21-05:00[America/New_York],2021-02-07T10:09:46-05:00[America/New_York],NA,2021-02-07,36501,Sunday
1806,B,31,2021-02-07T10:09:46-05:00[America/New_York],2021-02-07T10:10:17-05:00[America/New_York],NA,2021-02-07,36586,Sunday
1806,<A>,82,2021-02-07T10:10:17-05:00[America/New_York],2021-02-07T10:11:39-05:00[America/New_York],NA,2021-02-07,36617,Sunday
1806,B,13,2021-02-07T10:11:39-05:00[America/New_York],2021-02-07T10:11:52-05:00[America/New_York],Yes,2021-02-07,36699,Sunday
1806,<A>,84,2021-02-07T10:11:52-05:00[America/New_York],2021-02-07T10:13:16-05:00[America/New_York],NA,2021-02-07,36712,Sunday
1806,B,22,2021-02-07T10:13:16-05:00[America/New_York],2021-02-07T10:13:38-05:00[America/New_York],Yes,2021-02-07,36796,Sunday
1806,<A>,84,2021-02-07T10:13:38-05:00[America/New_York],2021-02-07T10:15:02-05:00[America/New_York],NA,2021-02-07,36818,Sunday
1806,B,13,2021-02-07T10:15:02-05:00[America/New_York],2021-02-07T10:15:15-05:00[America/New_York],Yes,2021-02-07,36902,Sunday
1806,<A>,95,2021-02-07T10:15:15-05:00[America/New_York],2021-02-07T10:16:50-05:00[America/New_York],NA,2021-02-07,36915,Sunday
1806,B,30,2021-02-07T10:16:50-05:00[America/New_York],2021-02-07T10:17:20-05:00[America/New_York],NA,2021-02-07,37010,Sunday
1806,<A>,87,2021-02-07T10:17:20-05:00[America/New_York],2021-02-07T10:18:47-05:00[America/New_York],NA,2021-02-07,37040,Sunday
1806,B,18,2021-02-07T10:18:47-05:00[America/New_York],2021-02-07T10:19:05-05:00[America/New_York],Yes,2021-02-07,37127,Sunday
1806,<A>,101,2021-02-07T10:19:05-05:00[America/New_York],2021-02-07T10:20:46-05:00[America/New_York],NA,2021-02-07,37145,Sunday
1806,B,28,2021-02-07T10:20:46-05:00[America/New_York],2021-02-07T10:21:14-05:00[America/New_York],Yes,2021-02-07,37246,Sunday
1806,<A>,221,2021-02-07T10:21:14-05:00[America/New_York],2021-02-07T10:24:55-05:00[America/New_York],NA,2021-02-07,37274,Sunday
1806,B,23,2021-02-07T10:24:55-05:00[America/New_York],2021-02-07T10:25:18-05:00[America/New_York],NA,2021-02-07,37495,Sunday
1806,<A>,46,2021-02-07T10:25:18-05:00[America/New_York],2021-02-07T10:26:04-05:00[America/New_York],NA,2021-02-07,37518,Sunday
1806,B,25,2021-02-07T10:26:04-05:00[America/New_York],2021-02-07T10:26:29-05:00[America/New_York],Yes,2021-02-07,37564,Sunday
1806,<A>,120,2021-02-07T10:26:29-05:00[America/New_York],2021-02-07T10:28:29-05:00[America/New_York],NA,2021-02-07,37589,Sunday
1806,B,19,2021-02-07T10:28:29-05:00[America/New_York],2021-02-07T10:28:48-05:00[America/New_York],Yes,2021-02-07,37709,Sunday
1806,<A>,99,2021-02-07T10:28:48-05:00[America/New_York],2021-02-07T10:30:27-05:00[America/New_York],NA,2021-02-07,37728,Sunday
1806,B,23,2021-02-07T10:30:27-05:00[America/New_York],2021-02-07T10:30:50-05:00[America/New_York],Yes,2021-02-07,37827,Sunday
1806,<A>,88,2021-02-07T10:30:50-05:00[America/New_York],2021-02-07T10:32:18-05:00[America/New_York],NA,2021-02-07,37850,Sunday
1806,B,20,2021-02-07T10:32:18-05:00[America/New_York],2021-02-07T10:32:38-05:00[America/New_York],Yes,2021-02-07,37938,Sunday
1806,<A>,87,2021-02-07T10:32:38-05:00[America/New_York],2021-02-07T10:34:05-05:00[America/New_York],NA,2021-02-07,37958,Sunday
1806,B,27,2021-02-07T10:34:05-05:00[America/New_York],2021-02-07T10:34:32-05:00[America/New_York],NA,2021-02-07,38045,Sunday
1806,<A>,85,2021-02-07T10:34:32-05:00[America/New_York],2021-02-07T10:35:57-05:00[America/New_York],NA,2021-02-07,38072,Sunday
1806,B,16,2021-02-07T10:35:57-05:00[America/New_York],2021-02-07T10:36:13-05:00[America/New_York],NA,2021-02-07,38157,Sunday
1806,<A>,76,2021-02-07T10:36:13-05:00[America/New_York],2021-02-07T10:37:29-05:00[America/New_York],NA,2021-02-07,38173,Sunday
1806,B,22,2021-02-07T10:37:29-05:00[America/New_York],2021-02-07T10:37:51-05:00[America/New_York],Yes,2021-02-07,38249,Sunday
1806,<A>,91,2021-02-07T10:37:51-05:00[America/New_York],2021-02-07T10:39:22-05:00[America/New_York],NA,2021-02-07,38271,Sunday
1806,B,13,2021-02-07T10:39:22-05:00[America/New_York],2021-02-07T10:39:35-05:00[America/New_York],Yes,2021-02-07,38362,Sunday
1806,<A>,101,2021-02-07T10:39:35-05:00[America/New_York],2021-02-07T10:41:16-05:00[America/New_York],NA,2021-02-07,38375,Sunday
1806,B,14,2021-02-07T10:41:16-05:00[America/New_York],2021-02-07T10:41:30-05:00[America/New_York],Yes,2021-02-07,38476,Sunday
1806,<A>,101,2021-02-07T10:41:30-05:00[America/New_York],2021-02-07T10:43:11-05:00[America/New_York],NA,2021-02-07,38490,Sunday
1806,B,27,2021-02-07T10:43:11-05:00[America/New_York],2021-02-07T10:43:38-05:00[America/New_York],Yes,2021-02-07,38591,Sunday
1806,<A>,102,2021-02-07T10:43:38-05:00[America/New_York],2021-02-07T10:45:20-05:00[America/New_York],NA,2021-02-07,38618,Sunday
1806,B,18,2021-02-07T10:45:20-05:00[America/New_York],2021-02-07T10:45:38-05:00[America/New_York],Yes,2021-02-07,38720,Sunday
1806,<A>,105,2021-02-07T10:45:38-05:00[America/New_York],2021-02-07T10:47:23-05:00[America/New_York],NA,2021-02-07,38738,Sunday
1806,B,27,2021-02-07T10:47:23-05:00[America/New_York],2021-02-07T10:47:50-05:00[America/New_York],Yes,2021-02-07,38843,Sunday
1806,<A>,112,2021-02-07T10:47:50-05:00[America/New_York],2021-02-07T10:49:42-05:00[America/New_York],NA,2021-02-07,38870,Sunday
1806,B,23,2021-02-07T10:49:42-05:00[America/New_York],2021-02-07T10:50:05-05:00[America/New_York],Yes,2021-02-07,38982,Sunday
1806,<A>,105,2021-02-07T10:50:05-05:00[America/New_York],2021-02-07T10:51:50-05:00[America/New_York],NA,2021-02-07,39005,Sunday
1806,B,19,2021-02-07T10:51:50-05:00[America/New_York],2021-02-07T10:52:09-05:00[America/New_York],Yes,2021-02-07,39110,Sunday
1806,<A>,102,2021-02-07T10:52:09-05:00[America/New_York],2021-02-07T10:53:51-05:00[America/New_York],NA,2021-02-07,39129,Sunday
1806,B,20,2021-02-07T10:53:51-05:00[America/New_York],2021-02-07T10:54:11-05:00[America/New_York],Yes,2021-02-07,39231,Sunday
1806,<A>,100,2021-02-07T10:54:11-05:00[America/New_York],2021-02-07T10:55:51-05:00[America/New_York],NA,2021-02-07,39251,Sunday
1806,B,22,2021-02-07T10:55:51-05:00[America/New_York],2021-02-07T10:56:13-05:00[America/New_York],Yes,2021-02-07,39351,Sunday
1806,<A>,98,2021-02-07T10:56:13-05:00[America/New_York],2021-02-07T10:57:51-05:00[America/New_York],NA,2021-02-07,39373,Sunday
1806,B,24,2021-02-07T10:57:51-05:00[America/New_York],2021-02-07T10:58:15-05:00[America/New_York],Yes,2021-02-07,39471,Sunday
1806,<A>,96,2021-02-07T10:58:15-05:00[America/New_York],2021-02-07T10:59:51-05:00[America/New_York],NA,2021-02-07,39495,Sunday
1806,B,13,2021-02-07T10:59:51-05:00[America/New_York],2021-02-07T11:00:04-05:00[America/New_York],Yes,2021-02-07,39591,Sunday
1806,<A>,103,2021-02-07T11:00:04-05:00[America/New_York],2021-02-07T11:01:47-05:00[America/New_York],NA,2021-02-07,39604,Sunday
1806,B,13,2021-02-07T11:01:47-05:00[America/New_York],2021-02-07T11:02:00-05:00[America/New_York],Yes,2021-02-07,39707,Sunday
1806,<A>,99,2021-02-07T11:02:00-05:00[America/New_York],2021-02-07T11:03:39-05:00[America/New_York],NA,2021-02-07,39720,Sunday
1806,B,15,2021-02-07T11:03:39-05:00[America/New_York],2021-02-07T11:03:54-05:00[America/New_York],Yes,2021-02-07,39819,Sunday
1806,<A>,202,2021-02-07T11:03:54-05:00[America/New_York],2021-02-07T11:07:16-05:00[America/New_York],NA,2021-02-07,39834,Sunday
1806,B,23,2021-02-07T11:07:16-05:00[America/New_York],2021-02-07T11:07:39-05:00[America/New_York],Yes,2021-02-07,40036,Sunday
1806,<A>,108,2021-02-07T11:07:39-05:00[America/New_York],2021-02-07T11:09:27-05:00[America/New_York],NA,2021-02-07,40059,Sunday
1806,B,14,2021-02-07T11:09:27-05:00[America/New_York],2021-02-07T11:09:41-05:00[America/New_York],NA,2021-02-07,40167,Sunday
1806,<A>,73,2021-02-07T11:09:41-05:00[America/New_York],2021-02-07T11:10:54-05:00[America/New_York],NA,2021-02-07,40181,Sunday
1806,B,23,2021-02-07T11:10:54-05:00[America/New_York],2021-02-07T11:11:17-05:00[America/New_York],Yes,2021-02-07,40254,Sunday
1806,<A>,86,2021-02-07T11:11:17-05:00[America/New_York],2021-02-07T11:12:43-05:00[America/New_York],NA,2021-02-07,40277,Sunday
1806,B,14,2021-02-07T11:12:43-05:00[America/New_York],2021-02-07T11:12:57-05:00[America/New_York],Yes,2021-02-07,40363,Sunday
1806,<A>,113,2021-02-07T11:12:57-05:00[America/New_York],2021-02-07T11:14:50-05:00[America/New_York],NA,2021-02-07,40377,Sunday
1806,B,18,2021-02-07T11:14:50-05:00[America/New_York],2021-02-07T11:15:08-05:00[America/New_York],Yes,2021-02-07,40490,Sunday
1806,<A>,76,2021-02-07T11:15:08-05:00[America/New_York],2021-02-07T11:16:24-05:00[America/New_York],NA,2021-02-07,40508,Sunday
1806,B,13,2021-02-07T11:16:24-05:00[America/New_York],2021-02-07T11:16:37-05:00[America/New_York],Yes,2021-02-07,40584,Sunday
1806,<A>,94,2021-02-07T11:16:37-05:00[America/New_York],2021-02-07T11:18:11-05:00[America/New_York],NA,2021-02-07,40597,Sunday
1806,B,24,2021-02-07T11:18:11-05:00[America/New_York],2021-02-07T11:18:35-05:00[America/New_York],Yes,2021-02-07,40691,Sunday
1806,<A>,78,2021-02-07T11:18:35-05:00[America/New_York],2021-02-07T11:19:53-05:00[America/New_York],NA,2021-02-07,40715,Sunday
1806,B,17,2021-02-07T11:19:53-05:00[America/New_York],2021-02-07T11:20:10-05:00[America/New_York],Yes,2021-02-07,40793,Sunday
1806,<A>,90,2021-02-07T11:20:10-05:00[America/New_York],2021-02-07T11:21:40-05:00[America/New_York],NA,2021-02-07,40810,Sunday
1806,B,13,2021-02-07T11:21:40-05:00[America/New_York],2021-02-07T11:21:53-05:00[America/New_York],Yes,2021-02-07,40900,Sunday
1806,<A>,95,2021-02-07T11:21:53-05:00[America/New_York],2021-02-07T11:23:28-05:00[America/New_York],NA,2021-02-07,40913,Sunday
1806,B,16,2021-02-07T11:23:28-05:00[America/New_York],2021-02-07T11:23:44-05:00[America/New_York],Yes,2021-02-07,41008,Sunday
1806,<A>,73,2021-02-07T11:23:44-05:00[America/New_York],2021-02-07T11:24:57-05:00[America/New_York],NA,2021-02-07,41024,Sunday
1806,B,23,2021-02-07T11:24:57-05:00[America/New_York],2021-02-07T11:25:20-05:00[America/New_York],NA,2021-02-07,41097,Sunday
1806,<A>,83,2021-02-07T11:25:20-05:00[America/New_York],2021-02-07T11:26:43-05:00[America/New_York],NA,2021-02-07,41120,Sunday
1806,B,13,2021-02-07T11:26:43-05:00[America/New_York],2021-02-07T11:26:56-05:00[America/New_York],Yes,2021-02-07,41203,Sunday
1806,<A>,90,2021-02-07T11:26:56-05:00[America/New_York],2021-02-07T11:28:26-05:00[America/New_York],NA,2021-02-07,41216,Sunday
1806,B,19,2021-02-07T11:28:26-05:00[America/New_York],2021-02-07T11:28:45-05:00[America/New_York],Yes,2021-02-07,41306,Sunday
1806,<A>,86,2021-02-07T11:28:45-05:00[America/New_York],2021-02-07T11:30:11-05:00[America/New_York],NA,2021-02-07,41325,Sunday
1806,B,17,2021-02-07T11:30:11-05:00[America/New_York],2021-02-07T11:30:28-05:00[America/New_York],Yes,2021-02-07,41411,Sunday
1806,<A>,86,2021-02-07T11:30:28-05:00[America/New_York],2021-02-07T11:31:54-05:00[America/New_York],NA,2021-02-07,41428,Sunday
1806,B,20,2021-02-07T11:31:54-05:00[America/New_York],2021-02-07T11:32:14-05:00[America/New_York],Yes,2021-02-07,41514,Sunday
1806,<A>,82,2021-02-07T11:32:14-05:00[America/New_York],2021-02-07T11:33:36-05:00[America/New_York],NA,2021-02-07,41534,Sunday
1806,B,13,2021-02-07T11:33:36-05:00[America/New_York],2021-02-07T11:33:49-05:00[America/New_York],Yes,2021-02-07,41616,Sunday
1806,<A>,88,2021-02-07T11:33:49-05:00[America/New_York],2021-02-07T11:35:17-05:00[America/New_York],NA,2021-02-07,41629,Sunday
1806,B,18,2021-02-07T11:35:17-05:00[America/New_York],2021-02-07T11:35:35-05:00[America/New_York],Yes,2021-02-07,41717,Sunday
1806,<A>,82,2021-02-07T11:35:35-05:00[America/New_York],2021-02-07T11:36:57-05:00[America/New_York],NA,2021-02-07,41735,Sunday
1806,B,20,2021-02-07T11:36:57-05:00[America/New_York],2021-02-07T11:37:17-05:00[America/New_York],Yes,2021-02-07,41817,Sunday
1806,<A>,80,2021-02-07T11:37:17-05:00[America/New_York],2021-02-07T11:38:37-05:00[America/New_York],NA,2021-02-07,41837,Sunday
1806,B,21,2021-02-07T11:38:37-05:00[America/New_York],2021-02-07T11:38:58-05:00[America/New_York],Yes,2021-02-07,41917,Sunday
1806,<A>,79,2021-02-07T11:38:58-05:00[America/New_York],2021-02-07T11:40:17-05:00[America/New_York],NA,2021-02-07,41938,Sunday
1806,B,24,2021-02-07T11:40:17-05:00[America/New_York],2021-02-07T11:40:41-05:00[America/New_York],NA,2021-02-07,42017,Sunday
1806,<A>,76,2021-02-07T11:40:41-05:00[America/New_York],2021-02-07T11:41:57-05:00[America/New_York],NA,2021-02-07,42041,Sunday
1806,B,16,2021-02-07T11:41:57-05:00[America/New_York],2021-02-07T11:42:13-05:00[America/New_York],Yes,2021-02-07,42117,Sunday
1806,<A>,175,2021-02-07T11:42:13-05:00[America/New_York],2021-02-07T11:45:08-05:00[America/New_York],NA,2021-02-07,42133,Sunday
1806,B,14,2021-02-07T11:45:08-05:00[America/New_York],2021-02-07T11:45:22-05:00[America/New_York],Yes,2021-02-07,42308,Sunday
1806,<A>,86,2021-02-07T11:45:22-05:00[America/New_York],2021-02-07T11:46:48-05:00[America/New_York],NA,2021-02-07,42322,Sunday
1806,B,19,2021-02-07T11:46:48-05:00[America/New_York],2021-02-07T11:47:07-05:00[America/New_York],Yes,2021-02-07,42408,Sunday
1806,<A>,81,2021-02-07T11:47:07-05:00[America/New_York],2021-02-07T11:48:28-05:00[America/New_York],NA,2021-02-07,42427,Sunday
1806,B,16,2021-02-07T11:48:28-05:00[America/New_York],2021-02-07T11:48:44-05:00[America/New_York],Yes,2021-02-07,42508,Sunday
1806,<A>,84,2021-02-07T11:48:44-05:00[America/New_York],2021-02-07T11:50:08-05:00[America/New_York],NA,2021-02-07,42524,Sunday
1806,B,22,2021-02-07T11:50:08-05:00[America/New_York],2021-02-07T11:50:30-05:00[America/New_York],Yes,2021-02-07,42608,Sunday
1806,<A>,78,2021-02-07T11:50:30-05:00[America/New_York],2021-02-07T11:51:48-05:00[America/New_York],NA,2021-02-07,42630,Sunday
1806,B,23,2021-02-07T11:51:48-05:00[America/New_York],2021-02-07T11:52:11-05:00[America/New_York],Yes,2021-02-07,42708,Sunday
1806,<A>,77,2021-02-07T11:52:11-05:00[America/New_York],2021-02-07T11:53:28-05:00[America/New_York],NA,2021-02-07,42731,Sunday
1806,B,13,2021-02-07T11:53:28-05:00[America/New_York],2021-02-07T11:53:41-05:00[America/New_York],Yes,2021-02-07,42808,Sunday
1806,<A>,87,2021-02-07T11:53:41-05:00[America/New_York],2021-02-07T11:55:08-05:00[America/New_York],NA,2021-02-07,42821,Sunday
1806,B,21,2021-02-07T11:55:08-05:00[America/New_York],2021-02-07T11:55:29-05:00[America/New_York],Yes,2021-02-07,42908,Sunday
1806,<A>,79,2021-02-07T11:55:29-05:00[America/New_York],2021-02-07T11:56:48-05:00[America/New_York],NA,2021-02-07,42929,Sunday
1806,B,19,2021-02-07T11:56:48-05:00[America/New_York],2021-02-07T11:57:07-05:00[America/New_York],Yes,2021-02-07,43008,Sunday
1806,<A>,81,2021-02-07T11:57:07-05:00[America/New_York],2021-02-07T11:58:28-05:00[America/New_York],NA,2021-02-07,43027,Sunday
1806,B,13,2021-02-07T11:58:28-05:00[America/New_York],2021-02-07T11:58:41-05:00[America/New_York],Yes,2021-02-07,43108,Sunday
1806,<A>,87,2021-02-07T11:58:41-05:00[America/New_York],2021-02-07T12:00:08-05:00[America/New_York],NA,2021-02-07,43121,Sunday
1806,B,14,2021-02-07T12:00:08-05:00[America/New_York],2021-02-07T12:00:22-05:00[America/New_York],Yes,2021-02-07,43208,Sunday
1806,<A>,86,2021-02-07T12:00:22-05:00[America/New_York],2021-02-07T12:01:48-05:00[America/New_York],NA,2021-02-07,43222,Sunday
1806,B,22,2021-02-07T12:01:48-05:00[America/New_York],2021-02-07T12:02:10-05:00[America/New_York],Yes,2021-02-07,43308,Sunday
1806,<A>,78,2021-02-07T12:02:10-05:00[America/New_York],2021-02-07T12:03:28-05:00[America/New_York],NA,2021-02-07,43330,Sunday
1806,B,20,2021-02-07T12:03:28-05:00[America/New_York],2021-02-07T12:03:48-05:00[America/New_York],Yes,2021-02-07,43408,Sunday
1806,<A>,80,2021-02-07T12:03:48-05:00[America/New_York],2021-02-07T12:05:08-05:00[America/New_York],NA,2021-02-07,43428,Sunday
1806,B,20,2021-02-07T12:05:08-05:00[America/New_York],2021-02-07T12:05:28-05:00[America/New_York],Yes,2021-02-07,43508,Sunday
1806,<A>,80,2021-02-07T12:05:28-05:00[America/New_York],2021-02-07T12:06:48-05:00[America/New_York],NA,2021-02-07,43528,Sunday
1806,B,16,2021-02-07T12:06:48-05:00[America/New_York],2021-02-07T12:07:04-05:00[America/New_York],Yes,2021-02-07,43608,Sunday
1806,<A>,84,2021-02-07T12:07:04-05:00[America/New_York],2021-02-07T12:08:28-05:00[America/New_York],NA,2021-02-07,43624,Sunday
1806,B,19,2021-02-07T12:08:28-05:00[America/New_York],2021-02-07T12:08:47-05:00[America/New_York],Yes,2021-02-07,43708,Sunday
1806,<A>,84,2021-02-07T12:08:47-05:00[America/New_York],2021-02-07T12:10:11-05:00[America/New_York],NA,2021-02-07,43727,Sunday
1806,B,25,2021-02-07T12:10:11-05:00[America/New_York],2021-02-07T12:10:36-05:00[America/New_York],NA,2021-02-07,43811,Sunday
1806,<A>,75,2021-02-07T12:10:36-05:00[America/New_York],2021-02-07T12:11:51-05:00[America/New_York],NA,2021-02-07,43836,Sunday
1806,B,14,2021-02-07T12:11:51-05:00[America/New_York],2021-02-07T12:12:05-05:00[America/New_York],Yes,2021-02-07,43911,Sunday
1806,<A>,86,2021-02-07T12:12:05-05:00[America/New_York],2021-02-07T12:13:31-05:00[America/New_York],NA,2021-02-07,43925,Sunday
1806,B,17,2021-02-07T12:13:31-05:00[America/New_York],2021-02-07T12:13:48-05:00[America/New_York],Yes,2021-02-07,44011,Sunday
1806,<A>,83,2021-02-07T12:13:48-05:00[America/New_York],2021-02-07T12:15:11-05:00[America/New_York],NA,2021-02-07,44028,Sunday
1806,B,13,2021-02-07T12:15:11-05:00[America/New_York],2021-02-07T12:15:24-05:00[America/New_York],Yes,2021-02-07,44111,Sunday
1806,<A>,84,2021-02-07T12:15:24-05:00[America/New_York],2021-02-07T12:16:48-05:00[America/New_York],NA,2021-02-07,44124,Sunday
1806,B,19,2021-02-07T12:16:48-05:00[America/New_York],2021-02-07T12:17:07-05:00[America/New_York],Yes,2021-02-07,44208,Sunday
1806,<A>,81,2021-02-07T12:17:07-05:00[America/New_York],2021-02-07T12:18:28-05:00[America/New_York],NA,2021-02-07,44227,Sunday
1806,B,15,2021-02-07T12:18:28-05:00[America/New_York],2021-02-07T12:18:43-05:00[America/New_York],Yes,2021-02-07,44308,Sunday
1806,<A>,101,2021-02-07T12:18:43-05:00[America/New_York],2021-02-07T12:20:24-05:00[America/New_York],NA,2021-02-07,44323,Sunday
1806,B,18,2021-02-07T12:20:24-05:00[America/New_York],2021-02-07T12:20:42-05:00[America/New_York],Yes,2021-02-07,44424,Sunday
1806,<A>,127,2021-02-07T12:20:42-05:00[America/New_York],2021-02-07T12:22:49-05:00[America/New_York],NA,2021-02-07,44442,Sunday
1806,B,25,2021-02-07T12:22:49-05:00[America/New_York],2021-02-07T12:23:14-05:00[America/New_York],Yes,2021-02-07,44569,Sunday
1806,<A>,94,2021-02-07T12:23:14-05:00[America/New_York],2021-02-07T12:24:48-05:00[America/New_York],NA,2021-02-07,44594,Sunday
1806,B,18,2021-02-07T12:24:48-05:00[America/New_York],2021-02-07T12:25:06-05:00[America/New_York],Yes,2021-02-07,44688,Sunday
1806,<A>,93,2021-02-07T12:25:06-05:00[America/New_York],2021-02-07T12:26:39-05:00[America/New_York],NA,2021-02-07,44706,Sunday
1806,B,15,2021-02-07T12:26:39-05:00[America/New_York],2021-02-07T12:26:54-05:00[America/New_York],Yes,2021-02-07,44799,Sunday
1806,<A>,87,2021-02-07T12:26:54-05:00[America/New_York],2021-02-07T12:28:21-05:00[America/New_York],NA,2021-02-07,44814,Sunday
1806,B,18,2021-02-07T12:28:21-05:00[America/New_York],2021-02-07T12:28:39-05:00[America/New_York],Yes,2021-02-07,44901,Sunday
1806,<A>,79,2021-02-07T12:28:39-05:00[America/New_York],2021-02-07T12:29:58-05:00[America/New_York],NA,2021-02-07,44919,Sunday
1806,B,22,2021-02-07T12:29:58-05:00[America/New_York],2021-02-07T12:30:20-05:00[America/New_York],NA,2021-02-07,44998,Sunday
1806,<A>,64,2021-02-07T12:30:20-05:00[America/New_York],2021-02-07T12:31:24-05:00[America/New_York],NA,2021-02-07,45020,Sunday
1806,B,41,2021-02-07T12:31:24-05:00[America/New_York],2021-02-07T12:32:05-05:00[America/New_York],NA,2021-02-07,45084,Sunday
1806,<A>,63,2021-02-07T12:32:05-05:00[America/New_York],2021-02-07T12:33:08-05:00[America/New_York],NA,2021-02-07,45125,Sunday
1806,B,14,2021-02-07T12:33:08-05:00[America/New_York],2021-02-07T12:33:22-05:00[America/New_York],Yes,2021-02-07,45188,Sunday
1806,<A>,89,2021-02-07T12:33:22-05:00[America/New_York],2021-02-07T12:34:51-05:00[America/New_York],NA,2021-02-07,45202,Sunday
1806,B,21,2021-02-07T12:34:51-05:00[America/New_York],2021-02-07T12:35:12-05:00[America/New_York],Yes,2021-02-07,45291,Sunday
1806,<A>,84,2021-02-07T12:35:12-05:00[America/New_York],2021-02-07T12:36:36-05:00[America/New_York],NA,2021-02-07,45312,Sunday
1806,B,23,2021-02-07T12:36:36-05:00[America/New_York],2021-02-07T12:36:59-05:00[America/New_York],Yes,2021-02-07,45396,Sunday
1806,<A>,98,2021-02-07T12:36:59-05:00[America/New_York],2021-02-07T12:38:37-05:00[America/New_York],NA,2021-02-07,45419,Sunday
1806,B,14,2021-02-07T12:38:37-05:00[America/New_York],2021-02-07T12:38:51-05:00[America/New_York],NA,2021-02-07,45517,Sunday
1806,<A>,70,2021-02-07T12:38:51-05:00[America/New_York],2021-02-07T12:40:01-05:00[America/New_York],NA,2021-02-07,45531,Sunday
1806,B,17,2021-02-07T12:40:01-05:00[America/New_York],2021-02-07T12:40:18-05:00[America/New_York],Yes,2021-02-07,45601,Sunday
1806,<A>,86,2021-02-07T12:40:18-05:00[America/New_York],2021-02-07T12:41:44-05:00[America/New_York],NA,2021-02-07,45618,Sunday
1806,B,16,2021-02-07T12:41:44-05:00[America/New_York],2021-02-07T12:42:00-05:00[America/New_York],Yes,2021-02-07,45704,Sunday
1806,<A>,92,2021-02-07T12:42:00-05:00[America/New_York],2021-02-07T12:43:32-05:00[America/New_York],NA,2021-02-07,45720,Sunday
1806,B,27,2021-02-07T12:43:32-05:00[America/New_York],2021-02-07T12:43:59-05:00[America/New_York],NA,2021-02-07,45812,Sunday
1806,<A>,87,2021-02-07T12:43:59-05:00[America/New_York],2021-02-07T12:45:26-05:00[America/New_York],NA,2021-02-07,45839,Sunday
1806,B,18,2021-02-07T12:45:26-05:00[America/New_York],2021-02-07T12:45:44-05:00[America/New_York],Yes,2021-02-07,45926,Sunday
1806,<A>,99,2021-02-07T12:45:44-05:00[America/New_York],2021-02-07T12:47:23-05:00[America/New_York],NA,2021-02-07,45944,Sunday
1806,B,13,2021-02-07T12:47:23-05:00[America/New_York],2021-02-07T12:47:36-05:00[America/New_York],Yes,2021-02-07,46043,Sunday
1806,<A>,103,2021-02-07T12:47:36-05:00[America/New_York],2021-02-07T12:49:19-05:00[America/New_York],NA,2021-02-07,46056,Sunday
1806,B,21,2021-02-07T12:49:19-05:00[America/New_York],2021-02-07T12:49:40-05:00[America/New_York],Yes,2021-02-07,46159,Sunday
1806,<A>,86,2021-02-07T12:49:40-05:00[America/New_York],2021-02-07T12:51:06-05:00[America/New_York],NA,2021-02-07,46180,Sunday
1806,B,23,2021-02-07T12:51:06-05:00[America/New_York],2021-02-07T12:51:29-05:00[America/New_York],Yes,2021-02-07,46266,Sunday
1806,<A>,79,2021-02-07T12:51:29-05:00[America/New_York],2021-02-07T12:52:48-05:00[America/New_York],NA,2021-02-07,46289,Sunday
1806,B,18,2021-02-07T12:52:48-05:00[America/New_York],2021-02-07T12:53:06-05:00[America/New_York],Yes,2021-02-07,46368,Sunday
1806,<A>,82,2021-02-07T12:53:06-05:00[America/New_York],2021-02-07T12:54:28-05:00[America/New_York],NA,2021-02-07,46386,Sunday
1806,B,13,2021-02-07T12:54:28-05:00[America/New_York],2021-02-07T12:54:41-05:00[America/New_York],Yes,2021-02-07,46468,Sunday
1806,<A>,87,2021-02-07T12:54:41-05:00[America/New_York],2021-02-07T12:56:08-05:00[America/New_York],NA,2021-02-07,46481,Sunday
1806,B,19,2021-02-07T12:56:08-05:00[America/New_York],2021-02-07T12:56:27-05:00[America/New_York],Yes,2021-02-07,46568,Sunday
1806,<A>,81,2021-02-07T12:56:27-05:00[America/New_York],2021-02-07T12:57:48-05:00[America/New_York],NA,2021-02-07,46587,Sunday
1806,B,15,2021-02-07T12:57:48-05:00[America/New_York],2021-02-07T12:58:03-05:00[America/New_York],Yes,2021-02-07,46668,Sunday
1806,<A>,85,2021-02-07T12:58:03-05:00[America/New_York],2021-02-07T12:59:28-05:00[America/New_York],NA,2021-02-07,46683,Sunday
1806,B,19,2021-02-07T12:59:28-05:00[America/New_York],2021-02-07T12:59:47-05:00[America/New_York],Yes,2021-02-07,46768,Sunday
1806,<A>,81,2021-02-07T12:59:47-05:00[America/New_York],2021-02-07T13:01:08-05:00[America/New_York],NA,2021-02-07,46787,Sunday
1806,B,14,2021-02-07T13:01:08-05:00[America/New_York],2021-02-07T13:01:22-05:00[America/New_York],Yes,2021-02-07,46868,Sunday
1806,<A>,86,2021-02-07T13:01:22-05:00[America/New_York],2021-02-07T13:02:48-05:00[America/New_York],NA,2021-02-07,46882,Sunday
1806,B,24,2021-02-07T13:02:48-05:00[America/New_York],2021-02-07T13:03:12-05:00[America/New_York],NA,2021-02-07,46968,Sunday
1806,<A>,85,2021-02-07T13:03:12-05:00[America/New_York],2021-02-07T13:04:37-05:00[America/New_York],NA,2021-02-07,46992,Sunday
1806,B,15,2021-02-07T13:04:37-05:00[America/New_York],2021-02-07T13:04:52-05:00[America/New_York],Yes,2021-02-07,47077,Sunday
1806,<A>,103,2021-02-07T13:04:52-05:00[America/New_York],2021-02-07T13:06:35-05:00[America/New_York],NA,2021-02-07,47092,Sunday
1806,B,13,2021-02-07T13:06:35-05:00[America/New_York],2021-02-07T13:06:48-05:00[America/New_York],Yes,2021-02-07,47195,Sunday
1806,<A>,87,2021-02-07T13:06:48-05:00[America/New_York],2021-02-07T13:08:15-05:00[America/New_York],NA,2021-02-07,47208,Sunday
1806,B,16,2021-02-07T13:08:15-05:00[America/New_York],2021-02-07T13:08:31-05:00[America/New_York],Yes,2021-02-07,47295,Sunday
1806,<A>,84,2021-02-07T13:08:31-05:00[America/New_York],2021-02-07T13:09:55-05:00[America/New_York],NA,2021-02-07,47311,Sunday
1806,B,16,2021-02-07T13:09:55-05:00[America/New_York],2021-02-07T13:10:11-05:00[America/New_York],Yes,2021-02-07,47395,Sunday
1806,<A>,84,2021-02-07T13:10:11-05:00[America/New_York],2021-02-07T13:11:35-05:00[America/New_York],NA,2021-02-07,47411,Sunday
1806,B,25,2021-02-07T13:11:35-05:00[America/New_York],2021-02-07T13:12:00-05:00[America/New_York],NA,2021-02-07,47495,Sunday
1806,<A>,75,2021-02-07T13:12:00-05:00[America/New_York],2021-02-07T13:13:15-05:00[America/New_York],NA,2021-02-07,47520,Sunday
1806,B,18,2021-02-07T13:13:15-05:00[America/New_York],2021-02-07T13:13:33-05:00[America/New_York],Yes,2021-02-07,47595,Sunday
1806,<A>,82,2021-02-07T13:13:33-05:00[America/New_York],2021-02-07T13:14:55-05:00[America/New_York],NA,2021-02-07,47613,Sunday
1806,B,22,2021-02-07T13:14:55-05:00[America/New_York],2021-02-07T13:15:17-05:00[America/New_York],Yes,2021-02-07,47695,Sunday
1806,<A>,78,2021-02-07T13:15:17-05:00[America/New_York],2021-02-07T13:16:35-05:00[America/New_York],NA,2021-02-07,47717,Sunday
1806,B,18,2021-02-07T13:16:35-05:00[America/New_York],2021-02-07T13:16:53-05:00[America/New_York],Yes,2021-02-07,47795,Sunday
1806,<A>,82,2021-02-07T13:16:53-05:00[America/New_York],2021-02-07T13:18:15-05:00[America/New_York],NA,2021-02-07,47813,Sunday
1806,B,16,2021-02-07T13:18:15-05:00[America/New_York],2021-02-07T13:18:31-05:00[America/New_York],Yes,2021-02-07,47895,Sunday
1806,<A>,84,2021-02-07T13:18:31-05:00[America/New_York],2021-02-07T13:19:55-05:00[America/New_York],NA,2021-02-07,47911,Sunday
1806,B,21,2021-02-07T13:19:55-05:00[America/New_York],2021-02-07T13:20:16-05:00[America/New_York],Yes,2021-02-07,47995,Sunday
1806,<A>,79,2021-02-07T13:20:16-05:00[America/New_York],2021-02-07T13:21:35-05:00[America/New_York],NA,2021-02-07,48016,Sunday
1806,B,14,2021-02-07T13:21:35-05:00[America/New_York],2021-02-07T13:21:49-05:00[America/New_York],Yes,2021-02-07,48095,Sunday
1806,<A>,100,2021-02-07T13:21:49-05:00[America/New_York],2021-02-07T13:23:29-05:00[America/New_York],NA,2021-02-07,48109,Sunday
1806,B,26,2021-02-07T13:23:29-05:00[America/New_York],2021-02-07T13:23:55-05:00[America/New_York],Yes,2021-02-07,48209,Sunday
1806,<A>,77,2021-02-07T13:23:55-05:00[America/New_York],2021-02-07T13:25:12-05:00[America/New_York],NA,2021-02-07,48235,Sunday
1806,B,15,2021-02-07T13:25:12-05:00[America/New_York],2021-02-07T13:25:27-05:00[America/New_York],Yes,2021-02-07,48312,Sunday
1806,<A>,85,2021-02-07T13:25:27-05:00[America/New_York],2021-02-07T13:26:52-05:00[America/New_York],NA,2021-02-07,48327,Sunday
1806,B,13,2021-02-07T13:26:52-05:00[America/New_York],2021-02-07T13:27:05-05:00[America/New_York],Yes,2021-02-07,48412,Sunday
1806,<A>,87,2021-02-07T13:27:05-05:00[America/New_York],2021-02-07T13:28:32-05:00[America/New_York],NA,2021-02-07,48425,Sunday
1806,B,13,2021-02-07T13:28:32-05:00[America/New_York],2021-02-07T13:28:45-05:00[America/New_York],Yes,2021-02-07,48512,Sunday
1806,<A>,87,2021-02-07T13:28:45-05:00[America/New_York],2021-02-07T13:30:12-05:00[America/New_York],NA,2021-02-07,48525,Sunday
1806,B,14,2021-02-07T13:30:12-05:00[America/New_York],2021-02-07T13:30:26-05:00[America/New_York],Yes,2021-02-07,48612,Sunday
1806,<A>,86,2021-02-07T13:30:26-05:00[America/New_York],2021-02-07T13:31:52-05:00[America/New_York],NA,2021-02-07,48626,Sunday
1806,B,17,2021-02-07T13:31:52-05:00[America/New_York],2021-02-07T13:32:09-05:00[America/New_York],Yes,2021-02-07,48712,Sunday
1806,<A>,83,2021-02-07T13:32:09-05:00[America/New_York],2021-02-07T13:33:32-05:00[America/New_York],NA,2021-02-07,48729,Sunday
1806,B,15,2021-02-07T13:33:32-05:00[America/New_York],2021-02-07T13:33:47-05:00[America/New_York],Yes,2021-02-07,48812,Sunday
1806,<A>,85,2021-02-07T13:33:47-05:00[America/New_York],2021-02-07T13:35:12-05:00[America/New_York],NA,2021-02-07,48827,Sunday
1806,B,13,2021-02-07T13:35:12-05:00[America/New_York],2021-02-07T13:35:25-05:00[America/New_York],Yes,2021-02-07,48912,Sunday
1806,<A>,97,2021-02-07T13:35:25-05:00[America/New_York],2021-02-07T13:37:02-05:00[America/New_York],NA,2021-02-07,48925,Sunday
1806,B,24,2021-02-07T13:37:02-05:00[America/New_York],2021-02-07T13:37:26-05:00[America/New_York],Yes,2021-02-07,49022,Sunday
1806,<A>,76,2021-02-07T13:37:26-05:00[America/New_York],2021-02-07T13:38:42-05:00[America/New_York],NA,2021-02-07,49046,Sunday
1806,B,13,2021-02-07T13:38:42-05:00[America/New_York],2021-02-07T13:38:55-05:00[America/New_York],Yes,2021-02-07,49122,Sunday
1806,<A>,87,2021-02-07T13:38:55-05:00[America/New_York],2021-02-07T13:40:22-05:00[America/New_York],NA,2021-02-07,49135,Sunday
1806,B,18,2021-02-07T13:40:22-05:00[America/New_York],2021-02-07T13:40:40-05:00[America/New_York],Yes,2021-02-07,49222,Sunday
1806,<A>,82,2021-02-07T13:40:40-05:00[America/New_York],2021-02-07T13:42:02-05:00[America/New_York],NA,2021-02-07,49240,Sunday
1806,B,19,2021-02-07T13:42:02-05:00[America/New_York],2021-02-07T13:42:21-05:00[America/New_York],Yes,2021-02-07,49322,Sunday
1806,<A>,81,2021-02-07T13:42:21-05:00[America/New_York],2021-02-07T13:43:42-05:00[America/New_York],NA,2021-02-07,49341,Sunday
1806,B,41,2021-02-07T13:43:42-05:00[America/New_York],2021-02-07T13:44:23-05:00[America/New_York],NA,2021-02-07,49422,Sunday
1806,<A>,75,2021-02-07T13:44:23-05:00[America/New_York],2021-02-07T13:45:38-05:00[America/New_York],NA,2021-02-07,49463,Sunday
1806,B,22,2021-02-07T13:45:38-05:00[America/New_York],2021-02-07T13:46:00-05:00[America/New_York],Yes,2021-02-07,49538,Sunday
1806,<A>,78,2021-02-07T13:46:00-05:00[America/New_York],2021-02-07T13:47:18-05:00[America/New_York],NA,2021-02-07,49560,Sunday
1806,B,15,2021-02-07T13:47:18-05:00[America/New_York],2021-02-07T13:47:33-05:00[America/New_York],Yes,2021-02-07,49638,Sunday
1806,<A>,85,2021-02-07T13:47:33-05:00[America/New_York],2021-02-07T13:48:58-05:00[America/New_York],NA,2021-02-07,49653,Sunday
1806,B,15,2021-02-07T13:48:58-05:00[America/New_York],2021-02-07T13:49:13-05:00[America/New_York],Yes,2021-02-07,49738,Sunday
1806,<A>,85,2021-02-07T13:49:13-05:00[America/New_York],2021-02-07T13:50:38-05:00[America/New_York],NA,2021-02-07,49753,Sunday
1806,B,25,2021-02-07T13:50:38-05:00[America/New_York],2021-02-07T13:51:03-05:00[America/New_York],NA,2021-02-07,49838,Sunday
1806,<A>,82,2021-02-07T13:51:03-05:00[America/New_York],2021-02-07T13:52:25-05:00[America/New_York],NA,2021-02-07,49863,Sunday
1806,B,13,2021-02-07T13:52:25-05:00[America/New_York],2021-02-07T13:52:38-05:00[America/New_York],Yes,2021-02-07,49945,Sunday
1806,<A>,87,2021-02-07T13:52:38-05:00[America/New_York],2021-02-07T13:54:05-05:00[America/New_York],NA,2021-02-07,49958,Sunday
1806,B,15,2021-02-07T13:54:05-05:00[America/New_York],2021-02-07T13:54:20-05:00[America/New_York],Yes,2021-02-07,50045,Sunday
1806,<A>,85,2021-02-07T13:54:20-05:00[America/New_York],2021-02-07T13:55:45-05:00[America/New_York],NA,2021-02-07,50060,Sunday
1806,B,15,2021-02-07T13:55:45-05:00[America/New_York],2021-02-07T13:56:00-05:00[America/New_York],Yes,2021-02-07,50145,Sunday
1806,<A>,85,2021-02-07T13:56:00-05:00[America/New_York],2021-02-07T13:57:25-05:00[America/New_York],NA,2021-02-07,50160,Sunday
1806,B,23,2021-02-07T13:57:25-05:00[America/New_York],2021-02-07T13:57:48-05:00[America/New_York],Yes,2021-02-07,50245,Sunday
1806,<A>,77,2021-02-07T13:57:48-05:00[America/New_York],2021-02-07T13:59:05-05:00[America/New_York],NA,2021-02-07,50268,Sunday
1806,B,17,2021-02-07T13:59:05-05:00[America/New_York],2021-02-07T13:59:22-05:00[America/New_York],Yes,2021-02-07,50345,Sunday
1806,<A>,83,2021-02-07T13:59:22-05:00[America/New_York],2021-02-07T14:00:45-05:00[America/New_York],NA,2021-02-07,50362,Sunday
1806,B,13,2021-02-07T14:00:45-05:00[America/New_York],2021-02-07T14:00:58-05:00[America/New_York],Yes,2021-02-07,50445,Sunday
1806,<A>,87,2021-02-07T14:00:58-05:00[America/New_York],2021-02-07T14:02:25-05:00[America/New_York],NA,2021-02-07,50458,Sunday
1806,B,19,2021-02-07T14:02:25-05:00[America/New_York],2021-02-07T14:02:44-05:00[America/New_York],Yes,2021-02-07,50545,Sunday
1806,<A>,116,2021-02-07T14:02:44-05:00[America/New_York],2021-02-07T14:04:40-05:00[America/New_York],NA,2021-02-07,50564,Sunday
1806,B,14,2021-02-07T14:04:40-05:00[America/New_York],2021-02-07T14:04:54-05:00[America/New_York],Yes,2021-02-07,50680,Sunday
1806,<A>,78,2021-02-07T14:04:54-05:00[America/New_York],2021-02-07T14:06:12-05:00[America/New_York],NA,2021-02-07,50694,Sunday
1806,B,25,2021-02-07T14:06:12-05:00[America/New_York],2021-02-07T14:06:37-05:00[America/New_York],NA,2021-02-07,50772,Sunday
1806,<A>,76,2021-02-07T14:06:37-05:00[America/New_York],2021-02-07T14:07:53-05:00[America/New_York],NA,2021-02-07,50797,Sunday
1806,B,16,2021-02-07T14:07:53-05:00[America/New_York],2021-02-07T14:08:09-05:00[America/New_York],Yes,2021-02-07,50873,Sunday
1806,<A>,84,2021-02-07T14:08:09-05:00[America/New_York],2021-02-07T14:09:33-05:00[America/New_York],NA,2021-02-07,50889,Sunday
1806,B,25,2021-02-07T14:09:33-05:00[America/New_York],2021-02-07T14:09:58-05:00[America/New_York],NA,2021-02-07,50973,Sunday
1806,<A>,75,2021-02-07T14:09:58-05:00[America/New_York],2021-02-07T14:11:13-05:00[America/New_York],NA,2021-02-07,50998,Sunday
1806,B,16,2021-02-07T14:11:13-05:00[America/New_York],2021-02-07T14:11:29-05:00[America/New_York],Yes,2021-02-07,51073,Sunday
1806,<A>,84,2021-02-07T14:11:29-05:00[America/New_York],2021-02-07T14:12:53-05:00[America/New_York],NA,2021-02-07,51089,Sunday
1806,B,13,2021-02-07T14:12:53-05:00[America/New_York],2021-02-07T14:13:06-05:00[America/New_York],Yes,2021-02-07,51173,Sunday
1806,<A>,87,2021-02-07T14:13:06-05:00[America/New_York],2021-02-07T14:14:33-05:00[America/New_York],NA,2021-02-07,51186,Sunday
1806,B,16,2021-02-07T14:14:33-05:00[America/New_York],2021-02-07T14:14:49-05:00[America/New_York],Yes,2021-02-07,51273,Sunday
1806,<A>,147,2021-02-07T14:14:49-05:00[America/New_York],2021-02-07T14:17:16-05:00[America/New_York],Yes,2021-02-07,51289,Sunday
1806,B,15,2021-02-07T14:17:16-05:00[America/New_York],2021-02-07T14:17:31-05:00[America/New_York],Yes,2021-02-07,51436,Sunday
1806,<A>,88,2021-02-07T14:17:31-05:00[America/New_York],2021-02-07T14:18:59-05:00[America/New_York],NA,2021-02-07,51451,Sunday
1806,B,13,2021-02-07T14:18:59-05:00[America/New_York],2021-02-07T14:19:12-05:00[America/New_York],Yes,2021-02-07,51539,Sunday
1806,<A>,87,2021-02-07T14:19:12-05:00[America/New_York],2021-02-07T14:20:39-05:00[America/New_York],NA,2021-02-07,51552,Sunday
1806,B,16,2021-02-07T14:20:39-05:00[America/New_York],2021-02-07T14:20:55-05:00[America/New_York],Yes,2021-02-07,51639,Sunday
1806,<A>,84,2021-02-07T14:20:55-05:00[America/New_York],2021-02-07T14:22:19-05:00[America/New_York],NA,2021-02-07,51655,Sunday
1806,B,25,2021-02-07T14:22:19-05:00[America/New_York],2021-02-07T14:22:44-05:00[America/New_York],NA,2021-02-07,51739,Sunday
1806,<A>,75,2021-02-07T14:22:44-05:00[America/New_York],2021-02-07T14:23:59-05:00[America/New_York],NA,2021-02-07,51764,Sunday
1806,B,21,2021-02-07T14:23:59-05:00[America/New_York],2021-02-07T14:24:20-05:00[America/New_York],Yes,2021-02-07,51839,Sunday
1806,<A>,79,2021-02-07T14:24:20-05:00[America/New_York],2021-02-07T14:25:39-05:00[America/New_York],NA,2021-02-07,51860,Sunday
1806,B,20,2021-02-07T14:25:39-05:00[America/New_York],2021-02-07T14:25:59-05:00[America/New_York],Yes,2021-02-07,51939,Sunday
1806,<A>,75,2021-02-07T14:25:59-05:00[America/New_York],2021-02-07T14:27:14-05:00[America/New_York],NA,2021-02-07,51959,Sunday
1806,B,23,2021-02-07T14:27:14-05:00[America/New_York],2021-02-07T14:27:37-05:00[America/New_York],Yes,2021-02-07,52034,Sunday
1806,<A>,77,2021-02-07T14:27:37-05:00[America/New_York],2021-02-07T14:28:54-05:00[America/New_York],NA,2021-02-07,52057,Sunday
1806,B,16,2021-02-07T14:28:54-05:00[America/New_York],2021-02-07T14:29:10-05:00[America/New_York],Yes,2021-02-07,52134,Sunday
1806,<A>,84,2021-02-07T14:29:10-05:00[America/New_York],2021-02-07T14:30:34-05:00[America/New_York],NA,2021-02-07,52150,Sunday
1806,B,22,2021-02-07T14:30:34-05:00[America/New_York],2021-02-07T14:30:56-05:00[America/New_York],Yes,2021-02-07,52234,Sunday
1806,<A>,78,2021-02-07T14:30:56-05:00[America/New_York],2021-02-07T14:32:14-05:00[America/New_York],NA,2021-02-07,52256,Sunday
1806,B,13,2021-02-07T14:32:14-05:00[America/New_York],2021-02-07T14:32:27-05:00[America/New_York],Yes,2021-02-07,52334,Sunday
1806,<A>,87,2021-02-07T14:32:27-05:00[America/New_York],2021-02-07T14:33:54-05:00[America/New_York],NA,2021-02-07,52347,Sunday
1806,B,18,2021-02-07T14:33:54-05:00[America/New_York],2021-02-07T14:34:12-05:00[America/New_York],Yes,2021-02-07,52434,Sunday
1806,<A>,82,2021-02-07T14:34:12-05:00[America/New_York],2021-02-07T14:35:34-05:00[America/New_York],NA,2021-02-07,52452,Sunday
1806,B,13,2021-02-07T14:35:34-05:00[America/New_York],2021-02-07T14:35:47-05:00[America/New_York],Yes,2021-02-07,52534,Sunday
1806,<A>,87,2021-02-07T14:35:47-05:00[America/New_York],2021-02-07T14:37:14-05:00[America/New_York],NA,2021-02-07,52547,Sunday
1806,B,13,2021-02-07T14:37:14-05:00[America/New_York],2021-02-07T14:37:27-05:00[America/New_York],Yes,2021-02-07,52634,Sunday
1806,<A>,87,2021-02-07T14:37:27-05:00[America/New_York],2021-02-07T14:38:54-05:00[America/New_York],NA,2021-02-07,52647,Sunday
1806,B,16,2021-02-07T14:38:54-05:00[America/New_York],2021-02-07T14:39:10-05:00[America/New_York],Yes,2021-02-07,52734,Sunday
1806,<A>,84,2021-02-07T14:39:10-05:00[America/New_York],2021-02-07T14:40:34-05:00[America/New_York],NA,2021-02-07,52750,Sunday
1806,B,15,2021-02-07T14:40:34-05:00[America/New_York],2021-02-07T14:40:49-05:00[America/New_York],Yes,2021-02-07,52834,Sunday
1806,<A>,85,2021-02-07T14:40:49-05:00[America/New_York],2021-02-07T14:42:14-05:00[America/New_York],NA,2021-02-07,52849,Sunday
1806,B,13,2021-02-07T14:42:14-05:00[America/New_York],2021-02-07T14:42:27-05:00[America/New_York],Yes,2021-02-07,52934,Sunday
1806,<A>,87,2021-02-07T14:42:27-05:00[America/New_York],2021-02-07T14:43:54-05:00[America/New_York],NA,2021-02-07,52947,Sunday
1806,B,13,2021-02-07T14:43:54-05:00[America/New_York],2021-02-07T14:44:07-05:00[America/New_York],Yes,2021-02-07,53034,Sunday
1806,<A>,97,2021-02-07T14:44:07-05:00[America/New_York],2021-02-07T14:45:44-05:00[America/New_York],NA,2021-02-07,53047,Sunday
1806,B,23,2021-02-07T14:45:44-05:00[America/New_York],2021-02-07T14:46:07-05:00[America/New_York],Yes,2021-02-07,53144,Sunday
1806,<A>,78,2021-02-07T14:46:07-05:00[America/New_York],2021-02-07T14:47:25-05:00[America/New_York],NA,2021-02-07,53167,Sunday
1806,B,13,2021-02-07T14:47:25-05:00[America/New_York],2021-02-07T14:47:38-05:00[America/New_York],Yes,2021-02-07,53245,Sunday
1806,<A>,88,2021-02-07T14:47:38-05:00[America/New_York],2021-02-07T14:49:06-05:00[America/New_York],NA,2021-02-07,53258,Sunday
1806,B,20,2021-02-07T14:49:06-05:00[America/New_York],2021-02-07T14:49:26-05:00[America/New_York],Yes,2021-02-07,53346,Sunday
1806,<A>,80,2021-02-07T14:49:26-05:00[America/New_York],2021-02-07T14:50:46-05:00[America/New_York],NA,2021-02-07,53366,Sunday
1806,B,21,2021-02-07T14:50:46-05:00[America/New_York],2021-02-07T14:51:07-05:00[America/New_York],Yes,2021-02-07,53446,Sunday
1806,<A>,79,2021-02-07T14:51:07-05:00[America/New_York],2021-02-07T14:52:26-05:00[America/New_York],NA,2021-02-07,53467,Sunday
1806,B,13,2021-02-07T14:52:26-05:00[America/New_York],2021-02-07T14:52:39-05:00[America/New_York],Yes,2021-02-07,53546,Sunday
1806,<A>,175,2021-02-07T14:52:39-05:00[America/New_York],2021-02-07T14:55:34-05:00[America/New_York],NA,2021-02-07,53559,Sunday
1806,B,18,2021-02-07T14:55:34-05:00[America/New_York],2021-02-07T14:55:52-05:00[America/New_York],Yes,2021-02-07,53734,Sunday
1806,<A>,78,2021-02-07T14:55:52-05:00[America/New_York],2021-02-07T14:57:10-05:00[America/New_York],NA,2021-02-07,53752,Sunday
1806,B,13,2021-02-07T14:57:10-05:00[America/New_York],2021-02-07T14:57:23-05:00[America/New_York],Yes,2021-02-07,53830,Sunday
1806,<A>,87,2021-02-07T14:57:23-05:00[America/New_York],2021-02-07T14:58:50-05:00[America/New_York],NA,2021-02-07,53843,Sunday
1806,B,19,2021-02-07T14:58:50-05:00[America/New_York],2021-02-07T14:59:09-05:00[America/New_York],Yes,2021-02-07,53930,Sunday
1806,<A>,81,2021-02-07T14:59:09-05:00[America/New_York],2021-02-07T15:00:30-05:00[America/New_York],NA,2021-02-07,53949,Sunday
1806,B,20,2021-02-07T15:00:30-05:00[America/New_York],2021-02-07T15:00:50-05:00[America/New_York],Yes,2021-02-07,54030,Sunday
1806,<A>,80,2021-02-07T15:00:50-05:00[America/New_York],2021-02-07T15:02:10-05:00[America/New_York],NA,2021-02-07,54050,Sunday
1806,B,20,2021-02-07T15:02:10-05:00[America/New_York],2021-02-07T15:02:30-05:00[America/New_York],Yes,2021-02-07,54130,Sunday
1806,<A>,80,2021-02-07T15:02:30-05:00[America/New_York],2021-02-07T15:03:50-05:00[America/New_York],NA,2021-02-07,54150,Sunday
1806,B,23,2021-02-07T15:03:50-05:00[America/New_York],2021-02-07T15:04:13-05:00[America/New_York],Yes,2021-02-07,54230,Sunday
1806,<A>,77,2021-02-07T15:04:13-05:00[America/New_York],2021-02-07T15:05:30-05:00[America/New_York],NA,2021-02-07,54253,Sunday
1806,B,18,2021-02-07T15:05:30-05:00[America/New_York],2021-02-07T15:05:48-05:00[America/New_York],Yes,2021-02-07,54330,Sunday
1806,<A>,97,2021-02-07T15:05:48-05:00[America/New_York],2021-02-07T15:07:25-05:00[America/New_York],NA,2021-02-07,54348,Sunday
1806,B,16,2021-02-07T15:07:25-05:00[America/New_York],2021-02-07T15:07:41-05:00[America/New_York],Yes,2021-02-07,54445,Sunday
1806,<A>,111,2021-02-07T15:07:41-05:00[America/New_York],2021-02-07T15:09:32-05:00[America/New_York],NA,2021-02-07,54461,Sunday
1806,B,14,2021-02-07T15:09:32-05:00[America/New_York],2021-02-07T15:09:46-05:00[America/New_York],Yes,2021-02-07,54572,Sunday
1806,<A>,86,2021-02-07T15:09:46-05:00[America/New_York],2021-02-07T15:11:12-05:00[America/New_York],NA,2021-02-07,54586,Sunday
1806,B,25,2021-02-07T15:11:12-05:00[America/New_York],2021-02-07T15:11:37-05:00[America/New_York],NA,2021-02-07,54672,Sunday
1806,<A>,175,2021-02-07T15:11:37-05:00[America/New_York],2021-02-07T15:14:32-05:00[America/New_York],NA,2021-02-07,54697,Sunday
1806,B,18,2021-02-07T15:14:32-05:00[America/New_York],2021-02-07T15:14:50-05:00[America/New_York],Yes,2021-02-07,54872,Sunday
1806,<A>,82,2021-02-07T15:14:50-05:00[America/New_York],2021-02-07T15:16:12-05:00[America/New_York],NA,2021-02-07,54890,Sunday
1806,B,19,2021-02-07T15:16:12-05:00[America/New_York],2021-02-07T15:16:31-05:00[America/New_York],Yes,2021-02-07,54972,Sunday
1806,<A>,98,2021-02-07T15:16:31-05:00[America/New_York],2021-02-07T15:18:09-05:00[America/New_York],NA,2021-02-07,54991,Sunday
1806,B,13,2021-02-07T15:18:09-05:00[America/New_York],2021-02-07T15:18:22-05:00[America/New_York],Yes,2021-02-07,55089,Sunday
1806,<A>,87,2021-02-07T15:18:22-05:00[America/New_York],2021-02-07T15:19:49-05:00[America/New_York],NA,2021-02-07,55102,Sunday
1806,B,25,2021-02-07T15:19:49-05:00[America/New_York],2021-02-07T15:20:14-05:00[America/New_York],NA,2021-02-07,55189,Sunday
1806,<A>,75,2021-02-07T15:20:14-05:00[America/New_York],2021-02-07T15:21:29-05:00[America/New_York],NA,2021-02-07,55214,Sunday
1806,B,19,2021-02-07T15:21:29-05:00[America/New_York],2021-02-07T15:21:48-05:00[America/New_York],Yes,2021-02-07,55289,Sunday
1806,<A>,81,2021-02-07T15:21:48-05:00[America/New_York],2021-02-07T15:23:09-05:00[America/New_York],NA,2021-02-07,55308,Sunday
1806,B,17,2021-02-07T15:23:09-05:00[America/New_York],2021-02-07T15:23:26-05:00[America/New_York],Yes,2021-02-07,55389,Sunday
1806,<A>,83,2021-02-07T15:23:26-05:00[America/New_York],2021-02-07T15:24:49-05:00[America/New_York],NA,2021-02-07,55406,Sunday
1806,B,15,2021-02-07T15:24:49-05:00[America/New_York],2021-02-07T15:25:04-05:00[America/New_York],Yes,2021-02-07,55489,Sunday
1806,<A>,85,2021-02-07T15:25:04-05:00[America/New_York],2021-02-07T15:26:29-05:00[America/New_York],NA,2021-02-07,55504,Sunday
1806,B,16,2021-02-07T15:26:29-05:00[America/New_York],2021-02-07T15:26:45-05:00[America/New_York],Yes,2021-02-07,55589,Sunday
1806,<A>,84,2021-02-07T15:26:45-05:00[America/New_York],2021-02-07T15:28:09-05:00[America/New_York],NA,2021-02-07,55605,Sunday
1806,B,19,2021-02-07T15:28:09-05:00[America/New_York],2021-02-07T15:28:28-05:00[America/New_York],Yes,2021-02-07,55689,Sunday
1806,<A>,81,2021-02-07T15:28:28-05:00[America/New_York],2021-02-07T15:29:49-05:00[America/New_York],NA,2021-02-07,55708,Sunday
1806,B,18,2021-02-07T15:29:49-05:00[America/New_York],2021-02-07T15:30:07-05:00[America/New_York],Yes,2021-02-07,55789,Sunday
1806,<A>,99,2021-02-07T15:30:07-05:00[America/New_York],2021-02-07T15:31:46-05:00[America/New_York],NA,2021-02-07,55807,Sunday
1806,B,13,2021-02-07T15:31:46-05:00[America/New_York],2021-02-07T15:31:59-05:00[America/New_York],Yes,2021-02-07,55906,Sunday
1806,<A>,87,2021-02-07T15:31:59-05:00[America/New_York],2021-02-07T15:33:26-05:00[America/New_York],NA,2021-02-07,55919,Sunday
1806,B,16,2021-02-07T15:33:26-05:00[America/New_York],2021-02-07T15:33:42-05:00[America/New_York],Yes,2021-02-07,56006,Sunday
1806,<A>,84,2021-02-07T15:33:42-05:00[America/New_York],2021-02-07T15:35:06-05:00[America/New_York],NA,2021-02-07,56022,Sunday
1806,B,13,2021-02-07T15:35:06-05:00[America/New_York],2021-02-07T15:35:19-05:00[America/New_York],Yes,2021-02-07,56106,Sunday
1806,<A>,87,2021-02-07T15:35:19-05:00[America/New_York],2021-02-07T15:36:46-05:00[America/New_York],NA,2021-02-07,56119,Sunday
1806,B,13,2021-02-07T15:36:46-05:00[America/New_York],2021-02-07T15:36:59-05:00[America/New_York],Yes,2021-02-07,56206,Sunday
1806,<A>,87,2021-02-07T15:36:59-05:00[America/New_York],2021-02-07T15:38:26-05:00[America/New_York],NA,2021-02-07,56219,Sunday
1806,B,20,2021-02-07T15:38:26-05:00[America/New_York],2021-02-07T15:38:46-05:00[America/New_York],Yes,2021-02-07,56306,Sunday
1806,<A>,80,2021-02-07T15:38:46-05:00[America/New_York],2021-02-07T15:40:06-05:00[America/New_York],NA,2021-02-07,56326,Sunday
1806,B,23,2021-02-07T15:40:06-05:00[America/New_York],2021-02-07T15:40:29-05:00[America/New_York],Yes,2021-02-07,56406,Sunday
1806,<A>,77,2021-02-07T15:40:29-05:00[America/New_York],2021-02-07T15:41:46-05:00[America/New_York],NA,2021-02-07,56429,Sunday
1806,B,13,2021-02-07T15:41:46-05:00[America/New_York],2021-02-07T15:41:59-05:00[America/New_York],Yes,2021-02-07,56506,Sunday
1806,<A>,87,2021-02-07T15:41:59-05:00[America/New_York],2021-02-07T15:43:26-05:00[America/New_York],NA,2021-02-07,56519,Sunday
1806,B,14,2021-02-07T15:43:26-05:00[America/New_York],2021-02-07T15:43:40-05:00[America/New_York],Yes,2021-02-07,56606,Sunday
1806,<A>,86,2021-02-07T15:43:40-05:00[America/New_York],2021-02-07T15:45:06-05:00[America/New_York],NA,2021-02-07,56620,Sunday
1806,B,16,2021-02-07T15:45:06-05:00[America/New_York],2021-02-07T15:45:22-05:00[America/New_York],Yes,2021-02-07,56706,Sunday
1806,<A>,84,2021-02-07T15:45:22-05:00[America/New_York],2021-02-07T15:46:46-05:00[America/New_York],NA,2021-02-07,56722,Sunday
1806,B,16,2021-02-07T15:46:46-05:00[America/New_York],2021-02-07T15:47:02-05:00[America/New_York],Yes,2021-02-07,56806,Sunday
1806,<A>,84,2021-02-07T15:47:02-05:00[America/New_York],2021-02-07T15:48:26-05:00[America/New_York],NA,2021-02-07,56822,Sunday
1806,B,18,2021-02-07T15:48:26-05:00[America/New_York],2021-02-07T15:48:44-05:00[America/New_York],Yes,2021-02-07,56906,Sunday
1806,<A>,82,2021-02-07T15:48:44-05:00[America/New_York],2021-02-07T15:50:06-05:00[America/New_York],NA,2021-02-07,56924,Sunday
1806,B,15,2021-02-07T15:50:06-05:00[America/New_York],2021-02-07T15:50:21-05:00[America/New_York],Yes,2021-02-07,57006,Sunday
1806,<A>,105,2021-02-07T15:50:21-05:00[America/New_York],2021-02-07T15:52:06-05:00[America/New_York],NA,2021-02-07,57021,Sunday
1806,B,13,2021-02-07T15:52:06-05:00[America/New_York],2021-02-07T15:52:19-05:00[America/New_York],Yes,2021-02-07,57126,Sunday
1806,<A>,87,2021-02-07T15:52:19-05:00[America/New_York],2021-02-07T15:53:46-05:00[America/New_York],NA,2021-02-07,57139,Sunday
1806,B,15,2021-02-07T15:53:46-05:00[America/New_York],2021-02-07T15:54:01-05:00[America/New_York],Yes,2021-02-07,57226,Sunday
1806,<A>,95,2021-02-07T15:54:01-05:00[America/New_York],2021-02-07T15:55:36-05:00[America/New_York],NA,2021-02-07,57241,Sunday
1806,B,21,2021-02-07T15:55:36-05:00[America/New_York],2021-02-07T15:55:57-05:00[America/New_York],Yes,2021-02-07,57336,Sunday
1806,<A>,80,2021-02-07T15:55:57-05:00[America/New_York],2021-02-07T15:57:17-05:00[America/New_York],NA,2021-02-07,57357,Sunday
1806,B,13,2021-02-07T15:57:17-05:00[America/New_York],2021-02-07T15:57:30-05:00[America/New_York],Yes,2021-02-07,57437,Sunday
1806,<A>,175,2021-02-07T15:57:30-05:00[America/New_York],2021-02-07T16:00:25-05:00[America/New_York],NA,2021-02-07,57450,Sunday
1806,B,18,2021-02-07T16:00:25-05:00[America/New_York],2021-02-07T16:00:43-05:00[America/New_York],Yes,2021-02-07,57625,Sunday
1806,<A>,82,2021-02-07T16:00:43-05:00[America/New_York],2021-02-07T16:02:05-05:00[America/New_York],NA,2021-02-07,57643,Sunday
1806,B,14,2021-02-07T16:02:05-05:00[America/New_York],2021-02-07T16:02:19-05:00[America/New_York],Yes,2021-02-07,57725,Sunday
1806,<A>,71,2021-02-07T16:02:19-05:00[America/New_York],2021-02-07T16:03:30-05:00[America/New_York],NA,2021-02-07,57739,Sunday
1806,B,13,2021-02-07T16:03:30-05:00[America/New_York],2021-02-07T16:03:43-05:00[America/New_York],Yes,2021-02-07,57810,Sunday
1806,<A>,88,2021-02-07T16:03:43-05:00[America/New_York],2021-02-07T16:05:11-05:00[America/New_York],NA,2021-02-07,57823,Sunday
1806,B,19,2021-02-07T16:05:11-05:00[America/New_York],2021-02-07T16:05:30-05:00[America/New_York],Yes,2021-02-07,57911,Sunday
1806,<A>,81,2021-02-07T16:05:30-05:00[America/New_York],2021-02-07T16:06:51-05:00[America/New_York],NA,2021-02-07,57930,Sunday
1806,B,25,2021-02-07T16:06:51-05:00[America/New_York],2021-02-07T16:07:16-05:00[America/New_York],NA,2021-02-07,58011,Sunday
1806,<A>,75,2021-02-07T16:07:16-05:00[America/New_York],2021-02-07T16:08:31-05:00[America/New_York],NA,2021-02-07,58036,Sunday
1806,B,24,2021-02-07T16:08:31-05:00[America/New_York],2021-02-07T16:08:55-05:00[America/New_York],NA,2021-02-07,58111,Sunday
1806,<A>,76,2021-02-07T16:08:55-05:00[America/New_York],2021-02-07T16:10:11-05:00[America/New_York],NA,2021-02-07,58135,Sunday
1806,B,24,2021-02-07T16:10:11-05:00[America/New_York],2021-02-07T16:10:35-05:00[America/New_York],NA,2021-02-07,58211,Sunday
1806,<A>,76,2021-02-07T16:10:35-05:00[America/New_York],2021-02-07T16:11:51-05:00[America/New_York],NA,2021-02-07,58235,Sunday
1806,B,15,2021-02-07T16:11:51-05:00[America/New_York],2021-02-07T16:12:06-05:00[America/New_York],Yes,2021-02-07,58311,Sunday
1806,<A>,85,2021-02-07T16:12:06-05:00[America/New_York],2021-02-07T16:13:31-05:00[America/New_York],NA,2021-02-07,58326,Sunday
1806,B,14,2021-02-07T16:13:31-05:00[America/New_York],2021-02-07T16:13:45-05:00[America/New_York],Yes,2021-02-07,58411,Sunday
1806,<A>,86,2021-02-07T16:13:45-05:00[America/New_York],2021-02-07T16:15:11-05:00[America/New_York],NA,2021-02-07,58425,Sunday
1806,B,17,2021-02-07T16:15:11-05:00[America/New_York],2021-02-07T16:15:28-05:00[America/New_York],Yes,2021-02-07,58511,Sunday
1806,<A>,83,2021-02-07T16:15:28-05:00[America/New_York],2021-02-07T16:16:51-05:00[America/New_York],NA,2021-02-07,58528,Sunday
1806,B,25,2021-02-07T16:16:51-05:00[America/New_York],2021-02-07T16:17:16-05:00[America/New_York],NA,2021-02-07,58611,Sunday
1806,<A>,75,2021-02-07T16:17:16-05:00[America/New_York],2021-02-07T16:18:31-05:00[America/New_York],NA,2021-02-07,58636,Sunday
1806,B,25,2021-02-07T16:18:31-05:00[America/New_York],2021-02-07T16:18:56-05:00[America/New_York],NA,2021-02-07,58711,Sunday
1806,<A>,75,2021-02-07T16:18:56-05:00[America/New_York],2021-02-07T16:20:11-05:00[America/New_York],NA,2021-02-07,58736,Sunday
1806,B,18,2021-02-07T16:20:11-05:00[America/New_York],2021-02-07T16:20:29-05:00[America/New_York],Yes,2021-02-07,58811,Sunday
1806,<A>,82,2021-02-07T16:20:29-05:00[America/New_York],2021-02-07T16:21:51-05:00[America/New_York],NA,2021-02-07,58829,Sunday
1806,B,17,2021-02-07T16:21:51-05:00[America/New_York],2021-02-07T16:22:08-05:00[America/New_York],Yes,2021-02-07,58911,Sunday
1806,<A>,83,2021-02-07T16:22:08-05:00[America/New_York],2021-02-07T16:23:31-05:00[America/New_York],NA,2021-02-07,58928,Sunday
1806,B,14,2021-02-07T16:23:31-05:00[America/New_York],2021-02-07T16:23:45-05:00[America/New_York],Yes,2021-02-07,59011,Sunday
1806,<A>,86,2021-02-07T16:23:45-05:00[America/New_York],2021-02-07T16:25:11-05:00[America/New_York],NA,2021-02-07,59025,Sunday
1806,B,21,2021-02-07T16:25:11-05:00[America/New_York],2021-02-07T16:25:32-05:00[America/New_York],Yes,2021-02-07,59111,Sunday
1806,<A>,116,2021-02-07T16:25:32-05:00[America/New_York],2021-02-07T16:27:28-05:00[America/New_York],NA,2021-02-07,59132,Sunday
1806,B,19,2021-02-07T16:27:28-05:00[America/New_York],2021-02-07T16:27:47-05:00[America/New_York],Yes,2021-02-07,59248,Sunday
1806,<A>,81,2021-02-07T16:27:47-05:00[America/New_York],2021-02-07T16:29:08-05:00[America/New_York],NA,2021-02-07,59267,Sunday
1806,B,21,2021-02-07T16:29:08-05:00[America/New_York],2021-02-07T16:29:29-05:00[America/New_York],Yes,2021-02-07,59348,Sunday
1806,<A>,79,2021-02-07T16:29:29-05:00[America/New_York],2021-02-07T16:30:48-05:00[America/New_York],NA,2021-02-07,59369,Sunday
1806,B,25,2021-02-07T16:30:48-05:00[America/New_York],2021-02-07T16:31:13-05:00[America/New_York],NA,2021-02-07,59448,Sunday
1806,<A>,75,2021-02-07T16:31:13-05:00[America/New_York],2021-02-07T16:32:28-05:00[America/New_York],NA,2021-02-07,59473,Sunday
1806,B,19,2021-02-07T16:32:28-05:00[America/New_York],2021-02-07T16:32:47-05:00[America/New_York],Yes,2021-02-07,59548,Sunday
1806,<A>,81,2021-02-07T16:32:47-05:00[America/New_York],2021-02-07T16:34:08-05:00[America/New_York],NA,2021-02-07,59567,Sunday
1806,B,21,2021-02-07T16:34:08-05:00[America/New_York],2021-02-07T16:34:29-05:00[America/New_York],Yes,2021-02-07,59648,Sunday
1806,<A>,79,2021-02-07T16:34:29-05:00[America/New_York],2021-02-07T16:35:48-05:00[America/New_York],NA,2021-02-07,59669,Sunday
1806,B,20,2021-02-07T16:35:48-05:00[America/New_York],2021-02-07T16:36:08-05:00[America/New_York],Yes,2021-02-07,59748,Sunday
1806,<A>,80,2021-02-07T16:36:08-05:00[America/New_York],2021-02-07T16:37:28-05:00[America/New_York],NA,2021-02-07,59768,Sunday
1806,B,14,2021-02-07T16:37:28-05:00[America/New_York],2021-02-07T16:37:42-05:00[America/New_York],Yes,2021-02-07,59848,Sunday
1806,<A>,124,2021-02-07T16:37:42-05:00[America/New_York],2021-02-07T16:39:46-05:00[America/New_York],NA,2021-02-07,59862,Sunday
1806,B,25,2021-02-07T16:39:46-05:00[America/New_York],2021-02-07T16:40:11-05:00[America/New_York],NA,2021-02-07,59986,Sunday
1806,<A>,75,2021-02-07T16:40:11-05:00[America/New_York],2021-02-07T16:41:26-05:00[America/New_York],NA,2021-02-07,60011,Sunday
1806,B,14,2021-02-07T16:41:26-05:00[America/New_York],2021-02-07T16:41:40-05:00[America/New_York],Yes,2021-02-07,60086,Sunday
1806,<A>,75,2021-02-07T16:41:40-05:00[America/New_York],2021-02-07T16:42:55-05:00[America/New_York],NA,2021-02-07,60100,Sunday
1806,B,15,2021-02-07T16:42:55-05:00[America/New_York],2021-02-07T16:43:10-05:00[America/New_York],Yes,2021-02-07,60175,Sunday
1806,<A>,89,2021-02-07T16:43:10-05:00[America/New_York],2021-02-07T16:44:39-05:00[America/New_York],NA,2021-02-07,60190,Sunday
1806,B,22,2021-02-07T16:44:39-05:00[America/New_York],2021-02-07T16:45:01-05:00[America/New_York],Yes,2021-02-07,60279,Sunday
1806,<A>,79,2021-02-07T16:45:01-05:00[America/New_York],2021-02-07T16:46:20-05:00[America/New_York],NA,2021-02-07,60301,Sunday
1806,B,24,2021-02-07T16:46:20-05:00[America/New_York],2021-02-07T16:46:44-05:00[America/New_York],NA,2021-02-07,60380,Sunday
1806,<A>,74,2021-02-07T16:46:44-05:00[America/New_York],2021-02-07T16:47:58-05:00[America/New_York],NA,2021-02-07,60404,Sunday
1806,B,15,2021-02-07T16:47:58-05:00[America/New_York],2021-02-07T16:48:13-05:00[America/New_York],Yes,2021-02-07,60478,Sunday
1806,<A>,85,2021-02-07T16:48:13-05:00[America/New_York],2021-02-07T16:49:38-05:00[America/New_York],NA,2021-02-07,60493,Sunday
1806,B,25,2021-02-07T16:49:38-05:00[America/New_York],2021-02-07T16:50:03-05:00[America/New_York],NA,2021-02-07,60578,Sunday
1806,<A>,75,2021-02-07T16:50:03-05:00[America/New_York],2021-02-07T16:51:18-05:00[America/New_York],NA,2021-02-07,60603,Sunday
1806,B,21,2021-02-07T16:51:18-05:00[America/New_York],2021-02-07T16:51:39-05:00[America/New_York],NA,2021-02-07,60678,Sunday
1806,<A>,64,2021-02-07T16:51:39-05:00[America/New_York],2021-02-07T16:52:43-05:00[America/New_York],NA,2021-02-07,60699,Sunday
1806,B,13,2021-02-07T16:52:43-05:00[America/New_York],2021-02-07T16:52:56-05:00[America/New_York],Yes,2021-02-07,60763,Sunday
1806,<A>,102,2021-02-07T16:52:56-05:00[America/New_York],2021-02-07T16:54:38-05:00[America/New_York],NA,2021-02-07,60776,Sunday
1806,B,13,2021-02-07T16:54:38-05:00[America/New_York],2021-02-07T16:54:51-05:00[America/New_York],Yes,2021-02-07,60878,Sunday
1806,<A>,87,2021-02-07T16:54:51-05:00[America/New_York],2021-02-07T16:56:18-05:00[America/New_York],NA,2021-02-07,60891,Sunday
1806,B,26,2021-02-07T16:56:18-05:00[America/New_York],2021-02-07T16:56:44-05:00[America/New_York],NA,2021-02-07,60978,Sunday
1806,<A>,74,2021-02-07T16:56:44-05:00[America/New_York],2021-02-07T16:57:58-05:00[America/New_York],NA,2021-02-07,61004,Sunday
1806,B,18,2021-02-07T16:57:58-05:00[America/New_York],2021-02-07T16:58:16-05:00[America/New_York],Yes,2021-02-07,61078,Sunday
1806,<A>,82,2021-02-07T16:58:16-05:00[America/New_York],2021-02-07T16:59:38-05:00[America/New_York],NA,2021-02-07,61096,Sunday
1806,B,16,2021-02-07T16:59:38-05:00[America/New_York],2021-02-07T16:59:54-05:00[America/New_York],Yes,2021-02-07,61178,Sunday
1806,<A>,84,2021-02-07T16:59:54-05:00[America/New_York],2021-02-07T17:01:18-05:00[America/New_York],NA,2021-02-07,61194,Sunday
1806,B,17,2021-02-07T17:01:18-05:00[America/New_York],2021-02-07T17:01:35-05:00[America/New_York],Yes,2021-02-07,61278,Sunday
1806,<A>,72,2021-02-07T17:01:35-05:00[America/New_York],2021-02-07T17:02:47-05:00[America/New_York],NA,2021-02-07,61295,Sunday
1806,B,25,2021-02-07T17:02:47-05:00[America/New_York],2021-02-07T17:03:12-05:00[America/New_York],NA,2021-02-07,61367,Sunday
1806,<A>,83,2021-02-07T17:03:12-05:00[America/New_York],2021-02-07T17:04:35-05:00[America/New_York],NA,2021-02-07,61392,Sunday
1806,B,20,2021-02-07T17:04:35-05:00[America/New_York],2021-02-07T17:04:55-05:00[America/New_York],Yes,2021-02-07,61475,Sunday
1806,<A>,78,2021-02-07T17:04:55-05:00[America/New_York],2021-02-07T17:06:13-05:00[America/New_York],NA,2021-02-07,61495,Sunday
1806,B,23,2021-02-07T17:06:13-05:00[America/New_York],2021-02-07T17:06:36-05:00[America/New_York],NA,2021-02-07,61573,Sunday
1806,<A>,72,2021-02-07T17:06:36-05:00[America/New_York],2021-02-07T17:07:48-05:00[America/New_York],NA,2021-02-07,61596,Sunday
1806,B,13,2021-02-07T17:07:48-05:00[America/New_York],2021-02-07T17:08:01-05:00[America/New_York],Yes,2021-02-07,61668,Sunday
1806,<A>,88,2021-02-07T17:08:01-05:00[America/New_York],2021-02-07T17:09:29-05:00[America/New_York],NA,2021-02-07,61681,Sunday
1806,B,16,2021-02-07T17:09:29-05:00[America/New_York],2021-02-07T17:09:45-05:00[America/New_York],Yes,2021-02-07,61769,Sunday
1806,<A>,99,2021-02-07T17:09:45-05:00[America/New_York],2021-02-07T17:11:24-05:00[America/New_York],NA,2021-02-07,61785,Sunday
1806,B,20,2021-02-07T17:11:24-05:00[America/New_York],2021-02-07T17:11:44-05:00[America/New_York],Yes,2021-02-07,61884,Sunday
1806,<A>,79,2021-02-07T17:11:44-05:00[America/New_York],2021-02-07T17:13:03-05:00[America/New_York],NA,2021-02-07,61904,Sunday
1806,B,18,2021-02-07T17:13:03-05:00[America/New_York],2021-02-07T17:13:21-05:00[America/New_York],Yes,2021-02-07,61983,Sunday
1806,<A>,94,2021-02-07T17:13:21-05:00[America/New_York],2021-02-07T17:14:55-05:00[America/New_York],NA,2021-02-07,62001,Sunday
1806,B,24,2021-02-07T17:14:55-05:00[America/New_York],2021-02-07T17:15:19-05:00[America/New_York],NA,2021-02-07,62095,Sunday
1806,<A>,70,2021-02-07T17:15:19-05:00[America/New_York],2021-02-07T17:16:29-05:00[America/New_York],NA,2021-02-07,62119,Sunday
1806,B,16,2021-02-07T17:16:29-05:00[America/New_York],2021-02-07T17:16:45-05:00[America/New_York],Yes,2021-02-07,62189,Sunday
1806,<A>,97,2021-02-07T17:16:45-05:00[America/New_York],2021-02-07T17:18:22-05:00[America/New_York],NA,2021-02-07,62205,Sunday
1806,B,29,2021-02-07T17:18:22-05:00[America/New_York],2021-02-07T17:18:51-05:00[America/New_York],NA,2021-02-07,62302,Sunday
1806,<A>,95,2021-02-07T17:18:51-05:00[America/New_York],2021-02-07T17:20:26-05:00[America/New_York],NA,2021-02-07,62331,Sunday
1806,B,17,2021-02-07T17:20:26-05:00[America/New_York],2021-02-07T17:20:43-05:00[America/New_York],Yes,2021-02-07,62426,Sunday
1806,<A>,108,2021-02-07T17:20:43-05:00[America/New_York],2021-02-07T17:22:31-05:00[America/New_York],NA,2021-02-07,62443,Sunday
1806,B,19,2021-02-07T17:22:31-05:00[America/New_York],2021-02-07T17:22:50-05:00[America/New_York],Yes,2021-02-07,62551,Sunday
1806,<A>,111,2021-02-07T17:22:50-05:00[America/New_York],2021-02-07T17:24:41-05:00[America/New_York],NA,2021-02-07,62570,Sunday
1806,B,18,2021-02-07T17:24:41-05:00[America/New_York],2021-02-07T17:24:59-05:00[America/New_York],Yes,2021-02-07,62681,Sunday
1806,<A>,111,2021-02-07T17:24:59-05:00[America/New_York],2021-02-07T17:26:50-05:00[America/New_York],NA,2021-02-07,62699,Sunday
1806,B,31,2021-02-07T17:26:50-05:00[America/New_York],2021-02-07T17:27:21-05:00[America/New_York],NA,2021-02-07,62810,Sunday
1806,<A>,79,2021-02-07T17:27:21-05:00[America/New_York],2021-02-07T17:28:40-05:00[America/New_York],NA,2021-02-07,62841,Sunday
1806,B,20,2021-02-07T17:28:40-05:00[America/New_York],2021-02-07T17:29:00-05:00[America/New_York],Yes,2021-02-07,62920,Sunday
1806,<A>,87,2021-02-07T17:29:00-05:00[America/New_York],2021-02-07T17:30:27-05:00[America/New_York],NA,2021-02-07,62940,Sunday
1806,B,15,2021-02-07T17:30:27-05:00[America/New_York],2021-02-07T17:30:42-05:00[America/New_York],Yes,2021-02-07,63027,Sunday
1806,<A>,97,2021-02-07T17:30:42-05:00[America/New_York],2021-02-07T17:32:19-05:00[America/New_York],NA,2021-02-07,63042,Sunday
1806,B,16,2021-02-07T17:32:19-05:00[America/New_York],2021-02-07T17:32:35-05:00[America/New_York],Yes,2021-02-07,63139,Sunday
1806,<A>,94,2021-02-07T17:32:35-05:00[America/New_York],2021-02-07T17:34:09-05:00[America/New_York],NA,2021-02-07,63155,Sunday
1806,B,13,2021-02-07T17:34:09-05:00[America/New_York],2021-02-07T17:34:22-05:00[America/New_York],Yes,2021-02-07,63249,Sunday
1806,<A>,96,2021-02-07T17:34:22-05:00[America/New_York],2021-02-07T17:35:58-05:00[America/New_York],NA,2021-02-07,63262,Sunday
1806,B,16,2021-02-07T17:35:58-05:00[America/New_York],2021-02-07T17:36:14-05:00[America/New_York],Yes,2021-02-07,63358,Sunday
1806,<A>,90,2021-02-07T17:36:14-05:00[America/New_York],2021-02-07T17:37:44-05:00[America/New_York],NA,2021-02-07,63374,Sunday
1806,B,21,2021-02-07T17:37:44-05:00[America/New_York],2021-02-07T17:38:05-05:00[America/New_York],Yes,2021-02-07,63464,Sunday
1806,<A>,86,2021-02-07T17:38:05-05:00[America/New_York],2021-02-07T17:39:31-05:00[America/New_York],NA,2021-02-07,63485,Sunday
1806,B,23,2021-02-07T17:39:31-05:00[America/New_York],2021-02-07T17:39:54-05:00[America/New_York],Yes,2021-02-07,63571,Sunday
1806,<A>,98,2021-02-07T17:39:54-05:00[America/New_York],2021-02-07T17:41:32-05:00[America/New_York],NA,2021-02-07,63594,Sunday
1806,B,16,2021-02-07T17:41:32-05:00[America/New_York],2021-02-07T17:41:48-05:00[America/New_York],Yes,2021-02-07,63692,Sunday
1806,<A>,85,2021-02-07T17:41:48-05:00[America/New_York],2021-02-07T17:43:13-05:00[America/New_York],NA,2021-02-07,63708,Sunday
1806,B,14,2021-02-07T17:43:13-05:00[America/New_York],2021-02-07T17:43:27-05:00[America/New_York],Yes,2021-02-07,63793,Sunday
1806,<A>,94,2021-02-07T17:43:27-05:00[America/New_York],2021-02-07T17:45:01-05:00[America/New_York],NA,2021-02-07,63807,Sunday
1806,B,19,2021-02-07T17:45:01-05:00[America/New_York],2021-02-07T17:45:20-05:00[America/New_York],Yes,2021-02-07,63901,Sunday
1806,<A>,91,2021-02-07T17:45:20-05:00[America/New_York],2021-02-07T17:46:51-05:00[America/New_York],NA,2021-02-07,63920,Sunday
1806,B,14,2021-02-07T17:46:51-05:00[America/New_York],2021-02-07T17:47:05-05:00[America/New_York],Yes,2021-02-07,64011,Sunday
1806,<A>,73,2021-02-07T17:47:05-05:00[America/New_York],2021-02-07T17:48:18-05:00[America/New_York],NA,2021-02-07,64025,Sunday
1806,B,13,2021-02-07T17:48:18-05:00[America/New_York],2021-02-07T17:48:31-05:00[America/New_York],Yes,2021-02-07,64098,Sunday
1806,<A>,92,2021-02-07T17:48:31-05:00[America/New_York],2021-02-07T17:50:03-05:00[America/New_York],NA,2021-02-07,64111,Sunday
1806,B,14,2021-02-07T17:50:03-05:00[America/New_York],2021-02-07T17:50:17-05:00[America/New_York],Yes,2021-02-07,64203,Sunday
1806,<A>,93,2021-02-07T17:50:17-05:00[America/New_York],2021-02-07T17:51:50-05:00[America/New_York],NA,2021-02-07,64217,Sunday
1806,B,13,2021-02-07T17:51:50-05:00[America/New_York],2021-02-07T17:52:03-05:00[America/New_York],Yes,2021-02-07,64310,Sunday
1806,<A>,102,2021-02-07T17:52:03-05:00[America/New_York],2021-02-07T17:53:45-05:00[America/New_York],NA,2021-02-07,64323,Sunday
1806,B,15,2021-02-07T17:53:45-05:00[America/New_York],2021-02-07T17:54:00-05:00[America/New_York],Yes,2021-02-07,64425,Sunday
1806,<A>,89,2021-02-07T17:54:00-05:00[America/New_York],2021-02-07T17:55:29-05:00[America/New_York],NA,2021-02-07,64440,Sunday
1806,B,13,2021-02-07T17:55:29-05:00[America/New_York],2021-02-07T17:55:42-05:00[America/New_York],Yes,2021-02-07,64529,Sunday
1806,<A>,88,2021-02-07T17:55:42-05:00[America/New_York],2021-02-07T17:57:10-05:00[America/New_York],NA,2021-02-07,64542,Sunday
1806,B,14,2021-02-07T17:57:10-05:00[America/New_York],2021-02-07T17:57:24-05:00[America/New_York],Yes,2021-02-07,64630,Sunday
1806,<A>,86,2021-02-07T17:57:24-05:00[America/New_York],2021-02-07T17:58:50-05:00[America/New_York],NA,2021-02-07,64644,Sunday
1806,B,19,2021-02-07T17:58:50-05:00[America/New_York],2021-02-07T17:59:09-05:00[America/New_York],Yes,2021-02-07,64730,Sunday
1806,<A>,81,2021-02-07T17:59:09-05:00[America/New_York],2021-02-07T18:00:30-05:00[America/New_York],NA,2021-02-07,64749,Sunday
1806,B,20,2021-02-07T18:00:30-05:00[America/New_York],2021-02-07T18:00:50-05:00[America/New_York],Yes,2021-02-07,64830,Sunday
1806,<A>,80,2021-02-07T18:00:50-05:00[America/New_York],2021-02-07T18:02:10-05:00[America/New_York],NA,2021-02-07,64850,Sunday
1806,B,16,2021-02-07T18:02:10-05:00[America/New_York],2021-02-07T18:02:26-05:00[America/New_York],Yes,2021-02-07,64930,Sunday
1806,<A>,84,2021-02-07T18:02:26-05:00[America/New_York],2021-02-07T18:03:50-05:00[America/New_York],NA,2021-02-07,64946,Sunday
1806,B,18,2021-02-07T18:03:50-05:00[America/New_York],2021-02-07T18:04:08-05:00[America/New_York],Yes,2021-02-07,65030,Sunday
1806,<A>,82,2021-02-07T18:04:08-05:00[America/New_York],2021-02-07T18:05:30-05:00[America/New_York],NA,2021-02-07,65048,Sunday
1806,B,20,2021-02-07T18:05:30-05:00[America/New_York],2021-02-07T18:05:50-05:00[America/New_York],Yes,2021-02-07,65130,Sunday
1806,<A>,80,2021-02-07T18:05:50-05:00[America/New_York],2021-02-07T18:07:10-05:00[America/New_York],NA,2021-02-07,65150,Sunday
1806,B,20,2021-02-07T18:07:10-05:00[America/New_York],2021-02-07T18:07:30-05:00[America/New_York],Yes,2021-02-07,65230,Sunday
1806,<A>,80,2021-02-07T18:07:30-05:00[America/New_York],2021-02-07T18:08:50-05:00[America/New_York],NA,2021-02-07,65250,Sunday
1806,B,25,2021-02-07T18:08:50-05:00[America/New_York],2021-02-07T18:09:15-05:00[America/New_York],NA,2021-02-07,65330,Sunday
1806,<A>,75,2021-02-07T18:09:15-05:00[America/New_York],2021-02-07T18:10:30-05:00[America/New_York],NA,2021-02-07,65355,Sunday
1806,B,14,2021-02-07T18:10:30-05:00[America/New_York],2021-02-07T18:10:44-05:00[America/New_York],Yes,2021-02-07,65430,Sunday
1806,<A>,86,2021-02-07T18:10:44-05:00[America/New_York],2021-02-07T18:12:10-05:00[America/New_York],NA,2021-02-07,65444,Sunday
1806,B,14,2021-02-07T18:12:10-05:00[America/New_York],2021-02-07T18:12:24-05:00[America/New_York],Yes,2021-02-07,65530,Sunday
1806,<A>,86,2021-02-07T18:12:24-05:00[America/New_York],2021-02-07T18:13:50-05:00[America/New_York],NA,2021-02-07,65544,Sunday
1806,B,24,2021-02-07T18:13:50-05:00[America/New_York],2021-02-07T18:14:14-05:00[America/New_York],Yes,2021-02-07,65630,Sunday
1806,<A>,76,2021-02-07T18:14:14-05:00[America/New_York],2021-02-07T18:15:30-05:00[America/New_York],NA,2021-02-07,65654,Sunday
1806,B,14,2021-02-07T18:15:30-05:00[America/New_York],2021-02-07T18:15:44-05:00[America/New_York],Yes,2021-02-07,65730,Sunday
1806,<A>,86,2021-02-07T18:15:44-05:00[America/New_York],2021-02-07T18:17:10-05:00[America/New_York],NA,2021-02-07,65744,Sunday
1806,B,23,2021-02-07T18:17:10-05:00[America/New_York],2021-02-07T18:17:33-05:00[America/New_York],Yes,2021-02-07,65830,Sunday
1806,<A>,77,2021-02-07T18:17:33-05:00[America/New_York],2021-02-07T18:18:50-05:00[America/New_York],NA,2021-02-07,65853,Sunday
1806,B,18,2021-02-07T18:18:50-05:00[America/New_York],2021-02-07T18:19:08-05:00[America/New_York],Yes,2021-02-07,65930,Sunday
1806,<A>,93,2021-02-07T18:19:08-05:00[America/New_York],2021-02-07T18:20:41-05:00[America/New_York],NA,2021-02-07,65948,Sunday
1806,B,13,2021-02-07T18:20:41-05:00[America/New_York],2021-02-07T18:20:54-05:00[America/New_York],Yes,2021-02-07,66041,Sunday
1806,<A>,87,2021-02-07T18:20:54-05:00[America/New_York],2021-02-07T18:22:21-05:00[America/New_York],NA,2021-02-07,66054,Sunday
1806,B,19,2021-02-07T18:22:21-05:00[America/New_York],2021-02-07T18:22:40-05:00[America/New_York],Yes,2021-02-07,66141,Sunday
1806,<A>,81,2021-02-07T18:22:40-05:00[America/New_York],2021-02-07T18:24:01-05:00[America/New_York],NA,2021-02-07,66160,Sunday
1806,B,22,2021-02-07T18:24:01-05:00[America/New_York],2021-02-07T18:24:23-05:00[America/New_York],Yes,2021-02-07,66241,Sunday
1806,<A>,96,2021-02-07T18:24:23-05:00[America/New_York],2021-02-07T18:25:59-05:00[America/New_York],NA,2021-02-07,66263,Sunday
1806,B,19,2021-02-07T18:25:59-05:00[America/New_York],2021-02-07T18:26:18-05:00[America/New_York],Yes,2021-02-07,66359,Sunday
1806,<A>,81,2021-02-07T18:26:18-05:00[America/New_York],2021-02-07T18:27:39-05:00[America/New_York],NA,2021-02-07,66378,Sunday
1806,B,13,2021-02-07T18:27:39-05:00[America/New_York],2021-02-07T18:27:52-05:00[America/New_York],Yes,2021-02-07,66459,Sunday
1806,<A>,87,2021-02-07T18:27:52-05:00[America/New_York],2021-02-07T18:29:19-05:00[America/New_York],NA,2021-02-07,66472,Sunday
1806,B,16,2021-02-07T18:29:19-05:00[America/New_York],2021-02-07T18:29:35-05:00[America/New_York],Yes,2021-02-07,66559,Sunday
1806,<A>,84,2021-02-07T18:29:35-05:00[America/New_York],2021-02-07T18:30:59-05:00[America/New_York],NA,2021-02-07,66575,Sunday
1806,B,13,2021-02-07T18:30:59-05:00[America/New_York],2021-02-07T18:31:12-05:00[America/New_York],Yes,2021-02-07,66659,Sunday
1806,<A>,175,2021-02-07T18:31:12-05:00[America/New_York],2021-02-07T18:34:07-05:00[America/New_York],NA,2021-02-07,66672,Sunday
1806,B,13,2021-02-07T18:34:07-05:00[America/New_York],2021-02-07T18:34:20-05:00[America/New_York],Yes,2021-02-07,66847,Sunday
1806,<A>,87,2021-02-07T18:34:20-05:00[America/New_York],2021-02-07T18:35:47-05:00[America/New_York],NA,2021-02-07,66860,Sunday
1806,B,18,2021-02-07T18:35:47-05:00[America/New_York],2021-02-07T18:36:05-05:00[America/New_York],Yes,2021-02-07,66947,Sunday
1806,<A>,82,2021-02-07T18:36:05-05:00[America/New_York],2021-02-07T18:37:27-05:00[America/New_York],NA,2021-02-07,66965,Sunday
1806,B,15,2021-02-07T18:37:27-05:00[America/New_York],2021-02-07T18:37:42-05:00[America/New_York],Yes,2021-02-07,67047,Sunday
1806,<A>,85,2021-02-07T18:37:42-05:00[America/New_York],2021-02-07T18:39:07-05:00[America/New_York],NA,2021-02-07,67062,Sunday
1806,B,14,2021-02-07T18:39:07-05:00[America/New_York],2021-02-07T18:39:21-05:00[America/New_York],Yes,2021-02-07,67147,Sunday
1806,<A>,86,2021-02-07T18:39:21-05:00[America/New_York],2021-02-07T18:40:47-05:00[America/New_York],NA,2021-02-07,67161,Sunday
1806,B,20,2021-02-07T18:40:47-05:00[America/New_York],2021-02-07T18:41:07-05:00[America/New_York],Yes,2021-02-07,67247,Sunday
1806,<A>,80,2021-02-07T18:41:07-05:00[America/New_York],2021-02-07T18:42:27-05:00[America/New_York],NA,2021-02-07,67267,Sunday
1806,B,15,2021-02-07T18:42:27-05:00[America/New_York],2021-02-07T18:42:42-05:00[America/New_York],Yes,2021-02-07,67347,Sunday
1806,<A>,154,2021-02-07T18:42:42-05:00[America/New_York],2021-02-07T18:45:16-05:00[America/New_York],Yes,2021-02-07,67362,Sunday
1806,B,13,2021-02-07T18:45:16-05:00[America/New_York],2021-02-07T18:45:29-05:00[America/New_York],Yes,2021-02-07,67516,Sunday
1806,<A>,75,2021-02-07T18:45:29-05:00[America/New_York],2021-02-07T18:46:44-05:00[America/New_York],NA,2021-02-07,67529,Sunday
1806,B,16,2021-02-07T18:46:44-05:00[America/New_York],2021-02-07T18:47:00-05:00[America/New_York],Yes,2021-02-07,67604,Sunday
1806,<A>,84,2021-02-07T18:47:00-05:00[America/New_York],2021-02-07T18:48:24-05:00[America/New_York],NA,2021-02-07,67620,Sunday
1806,B,13,2021-02-07T18:48:24-05:00[America/New_York],2021-02-07T18:48:37-05:00[America/New_York],Yes,2021-02-07,67704,Sunday
1806,<A>,84,2021-02-07T18:48:37-05:00[America/New_York],2021-02-07T18:50:01-05:00[America/New_York],NA,2021-02-07,67717,Sunday
1806,B,18,2021-02-07T18:50:01-05:00[America/New_York],2021-02-07T18:50:19-05:00[America/New_York],Yes,2021-02-07,67801,Sunday
1806,<A>,116,2021-02-07T18:50:19-05:00[America/New_York],2021-02-07T18:52:15-05:00[America/New_York],NA,2021-02-07,67819,Sunday
1806,B,18,2021-02-07T18:52:15-05:00[America/New_York],2021-02-07T18:52:33-05:00[America/New_York],Yes,2021-02-07,67935,Sunday
1806,<A>,91,2021-02-07T18:52:33-05:00[America/New_York],2021-02-07T18:54:04-05:00[America/New_York],NA,2021-02-07,67953,Sunday
1806,B,13,2021-02-07T18:54:04-05:00[America/New_York],2021-02-07T18:54:17-05:00[America/New_York],Yes,2021-02-07,68044,Sunday
1806,<A>,87,2021-02-07T18:54:17-05:00[America/New_York],2021-02-07T18:55:44-05:00[America/New_York],NA,2021-02-07,68057,Sunday
1806,B,13,2021-02-07T18:55:44-05:00[America/New_York],2021-02-07T18:55:57-05:00[America/New_York],Yes,2021-02-07,68144,Sunday
1806,<A>,87,2021-02-07T18:55:57-05:00[America/New_York],2021-02-07T18:57:24-05:00[America/New_York],NA,2021-02-07,68157,Sunday
1806,B,17,2021-02-07T18:57:24-05:00[America/New_York],2021-02-07T18:57:41-05:00[America/New_York],Yes,2021-02-07,68244,Sunday
1806,<A>,83,2021-02-07T18:57:41-05:00[America/New_York],2021-02-07T18:59:04-05:00[America/New_York],NA,2021-02-07,68261,Sunday
1806,B,15,2021-02-07T18:59:04-05:00[America/New_York],2021-02-07T18:59:19-05:00[America/New_York],Yes,2021-02-07,68344,Sunday
1806,<A>,85,2021-02-07T18:59:19-05:00[America/New_York],2021-02-07T19:00:44-05:00[America/New_York],NA,2021-02-07,68359,Sunday
1806,B,13,2021-02-07T19:00:44-05:00[America/New_York],2021-02-07T19:00:57-05:00[America/New_York],Yes,2021-02-07,68444,Sunday
1806,<A>,87,2021-02-07T19:00:57-05:00[America/New_York],2021-02-07T19:02:24-05:00[America/New_York],NA,2021-02-07,68457,Sunday
1806,B,17,2021-02-07T19:02:24-05:00[America/New_York],2021-02-07T19:02:41-05:00[America/New_York],Yes,2021-02-07,68544,Sunday
1806,<A>,83,2021-02-07T19:02:41-05:00[America/New_York],2021-02-07T19:04:04-05:00[America/New_York],NA,2021-02-07,68561,Sunday
1806,B,13,2021-02-07T19:04:04-05:00[America/New_York],2021-02-07T19:04:17-05:00[America/New_York],Yes,2021-02-07,68644,Sunday
1806,<A>,87,2021-02-07T19:04:17-05:00[America/New_York],2021-02-07T19:05:44-05:00[America/New_York],NA,2021-02-07,68657,Sunday
1806,B,15,2021-02-07T19:05:44-05:00[America/New_York],2021-02-07T19:05:59-05:00[America/New_York],Yes,2021-02-07,68744,Sunday
1806,<A>,85,2021-02-07T19:05:59-05:00[America/New_York],2021-02-07T19:07:24-05:00[America/New_York],NA,2021-02-07,68759,Sunday
1806,B,15,2021-02-07T19:07:24-05:00[America/New_York],2021-02-07T19:07:39-05:00[America/New_York],Yes,2021-02-07,68844,Sunday
1806,<A>,85,2021-02-07T19:07:39-05:00[America/New_York],2021-02-07T19:09:04-05:00[America/New_York],NA,2021-02-07,68859,Sunday
1806,B,21,2021-02-07T19:09:04-05:00[America/New_York],2021-02-07T19:09:25-05:00[America/New_York],Yes,2021-02-07,68944,Sunday
1806,<A>,79,2021-02-07T19:09:25-05:00[America/New_York],2021-02-07T19:10:44-05:00[America/New_York],NA,2021-02-07,68965,Sunday
1806,B,23,2021-02-07T19:10:44-05:00[America/New_York],2021-02-07T19:11:07-05:00[America/New_York],Yes,2021-02-07,69044,Sunday
1806,<A>,77,2021-02-07T19:11:07-05:00[America/New_York],2021-02-07T19:12:24-05:00[America/New_York],NA,2021-02-07,69067,Sunday
1806,B,17,2021-02-07T19:12:24-05:00[America/New_York],2021-02-07T19:12:41-05:00[America/New_York],Yes,2021-02-07,69144,Sunday
1806,<A>,83,2021-02-07T19:12:41-05:00[America/New_York],2021-02-07T19:14:04-05:00[America/New_York],NA,2021-02-07,69161,Sunday
1806,B,15,2021-02-07T19:14:04-05:00[America/New_York],2021-02-07T19:14:19-05:00[America/New_York],Yes,2021-02-07,69244,Sunday
1806,<A>,85,2021-02-07T19:14:19-05:00[America/New_York],2021-02-07T19:15:44-05:00[America/New_York],NA,2021-02-07,69259,Sunday
1806,B,13,2021-02-07T19:15:44-05:00[America/New_York],2021-02-07T19:15:57-05:00[America/New_York],Yes,2021-02-07,69344,Sunday
1806,<A>,87,2021-02-07T19:15:57-05:00[America/New_York],2021-02-07T19:17:24-05:00[America/New_York],NA,2021-02-07,69357,Sunday
1806,B,16,2021-02-07T19:17:24-05:00[America/New_York],2021-02-07T19:17:40-05:00[America/New_York],Yes,2021-02-07,69444,Sunday
1806,<A>,84,2021-02-07T19:17:40-05:00[America/New_York],2021-02-07T19:19:04-05:00[America/New_York],NA,2021-02-07,69460,Sunday
1806,B,13,2021-02-07T19:19:04-05:00[America/New_York],2021-02-07T19:19:17-05:00[America/New_York],Yes,2021-02-07,69544,Sunday
1806,<A>,134,2021-02-07T19:19:17-05:00[America/New_York],2021-02-07T19:21:31-05:00[America/New_York],Yes,2021-02-07,69557,Sunday
1806,B,13,2021-02-07T19:21:31-05:00[America/New_York],2021-02-07T19:21:44-05:00[America/New_York],Yes,2021-02-07,69691,Sunday
1806,<A>,78,2021-02-07T19:21:44-05:00[America/New_York],2021-02-07T19:23:02-05:00[America/New_York],NA,2021-02-07,69704,Sunday
1806,B,13,2021-02-07T19:23:02-05:00[America/New_York],2021-02-07T19:23:15-05:00[America/New_York],Yes,2021-02-07,69782,Sunday
1806,<A>,87,2021-02-07T19:23:15-05:00[America/New_York],2021-02-07T19:24:42-05:00[America/New_York],NA,2021-02-07,69795,Sunday
1806,B,20,2021-02-07T19:24:42-05:00[America/New_York],2021-02-07T19:25:02-05:00[America/New_York],Yes,2021-02-07,69882,Sunday
1806,<A>,80,2021-02-07T19:25:02-05:00[America/New_York],2021-02-07T19:26:22-05:00[America/New_York],NA,2021-02-07,69902,Sunday
1806,B,13,2021-02-07T19:26:22-05:00[America/New_York],2021-02-07T19:26:35-05:00[America/New_York],Yes,2021-02-07,69982,Sunday
1806,<A>,87,2021-02-07T19:26:35-05:00[America/New_York],2021-02-07T19:28:02-05:00[America/New_York],NA,2021-02-07,69995,Sunday
1806,B,14,2021-02-07T19:28:02-05:00[America/New_York],2021-02-07T19:28:16-05:00[America/New_York],Yes,2021-02-07,70082,Sunday
1806,<A>,86,2021-02-07T19:28:16-05:00[America/New_York],2021-02-07T19:29:42-05:00[America/New_York],NA,2021-02-07,70096,Sunday
1806,B,18,2021-02-07T19:29:42-05:00[America/New_York],2021-02-07T19:30:00-05:00[America/New_York],Yes,2021-02-07,70182,Sunday
1806,<A>,82,2021-02-07T19:30:00-05:00[America/New_York],2021-02-07T19:31:22-05:00[America/New_York],NA,2021-02-07,70200,Sunday
1806,B,18,2021-02-07T19:31:22-05:00[America/New_York],2021-02-07T19:31:40-05:00[America/New_York],Yes,2021-02-07,70282,Sunday
1806,<A>,82,2021-02-07T19:31:40-05:00[America/New_York],2021-02-07T19:33:02-05:00[America/New_York],NA,2021-02-07,70300,Sunday
1806,B,17,2021-02-07T19:33:02-05:00[America/New_York],2021-02-07T19:33:19-05:00[America/New_York],Yes,2021-02-07,70382,Sunday
1806,<A>,83,2021-02-07T19:33:19-05:00[America/New_York],2021-02-07T19:34:42-05:00[America/New_York],NA,2021-02-07,70399,Sunday
1806,B,20,2021-02-07T19:34:42-05:00[America/New_York],2021-02-07T19:35:02-05:00[America/New_York],Yes,2021-02-07,70482,Sunday
1806,<A>,175,2021-02-07T19:35:02-05:00[America/New_York],2021-02-07T19:37:57-05:00[America/New_York],NA,2021-02-07,70502,Sunday
1806,B,21,2021-02-07T19:37:57-05:00[America/New_York],2021-02-07T19:38:18-05:00[America/New_York],Yes,2021-02-07,70677,Sunday
1806,<A>,116,2021-02-07T19:38:18-05:00[America/New_York],2021-02-07T19:40:14-05:00[America/New_York],NA,2021-02-07,70698,Sunday
1806,B,13,2021-02-07T19:40:14-05:00[America/New_York],2021-02-07T19:40:27-05:00[America/New_York],Yes,2021-02-07,70814,Sunday
1806,<A>,99,2021-02-07T19:40:27-05:00[America/New_York],2021-02-07T19:42:06-05:00[America/New_York],NA,2021-02-07,70827,Sunday
1806,B,17,2021-02-07T19:42:06-05:00[America/New_York],2021-02-07T19:42:23-05:00[America/New_York],Yes,2021-02-07,70926,Sunday
1806,<A>,83,2021-02-07T19:42:23-05:00[America/New_York],2021-02-07T19:43:46-05:00[America/New_York],NA,2021-02-07,70943,Sunday
1806,B,13,2021-02-07T19:43:46-05:00[America/New_York],2021-02-07T19:43:59-05:00[America/New_York],Yes,2021-02-07,71026,Sunday
1806,<A>,87,2021-02-07T19:43:59-05:00[America/New_York],2021-02-07T19:45:26-05:00[America/New_York],NA,2021-02-07,71039,Sunday
1806,B,13,2021-02-07T19:45:26-05:00[America/New_York],2021-02-07T19:45:39-05:00[America/New_York],Yes,2021-02-07,71126,Sunday
1806,<A>,149,2021-02-07T19:45:39-05:00[America/New_York],2021-02-07T19:48:08-05:00[America/New_York],Yes,2021-02-07,71139,Sunday
1806,B,14,2021-02-07T19:48:08-05:00[America/New_York],2021-02-07T19:48:22-05:00[America/New_York],Yes,2021-02-07,71288,Sunday
1806,<A>,195,2021-02-07T19:48:22-05:00[America/New_York],2021-02-07T19:51:37-05:00[America/New_York],NA,2021-02-07,71302,Sunday
1806,B,13,2021-02-07T19:51:37-05:00[America/New_York],2021-02-07T19:51:50-05:00[America/New_York],Yes,2021-02-07,71497,Sunday
1806,<A>,149,2021-02-07T19:51:50-05:00[America/New_York],2021-02-07T19:54:19-05:00[America/New_York],Yes,2021-02-07,71510,Sunday
1806,B,18,2021-02-07T19:54:19-05:00[America/New_York],2021-02-07T19:54:37-05:00[America/New_York],Yes,2021-02-07,71659,Sunday
1806,<A>,94,2021-02-07T19:54:37-05:00[America/New_York],2021-02-07T19:56:11-05:00[America/New_York],NA,2021-02-07,71677,Sunday
1806,B,13,2021-02-07T19:56:11-05:00[America/New_York],2021-02-07T19:56:24-05:00[America/New_York],Yes,2021-02-07,71771,Sunday
1806,<A>,87,2021-02-07T19:56:24-05:00[America/New_York],2021-02-07T19:57:51-05:00[America/New_York],NA,2021-02-07,71784,Sunday
1806,B,15,2021-02-07T19:57:51-05:00[America/New_York],2021-02-07T19:58:06-05:00[America/New_York],Yes,2021-02-07,71871,Sunday
1806,<A>,85,2021-02-07T19:58:06-05:00[America/New_York],2021-02-07T19:59:31-05:00[America/New_York],NA,2021-02-07,71886,Sunday
1806,B,15,2021-02-07T19:59:31-05:00[America/New_York],2021-02-07T19:59:46-05:00[America/New_York],Yes,2021-02-07,71971,Sunday
1806,<A>,85,2021-02-07T19:59:46-05:00[America/New_York],2021-02-07T20:01:11-05:00[America/New_York],NA,2021-02-07,71986,Sunday
1806,B,15,2021-02-07T20:01:11-05:00[America/New_York],2021-02-07T20:01:26-05:00[America/New_York],Yes,2021-02-07,72071,Sunday
1806,<A>,85,2021-02-07T20:01:26-05:00[America/New_York],2021-02-07T20:02:51-05:00[America/New_York],NA,2021-02-07,72086,Sunday
1806,B,13,2021-02-07T20:02:51-05:00[America/New_York],2021-02-07T20:03:04-05:00[America/New_York],Yes,2021-02-07,72171,Sunday
1806,<A>,101,2021-02-07T20:03:04-05:00[America/New_York],2021-02-07T20:04:45-05:00[America/New_York],NA,2021-02-07,72184,Sunday
1806,B,13,2021-02-07T20:04:45-05:00[America/New_York],2021-02-07T20:04:58-05:00[America/New_York],Yes,2021-02-07,72285,Sunday
1806,<A>,87,2021-02-07T20:04:58-05:00[America/New_York],2021-02-07T20:06:25-05:00[America/New_York],NA,2021-02-07,72298,Sunday
1806,B,14,2021-02-07T20:06:25-05:00[America/New_York],2021-02-07T20:06:39-05:00[America/New_York],Yes,2021-02-07,72385,Sunday
1806,<A>,86,2021-02-07T20:06:39-05:00[America/New_York],2021-02-07T20:08:05-05:00[America/New_York],NA,2021-02-07,72399,Sunday
1806,B,17,2021-02-07T20:08:05-05:00[America/New_York],2021-02-07T20:08:22-05:00[America/New_York],Yes,2021-02-07,72485,Sunday
1806,<A>,96,2021-02-07T20:08:22-05:00[America/New_York],2021-02-07T20:09:58-05:00[America/New_York],NA,2021-02-07,72502,Sunday
1806,B,13,2021-02-07T20:09:58-05:00[America/New_York],2021-02-07T20:10:11-05:00[America/New_York],Yes,2021-02-07,72598,Sunday
1806,<A>,87,2021-02-07T20:10:11-05:00[America/New_York],2021-02-07T20:11:38-05:00[America/New_York],NA,2021-02-07,72611,Sunday
1806,B,15,2021-02-07T20:11:38-05:00[America/New_York],2021-02-07T20:11:53-05:00[America/New_York],Yes,2021-02-07,72698,Sunday
1806,<A>,85,2021-02-07T20:11:53-05:00[America/New_York],2021-02-07T20:13:18-05:00[America/New_York],NA,2021-02-07,72713,Sunday
1806,B,16,2021-02-07T20:13:18-05:00[America/New_York],2021-02-07T20:13:34-05:00[America/New_York],Yes,2021-02-07,72798,Sunday
1806,<A>,110,2021-02-07T20:13:34-05:00[America/New_York],2021-02-07T20:15:24-05:00[America/New_York],NA,2021-02-07,72814,Sunday
1806,B,14,2021-02-07T20:15:24-05:00[America/New_York],2021-02-07T20:15:38-05:00[America/New_York],Yes,2021-02-07,72924,Sunday
1806,<A>,86,2021-02-07T20:15:38-05:00[America/New_York],2021-02-07T20:17:04-05:00[America/New_York],NA,2021-02-07,72938,Sunday
1806,B,14,2021-02-07T20:17:04-05:00[America/New_York],2021-02-07T20:17:18-05:00[America/New_York],Yes,2021-02-07,73024,Sunday
1806,<A>,86,2021-02-07T20:17:18-05:00[America/New_York],2021-02-07T20:18:44-05:00[America/New_York],NA,2021-02-07,73038,Sunday
1806,B,13,2021-02-07T20:18:44-05:00[America/New_York],2021-02-07T20:18:57-05:00[America/New_York],Yes,2021-02-07,73124,Sunday
1806,<A>,117,2021-02-07T20:18:57-05:00[America/New_York],2021-02-07T20:20:54-05:00[America/New_York],NA,2021-02-07,73137,Sunday
1806,B,14,2021-02-07T20:20:54-05:00[America/New_York],2021-02-07T20:21:08-05:00[America/New_York],Yes,2021-02-07,73254,Sunday
1806,<A>,86,2021-02-07T20:21:08-05:00[America/New_York],2021-02-07T20:22:34-05:00[America/New_York],NA,2021-02-07,73268,Sunday
1806,B,14,2021-02-07T20:22:34-05:00[America/New_York],2021-02-07T20:22:48-05:00[America/New_York],Yes,2021-02-07,73354,Sunday
1806,<A>,97,2021-02-07T20:22:48-05:00[America/New_York],2021-02-07T20:24:25-05:00[America/New_York],NA,2021-02-07,73368,Sunday
1806,B,13,2021-02-07T20:24:25-05:00[America/New_York],2021-02-07T20:24:38-05:00[America/New_York],Yes,2021-02-07,73465,Sunday
1806,<A>,87,2021-02-07T20:24:38-05:00[America/New_York],2021-02-07T20:26:05-05:00[America/New_York],NA,2021-02-07,73478,Sunday
1806,B,14,2021-02-07T20:26:05-05:00[America/New_York],2021-02-07T20:26:19-05:00[America/New_York],Yes,2021-02-07,73565,Sunday
1806,<A>,86,2021-02-07T20:26:19-05:00[America/New_York],2021-02-07T20:27:45-05:00[America/New_York],NA,2021-02-07,73579,Sunday
1806,B,13,2021-02-07T20:27:45-05:00[America/New_York],2021-02-07T20:27:58-05:00[America/New_York],Yes,2021-02-07,73665,Sunday
1806,<A>,152,2021-02-07T20:27:58-05:00[America/New_York],2021-02-07T20:30:30-05:00[America/New_York],Yes,2021-02-07,73678,Sunday
1806,B,13,2021-02-07T20:30:30-05:00[America/New_York],2021-02-07T20:30:43-05:00[America/New_York],Yes,2021-02-07,73830,Sunday
1806,<A>,137,2021-02-07T20:30:43-05:00[America/New_York],2021-02-07T20:33:00-05:00[America/New_York],Yes,2021-02-07,73843,Sunday
1806,B,13,2021-02-07T20:33:00-05:00[America/New_York],2021-02-07T20:33:13-05:00[America/New_York],Yes,2021-02-07,73980,Sunday
1806,<A>,89,2021-02-07T20:33:13-05:00[America/New_York],2021-02-07T20:34:42-05:00[America/New_York],NA,2021-02-07,73993,Sunday
1806,B,13,2021-02-07T20:34:42-05:00[America/New_York],2021-02-07T20:34:55-05:00[America/New_York],Yes,2021-02-07,74082,Sunday
1806,<A>,87,2021-02-07T20:34:55-05:00[America/New_York],2021-02-07T20:36:22-05:00[America/New_York],NA,2021-02-07,74095,Sunday
1806,B,17,2021-02-07T20:36:22-05:00[America/New_York],2021-02-07T20:36:39-05:00[America/New_York],Yes,2021-02-07,74182,Sunday
1806,<A>,83,2021-02-07T20:36:39-05:00[America/New_York],2021-02-07T20:38:02-05:00[America/New_York],NA,2021-02-07,74199,Sunday
1806,B,15,2021-02-07T20:38:02-05:00[America/New_York],2021-02-07T20:38:17-05:00[America/New_York],Yes,2021-02-07,74282,Sunday
1806,<A>,175,2021-02-07T20:38:17-05:00[America/New_York],2021-02-07T20:41:12-05:00[America/New_York],NA,2021-02-07,74297,Sunday
1806,B,14,2021-02-07T20:41:12-05:00[America/New_York],2021-02-07T20:41:26-05:00[America/New_York],Yes,2021-02-07,74472,Sunday
1806,<A>,86,2021-02-07T20:41:26-05:00[America/New_York],2021-02-07T20:42:52-05:00[America/New_York],NA,2021-02-07,74486,Sunday
1806,B,15,2021-02-07T20:42:52-05:00[America/New_York],2021-02-07T20:43:07-05:00[America/New_York],Yes,2021-02-07,74572,Sunday
1806,<A>,85,2021-02-07T20:43:07-05:00[America/New_York],2021-02-07T20:44:32-05:00[America/New_York],NA,2021-02-07,74587,Sunday
1806,B,18,2021-02-07T20:44:32-05:00[America/New_York],2021-02-07T20:44:50-05:00[America/New_York],Yes,2021-02-07,74672,Sunday
1806,<A>,108,2021-02-07T20:44:50-05:00[America/New_York],2021-02-07T20:46:38-05:00[America/New_York],NA,2021-02-07,74690,Sunday
1806,B,16,2021-02-07T20:46:38-05:00[America/New_York],2021-02-07T20:46:54-05:00[America/New_York],Yes,2021-02-07,74798,Sunday
1806,<A>,84,2021-02-07T20:46:54-05:00[America/New_York],2021-02-07T20:48:18-05:00[America/New_York],NA,2021-02-07,74814,Sunday
1806,B,13,2021-02-07T20:48:18-05:00[America/New_York],2021-02-07T20:48:31-05:00[America/New_York],Yes,2021-02-07,74898,Sunday
1806,<A>,90,2021-02-07T20:48:31-05:00[America/New_York],2021-02-07T20:50:01-05:00[America/New_York],NA,2021-02-07,74911,Sunday
1806,B,13,2021-02-07T20:50:01-05:00[America/New_York],2021-02-07T20:50:14-05:00[America/New_York],Yes,2021-02-07,75001,Sunday
1806,<A>,116,2021-02-07T20:50:14-05:00[America/New_York],2021-02-07T20:52:10-05:00[America/New_York],NA,2021-02-07,75014,Sunday
1806,B,13,2021-02-07T20:52:10-05:00[America/New_York],2021-02-07T20:52:23-05:00[America/New_York],Yes,2021-02-07,75130,Sunday
1806,<A>,87,2021-02-07T20:52:23-05:00[America/New_York],2021-02-07T20:53:50-05:00[America/New_York],NA,2021-02-07,75143,Sunday
1806,B,15,2021-02-07T20:53:50-05:00[America/New_York],2021-02-07T20:54:05-05:00[America/New_York],Yes,2021-02-07,75230,Sunday
1806,<A>,149,2021-02-07T20:54:05-05:00[America/New_York],2021-02-07T20:56:34-05:00[America/New_York],Yes,2021-02-07,75245,Sunday
1806,B,13,2021-02-07T20:56:34-05:00[America/New_York],2021-02-07T20:56:47-05:00[America/New_York],Yes,2021-02-07,75394,Sunday
1806,<A>,79,2021-02-07T20:56:47-05:00[America/New_York],2021-02-07T20:58:06-05:00[America/New_York],NA,2021-02-07,75407,Sunday
1806,B,13,2021-02-07T20:58:06-05:00[America/New_York],2021-02-07T20:58:19-05:00[America/New_York],Yes,2021-02-07,75486,Sunday
1806,<A>,260,2021-02-07T20:58:19-05:00[America/New_York],2021-02-07T21:02:39-05:00[America/New_York],Yes,2021-02-07,75499,Sunday
1806,B,13,2021-02-07T21:02:39-05:00[America/New_York],2021-02-07T21:02:52-05:00[America/New_York],Yes,2021-02-07,75759,Sunday
1806,<A>,170,2021-02-07T21:02:52-05:00[America/New_York],2021-02-07T21:05:42-05:00[America/New_York],NA,2021-02-07,75772,Sunday
1806,B,13,2021-02-07T21:05:42-05:00[America/New_York],2021-02-07T21:05:55-05:00[America/New_York],Yes,2021-02-07,75942,Sunday
1806,<A>,82,2021-02-07T21:05:55-05:00[America/New_York],2021-02-07T21:07:17-05:00[America/New_York],NA,2021-02-07,75955,Sunday
1806,B,13,2021-02-07T21:07:17-05:00[America/New_York],2021-02-07T21:07:30-05:00[America/New_York],Yes,2021-02-07,76037,Sunday
1806,<A>,113,2021-02-07T21:07:30-05:00[America/New_York],2021-02-07T21:09:23-05:00[America/New_York],NA,2021-02-07,76050,Sunday
1806,B,13,2021-02-07T21:09:23-05:00[America/New_York],2021-02-07T21:09:36-05:00[America/New_York],Yes,2021-02-07,76163,Sunday
1806,<A>,82,2021-02-07T21:09:36-05:00[America/New_York],2021-02-07T21:10:58-05:00[America/New_York],NA,2021-02-07,76176,Sunday
1806,B,13,2021-02-07T21:10:58-05:00[America/New_York],2021-02-07T21:11:11-05:00[America/New_York],Yes,2021-02-07,76258,Sunday
1806,<A>,249,2021-02-07T21:11:11-05:00[America/New_York],2021-02-07T21:15:20-05:00[America/New_York],Yes,2021-02-07,76271,Sunday
1806,B,13,2021-02-07T21:15:20-05:00[America/New_York],2021-02-07T21:15:33-05:00[America/New_York],Yes,2021-02-07,76520,Sunday
1806,<A>,128,2021-02-07T21:15:33-05:00[America/New_York],2021-02-07T21:17:41-05:00[America/New_York],Yes,2021-02-07,76533,Sunday
1806,B,14,2021-02-07T21:17:41-05:00[America/New_York],2021-02-07T21:17:55-05:00[America/New_York],Yes,2021-02-07,76661,Sunday
1806,<A>,100,2021-02-07T21:17:55-05:00[America/New_York],2021-02-07T21:19:35-05:00[America/New_York],NA,2021-02-07,76675,Sunday
1806,B,13,2021-02-07T21:19:35-05:00[America/New_York],2021-02-07T21:19:48-05:00[America/New_York],Yes,2021-02-07,76775,Sunday
1806,<A>,82,2021-02-07T21:19:48-05:00[America/New_York],2021-02-07T21:21:10-05:00[America/New_York],NA,2021-02-07,76788,Sunday
1806,B,13,2021-02-07T21:21:10-05:00[America/New_York],2021-02-07T21:21:23-05:00[America/New_York],Yes,2021-02-07,76870,Sunday
1806,<A>,133,2021-02-07T21:21:23-05:00[America/New_York],2021-02-07T21:23:36-05:00[America/New_York],Yes,2021-02-07,76883,Sunday
1806,B,15,2021-02-07T21:23:36-05:00[America/New_York],2021-02-07T21:23:51-05:00[America/New_York],Yes,2021-02-07,77016,Sunday
1806,<A>,172,2021-02-07T21:23:51-05:00[America/New_York],2021-02-07T21:26:43-05:00[America/New_York],NA,2021-02-07,77031,Sunday
1806,B,13,2021-02-07T21:26:43-05:00[America/New_York],2021-02-07T21:26:56-05:00[America/New_York],Yes,2021-02-07,77203,Sunday
1806,<A>,82,2021-02-07T21:26:56-05:00[America/New_York],2021-02-07T21:28:18-05:00[America/New_York],NA,2021-02-07,77216,Sunday
1806,B,13,2021-02-07T21:28:18-05:00[America/New_York],2021-02-07T21:28:31-05:00[America/New_York],Yes,2021-02-07,77298,Sunday
1806,<A>,91,2021-02-07T21:28:31-05:00[America/New_York],2021-02-07T21:30:02-05:00[America/New_York],NA,2021-02-07,77311,Sunday
1806,B,13,2021-02-07T21:30:02-05:00[America/New_York],2021-02-07T21:30:15-05:00[America/New_York],Yes,2021-02-07,77402,Sunday
1806,<A>,106,2021-02-07T21:30:15-05:00[America/New_York],2021-02-07T21:32:01-05:00[America/New_York],NA,2021-02-07,77415,Sunday
1806,B,13,2021-02-07T21:32:01-05:00[America/New_York],2021-02-07T21:32:14-05:00[America/New_York],Yes,2021-02-07,77521,Sunday
1806,<A>,82,2021-02-07T21:32:14-05:00[America/New_York],2021-02-07T21:33:36-05:00[America/New_York],NA,2021-02-07,77534,Sunday
1806,B,13,2021-02-07T21:33:36-05:00[America/New_York],2021-02-07T21:33:49-05:00[America/New_York],Yes,2021-02-07,77616,Sunday
1806,<A>,373,2021-02-07T21:33:49-05:00[America/New_York],2021-02-07T21:40:02-05:00[America/New_York],NA,2021-02-07,77629,Sunday
1806,B,13,2021-02-07T21:40:02-05:00[America/New_York],2021-02-07T21:40:15-05:00[America/New_York],Yes,2021-02-07,78002,Sunday
1806,<A>,163,2021-02-07T21:40:15-05:00[America/New_York],2021-02-07T21:42:58-05:00[America/New_York],Yes,2021-02-07,78015,Sunday
1806,B,13,2021-02-07T21:42:58-05:00[America/New_York],2021-02-07T21:43:11-05:00[America/New_York],Yes,2021-02-07,78178,Sunday
1806,<A>,85,2021-02-07T21:43:11-05:00[America/New_York],2021-02-07T21:44:36-05:00[America/New_York],NA,2021-02-07,78191,Sunday
1806,B,13,2021-02-07T21:44:36-05:00[America/New_York],2021-02-07T21:44:49-05:00[America/New_York],Yes,2021-02-07,78276,Sunday
1806,<A>,213,2021-02-07T21:44:49-05:00[America/New_York],2021-02-07T21:48:22-05:00[America/New_York],NA,2021-02-07,78289,Sunday
1806,B,15,2021-02-07T21:48:22-05:00[America/New_York],2021-02-07T21:48:37-05:00[America/New_York],Yes,2021-02-07,78502,Sunday
1806,<A>,80,2021-02-07T21:48:37-05:00[America/New_York],2021-02-07T21:49:57-05:00[America/New_York],NA,2021-02-07,78517,Sunday
1806,B,15,2021-02-07T21:49:57-05:00[America/New_York],2021-02-07T21:50:12-05:00[America/New_York],Yes,2021-02-07,78597,Sunday
1806,<A>,80,2021-02-07T21:50:12-05:00[America/New_York],2021-02-07T21:51:32-05:00[America/New_York],NA,2021-02-07,78612,Sunday
1806,B,13,2021-02-07T21:51:32-05:00[America/New_York],2021-02-07T21:51:45-05:00[America/New_York],Yes,2021-02-07,78692,Sunday
1806,<A>,82,2021-02-07T21:51:45-05:00[America/New_York],2021-02-07T21:53:07-05:00[America/New_York],NA,2021-02-07,78705,Sunday
1806,B,13,2021-02-07T21:53:07-05:00[America/New_York],2021-02-07T21:53:20-05:00[America/New_York],Yes,2021-02-07,78787,Sunday
1806,<A>,449,2021-02-07T21:53:20-05:00[America/New_York],2021-02-07T22:00:49-05:00[America/New_York],Yes,2021-02-07,78800,Sunday
1806,B,14,2021-02-07T22:00:49-05:00[America/New_York],2021-02-07T22:01:03-05:00[America/New_York],Yes,2021-02-07,79249,Sunday
1806,<A>,83,2021-02-07T22:01:03-05:00[America/New_York],2021-02-07T22:02:26-05:00[America/New_York],NA,2021-02-07,79263,Sunday
1806,B,17,2021-02-07T22:02:26-05:00[America/New_York],2021-02-07T22:02:43-05:00[America/New_York],Yes,2021-02-07,79346,Sunday
1806,<A>,98,2021-02-07T22:02:43-05:00[America/New_York],2021-02-07T22:04:21-05:00[America/New_York],NA,2021-02-07,79363,Sunday
1806,B,13,2021-02-07T22:04:21-05:00[America/New_York],2021-02-07T22:04:34-05:00[America/New_York],Yes,2021-02-07,79461,Sunday
1806,<A>,109,2021-02-07T22:04:34-05:00[America/New_York],2021-02-07T22:06:23-05:00[America/New_York],NA,2021-02-07,79474,Sunday
1806,B,13,2021-02-07T22:06:23-05:00[America/New_York],2021-02-07T22:06:36-05:00[America/New_York],Yes,2021-02-07,79583,Sunday
1806,<A>,82,2021-02-07T22:06:36-05:00[America/New_York],2021-02-07T22:07:58-05:00[America/New_York],NA,2021-02-07,79596,Sunday
1806,B,13,2021-02-07T22:07:58-05:00[America/New_York],2021-02-07T22:08:11-05:00[America/New_York],Yes,2021-02-07,79678,Sunday
1806,<A>,82,2021-02-07T22:08:11-05:00[America/New_York],2021-02-07T22:09:33-05:00[America/New_York],NA,2021-02-07,79691,Sunday
1806,B,15,2021-02-07T22:09:33-05:00[America/New_York],2021-02-07T22:09:48-05:00[America/New_York],Yes,2021-02-07,79773,Sunday
1806,<A>,92,2021-02-07T22:09:48-05:00[America/New_York],2021-02-07T22:11:20-05:00[America/New_York],NA,2021-02-07,79788,Sunday
1806,B,14,2021-02-07T22:11:20-05:00[America/New_York],2021-02-07T22:11:34-05:00[America/New_York],Yes,2021-02-07,79880,Sunday
1806,<A>,608,2021-02-07T22:11:34-05:00[America/New_York],2021-02-07T22:21:42-05:00[America/New_York],Yes,2021-02-07,79894,Sunday
1806,B,16,2021-02-07T22:21:42-05:00[America/New_York],2021-02-07T22:21:58-05:00[America/New_York],Yes,2021-02-07,80502,Sunday
1806,<A>,387,2021-02-07T22:21:58-05:00[America/New_York],2021-02-07T22:28:25-05:00[America/New_York],NA,2021-02-07,80518,Sunday
1806,B,13,2021-02-07T22:28:25-05:00[America/New_York],2021-02-07T22:28:38-05:00[America/New_York],Yes,2021-02-07,80905,Sunday
1806,<A>,240,2021-02-07T22:28:38-05:00[America/New_York],2021-02-07T22:32:38-05:00[America/New_York],Yes,2021-02-07,80918,Sunday
1806,B,13,2021-02-07T22:32:38-05:00[America/New_York],2021-02-07T22:32:51-05:00[America/New_York],Yes,2021-02-07,81158,Sunday
1806,<A>,243,2021-02-07T22:32:51-05:00[America/New_York],2021-02-07T22:36:54-05:00[America/New_York],Yes,2021-02-07,81171,Sunday
1806,B,13,2021-02-07T22:36:54-05:00[America/New_York],2021-02-07T22:37:07-05:00[America/New_York],Yes,2021-02-07,81414,Sunday
1806,<A>,128,2021-02-07T22:37:07-05:00[America/New_York],2021-02-07T22:39:15-05:00[America/New_York],Yes,2021-02-07,81427,Sunday
1806,B,13,2021-02-07T22:39:15-05:00[America/New_York],2021-02-07T22:39:28-05:00[America/New_York],Yes,2021-02-07,81555,Sunday
1806,<A>,100,2021-02-07T22:39:28-05:00[America/New_York],2021-02-07T22:41:08-05:00[America/New_York],NA,2021-02-07,81568,Sunday
1806,B,17,2021-02-07T22:41:08-05:00[America/New_York],2021-02-07T22:41:25-05:00[America/New_York],Yes,2021-02-07,81668,Sunday
1806,<A>,217,2021-02-07T22:41:25-05:00[America/New_York],2021-02-07T22:45:02-05:00[America/New_York],Yes,2021-02-07,81685,Sunday
1806,B,14,2021-02-07T22:45:02-05:00[America/New_York],2021-02-07T22:45:16-05:00[America/New_York],Yes,2021-02-07,81902,Sunday
1806,<A>,70,2021-02-07T22:45:16-05:00[America/New_York],2021-02-07T22:46:26-05:00[America/New_York],NA,2021-02-07,81916,Sunday
1806,B,13,2021-02-07T22:46:26-05:00[America/New_York],2021-02-07T22:46:39-05:00[America/New_York],Yes,2021-02-07,81986,Sunday
1806,<A>,175,2021-02-07T22:46:39-05:00[America/New_York],2021-02-07T22:49:34-05:00[America/New_York],NA,2021-02-07,81999,Sunday
1806,B,15,2021-02-07T22:49:34-05:00[America/New_York],2021-02-07T22:49:49-05:00[America/New_York],Yes,2021-02-07,82174,Sunday
1806,<A>,85,2021-02-07T22:49:49-05:00[America/New_York],2021-02-07T22:51:14-05:00[America/New_York],NA,2021-02-07,82189,Sunday
1806,B,15,2021-02-07T22:51:14-05:00[America/New_York],2021-02-07T22:51:29-05:00[America/New_York],Yes,2021-02-07,82274,Sunday
1806,<A>,123,2021-02-07T22:51:29-05:00[America/New_York],2021-02-07T22:53:32-05:00[America/New_York],NA,2021-02-07,82289,Sunday
1806,B,13,2021-02-07T22:53:32-05:00[America/New_York],2021-02-07T22:53:45-05:00[America/New_York],Yes,2021-02-07,82412,Sunday
1806,<A>,643,2021-02-07T22:53:45-05:00[America/New_York],2021-02-07T23:04:28-05:00[America/New_York],Yes,2021-02-07,82425,Sunday
1806,B,13,2021-02-07T23:04:28-05:00[America/New_York],2021-02-07T23:04:41-05:00[America/New_York],Yes,2021-02-07,83068,Sunday
1806,<A>,74,2021-02-07T23:04:41-05:00[America/New_York],2021-02-07T23:05:55-05:00[America/New_York],NA,2021-02-07,83081,Sunday
1806,B,16,2021-02-07T23:05:55-05:00[America/New_York],2021-02-07T23:06:11-05:00[America/New_York],Yes,2021-02-07,83155,Sunday
1806,<A>,322,2021-02-07T23:06:11-05:00[America/New_York],2021-02-07T23:11:33-05:00[America/New_York],NA,2021-02-07,83171,Sunday
1806,B,13,2021-02-07T23:11:33-05:00[America/New_York],2021-02-07T23:11:46-05:00[America/New_York],Yes,2021-02-07,83493,Sunday
1806,<A>,275,2021-02-07T23:11:46-05:00[America/New_York],2021-02-07T23:16:21-05:00[America/New_York],NA,2021-02-07,83506,Sunday
1806,B,13,2021-02-07T23:16:21-05:00[America/New_York],2021-02-07T23:16:34-05:00[America/New_York],Yes,2021-02-07,83781,Sunday
1806,<A>,289,2021-02-07T23:16:34-05:00[America/New_York],2021-02-07T23:21:23-05:00[America/New_York],NA,2021-02-07,83794,Sunday
1806,B,13,2021-02-07T23:21:23-05:00[America/New_York],2021-02-07T23:21:36-05:00[America/New_York],Yes,2021-02-07,84083,Sunday
1806,<A>,272,2021-02-07T23:21:36-05:00[America/New_York],2021-02-07T23:26:08-05:00[America/New_York],Yes,2021-02-07,84096,Sunday
1806,B,14,2021-02-07T23:26:08-05:00[America/New_York],2021-02-07T23:26:22-05:00[America/New_York],Yes,2021-02-07,84368,Sunday
1806,<A>,89,2021-02-07T23:26:22-05:00[America/New_York],2021-02-07T23:27:51-05:00[America/New_York],NA,2021-02-07,84382,Sunday
1806,B,13,2021-02-07T23:27:51-05:00[America/New_York],2021-02-07T23:28:04-05:00[America/New_York],Yes,2021-02-07,84471,Sunday
1806,<A>,294,2021-02-07T23:28:04-05:00[America/New_York],2021-02-07T23:32:58-05:00[America/New_York],NA,2021-02-07,84484,Sunday
1806,B,16,2021-02-07T23:32:58-05:00[America/New_York],2021-02-07T23:33:14-05:00[America/New_York],Yes,2021-02-07,84778,Sunday
1806,<A>,575,2021-02-07T23:33:14-05:00[America/New_York],2021-02-07T23:42:49-05:00[America/New_York],NA,2021-02-07,84794,Sunday
1806,B,13,2021-02-07T23:42:49-05:00[America/New_York],2021-02-07T23:43:02-05:00[America/New_York],Yes,2021-02-07,85369,Sunday
1806,<A>,1017,2021-02-07T23:43:02-05:00[America/New_York],2021-02-07T23:59:59-05:00[America/New_York],NA,2021-02-07,85382,Sunday
1807,C,15,2021-02-07T00:00:16-05:00[America/New_York],2021-02-07T00:00:31-05:00[America/New_York],Yes,2021-02-07,16,Sunday
1807,<A>,69,2021-02-07T00:00:31-05:00[America/New_York],2021-02-07T00:01:40-05:00[America/New_York],NA,2021-02-07,31,Sunday
1807,C,18,2021-02-07T00:01:40-05:00[America/New_York],2021-02-07T00:01:58-05:00[America/New_York],Yes,2021-02-07,100,Sunday
1807,<A>,105,2021-02-07T00:01:58-05:00[America/New_York],2021-02-07T00:03:43-05:00[America/New_York],NA,2021-02-07,118,Sunday
1807,C,15,2021-02-07T00:03:43-05:00[America/New_York],2021-02-07T00:03:58-05:00[America/New_York],Yes,2021-02-07,223,Sunday
1807,<A>,51,2021-02-07T00:03:58-05:00[America/New_York],2021-02-07T00:04:49-05:00[America/New_York],Yes,2021-02-07,238,Sunday
1807,C,15,2021-02-07T00:04:49-05:00[America/New_York],2021-02-07T00:05:04-05:00[America/New_York],Yes,2021-02-07,289,Sunday
1807,<A>,51,2021-02-07T00:05:04-05:00[America/New_York],2021-02-07T00:05:55-05:00[America/New_York],Yes,2021-02-07,304,Sunday
1807,C,19,2021-02-07T00:05:55-05:00[America/New_York],2021-02-07T00:06:14-05:00[America/New_York],Yes,2021-02-07,355,Sunday
1807,<A>,53,2021-02-07T00:06:14-05:00[America/New_York],2021-02-07T00:07:07-05:00[America/New_York],Yes,2021-02-07,374,Sunday
1807,C,15,2021-02-07T00:07:07-05:00[America/New_York],2021-02-07T00:07:22-05:00[America/New_York],Yes,2021-02-07,427,Sunday
1807,<A>,60,2021-02-07T00:07:22-05:00[America/New_York],2021-02-07T00:08:22-05:00[America/New_York],Yes,2021-02-07,442,Sunday
1807,C,16,2021-02-07T00:08:22-05:00[America/New_York],2021-02-07T00:08:38-05:00[America/New_York],Yes,2021-02-07,502,Sunday
1807,<A>,44,2021-02-07T00:08:38-05:00[America/New_York],2021-02-07T00:09:22-05:00[America/New_York],Yes,2021-02-07,518,Sunday
1807,C,15,2021-02-07T00:09:22-05:00[America/New_York],2021-02-07T00:09:37-05:00[America/New_York],Yes,2021-02-07,562,Sunday
1807,<A>,151,2021-02-07T00:09:37-05:00[America/New_York],2021-02-07T00:12:08-05:00[America/New_York],Yes,2021-02-07,577,Sunday
1807,C,16,2021-02-07T00:12:08-05:00[America/New_York],2021-02-07T00:12:24-05:00[America/New_York],Yes,2021-02-07,728,Sunday
1807,<A>,44,2021-02-07T00:12:24-05:00[America/New_York],2021-02-07T00:13:08-05:00[America/New_York],Yes,2021-02-07,744,Sunday
1807,C,15,2021-02-07T00:13:08-05:00[America/New_York],2021-02-07T00:13:23-05:00[America/New_York],Yes,2021-02-07,788,Sunday
1807,<A>,51,2021-02-07T00:13:23-05:00[America/New_York],2021-02-07T00:14:14-05:00[America/New_York],Yes,2021-02-07,803,Sunday
1807,C,15,2021-02-07T00:14:14-05:00[America/New_York],2021-02-07T00:14:29-05:00[America/New_York],Yes,2021-02-07,854,Sunday
1807,<A>,49,2021-02-07T00:14:29-05:00[America/New_York],2021-02-07T00:15:18-05:00[America/New_York],Yes,2021-02-07,869,Sunday
1807,B,9,2021-02-07T00:15:18-05:00[America/New_York],2021-02-07T00:15:27-05:00[America/New_York],Yes,2021-02-07,918,Sunday
1807,C,16,2021-02-07T00:15:27-05:00[America/New_York],2021-02-07T00:15:43-05:00[America/New_York],Yes,2021-02-07,927,Sunday
1807,<A>,57,2021-02-07T00:15:43-05:00[America/New_York],2021-02-07T00:16:40-05:00[America/New_York],Yes,2021-02-07,943,Sunday
1807,B,10,2021-02-07T00:16:40-05:00[America/New_York],2021-02-07T00:16:50-05:00[America/New_York],Yes,2021-02-07,1000,Sunday
1807,C,15,2021-02-07T00:16:50-05:00[America/New_York],2021-02-07T00:17:05-05:00[America/New_York],Yes,2021-02-07,1010,Sunday
1807,<A>,115,2021-02-07T00:17:05-05:00[America/New_York],2021-02-07T00:19:00-05:00[America/New_York],NA,2021-02-07,1025,Sunday
1807,C,15,2021-02-07T00:19:00-05:00[America/New_York],2021-02-07T00:19:15-05:00[America/New_York],Yes,2021-02-07,1140,Sunday
1807,<A>,51,2021-02-07T00:19:15-05:00[America/New_York],2021-02-07T00:20:06-05:00[America/New_York],Yes,2021-02-07,1155,Sunday
1807,C,15,2021-02-07T00:20:06-05:00[America/New_York],2021-02-07T00:20:21-05:00[America/New_York],Yes,2021-02-07,1206,Sunday
1807,<A>,80,2021-02-07T00:20:21-05:00[America/New_York],2021-02-07T00:21:41-05:00[America/New_York],NA,2021-02-07,1221,Sunday
1807,C,18,2021-02-07T00:21:41-05:00[America/New_York],2021-02-07T00:21:59-05:00[America/New_York],Yes,2021-02-07,1301,Sunday
1807,<A>,99,2021-02-07T00:21:59-05:00[America/New_York],2021-02-07T00:23:38-05:00[America/New_York],NA,2021-02-07,1319,Sunday
1807,C,15,2021-02-07T00:23:38-05:00[America/New_York],2021-02-07T00:23:53-05:00[America/New_York],Yes,2021-02-07,1418,Sunday
1807,<A>,70,2021-02-07T00:23:53-05:00[America/New_York],2021-02-07T00:25:03-05:00[America/New_York],Yes,2021-02-07,1433,Sunday
1807,B,9,2021-02-07T00:25:03-05:00[America/New_York],2021-02-07T00:25:12-05:00[America/New_York],Yes,2021-02-07,1503,Sunday
1807,C,18,2021-02-07T00:25:12-05:00[America/New_York],2021-02-07T00:25:30-05:00[America/New_York],Yes,2021-02-07,1512,Sunday
1807,<A>,95,2021-02-07T00:25:30-05:00[America/New_York],2021-02-07T00:27:05-05:00[America/New_York],NA,2021-02-07,1530,Sunday
1807,C,15,2021-02-07T00:27:05-05:00[America/New_York],2021-02-07T00:27:20-05:00[America/New_York],Yes,2021-02-07,1625,Sunday
1807,<A>,79,2021-02-07T00:27:20-05:00[America/New_York],2021-02-07T00:28:39-05:00[America/New_York],Yes,2021-02-07,1640,Sunday
1807,C,16,2021-02-07T00:28:39-05:00[America/New_York],2021-02-07T00:28:55-05:00[America/New_York],Yes,2021-02-07,1719,Sunday
1807,<A>,129,2021-02-07T00:28:55-05:00[America/New_York],2021-02-07T00:31:04-05:00[America/New_York],NA,2021-02-07,1735,Sunday
1807,C,16,2021-02-07T00:31:04-05:00[America/New_York],2021-02-07T00:31:20-05:00[America/New_York],Yes,2021-02-07,1864,Sunday
1807,<A>,191,2021-02-07T00:31:20-05:00[America/New_York],2021-02-07T00:34:31-05:00[America/New_York],NA,2021-02-07,1880,Sunday
1807,C,18,2021-02-07T00:34:31-05:00[America/New_York],2021-02-07T00:34:49-05:00[America/New_York],Yes,2021-02-07,2071,Sunday
1807,<A>,129,2021-02-07T00:34:49-05:00[America/New_York],2021-02-07T00:36:58-05:00[America/New_York],NA,2021-02-07,2089,Sunday
1807,B,9,2021-02-07T00:36:58-05:00[America/New_York],2021-02-07T00:37:07-05:00[America/New_York],Yes,2021-02-07,2218,Sunday
1807,C,16,2021-02-07T00:37:07-05:00[America/New_York],2021-02-07T00:37:23-05:00[America/New_York],Yes,2021-02-07,2227,Sunday
1807,<A>,89,2021-02-07T00:37:23-05:00[America/New_York],2021-02-07T00:38:52-05:00[America/New_York],NA,2021-02-07,2243,Sunday
1807,C,15,2021-02-07T00:38:52-05:00[America/New_York],2021-02-07T00:39:07-05:00[America/New_York],Yes,2021-02-07,2332,Sunday
1807,<A>,69,2021-02-07T00:39:07-05:00[America/New_York],2021-02-07T00:40:16-05:00[America/New_York],Yes,2021-02-07,2347,Sunday
1807,C,20,2021-02-07T00:40:16-05:00[America/New_York],2021-02-07T00:40:36-05:00[America/New_York],Yes,2021-02-07,2416,Sunday
1807,<A>,128,2021-02-07T00:40:36-05:00[America/New_York],2021-02-07T00:42:44-05:00[America/New_York],NA,2021-02-07,2436,Sunday
1807,C,15,2021-02-07T00:42:44-05:00[America/New_York],2021-02-07T00:42:59-05:00[America/New_York],Yes,2021-02-07,2564,Sunday
1807,<A>,116,2021-02-07T00:42:59-05:00[America/New_York],2021-02-07T00:44:55-05:00[America/New_York],NA,2021-02-07,2579,Sunday
1807,C,15,2021-02-07T00:44:55-05:00[America/New_York],2021-02-07T00:45:10-05:00[America/New_York],Yes,2021-02-07,2695,Sunday
1807,<A>,89,2021-02-07T00:45:10-05:00[America/New_York],2021-02-07T00:46:39-05:00[America/New_York],NA,2021-02-07,2710,Sunday
1807,B,9,2021-02-07T00:46:39-05:00[America/New_York],2021-02-07T00:46:48-05:00[America/New_York],Yes,2021-02-07,2799,Sunday
1807,C,16,2021-02-07T00:46:48-05:00[America/New_York],2021-02-07T00:47:04-05:00[America/New_York],Yes,2021-02-07,2808,Sunday
1807,<A>,82,2021-02-07T00:47:04-05:00[America/New_York],2021-02-07T00:48:26-05:00[America/New_York],NA,2021-02-07,2824,Sunday
1807,C,16,2021-02-07T00:48:26-05:00[America/New_York],2021-02-07T00:48:42-05:00[America/New_York],Yes,2021-02-07,2906,Sunday
1807,<A>,200,2021-02-07T00:48:42-05:00[America/New_York],2021-02-07T00:52:02-05:00[America/New_York],NA,2021-02-07,2922,Sunday
1807,C,15,2021-02-07T00:52:02-05:00[America/New_York],2021-02-07T00:52:17-05:00[America/New_York],Yes,2021-02-07,3122,Sunday
1807,<A>,60,2021-02-07T00:52:17-05:00[America/New_York],2021-02-07T00:53:17-05:00[America/New_York],Yes,2021-02-07,3137,Sunday
1807,C,17,2021-02-07T00:53:17-05:00[America/New_York],2021-02-07T00:53:34-05:00[America/New_York],Yes,2021-02-07,3197,Sunday
1807,<A>,53,2021-02-07T00:53:34-05:00[America/New_York],2021-02-07T00:54:27-05:00[America/New_York],Yes,2021-02-07,3214,Sunday
1807,B,9,2021-02-07T00:54:27-05:00[America/New_York],2021-02-07T00:54:36-05:00[America/New_York],Yes,2021-02-07,3267,Sunday
1807,C,16,2021-02-07T00:54:36-05:00[America/New_York],2021-02-07T00:54:52-05:00[America/New_York],Yes,2021-02-07,3276,Sunday
1807,<A>,141,2021-02-07T00:54:52-05:00[America/New_York],2021-02-07T00:57:13-05:00[America/New_York],Yes,2021-02-07,3292,Sunday
1807,C,17,2021-02-07T00:57:13-05:00[America/New_York],2021-02-07T00:57:30-05:00[America/New_York],Yes,2021-02-07,3433,Sunday
1807,<A>,96,2021-02-07T00:57:30-05:00[America/New_York],2021-02-07T00:59:06-05:00[America/New_York],NA,2021-02-07,3450,Sunday
1807,C,15,2021-02-07T00:59:06-05:00[America/New_York],2021-02-07T00:59:21-05:00[America/New_York],Yes,2021-02-07,3546,Sunday
1807,<A>,46,2021-02-07T00:59:21-05:00[America/New_York],2021-02-07T01:00:07-05:00[America/New_York],Yes,2021-02-07,3561,Sunday
1807,C,15,2021-02-07T01:00:07-05:00[America/New_York],2021-02-07T01:00:22-05:00[America/New_York],Yes,2021-02-07,3607,Sunday
1807,<A>,91,2021-02-07T01:00:22-05:00[America/New_York],2021-02-07T01:01:53-05:00[America/New_York],NA,2021-02-07,3622,Sunday
1807,C,15,2021-02-07T01:01:53-05:00[America/New_York],2021-02-07T01:02:08-05:00[America/New_York],Yes,2021-02-07,3713,Sunday
1807,<A>,47,2021-02-07T01:02:08-05:00[America/New_York],2021-02-07T01:02:55-05:00[America/New_York],Yes,2021-02-07,3728,Sunday
1807,C,15,2021-02-07T01:02:55-05:00[America/New_York],2021-02-07T01:03:10-05:00[America/New_York],Yes,2021-02-07,3775,Sunday
1807,<A>,192,2021-02-07T01:03:10-05:00[America/New_York],2021-02-07T01:06:22-05:00[America/New_York],NA,2021-02-07,3790,Sunday
1807,B,13,2021-02-07T01:06:22-05:00[America/New_York],2021-02-07T01:06:35-05:00[America/New_York],Yes,2021-02-07,3982,Sunday
1807,C,15,2021-02-07T01:06:35-05:00[America/New_York],2021-02-07T01:06:50-05:00[America/New_York],Yes,2021-02-07,3995,Sunday
1807,<A>,49,2021-02-07T01:06:50-05:00[America/New_York],2021-02-07T01:07:39-05:00[America/New_York],Yes,2021-02-07,4010,Sunday
1807,C,15,2021-02-07T01:07:39-05:00[America/New_York],2021-02-07T01:07:54-05:00[America/New_York],Yes,2021-02-07,4059,Sunday
1807,<A>,47,2021-02-07T01:07:54-05:00[America/New_York],2021-02-07T01:08:41-05:00[America/New_York],Yes,2021-02-07,4074,Sunday
1807,C,15,2021-02-07T01:08:41-05:00[America/New_York],2021-02-07T01:08:56-05:00[America/New_York],Yes,2021-02-07,4121,Sunday
1807,<A>,102,2021-02-07T01:08:56-05:00[America/New_York],2021-02-07T01:10:38-05:00[America/New_York],NA,2021-02-07,4136,Sunday
1807,C,15,2021-02-07T01:10:38-05:00[America/New_York],2021-02-07T01:10:53-05:00[America/New_York],Yes,2021-02-07,4238,Sunday
1807,<A>,97,2021-02-07T01:10:53-05:00[America/New_York],2021-02-07T01:12:30-05:00[America/New_York],NA,2021-02-07,4253,Sunday
1807,C,15,2021-02-07T01:12:30-05:00[America/New_York],2021-02-07T01:12:45-05:00[America/New_York],Yes,2021-02-07,4350,Sunday
1807,<A>,189,2021-02-07T01:12:45-05:00[America/New_York],2021-02-07T01:15:54-05:00[America/New_York],NA,2021-02-07,4365,Sunday
1807,C,15,2021-02-07T01:15:54-05:00[America/New_York],2021-02-07T01:16:09-05:00[America/New_York],Yes,2021-02-07,4554,Sunday
1807,<A>,60,2021-02-07T01:16:09-05:00[America/New_York],2021-02-07T01:17:09-05:00[America/New_York],Yes,2021-02-07,4569,Sunday
1807,C,15,2021-02-07T01:17:09-05:00[America/New_York],2021-02-07T01:17:24-05:00[America/New_York],Yes,2021-02-07,4629,Sunday
1807,<A>,162,2021-02-07T01:17:24-05:00[America/New_York],2021-02-07T01:20:06-05:00[America/New_York],NA,2021-02-07,4644,Sunday
1807,C,15,2021-02-07T01:20:06-05:00[America/New_York],2021-02-07T01:20:21-05:00[America/New_York],Yes,2021-02-07,4806,Sunday
1807,<A>,96,2021-02-07T01:20:21-05:00[America/New_York],2021-02-07T01:21:57-05:00[America/New_York],NA,2021-02-07,4821,Sunday
1807,C,15,2021-02-07T01:21:57-05:00[America/New_York],2021-02-07T01:22:12-05:00[America/New_York],Yes,2021-02-07,4917,Sunday
1807,<A>,93,2021-02-07T01:22:12-05:00[America/New_York],2021-02-07T01:23:45-05:00[America/New_York],NA,2021-02-07,4932,Sunday
1807,C,15,2021-02-07T01:23:45-05:00[America/New_York],2021-02-07T01:24:00-05:00[America/New_York],Yes,2021-02-07,5025,Sunday
1807,<A>,90,2021-02-07T01:24:00-05:00[America/New_York],2021-02-07T01:25:30-05:00[America/New_York],NA,2021-02-07,5040,Sunday
1807,C,15,2021-02-07T01:25:30-05:00[America/New_York],2021-02-07T01:25:45-05:00[America/New_York],Yes,2021-02-07,5130,Sunday
1807,<A>,229,2021-02-07T01:25:45-05:00[America/New_York],2021-02-07T01:29:34-05:00[America/New_York],Yes,2021-02-07,5145,Sunday
1807,C,15,2021-02-07T01:29:34-05:00[America/New_York],2021-02-07T01:29:49-05:00[America/New_York],Yes,2021-02-07,5374,Sunday
1807,<A>,116,2021-02-07T01:29:49-05:00[America/New_York],2021-02-07T01:31:45-05:00[America/New_York],NA,2021-02-07,5389,Sunday
1807,C,46,2021-02-07T01:31:45-05:00[America/New_York],2021-02-07T01:32:31-05:00[America/New_York],NA,2021-02-07,5505,Sunday
1807,<A>,86,2021-02-07T01:32:31-05:00[America/New_York],2021-02-07T01:33:57-05:00[America/New_York],NA,2021-02-07,5551,Sunday
1807,C,15,2021-02-07T01:33:57-05:00[America/New_York],2021-02-07T01:34:12-05:00[America/New_York],Yes,2021-02-07,5637,Sunday
1807,<A>,175,2021-02-07T01:34:12-05:00[America/New_York],2021-02-07T01:37:07-05:00[America/New_York],NA,2021-02-07,5652,Sunday
1807,C,15,2021-02-07T01:37:07-05:00[America/New_York],2021-02-07T01:37:22-05:00[America/New_York],Yes,2021-02-07,5827,Sunday
1807,<A>,176,2021-02-07T01:37:22-05:00[America/New_York],2021-02-07T01:40:18-05:00[America/New_York],NA,2021-02-07,5842,Sunday
1807,C,15,2021-02-07T01:40:18-05:00[America/New_York],2021-02-07T01:40:33-05:00[America/New_York],Yes,2021-02-07,6018,Sunday
1807,<A>,198,2021-02-07T01:40:33-05:00[America/New_York],2021-02-07T01:43:51-05:00[America/New_York],NA,2021-02-07,6033,Sunday
1807,C,15,2021-02-07T01:43:51-05:00[America/New_York],2021-02-07T01:44:06-05:00[America/New_York],Yes,2021-02-07,6231,Sunday
1807,<A>,54,2021-02-07T01:44:06-05:00[America/New_York],2021-02-07T01:45:00-05:00[America/New_York],Yes,2021-02-07,6246,Sunday
1807,C,15,2021-02-07T01:45:00-05:00[America/New_York],2021-02-07T01:45:15-05:00[America/New_York],Yes,2021-02-07,6300,Sunday
1807,<A>,162,2021-02-07T01:45:15-05:00[America/New_York],2021-02-07T01:47:57-05:00[America/New_York],NA,2021-02-07,6315,Sunday
1807,C,15,2021-02-07T01:47:57-05:00[America/New_York],2021-02-07T01:48:12-05:00[America/New_York],Yes,2021-02-07,6477,Sunday
1807,<A>,213,2021-02-07T01:48:12-05:00[America/New_York],2021-02-07T01:51:45-05:00[America/New_York],NA,2021-02-07,6492,Sunday
1807,C,15,2021-02-07T01:51:45-05:00[America/New_York],2021-02-07T01:52:00-05:00[America/New_York],Yes,2021-02-07,6705,Sunday
1807,<A>,338,2021-02-07T01:52:00-05:00[America/New_York],2021-02-07T01:57:38-05:00[America/New_York],Yes,2021-02-07,6720,Sunday
1807,C,15,2021-02-07T01:57:38-05:00[America/New_York],2021-02-07T01:57:53-05:00[America/New_York],Yes,2021-02-07,7058,Sunday
1807,<A>,201,2021-02-07T01:57:53-05:00[America/New_York],2021-02-07T02:01:14-05:00[America/New_York],NA,2021-02-07,7073,Sunday
1807,C,15,2021-02-07T02:01:14-05:00[America/New_York],2021-02-07T02:01:29-05:00[America/New_York],Yes,2021-02-07,7274,Sunday
1807,<A>,163,2021-02-07T02:01:29-05:00[America/New_York],2021-02-07T02:04:12-05:00[America/New_York],NA,2021-02-07,7289,Sunday
1807,B,10,2021-02-07T02:04:12-05:00[America/New_York],2021-02-07T02:04:22-05:00[America/New_York],Yes,2021-02-07,7452,Sunday
1807,C,15,2021-02-07T02:04:22-05:00[America/New_York],2021-02-07T02:04:37-05:00[America/New_York],Yes,2021-02-07,7462,Sunday
1807,<A>,299,2021-02-07T02:04:37-05:00[America/New_York],2021-02-07T02:09:36-05:00[America/New_York],NA,2021-02-07,7477,Sunday
1807,C,15,2021-02-07T02:09:36-05:00[America/New_York],2021-02-07T02:09:51-05:00[America/New_York],Yes,2021-02-07,7776,Sunday
1807,<A>,61,2021-02-07T02:09:51-05:00[America/New_York],2021-02-07T02:10:52-05:00[America/New_York],Yes,2021-02-07,7791,Sunday
1807,C,15,2021-02-07T02:10:52-05:00[America/New_York],2021-02-07T02:11:07-05:00[America/New_York],Yes,2021-02-07,7852,Sunday
1807,<A>,60,2021-02-07T02:11:07-05:00[America/New_York],2021-02-07T02:12:07-05:00[America/New_York],Yes,2021-02-07,7867,Sunday
1807,C,15,2021-02-07T02:12:07-05:00[America/New_York],2021-02-07T02:12:22-05:00[America/New_York],Yes,2021-02-07,7927,Sunday
1807,<A>,121,2021-02-07T02:12:22-05:00[America/New_York],2021-02-07T02:14:23-05:00[America/New_York],NA,2021-02-07,7942,Sunday
1807,C,15,2021-02-07T02:14:23-05:00[America/New_York],2021-02-07T02:14:38-05:00[America/New_York],Yes,2021-02-07,8063,Sunday
1807,<A>,75,2021-02-07T02:14:38-05:00[America/New_York],2021-02-07T02:15:53-05:00[America/New_York],Yes,2021-02-07,8078,Sunday
1807,C,15,2021-02-07T02:15:53-05:00[America/New_York],2021-02-07T02:16:08-05:00[America/New_York],Yes,2021-02-07,8153,Sunday
1807,<A>,74,2021-02-07T02:16:08-05:00[America/New_York],2021-02-07T02:17:22-05:00[America/New_York],Yes,2021-02-07,8168,Sunday
1807,C,16,2021-02-07T02:17:22-05:00[America/New_York],2021-02-07T02:17:38-05:00[America/New_York],Yes,2021-02-07,8242,Sunday
1807,<A>,275,2021-02-07T02:17:38-05:00[America/New_York],2021-02-07T02:22:13-05:00[America/New_York],NA,2021-02-07,8258,Sunday
1807,C,15,2021-02-07T02:22:13-05:00[America/New_York],2021-02-07T02:22:28-05:00[America/New_York],Yes,2021-02-07,8533,Sunday
1807,<A>,211,2021-02-07T02:22:28-05:00[America/New_York],2021-02-07T02:25:59-05:00[America/New_York],NA,2021-02-07,8548,Sunday
1807,C,15,2021-02-07T02:25:59-05:00[America/New_York],2021-02-07T02:26:14-05:00[America/New_York],Yes,2021-02-07,8759,Sunday
1807,<A>,101,2021-02-07T02:26:14-05:00[America/New_York],2021-02-07T02:27:55-05:00[America/New_York],NA,2021-02-07,8774,Sunday
1807,C,16,2021-02-07T02:27:55-05:00[America/New_York],2021-02-07T02:28:11-05:00[America/New_York],Yes,2021-02-07,8875,Sunday
1807,<A>,244,2021-02-07T02:28:11-05:00[America/New_York],2021-02-07T02:32:15-05:00[America/New_York],Yes,2021-02-07,8891,Sunday
1807,B,9,2021-02-07T02:32:15-05:00[America/New_York],2021-02-07T02:32:24-05:00[America/New_York],Yes,2021-02-07,9135,Sunday
1807,C,16,2021-02-07T02:32:24-05:00[America/New_York],2021-02-07T02:32:40-05:00[America/New_York],Yes,2021-02-07,9144,Sunday
1807,<A>,193,2021-02-07T02:32:40-05:00[America/New_York],2021-02-07T02:35:53-05:00[America/New_York],NA,2021-02-07,9160,Sunday
1807,C,15,2021-02-07T02:35:53-05:00[America/New_York],2021-02-07T02:36:08-05:00[America/New_York],Yes,2021-02-07,9353,Sunday
1807,<A>,106,2021-02-07T02:36:08-05:00[America/New_York],2021-02-07T02:37:54-05:00[America/New_York],NA,2021-02-07,9368,Sunday
1807,C,16,2021-02-07T02:37:54-05:00[America/New_York],2021-02-07T02:38:10-05:00[America/New_York],Yes,2021-02-07,9474,Sunday
1807,<A>,44,2021-02-07T02:38:10-05:00[America/New_York],2021-02-07T02:38:54-05:00[America/New_York],Yes,2021-02-07,9490,Sunday
1807,C,15,2021-02-07T02:38:54-05:00[America/New_York],2021-02-07T02:39:09-05:00[America/New_York],Yes,2021-02-07,9534,Sunday
1807,<A>,48,2021-02-07T02:39:09-05:00[America/New_York],2021-02-07T02:39:57-05:00[America/New_York],Yes,2021-02-07,9549,Sunday
1807,C,15,2021-02-07T02:39:57-05:00[America/New_York],2021-02-07T02:40:12-05:00[America/New_York],Yes,2021-02-07,9597,Sunday
1807,<A>,54,2021-02-07T02:40:12-05:00[America/New_York],2021-02-07T02:41:06-05:00[America/New_York],Yes,2021-02-07,9612,Sunday
1807,C,15,2021-02-07T02:41:06-05:00[America/New_York],2021-02-07T02:41:21-05:00[America/New_York],Yes,2021-02-07,9666,Sunday
1807,<A>,54,2021-02-07T02:41:21-05:00[America/New_York],2021-02-07T02:42:15-05:00[America/New_York],Yes,2021-02-07,9681,Sunday
1807,B,11,2021-02-07T02:42:15-05:00[America/New_York],2021-02-07T02:42:26-05:00[America/New_York],Yes,2021-02-07,9735,Sunday
1807,C,15,2021-02-07T02:42:26-05:00[America/New_York],2021-02-07T02:42:41-05:00[America/New_York],Yes,2021-02-07,9746,Sunday
1807,<A>,86,2021-02-07T02:42:41-05:00[America/New_York],2021-02-07T02:44:07-05:00[America/New_York],NA,2021-02-07,9761,Sunday
1807,C,15,2021-02-07T02:44:07-05:00[America/New_York],2021-02-07T02:44:22-05:00[America/New_York],Yes,2021-02-07,9847,Sunday
1807,<A>,45,2021-02-07T02:44:22-05:00[America/New_York],2021-02-07T02:45:07-05:00[America/New_York],Yes,2021-02-07,9862,Sunday
1807,C,15,2021-02-07T02:45:07-05:00[America/New_York],2021-02-07T02:45:22-05:00[America/New_York],Yes,2021-02-07,9907,Sunday
1807,<A>,45,2021-02-07T02:45:22-05:00[America/New_York],2021-02-07T02:46:07-05:00[America/New_York],Yes,2021-02-07,9922,Sunday
1807,C,15,2021-02-07T02:46:07-05:00[America/New_York],2021-02-07T02:46:22-05:00[America/New_York],Yes,2021-02-07,9967,Sunday
1807,<A>,147,2021-02-07T02:46:22-05:00[America/New_York],2021-02-07T02:48:49-05:00[America/New_York],Yes,2021-02-07,9982,Sunday
1807,B,9,2021-02-07T02:48:49-05:00[America/New_York],2021-02-07T02:48:58-05:00[America/New_York],Yes,2021-02-07,10129,Sunday
1807,C,16,2021-02-07T02:48:58-05:00[America/New_York],2021-02-07T02:49:14-05:00[America/New_York],Yes,2021-02-07,10138,Sunday
1807,<A>,193,2021-02-07T02:49:14-05:00[America/New_York],2021-02-07T02:52:27-05:00[America/New_York],NA,2021-02-07,10154,Sunday
1807,C,15,2021-02-07T02:52:27-05:00[America/New_York],2021-02-07T02:52:42-05:00[America/New_York],Yes,2021-02-07,10347,Sunday
1807,<A>,277,2021-02-07T02:52:42-05:00[America/New_York],2021-02-07T02:57:19-05:00[America/New_York],NA,2021-02-07,10362,Sunday
1807,C,19,2021-02-07T02:57:19-05:00[America/New_York],2021-02-07T02:57:38-05:00[America/New_York],Yes,2021-02-07,10639,Sunday
1807,<A>,179,2021-02-07T02:57:38-05:00[America/New_York],2021-02-07T03:00:37-05:00[America/New_York],NA,2021-02-07,10658,Sunday
1807,C,16,2021-02-07T03:00:37-05:00[America/New_York],2021-02-07T03:00:53-05:00[America/New_York],Yes,2021-02-07,10837,Sunday
1807,<A>,740,2021-02-07T03:00:53-05:00[America/New_York],2021-02-07T03:13:13-05:00[America/New_York],NA,2021-02-07,10853,Sunday
1807,C,15,2021-02-07T03:13:13-05:00[America/New_York],2021-02-07T03:13:28-05:00[America/New_York],Yes,2021-02-07,11593,Sunday
1807,<A>,145,2021-02-07T03:13:28-05:00[America/New_York],2021-02-07T03:15:53-05:00[America/New_York],Yes,2021-02-07,11608,Sunday
1807,B,9,2021-02-07T03:15:53-05:00[America/New_York],2021-02-07T03:16:02-05:00[America/New_York],Yes,2021-02-07,11753,Sunday
1807,C,16,2021-02-07T03:16:02-05:00[America/New_York],2021-02-07T03:16:18-05:00[America/New_York],Yes,2021-02-07,11762,Sunday
1807,<A>,120,2021-02-07T03:16:18-05:00[America/New_York],2021-02-07T03:18:18-05:00[America/New_York],NA,2021-02-07,11778,Sunday
1807,B,9,2021-02-07T03:18:18-05:00[America/New_York],2021-02-07T03:18:27-05:00[America/New_York],Yes,2021-02-07,11898,Sunday
1807,C,16,2021-02-07T03:18:27-05:00[America/New_York],2021-02-07T03:18:43-05:00[America/New_York],Yes,2021-02-07,11907,Sunday
1807,<A>,178,2021-02-07T03:18:43-05:00[America/New_York],2021-02-07T03:21:41-05:00[America/New_York],NA,2021-02-07,11923,Sunday
1807,B,9,2021-02-07T03:21:41-05:00[America/New_York],2021-02-07T03:21:50-05:00[America/New_York],Yes,2021-02-07,12101,Sunday
1807,C,16,2021-02-07T03:21:50-05:00[America/New_York],2021-02-07T03:22:06-05:00[America/New_York],Yes,2021-02-07,12110,Sunday
1807,<A>,72,2021-02-07T03:22:06-05:00[America/New_York],2021-02-07T03:23:18-05:00[America/New_York],NA,2021-02-07,12126,Sunday
1807,B,10,2021-02-07T03:23:18-05:00[America/New_York],2021-02-07T03:23:28-05:00[America/New_York],Yes,2021-02-07,12198,Sunday
1807,C,16,2021-02-07T03:23:28-05:00[America/New_York],2021-02-07T03:23:44-05:00[America/New_York],Yes,2021-02-07,12208,Sunday
1807,<A>,289,2021-02-07T03:23:44-05:00[America/New_York],2021-02-07T03:28:33-05:00[America/New_York],NA,2021-02-07,12224,Sunday
1807,C,15,2021-02-07T03:28:33-05:00[America/New_York],2021-02-07T03:28:48-05:00[America/New_York],Yes,2021-02-07,12513,Sunday
1807,<A>,188,2021-02-07T03:28:48-05:00[America/New_York],2021-02-07T03:31:56-05:00[America/New_York],NA,2021-02-07,12528,Sunday
1807,B,9,2021-02-07T03:31:56-05:00[America/New_York],2021-02-07T03:32:05-05:00[America/New_York],Yes,2021-02-07,12716,Sunday
1807,C,16,2021-02-07T03:32:05-05:00[America/New_York],2021-02-07T03:32:21-05:00[America/New_York],Yes,2021-02-07,12725,Sunday
1807,<A>,442,2021-02-07T03:32:21-05:00[America/New_York],2021-02-07T03:39:43-05:00[America/New_York],Yes,2021-02-07,12741,Sunday
1807,C,15,2021-02-07T03:39:43-05:00[America/New_York],2021-02-07T03:39:58-05:00[America/New_York],Yes,2021-02-07,13183,Sunday
1807,<A>,263,2021-02-07T03:39:58-05:00[America/New_York],2021-02-07T03:44:21-05:00[America/New_York],NA,2021-02-07,13198,Sunday
1807,B,15,2021-02-07T03:44:21-05:00[America/New_York],2021-02-07T03:44:36-05:00[America/New_York],NA,2021-02-07,13461,Sunday
1807,C,15,2021-02-07T03:44:36-05:00[America/New_York],2021-02-07T03:44:51-05:00[America/New_York],NA,2021-02-07,13476,Sunday
1807,<A>,60,2021-02-07T03:44:51-05:00[America/New_York],2021-02-07T03:45:51-05:00[America/New_York],Yes,2021-02-07,13491,Sunday
1807,B,9,2021-02-07T03:45:51-05:00[America/New_York],2021-02-07T03:46:00-05:00[America/New_York],Yes,2021-02-07,13551,Sunday
1807,C,17,2021-02-07T03:46:00-05:00[America/New_York],2021-02-07T03:46:17-05:00[America/New_York],Yes,2021-02-07,13560,Sunday
1807,<A>,185,2021-02-07T03:46:17-05:00[America/New_York],2021-02-07T03:49:22-05:00[America/New_York],NA,2021-02-07,13577,Sunday
1807,B,9,2021-02-07T03:49:22-05:00[America/New_York],2021-02-07T03:49:31-05:00[America/New_York],Yes,2021-02-07,13762,Sunday
1807,C,16,2021-02-07T03:49:31-05:00[America/New_York],2021-02-07T03:49:47-05:00[America/New_York],Yes,2021-02-07,13771,Sunday
1807,<A>,254,2021-02-07T03:49:47-05:00[America/New_York],2021-02-07T03:54:01-05:00[America/New_York],NA,2021-02-07,13787,Sunday
1807,C,17,2021-02-07T03:54:01-05:00[America/New_York],2021-02-07T03:54:18-05:00[America/New_York],Yes,2021-02-07,14041,Sunday
1807,<A>,152,2021-02-07T03:54:18-05:00[America/New_York],2021-02-07T03:56:50-05:00[America/New_York],Yes,2021-02-07,14058,Sunday
1807,C,15,2021-02-07T03:56:50-05:00[America/New_York],2021-02-07T03:57:05-05:00[America/New_York],Yes,2021-02-07,14210,Sunday
1807,<A>,185,2021-02-07T03:57:05-05:00[America/New_York],2021-02-07T04:00:10-05:00[America/New_York],NA,2021-02-07,14225,Sunday
1807,C,15,2021-02-07T04:00:10-05:00[America/New_York],2021-02-07T04:00:25-05:00[America/New_York],Yes,2021-02-07,14410,Sunday
1807,<A>,50,2021-02-07T04:00:25-05:00[America/New_York],2021-02-07T04:01:15-05:00[America/New_York],Yes,2021-02-07,14425,Sunday
1807,C,15,2021-02-07T04:01:15-05:00[America/New_York],2021-02-07T04:01:30-05:00[America/New_York],Yes,2021-02-07,14475,Sunday
1807,<A>,87,2021-02-07T04:01:30-05:00[America/New_York],2021-02-07T04:02:57-05:00[America/New_York],NA,2021-02-07,14490,Sunday
1807,C,19,2021-02-07T04:02:57-05:00[America/New_York],2021-02-07T04:03:16-05:00[America/New_York],Yes,2021-02-07,14577,Sunday
1807,<A>,276,2021-02-07T04:03:16-05:00[America/New_York],2021-02-07T04:07:52-05:00[America/New_York],NA,2021-02-07,14596,Sunday
1807,C,17,2021-02-07T04:07:52-05:00[America/New_York],2021-02-07T04:08:09-05:00[America/New_York],Yes,2021-02-07,14872,Sunday
1807,<A>,183,2021-02-07T04:08:09-05:00[America/New_York],2021-02-07T04:11:12-05:00[America/New_York],NA,2021-02-07,14889,Sunday
1807,B,9,2021-02-07T04:11:12-05:00[America/New_York],2021-02-07T04:11:21-05:00[America/New_York],Yes,2021-02-07,15072,Sunday
1807,C,16,2021-02-07T04:11:21-05:00[America/New_York],2021-02-07T04:11:37-05:00[America/New_York],Yes,2021-02-07,15081,Sunday
1807,<A>,266,2021-02-07T04:11:37-05:00[America/New_York],2021-02-07T04:16:03-05:00[America/New_York],NA,2021-02-07,15097,Sunday
1807,C,15,2021-02-07T04:16:03-05:00[America/New_York],2021-02-07T04:16:18-05:00[America/New_York],Yes,2021-02-07,15363,Sunday
1807,<A>,122,2021-02-07T04:16:18-05:00[America/New_York],2021-02-07T04:18:20-05:00[America/New_York],NA,2021-02-07,15378,Sunday
1807,B,11,2021-02-07T04:18:20-05:00[America/New_York],2021-02-07T04:18:31-05:00[America/New_York],Yes,2021-02-07,15500,Sunday
1807,C,16,2021-02-07T04:18:31-05:00[America/New_York],2021-02-07T04:18:47-05:00[America/New_York],Yes,2021-02-07,15511,Sunday
1807,<A>,110,2021-02-07T04:18:47-05:00[America/New_York],2021-02-07T04:20:37-05:00[America/New_York],NA,2021-02-07,15527,Sunday
1807,C,15,2021-02-07T04:20:37-05:00[America/New_York],2021-02-07T04:20:52-05:00[America/New_York],Yes,2021-02-07,15637,Sunday
1807,<A>,45,2021-02-07T04:20:52-05:00[America/New_York],2021-02-07T04:21:37-05:00[America/New_York],Yes,2021-02-07,15652,Sunday
1807,C,15,2021-02-07T04:21:37-05:00[America/New_York],2021-02-07T04:21:52-05:00[America/New_York],Yes,2021-02-07,15697,Sunday
1807,<A>,308,2021-02-07T04:21:52-05:00[America/New_York],2021-02-07T04:27:00-05:00[America/New_York],NA,2021-02-07,15712,Sunday
1807,C,15,2021-02-07T04:27:00-05:00[America/New_York],2021-02-07T04:27:15-05:00[America/New_York],Yes,2021-02-07,16020,Sunday
1807,<A>,265,2021-02-07T04:27:15-05:00[America/New_York],2021-02-07T04:31:40-05:00[America/New_York],NA,2021-02-07,16035,Sunday
1807,C,15,2021-02-07T04:31:40-05:00[America/New_York],2021-02-07T04:31:55-05:00[America/New_York],Yes,2021-02-07,16300,Sunday
1807,<A>,196,2021-02-07T04:31:55-05:00[America/New_York],2021-02-07T04:35:11-05:00[America/New_York],NA,2021-02-07,16315,Sunday
1807,C,15,2021-02-07T04:35:11-05:00[America/New_York],2021-02-07T04:35:26-05:00[America/New_York],Yes,2021-02-07,16511,Sunday
1807,<A>,167,2021-02-07T04:35:26-05:00[America/New_York],2021-02-07T04:38:13-05:00[America/New_York],NA,2021-02-07,16526,Sunday
1807,C,15,2021-02-07T04:38:13-05:00[America/New_York],2021-02-07T04:38:28-05:00[America/New_York],Yes,2021-02-07,16693,Sunday
1807,<A>,150,2021-02-07T04:38:28-05:00[America/New_York],2021-02-07T04:40:58-05:00[America/New_York],Yes,2021-02-07,16708,Sunday
1807,C,16,2021-02-07T04:40:58-05:00[America/New_York],2021-02-07T04:41:14-05:00[America/New_York],Yes,2021-02-07,16858,Sunday
1807,<A>,137,2021-02-07T04:41:14-05:00[America/New_York],2021-02-07T04:43:31-05:00[America/New_York],Yes,2021-02-07,16874,Sunday
1807,C,15,2021-02-07T04:43:31-05:00[America/New_York],2021-02-07T04:43:46-05:00[America/New_York],Yes,2021-02-07,17011,Sunday
1807,<A>,124,2021-02-07T04:43:46-05:00[America/New_York],2021-02-07T04:45:50-05:00[America/New_York],NA,2021-02-07,17026,Sunday
1807,C,15,2021-02-07T04:45:50-05:00[America/New_York],2021-02-07T04:46:05-05:00[America/New_York],Yes,2021-02-07,17150,Sunday
1807,<A>,80,2021-02-07T04:46:05-05:00[America/New_York],2021-02-07T04:47:25-05:00[America/New_York],NA,2021-02-07,17165,Sunday
1807,C,15,2021-02-07T04:47:25-05:00[America/New_York],2021-02-07T04:47:40-05:00[America/New_York],Yes,2021-02-07,17245,Sunday
1807,<A>,118,2021-02-07T04:47:40-05:00[America/New_York],2021-02-07T04:49:38-05:00[America/New_York],NA,2021-02-07,17260,Sunday
1807,C,15,2021-02-07T04:49:38-05:00[America/New_York],2021-02-07T04:49:53-05:00[America/New_York],Yes,2021-02-07,17378,Sunday
1807,<A>,121,2021-02-07T04:49:53-05:00[America/New_York],2021-02-07T04:51:54-05:00[America/New_York],NA,2021-02-07,17393,Sunday
1807,C,15,2021-02-07T04:51:54-05:00[America/New_York],2021-02-07T04:52:09-05:00[America/New_York],Yes,2021-02-07,17514,Sunday
1807,<A>,172,2021-02-07T04:52:09-05:00[America/New_York],2021-02-07T04:55:01-05:00[America/New_York],NA,2021-02-07,17529,Sunday
1807,C,19,2021-02-07T04:55:01-05:00[America/New_York],2021-02-07T04:55:20-05:00[America/New_York],Yes,2021-02-07,17701,Sunday
1807,<A>,68,2021-02-07T04:55:20-05:00[America/New_York],2021-02-07T04:56:28-05:00[America/New_York],Yes,2021-02-07,17720,Sunday
1807,C,15,2021-02-07T04:56:28-05:00[America/New_York],2021-02-07T04:56:43-05:00[America/New_York],Yes,2021-02-07,17788,Sunday
1807,<A>,78,2021-02-07T04:56:43-05:00[America/New_York],2021-02-07T04:58:01-05:00[America/New_York],Yes,2021-02-07,17803,Sunday
1807,C,15,2021-02-07T04:58:01-05:00[America/New_York],2021-02-07T04:58:16-05:00[America/New_York],Yes,2021-02-07,17881,Sunday
1807,<A>,61,2021-02-07T04:58:16-05:00[America/New_York],2021-02-07T04:59:17-05:00[America/New_York],Yes,2021-02-07,17896,Sunday
1807,C,19,2021-02-07T04:59:17-05:00[America/New_York],2021-02-07T04:59:36-05:00[America/New_York],Yes,2021-02-07,17957,Sunday
1807,<A>,93,2021-02-07T04:59:36-05:00[America/New_York],2021-02-07T05:01:09-05:00[America/New_York],NA,2021-02-07,17976,Sunday
1807,C,18,2021-02-07T05:01:09-05:00[America/New_York],2021-02-07T05:01:27-05:00[America/New_York],Yes,2021-02-07,18069,Sunday
1807,<A>,78,2021-02-07T05:01:27-05:00[America/New_York],2021-02-07T05:02:45-05:00[America/New_York],NA,2021-02-07,18087,Sunday
1807,C,15,2021-02-07T05:02:45-05:00[America/New_York],2021-02-07T05:03:00-05:00[America/New_York],Yes,2021-02-07,18165,Sunday
1807,<A>,150,2021-02-07T05:03:00-05:00[America/New_York],2021-02-07T05:05:30-05:00[America/New_York],Yes,2021-02-07,18180,Sunday
1807,C,15,2021-02-07T05:05:30-05:00[America/New_York],2021-02-07T05:05:45-05:00[America/New_York],Yes,2021-02-07,18330,Sunday
1807,<A>,303,2021-02-07T05:05:45-05:00[America/New_York],2021-02-07T05:10:48-05:00[America/New_York],NA,2021-02-07,18345,Sunday
1807,C,15,2021-02-07T05:10:48-05:00[America/New_York],2021-02-07T05:11:03-05:00[America/New_York],Yes,2021-02-07,18648,Sunday
1807,<A>,65,2021-02-07T05:11:03-05:00[America/New_York],2021-02-07T05:12:08-05:00[America/New_York],Yes,2021-02-07,18663,Sunday
1807,C,20,2021-02-07T05:12:08-05:00[America/New_York],2021-02-07T05:12:28-05:00[America/New_York],Yes,2021-02-07,18728,Sunday
1807,<A>,313,2021-02-07T05:12:28-05:00[America/New_York],2021-02-07T05:17:41-05:00[America/New_York],NA,2021-02-07,18748,Sunday
1807,C,15,2021-02-07T05:17:41-05:00[America/New_York],2021-02-07T05:17:56-05:00[America/New_York],Yes,2021-02-07,19061,Sunday
1807,<A>,202,2021-02-07T05:17:56-05:00[America/New_York],2021-02-07T05:21:18-05:00[America/New_York],NA,2021-02-07,19076,Sunday
1807,C,16,2021-02-07T05:21:18-05:00[America/New_York],2021-02-07T05:21:34-05:00[America/New_York],Yes,2021-02-07,19278,Sunday
1807,<A>,143,2021-02-07T05:21:34-05:00[America/New_York],2021-02-07T05:23:57-05:00[America/New_York],Yes,2021-02-07,19294,Sunday
1807,B,14,2021-02-07T05:23:57-05:00[America/New_York],2021-02-07T05:24:11-05:00[America/New_York],NA,2021-02-07,19437,Sunday
1807,C,15,2021-02-07T05:24:11-05:00[America/New_York],2021-02-07T05:24:26-05:00[America/New_York],Yes,2021-02-07,19451,Sunday
1807,<A>,119,2021-02-07T05:24:26-05:00[America/New_York],2021-02-07T05:26:25-05:00[America/New_York],NA,2021-02-07,19466,Sunday
1807,B,11,2021-02-07T05:26:25-05:00[America/New_York],2021-02-07T05:26:36-05:00[America/New_York],Yes,2021-02-07,19585,Sunday
1807,C,15,2021-02-07T05:26:36-05:00[America/New_York],2021-02-07T05:26:51-05:00[America/New_York],Yes,2021-02-07,19596,Sunday
1807,<A>,141,2021-02-07T05:26:51-05:00[America/New_York],2021-02-07T05:29:12-05:00[America/New_York],Yes,2021-02-07,19611,Sunday
1807,B,9,2021-02-07T05:29:12-05:00[America/New_York],2021-02-07T05:29:21-05:00[America/New_York],Yes,2021-02-07,19752,Sunday
1807,C,16,2021-02-07T05:29:21-05:00[America/New_York],2021-02-07T05:29:37-05:00[America/New_York],Yes,2021-02-07,19761,Sunday
1807,<A>,92,2021-02-07T05:29:37-05:00[America/New_York],2021-02-07T05:31:09-05:00[America/New_York],NA,2021-02-07,19777,Sunday
1807,C,15,2021-02-07T05:31:09-05:00[America/New_York],2021-02-07T05:31:24-05:00[America/New_York],Yes,2021-02-07,19869,Sunday
1807,<A>,90,2021-02-07T05:31:24-05:00[America/New_York],2021-02-07T05:32:54-05:00[America/New_York],NA,2021-02-07,19884,Sunday
1807,B,10,2021-02-07T05:32:54-05:00[America/New_York],2021-02-07T05:33:04-05:00[America/New_York],Yes,2021-02-07,19974,Sunday
1807,C,15,2021-02-07T05:33:04-05:00[America/New_York],2021-02-07T05:33:19-05:00[America/New_York],Yes,2021-02-07,19984,Sunday
1807,<A>,142,2021-02-07T05:33:19-05:00[America/New_York],2021-02-07T05:35:41-05:00[America/New_York],Yes,2021-02-07,19999,Sunday
1807,C,15,2021-02-07T05:35:41-05:00[America/New_York],2021-02-07T05:35:56-05:00[America/New_York],Yes,2021-02-07,20141,Sunday
1807,<A>,84,2021-02-07T05:35:56-05:00[America/New_York],2021-02-07T05:37:20-05:00[America/New_York],NA,2021-02-07,20156,Sunday
1807,C,15,2021-02-07T05:37:20-05:00[America/New_York],2021-02-07T05:37:35-05:00[America/New_York],Yes,2021-02-07,20240,Sunday
1807,<A>,63,2021-02-07T05:37:35-05:00[America/New_York],2021-02-07T05:38:38-05:00[America/New_York],Yes,2021-02-07,20255,Sunday
1807,C,15,2021-02-07T05:38:38-05:00[America/New_York],2021-02-07T05:38:53-05:00[America/New_York],Yes,2021-02-07,20318,Sunday
1807,<A>,183,2021-02-07T05:38:53-05:00[America/New_York],2021-02-07T05:41:56-05:00[America/New_York],NA,2021-02-07,20333,Sunday
1807,C,15,2021-02-07T05:41:56-05:00[America/New_York],2021-02-07T05:42:11-05:00[America/New_York],Yes,2021-02-07,20516,Sunday
1807,<A>,53,2021-02-07T05:42:11-05:00[America/New_York],2021-02-07T05:43:04-05:00[America/New_York],Yes,2021-02-07,20531,Sunday
1807,C,15,2021-02-07T05:43:04-05:00[America/New_York],2021-02-07T05:43:19-05:00[America/New_York],Yes,2021-02-07,20584,Sunday
1807,<A>,117,2021-02-07T05:43:19-05:00[America/New_York],2021-02-07T05:45:16-05:00[America/New_York],NA,2021-02-07,20599,Sunday
1807,C,18,2021-02-07T05:45:16-05:00[America/New_York],2021-02-07T05:45:34-05:00[America/New_York],Yes,2021-02-07,20716,Sunday
1807,<A>,60,2021-02-07T05:45:34-05:00[America/New_York],2021-02-07T05:46:34-05:00[America/New_York],Yes,2021-02-07,20734,Sunday
1807,C,18,2021-02-07T05:46:34-05:00[America/New_York],2021-02-07T05:46:52-05:00[America/New_York],Yes,2021-02-07,20794,Sunday
1807,<A>,68,2021-02-07T05:46:52-05:00[America/New_York],2021-02-07T05:48:00-05:00[America/New_York],Yes,2021-02-07,20812,Sunday
1807,C,15,2021-02-07T05:48:00-05:00[America/New_York],2021-02-07T05:48:15-05:00[America/New_York],Yes,2021-02-07,20880,Sunday
1807,<A>,122,2021-02-07T05:48:15-05:00[America/New_York],2021-02-07T05:50:17-05:00[America/New_York],NA,2021-02-07,20895,Sunday
1807,C,15,2021-02-07T05:50:17-05:00[America/New_York],2021-02-07T05:50:32-05:00[America/New_York],Yes,2021-02-07,21017,Sunday
1807,<A>,64,2021-02-07T05:50:32-05:00[America/New_York],2021-02-07T05:51:36-05:00[America/New_York],Yes,2021-02-07,21032,Sunday
1807,C,15,2021-02-07T05:51:36-05:00[America/New_York],2021-02-07T05:51:51-05:00[America/New_York],Yes,2021-02-07,21096,Sunday
1807,<A>,64,2021-02-07T05:51:51-05:00[America/New_York],2021-02-07T05:52:55-05:00[America/New_York],NA,2021-02-07,21111,Sunday
1807,B,9,2021-02-07T05:52:55-05:00[America/New_York],2021-02-07T05:53:04-05:00[America/New_York],Yes,2021-02-07,21175,Sunday
1807,C,16,2021-02-07T05:53:04-05:00[America/New_York],2021-02-07T05:53:20-05:00[America/New_York],Yes,2021-02-07,21184,Sunday
1807,<A>,236,2021-02-07T05:53:20-05:00[America/New_York],2021-02-07T05:57:16-05:00[America/New_York],Yes,2021-02-07,21200,Sunday
1807,C,16,2021-02-07T05:57:16-05:00[America/New_York],2021-02-07T05:57:32-05:00[America/New_York],Yes,2021-02-07,21436,Sunday
1807,<A>,81,2021-02-07T05:57:32-05:00[America/New_York],2021-02-07T05:58:53-05:00[America/New_York],NA,2021-02-07,21452,Sunday
1807,C,15,2021-02-07T05:58:53-05:00[America/New_York],2021-02-07T05:59:08-05:00[America/New_York],Yes,2021-02-07,21533,Sunday
1807,<A>,49,2021-02-07T05:59:08-05:00[America/New_York],2021-02-07T05:59:57-05:00[America/New_York],Yes,2021-02-07,21548,Sunday
1807,C,15,2021-02-07T05:59:57-05:00[America/New_York],2021-02-07T06:00:12-05:00[America/New_York],Yes,2021-02-07,21597,Sunday
1807,<A>,96,2021-02-07T06:00:12-05:00[America/New_York],2021-02-07T06:01:48-05:00[America/New_York],NA,2021-02-07,21612,Sunday
1807,C,18,2021-02-07T06:01:48-05:00[America/New_York],2021-02-07T06:02:06-05:00[America/New_York],Yes,2021-02-07,21708,Sunday
1807,<A>,96,2021-02-07T06:02:06-05:00[America/New_York],2021-02-07T06:03:42-05:00[America/New_York],NA,2021-02-07,21726,Sunday
1807,C,18,2021-02-07T06:03:42-05:00[America/New_York],2021-02-07T06:04:00-05:00[America/New_York],Yes,2021-02-07,21822,Sunday
1807,<A>,56,2021-02-07T06:04:00-05:00[America/New_York],2021-02-07T06:04:56-05:00[America/New_York],Yes,2021-02-07,21840,Sunday
1807,B,14,2021-02-07T06:04:56-05:00[America/New_York],2021-02-07T06:05:10-05:00[America/New_York],NA,2021-02-07,21896,Sunday
1807,C,15,2021-02-07T06:05:10-05:00[America/New_York],2021-02-07T06:05:25-05:00[America/New_York],Yes,2021-02-07,21910,Sunday
1807,<A>,51,2021-02-07T06:05:25-05:00[America/New_York],2021-02-07T06:06:16-05:00[America/New_York],Yes,2021-02-07,21925,Sunday
1807,C,15,2021-02-07T06:06:16-05:00[America/New_York],2021-02-07T06:06:31-05:00[America/New_York],Yes,2021-02-07,21976,Sunday
1807,<A>,108,2021-02-07T06:06:31-05:00[America/New_York],2021-02-07T06:08:19-05:00[America/New_York],NA,2021-02-07,21991,Sunday
1807,C,46,2021-02-07T06:08:19-05:00[America/New_York],2021-02-07T06:09:05-05:00[America/New_York],NA,2021-02-07,22099,Sunday
1807,<A>,162,2021-02-07T06:09:05-05:00[America/New_York],2021-02-07T06:11:47-05:00[America/New_York],NA,2021-02-07,22145,Sunday
1807,B,13,2021-02-07T06:11:47-05:00[America/New_York],2021-02-07T06:12:00-05:00[America/New_York],Yes,2021-02-07,22307,Sunday
1807,C,15,2021-02-07T06:12:00-05:00[America/New_York],2021-02-07T06:12:15-05:00[America/New_York],Yes,2021-02-07,22320,Sunday
1807,<A>,47,2021-02-07T06:12:15-05:00[America/New_York],2021-02-07T06:13:02-05:00[America/New_York],Yes,2021-02-07,22335,Sunday
1807,C,17,2021-02-07T06:13:02-05:00[America/New_York],2021-02-07T06:13:19-05:00[America/New_York],Yes,2021-02-07,22382,Sunday
1807,<A>,103,2021-02-07T06:13:19-05:00[America/New_York],2021-02-07T06:15:02-05:00[America/New_York],NA,2021-02-07,22399,Sunday
1807,C,15,2021-02-07T06:15:02-05:00[America/New_York],2021-02-07T06:15:17-05:00[America/New_York],Yes,2021-02-07,22502,Sunday
1807,<A>,64,2021-02-07T06:15:17-05:00[America/New_York],2021-02-07T06:16:21-05:00[America/New_York],Yes,2021-02-07,22517,Sunday
1807,C,15,2021-02-07T06:16:21-05:00[America/New_York],2021-02-07T06:16:36-05:00[America/New_York],Yes,2021-02-07,22581,Sunday
1807,<A>,52,2021-02-07T06:16:36-05:00[America/New_York],2021-02-07T06:17:28-05:00[America/New_York],Yes,2021-02-07,22596,Sunday
1807,C,15,2021-02-07T06:17:28-05:00[America/New_York],2021-02-07T06:17:43-05:00[America/New_York],Yes,2021-02-07,22648,Sunday
1807,<A>,247,2021-02-07T06:17:43-05:00[America/New_York],2021-02-07T06:21:50-05:00[America/New_York],Yes,2021-02-07,22663,Sunday
1807,C,15,2021-02-07T06:21:50-05:00[America/New_York],2021-02-07T06:22:05-05:00[America/New_York],Yes,2021-02-07,22910,Sunday
1807,<A>,45,2021-02-07T06:22:05-05:00[America/New_York],2021-02-07T06:22:50-05:00[America/New_York],Yes,2021-02-07,22925,Sunday
1807,C,16,2021-02-07T06:22:50-05:00[America/New_York],2021-02-07T06:23:06-05:00[America/New_York],Yes,2021-02-07,22970,Sunday
1807,<A>,65,2021-02-07T06:23:06-05:00[America/New_York],2021-02-07T06:24:11-05:00[America/New_York],NA,2021-02-07,22986,Sunday
1807,C,16,2021-02-07T06:24:11-05:00[America/New_York],2021-02-07T06:24:27-05:00[America/New_York],Yes,2021-02-07,23051,Sunday
1807,<A>,53,2021-02-07T06:24:27-05:00[America/New_York],2021-02-07T06:25:20-05:00[America/New_York],Yes,2021-02-07,23067,Sunday
1807,C,15,2021-02-07T06:25:20-05:00[America/New_York],2021-02-07T06:25:35-05:00[America/New_York],Yes,2021-02-07,23120,Sunday
1807,<A>,58,2021-02-07T06:25:35-05:00[America/New_York],2021-02-07T06:26:33-05:00[America/New_York],Yes,2021-02-07,23135,Sunday
1807,C,15,2021-02-07T06:26:33-05:00[America/New_York],2021-02-07T06:26:48-05:00[America/New_York],Yes,2021-02-07,23193,Sunday
1807,<A>,93,2021-02-07T06:26:48-05:00[America/New_York],2021-02-07T06:28:21-05:00[America/New_York],NA,2021-02-07,23208,Sunday
1807,C,15,2021-02-07T06:28:21-05:00[America/New_York],2021-02-07T06:28:36-05:00[America/New_York],Yes,2021-02-07,23301,Sunday
1807,<A>,73,2021-02-07T06:28:36-05:00[America/New_York],2021-02-07T06:29:49-05:00[America/New_York],Yes,2021-02-07,23316,Sunday
1807,C,46,2021-02-07T06:29:49-05:00[America/New_York],2021-02-07T06:30:35-05:00[America/New_York],NA,2021-02-07,23389,Sunday
1807,<A>,168,2021-02-07T06:30:35-05:00[America/New_York],2021-02-07T06:33:23-05:00[America/New_York],NA,2021-02-07,23435,Sunday
1807,C,15,2021-02-07T06:33:23-05:00[America/New_York],2021-02-07T06:33:38-05:00[America/New_York],Yes,2021-02-07,23603,Sunday
1807,<A>,54,2021-02-07T06:33:38-05:00[America/New_York],2021-02-07T06:34:32-05:00[America/New_York],Yes,2021-02-07,23618,Sunday
1807,C,15,2021-02-07T06:34:32-05:00[America/New_York],2021-02-07T06:34:47-05:00[America/New_York],Yes,2021-02-07,23672,Sunday
1807,<A>,56,2021-02-07T06:34:47-05:00[America/New_York],2021-02-07T06:35:43-05:00[America/New_York],Yes,2021-02-07,23687,Sunday
1807,C,17,2021-02-07T06:35:43-05:00[America/New_York],2021-02-07T06:36:00-05:00[America/New_York],Yes,2021-02-07,23743,Sunday
1807,<A>,77,2021-02-07T06:36:00-05:00[America/New_York],2021-02-07T06:37:17-05:00[America/New_York],Yes,2021-02-07,23760,Sunday
1807,C,15,2021-02-07T06:37:17-05:00[America/New_York],2021-02-07T06:37:32-05:00[America/New_York],Yes,2021-02-07,23837,Sunday
1807,<A>,48,2021-02-07T06:37:32-05:00[America/New_York],2021-02-07T06:38:20-05:00[America/New_York],Yes,2021-02-07,23852,Sunday
1807,C,16,2021-02-07T06:38:20-05:00[America/New_York],2021-02-07T06:38:36-05:00[America/New_York],Yes,2021-02-07,23900,Sunday
1807,<A>,53,2021-02-07T06:38:36-05:00[America/New_York],2021-02-07T06:39:29-05:00[America/New_York],Yes,2021-02-07,23916,Sunday
1807,C,16,2021-02-07T06:39:29-05:00[America/New_York],2021-02-07T06:39:45-05:00[America/New_York],Yes,2021-02-07,23969,Sunday
1807,<A>,55,2021-02-07T06:39:45-05:00[America/New_York],2021-02-07T06:40:40-05:00[America/New_York],Yes,2021-02-07,23985,Sunday
1807,C,19,2021-02-07T06:40:40-05:00[America/New_York],2021-02-07T06:40:59-05:00[America/New_York],Yes,2021-02-07,24040,Sunday
1807,<A>,56,2021-02-07T06:40:59-05:00[America/New_York],2021-02-07T06:41:55-05:00[America/New_York],Yes,2021-02-07,24059,Sunday
1807,C,19,2021-02-07T06:41:55-05:00[America/New_York],2021-02-07T06:42:14-05:00[America/New_York],Yes,2021-02-07,24115,Sunday
1807,<A>,53,2021-02-07T06:42:14-05:00[America/New_York],2021-02-07T06:43:07-05:00[America/New_York],Yes,2021-02-07,24134,Sunday
1807,B,13,2021-02-07T06:43:07-05:00[America/New_York],2021-02-07T06:43:20-05:00[America/New_York],Yes,2021-02-07,24187,Sunday
1807,C,15,2021-02-07T06:43:20-05:00[America/New_York],2021-02-07T06:43:35-05:00[America/New_York],Yes,2021-02-07,24200,Sunday
1807,<A>,56,2021-02-07T06:43:35-05:00[America/New_York],2021-02-07T06:44:31-05:00[America/New_York],Yes,2021-02-07,24215,Sunday
1807,B,15,2021-02-07T06:44:31-05:00[America/New_York],2021-02-07T06:44:46-05:00[America/New_York],NA,2021-02-07,24271,Sunday
1807,C,15,2021-02-07T06:44:46-05:00[America/New_York],2021-02-07T06:45:01-05:00[America/New_York],Yes,2021-02-07,24286,Sunday
1807,<A>,56,2021-02-07T06:45:01-05:00[America/New_York],2021-02-07T06:45:57-05:00[America/New_York],Yes,2021-02-07,24301,Sunday
1807,C,15,2021-02-07T06:45:57-05:00[America/New_York],2021-02-07T06:46:12-05:00[America/New_York],Yes,2021-02-07,24357,Sunday
1807,<A>,57,2021-02-07T06:46:12-05:00[America/New_York],2021-02-07T06:47:09-05:00[America/New_York],Yes,2021-02-07,24372,Sunday
1807,B,10,2021-02-07T06:47:09-05:00[America/New_York],2021-02-07T06:47:19-05:00[America/New_York],Yes,2021-02-07,24429,Sunday
1807,C,15,2021-02-07T06:47:19-05:00[America/New_York],2021-02-07T06:47:34-05:00[America/New_York],Yes,2021-02-07,24439,Sunday
1807,<A>,87,2021-02-07T06:47:34-05:00[America/New_York],2021-02-07T06:49:01-05:00[America/New_York],NA,2021-02-07,24454,Sunday
1807,C,15,2021-02-07T06:49:01-05:00[America/New_York],2021-02-07T06:49:16-05:00[America/New_York],Yes,2021-02-07,24541,Sunday
1807,<A>,56,2021-02-07T06:49:16-05:00[America/New_York],2021-02-07T06:50:12-05:00[America/New_York],Yes,2021-02-07,24556,Sunday
1807,C,15,2021-02-07T06:50:12-05:00[America/New_York],2021-02-07T06:50:27-05:00[America/New_York],Yes,2021-02-07,24612,Sunday
1807,<A>,76,2021-02-07T06:50:27-05:00[America/New_York],2021-02-07T06:51:43-05:00[America/New_York],NA,2021-02-07,24627,Sunday
1807,C,17,2021-02-07T06:51:43-05:00[America/New_York],2021-02-07T06:52:00-05:00[America/New_York],Yes,2021-02-07,24703,Sunday
1807,<A>,47,2021-02-07T06:52:00-05:00[America/New_York],2021-02-07T06:52:47-05:00[America/New_York],Yes,2021-02-07,24720,Sunday
1807,C,15,2021-02-07T06:52:47-05:00[America/New_York],2021-02-07T06:53:02-05:00[America/New_York],Yes,2021-02-07,24767,Sunday
1807,<A>,86,2021-02-07T06:53:02-05:00[America/New_York],2021-02-07T06:54:28-05:00[America/New_York],NA,2021-02-07,24782,Sunday
1807,C,15,2021-02-07T06:54:28-05:00[America/New_York],2021-02-07T06:54:43-05:00[America/New_York],Yes,2021-02-07,24868,Sunday
1807,<A>,62,2021-02-07T06:54:43-05:00[America/New_York],2021-02-07T06:55:45-05:00[America/New_York],Yes,2021-02-07,24883,Sunday
1807,C,18,2021-02-07T06:55:45-05:00[America/New_York],2021-02-07T06:56:03-05:00[America/New_York],Yes,2021-02-07,24945,Sunday
1807,<A>,45,2021-02-07T06:56:03-05:00[America/New_York],2021-02-07T06:56:48-05:00[America/New_York],Yes,2021-02-07,24963,Sunday
1807,C,15,2021-02-07T06:56:48-05:00[America/New_York],2021-02-07T06:57:03-05:00[America/New_York],Yes,2021-02-07,25008,Sunday
1807,<A>,62,2021-02-07T06:57:03-05:00[America/New_York],2021-02-07T06:58:05-05:00[America/New_York],Yes,2021-02-07,25023,Sunday
1807,C,15,2021-02-07T06:58:05-05:00[America/New_York],2021-02-07T06:58:20-05:00[America/New_York],Yes,2021-02-07,25085,Sunday
1807,<A>,44,2021-02-07T06:58:20-05:00[America/New_York],2021-02-07T06:59:04-05:00[America/New_York],Yes,2021-02-07,25100,Sunday
1807,C,21,2021-02-07T06:59:04-05:00[America/New_York],2021-02-07T06:59:25-05:00[America/New_York],Yes,2021-02-07,25144,Sunday
1807,<A>,56,2021-02-07T06:59:25-05:00[America/New_York],2021-02-07T07:00:21-05:00[America/New_York],Yes,2021-02-07,25165,Sunday
1807,C,19,2021-02-07T07:00:21-05:00[America/New_York],2021-02-07T07:00:40-05:00[America/New_York],Yes,2021-02-07,25221,Sunday
1807,<A>,62,2021-02-07T07:00:40-05:00[America/New_York],2021-02-07T07:01:42-05:00[America/New_York],Yes,2021-02-07,25240,Sunday
1807,C,16,2021-02-07T07:01:42-05:00[America/New_York],2021-02-07T07:01:58-05:00[America/New_York],Yes,2021-02-07,25302,Sunday
1807,<A>,86,2021-02-07T07:01:58-05:00[America/New_York],2021-02-07T07:03:24-05:00[America/New_York],NA,2021-02-07,25318,Sunday
1807,B,10,2021-02-07T07:03:24-05:00[America/New_York],2021-02-07T07:03:34-05:00[America/New_York],Yes,2021-02-07,25404,Sunday
1807,C,21,2021-02-07T07:03:34-05:00[America/New_York],2021-02-07T07:03:55-05:00[America/New_York],NA,2021-02-07,25414,Sunday
1807,<A>,61,2021-02-07T07:03:55-05:00[America/New_York],2021-02-07T07:04:56-05:00[America/New_York],Yes,2021-02-07,25435,Sunday
1807,C,16,2021-02-07T07:04:56-05:00[America/New_York],2021-02-07T07:05:12-05:00[America/New_York],Yes,2021-02-07,25496,Sunday
1807,<A>,65,2021-02-07T07:05:12-05:00[America/New_York],2021-02-07T07:06:17-05:00[America/New_York],Yes,2021-02-07,25512,Sunday
1807,C,15,2021-02-07T07:06:17-05:00[America/New_York],2021-02-07T07:06:32-05:00[America/New_York],Yes,2021-02-07,25577,Sunday
1807,<A>,53,2021-02-07T07:06:32-05:00[America/New_York],2021-02-07T07:07:25-05:00[America/New_York],Yes,2021-02-07,25592,Sunday
1807,C,18,2021-02-07T07:07:25-05:00[America/New_York],2021-02-07T07:07:43-05:00[America/New_York],Yes,2021-02-07,25645,Sunday
1807,<A>,64,2021-02-07T07:07:43-05:00[America/New_York],2021-02-07T07:08:47-05:00[America/New_York],Yes,2021-02-07,25663,Sunday
1807,C,16,2021-02-07T07:08:47-05:00[America/New_York],2021-02-07T07:09:03-05:00[America/New_York],Yes,2021-02-07,25727,Sunday
1807,<A>,64,2021-02-07T07:09:03-05:00[America/New_York],2021-02-07T07:10:07-05:00[America/New_York],NA,2021-02-07,25743,Sunday
1807,B,10,2021-02-07T07:10:07-05:00[America/New_York],2021-02-07T07:10:17-05:00[America/New_York],Yes,2021-02-07,25807,Sunday
1807,C,16,2021-02-07T07:10:17-05:00[America/New_York],2021-02-07T07:10:33-05:00[America/New_York],Yes,2021-02-07,25817,Sunday
1807,<A>,62,2021-02-07T07:10:33-05:00[America/New_York],2021-02-07T07:11:35-05:00[America/New_York],Yes,2021-02-07,25833,Sunday
1807,C,46,2021-02-07T07:11:35-05:00[America/New_York],2021-02-07T07:12:21-05:00[America/New_York],NA,2021-02-07,25895,Sunday
1807,<A>,86,2021-02-07T07:12:21-05:00[America/New_York],2021-02-07T07:13:47-05:00[America/New_York],NA,2021-02-07,25941,Sunday
1807,C,15,2021-02-07T07:13:47-05:00[America/New_York],2021-02-07T07:14:02-05:00[America/New_York],Yes,2021-02-07,26027,Sunday
1807,<A>,79,2021-02-07T07:14:02-05:00[America/New_York],2021-02-07T07:15:21-05:00[America/New_York],NA,2021-02-07,26042,Sunday
1807,C,15,2021-02-07T07:15:21-05:00[America/New_York],2021-02-07T07:15:36-05:00[America/New_York],Yes,2021-02-07,26121,Sunday
1807,<A>,70,2021-02-07T07:15:36-05:00[America/New_York],2021-02-07T07:16:46-05:00[America/New_York],Yes,2021-02-07,26136,Sunday
1807,B,15,2021-02-07T07:16:46-05:00[America/New_York],2021-02-07T07:17:01-05:00[America/New_York],NA,2021-02-07,26206,Sunday
1807,C,16,2021-02-07T07:17:01-05:00[America/New_York],2021-02-07T07:17:17-05:00[America/New_York],NA,2021-02-07,26221,Sunday
1807,<A>,50,2021-02-07T07:17:17-05:00[America/New_York],2021-02-07T07:18:07-05:00[America/New_York],Yes,2021-02-07,26237,Sunday
1807,B,10,2021-02-07T07:18:07-05:00[America/New_York],2021-02-07T07:18:17-05:00[America/New_York],Yes,2021-02-07,26287,Sunday
1807,C,15,2021-02-07T07:18:17-05:00[America/New_York],2021-02-07T07:18:32-05:00[America/New_York],Yes,2021-02-07,26297,Sunday
1807,<A>,50,2021-02-07T07:18:32-05:00[America/New_York],2021-02-07T07:19:22-05:00[America/New_York],Yes,2021-02-07,26312,Sunday
1807,B,13,2021-02-07T07:19:22-05:00[America/New_York],2021-02-07T07:19:35-05:00[America/New_York],Yes,2021-02-07,26362,Sunday
1807,C,17,2021-02-07T07:19:35-05:00[America/New_York],2021-02-07T07:19:52-05:00[America/New_York],Yes,2021-02-07,26375,Sunday
1807,<A>,87,2021-02-07T07:19:52-05:00[America/New_York],2021-02-07T07:21:19-05:00[America/New_York],NA,2021-02-07,26392,Sunday
1807,C,17,2021-02-07T07:21:19-05:00[America/New_York],2021-02-07T07:21:36-05:00[America/New_York],Yes,2021-02-07,26479,Sunday
1807,<A>,49,2021-02-07T07:21:36-05:00[America/New_York],2021-02-07T07:22:25-05:00[America/New_York],Yes,2021-02-07,26496,Sunday
1807,B,12,2021-02-07T07:22:25-05:00[America/New_York],2021-02-07T07:22:37-05:00[America/New_York],Yes,2021-02-07,26545,Sunday
1807,C,18,2021-02-07T07:22:37-05:00[America/New_York],2021-02-07T07:22:55-05:00[America/New_York],Yes,2021-02-07,26557,Sunday
1807,<A>,46,2021-02-07T07:22:55-05:00[America/New_York],2021-02-07T07:23:41-05:00[America/New_York],Yes,2021-02-07,26575,Sunday
1807,B,13,2021-02-07T07:23:41-05:00[America/New_York],2021-02-07T07:23:54-05:00[America/New_York],Yes,2021-02-07,26621,Sunday
1807,C,17,2021-02-07T07:23:54-05:00[America/New_York],2021-02-07T07:24:11-05:00[America/New_York],Yes,2021-02-07,26634,Sunday
1807,<A>,100,2021-02-07T07:24:11-05:00[America/New_York],2021-02-07T07:25:51-05:00[America/New_York],NA,2021-02-07,26651,Sunday
1807,C,15,2021-02-07T07:25:51-05:00[America/New_York],2021-02-07T07:26:06-05:00[America/New_York],Yes,2021-02-07,26751,Sunday
1807,<A>,97,2021-02-07T07:26:06-05:00[America/New_York],2021-02-07T07:27:43-05:00[America/New_York],NA,2021-02-07,26766,Sunday
1807,B,13,2021-02-07T07:27:43-05:00[America/New_York],2021-02-07T07:27:56-05:00[America/New_York],Yes,2021-02-07,26863,Sunday
1807,C,15,2021-02-07T07:27:56-05:00[America/New_York],2021-02-07T07:28:11-05:00[America/New_York],Yes,2021-02-07,26876,Sunday
1807,<A>,48,2021-02-07T07:28:11-05:00[America/New_York],2021-02-07T07:28:59-05:00[America/New_York],Yes,2021-02-07,26891,Sunday
1807,C,18,2021-02-07T07:28:59-05:00[America/New_York],2021-02-07T07:29:17-05:00[America/New_York],Yes,2021-02-07,26939,Sunday
1807,<A>,57,2021-02-07T07:29:17-05:00[America/New_York],2021-02-07T07:30:14-05:00[America/New_York],Yes,2021-02-07,26957,Sunday
1807,C,20,2021-02-07T07:30:14-05:00[America/New_York],2021-02-07T07:30:34-05:00[America/New_York],Yes,2021-02-07,27014,Sunday
1807,<A>,71,2021-02-07T07:30:34-05:00[America/New_York],2021-02-07T07:31:45-05:00[America/New_York],Yes,2021-02-07,27034,Sunday
1807,C,17,2021-02-07T07:31:45-05:00[America/New_York],2021-02-07T07:32:02-05:00[America/New_York],Yes,2021-02-07,27105,Sunday
1807,<A>,46,2021-02-07T07:32:02-05:00[America/New_York],2021-02-07T07:32:48-05:00[America/New_York],Yes,2021-02-07,27122,Sunday
1807,C,21,2021-02-07T07:32:48-05:00[America/New_York],2021-02-07T07:33:09-05:00[America/New_York],Yes,2021-02-07,27168,Sunday
1807,<A>,47,2021-02-07T07:33:09-05:00[America/New_York],2021-02-07T07:33:56-05:00[America/New_York],Yes,2021-02-07,27189,Sunday
1807,C,15,2021-02-07T07:33:56-05:00[America/New_York],2021-02-07T07:34:11-05:00[America/New_York],Yes,2021-02-07,27236,Sunday
1807,<A>,51,2021-02-07T07:34:11-05:00[America/New_York],2021-02-07T07:35:02-05:00[America/New_York],Yes,2021-02-07,27251,Sunday
1807,B,11,2021-02-07T07:35:02-05:00[America/New_York],2021-02-07T07:35:13-05:00[America/New_York],Yes,2021-02-07,27302,Sunday
1807,C,16,2021-02-07T07:35:13-05:00[America/New_York],2021-02-07T07:35:29-05:00[America/New_York],Yes,2021-02-07,27313,Sunday
1807,<A>,55,2021-02-07T07:35:29-05:00[America/New_York],2021-02-07T07:36:24-05:00[America/New_York],Yes,2021-02-07,27329,Sunday
1807,B,9,2021-02-07T07:36:24-05:00[America/New_York],2021-02-07T07:36:33-05:00[America/New_York],Yes,2021-02-07,27384,Sunday
1807,C,20,2021-02-07T07:36:33-05:00[America/New_York],2021-02-07T07:36:53-05:00[America/New_York],Yes,2021-02-07,27393,Sunday
1807,<A>,52,2021-02-07T07:36:53-05:00[America/New_York],2021-02-07T07:37:45-05:00[America/New_York],Yes,2021-02-07,27413,Sunday
1807,C,17,2021-02-07T07:37:45-05:00[America/New_York],2021-02-07T07:38:02-05:00[America/New_York],Yes,2021-02-07,27465,Sunday
1807,<A>,64,2021-02-07T07:38:02-05:00[America/New_York],2021-02-07T07:39:06-05:00[America/New_York],NA,2021-02-07,27482,Sunday
1807,B,12,2021-02-07T07:39:06-05:00[America/New_York],2021-02-07T07:39:18-05:00[America/New_York],Yes,2021-02-07,27546,Sunday
1807,C,17,2021-02-07T07:39:18-05:00[America/New_York],2021-02-07T07:39:35-05:00[America/New_York],Yes,2021-02-07,27558,Sunday
1807,<A>,58,2021-02-07T07:39:35-05:00[America/New_York],2021-02-07T07:40:33-05:00[America/New_York],Yes,2021-02-07,27575,Sunday
1807,B,17,2021-02-07T07:40:33-05:00[America/New_York],2021-02-07T07:40:50-05:00[America/New_York],NA,2021-02-07,27633,Sunday
1807,C,16,2021-02-07T07:40:50-05:00[America/New_York],2021-02-07T07:41:06-05:00[America/New_York],Yes,2021-02-07,27650,Sunday
1807,<A>,47,2021-02-07T07:41:06-05:00[America/New_York],2021-02-07T07:41:53-05:00[America/New_York],Yes,2021-02-07,27666,Sunday
1807,B,10,2021-02-07T07:41:53-05:00[America/New_York],2021-02-07T07:42:03-05:00[America/New_York],Yes,2021-02-07,27713,Sunday
1807,C,19,2021-02-07T07:42:03-05:00[America/New_York],2021-02-07T07:42:22-05:00[America/New_York],Yes,2021-02-07,27723,Sunday
1807,<A>,53,2021-02-07T07:42:22-05:00[America/New_York],2021-02-07T07:43:15-05:00[America/New_York],Yes,2021-02-07,27742,Sunday
1807,B,13,2021-02-07T07:43:15-05:00[America/New_York],2021-02-07T07:43:28-05:00[America/New_York],Yes,2021-02-07,27795,Sunday
1807,C,16,2021-02-07T07:43:28-05:00[America/New_York],2021-02-07T07:43:44-05:00[America/New_York],Yes,2021-02-07,27808,Sunday
1807,<A>,56,2021-02-07T07:43:44-05:00[America/New_York],2021-02-07T07:44:40-05:00[America/New_York],Yes,2021-02-07,27824,Sunday
1807,B,15,2021-02-07T07:44:40-05:00[America/New_York],2021-02-07T07:44:55-05:00[America/New_York],NA,2021-02-07,27880,Sunday
1807,C,15,2021-02-07T07:44:55-05:00[America/New_York],2021-02-07T07:45:10-05:00[America/New_York],Yes,2021-02-07,27895,Sunday
1807,<A>,62,2021-02-07T07:45:10-05:00[America/New_York],2021-02-07T07:46:12-05:00[America/New_York],Yes,2021-02-07,27910,Sunday
1807,C,19,2021-02-07T07:46:12-05:00[America/New_York],2021-02-07T07:46:31-05:00[America/New_York],Yes,2021-02-07,27972,Sunday
1807,<A>,53,2021-02-07T07:46:31-05:00[America/New_York],2021-02-07T07:47:24-05:00[America/New_York],Yes,2021-02-07,27991,Sunday
1807,C,17,2021-02-07T07:47:24-05:00[America/New_York],2021-02-07T07:47:41-05:00[America/New_York],Yes,2021-02-07,28044,Sunday
1807,<A>,52,2021-02-07T07:47:41-05:00[America/New_York],2021-02-07T07:48:33-05:00[America/New_York],NA,2021-02-07,28061,Sunday
1807,B,15,2021-02-07T07:48:33-05:00[America/New_York],2021-02-07T07:48:48-05:00[America/New_York],NA,2021-02-07,28113,Sunday
1807,C,16,2021-02-07T07:48:48-05:00[America/New_York],2021-02-07T07:49:04-05:00[America/New_York],NA,2021-02-07,28128,Sunday
1807,<A>,56,2021-02-07T07:49:04-05:00[America/New_York],2021-02-07T07:50:00-05:00[America/New_York],Yes,2021-02-07,28144,Sunday
1807,B,15,2021-02-07T07:50:00-05:00[America/New_York],2021-02-07T07:50:15-05:00[America/New_York],NA,2021-02-07,28200,Sunday
1807,C,19,2021-02-07T07:50:15-05:00[America/New_York],2021-02-07T07:50:34-05:00[America/New_York],Yes,2021-02-07,28215,Sunday
1807,<A>,56,2021-02-07T07:50:34-05:00[America/New_York],2021-02-07T07:51:30-05:00[America/New_York],Yes,2021-02-07,28234,Sunday
1807,C,15,2021-02-07T07:51:30-05:00[America/New_York],2021-02-07T07:51:45-05:00[America/New_York],Yes,2021-02-07,28290,Sunday
1807,<A>,47,2021-02-07T07:51:45-05:00[America/New_York],2021-02-07T07:52:32-05:00[America/New_York],Yes,2021-02-07,28305,Sunday
1807,B,10,2021-02-07T07:52:32-05:00[America/New_York],2021-02-07T07:52:42-05:00[America/New_York],Yes,2021-02-07,28352,Sunday
1807,C,17,2021-02-07T07:52:42-05:00[America/New_York],2021-02-07T07:52:59-05:00[America/New_York],Yes,2021-02-07,28362,Sunday
1807,<A>,47,2021-02-07T07:52:59-05:00[America/New_York],2021-02-07T07:53:46-05:00[America/New_York],Yes,2021-02-07,28379,Sunday
1807,B,9,2021-02-07T07:53:46-05:00[America/New_York],2021-02-07T07:53:55-05:00[America/New_York],Yes,2021-02-07,28426,Sunday
1807,C,47,2021-02-07T07:53:55-05:00[America/New_York],2021-02-07T07:54:42-05:00[America/New_York],NA,2021-02-07,28435,Sunday
1807,<A>,66,2021-02-07T07:54:42-05:00[America/New_York],2021-02-07T07:55:48-05:00[America/New_York],NA,2021-02-07,28482,Sunday
1807,B,10,2021-02-07T07:55:48-05:00[America/New_York],2021-02-07T07:55:58-05:00[America/New_York],Yes,2021-02-07,28548,Sunday
1807,C,15,2021-02-07T07:55:58-05:00[America/New_York],2021-02-07T07:56:13-05:00[America/New_York],Yes,2021-02-07,28558,Sunday
1807,<A>,54,2021-02-07T07:56:13-05:00[America/New_York],2021-02-07T07:57:07-05:00[America/New_York],Yes,2021-02-07,28573,Sunday
1807,B,15,2021-02-07T07:57:07-05:00[America/New_York],2021-02-07T07:57:22-05:00[America/New_York],NA,2021-02-07,28627,Sunday
1807,C,16,2021-02-07T07:57:22-05:00[America/New_York],2021-02-07T07:57:38-05:00[America/New_York],Yes,2021-02-07,28642,Sunday
1807,<A>,46,2021-02-07T07:57:38-05:00[America/New_York],2021-02-07T07:58:24-05:00[America/New_York],Yes,2021-02-07,28658,Sunday
1807,B,9,2021-02-07T07:58:24-05:00[America/New_York],2021-02-07T07:58:33-05:00[America/New_York],Yes,2021-02-07,28704,Sunday
1807,C,16,2021-02-07T07:58:33-05:00[America/New_York],2021-02-07T07:58:49-05:00[America/New_York],Yes,2021-02-07,28713,Sunday
1807,<A>,55,2021-02-07T07:58:49-05:00[America/New_York],2021-02-07T07:59:44-05:00[America/New_York],Yes,2021-02-07,28729,Sunday
1807,B,16,2021-02-07T07:59:44-05:00[America/New_York],2021-02-07T08:00:00-05:00[America/New_York],NA,2021-02-07,28784,Sunday
1807,C,20,2021-02-07T08:00:00-05:00[America/New_York],2021-02-07T08:00:20-05:00[America/New_York],Yes,2021-02-07,28800,Sunday
1807,<A>,56,2021-02-07T08:00:20-05:00[America/New_York],2021-02-07T08:01:16-05:00[America/New_York],Yes,2021-02-07,28820,Sunday
1807,C,15,2021-02-07T08:01:16-05:00[America/New_York],2021-02-07T08:01:31-05:00[America/New_York],Yes,2021-02-07,28876,Sunday
1807,<A>,53,2021-02-07T08:01:31-05:00[America/New_York],2021-02-07T08:02:24-05:00[America/New_York],Yes,2021-02-07,28891,Sunday
1807,C,19,2021-02-07T08:02:24-05:00[America/New_York],2021-02-07T08:02:43-05:00[America/New_York],Yes,2021-02-07,28944,Sunday
1807,<A>,72,2021-02-07T08:02:43-05:00[America/New_York],2021-02-07T08:03:55-05:00[America/New_York],Yes,2021-02-07,28963,Sunday
1807,B,13,2021-02-07T08:03:55-05:00[America/New_York],2021-02-07T08:04:08-05:00[America/New_York],Yes,2021-02-07,29035,Sunday
1807,C,20,2021-02-07T08:04:08-05:00[America/New_York],2021-02-07T08:04:28-05:00[America/New_York],NA,2021-02-07,29048,Sunday
1807,<A>,53,2021-02-07T08:04:28-05:00[America/New_York],2021-02-07T08:05:21-05:00[America/New_York],Yes,2021-02-07,29068,Sunday
1807,B,11,2021-02-07T08:05:21-05:00[America/New_York],2021-02-07T08:05:32-05:00[America/New_York],Yes,2021-02-07,29121,Sunday
1807,C,20,2021-02-07T08:05:32-05:00[America/New_York],2021-02-07T08:05:52-05:00[America/New_York],Yes,2021-02-07,29132,Sunday
1807,<A>,57,2021-02-07T08:05:52-05:00[America/New_York],2021-02-07T08:06:49-05:00[America/New_York],Yes,2021-02-07,29152,Sunday
1807,B,13,2021-02-07T08:06:49-05:00[America/New_York],2021-02-07T08:07:02-05:00[America/New_York],Yes,2021-02-07,29209,Sunday
1807,C,17,2021-02-07T08:07:02-05:00[America/New_York],2021-02-07T08:07:19-05:00[America/New_York],Yes,2021-02-07,29222,Sunday
1807,<A>,65,2021-02-07T08:07:19-05:00[America/New_York],2021-02-07T08:08:24-05:00[America/New_York],Yes,2021-02-07,29239,Sunday
1807,B,15,2021-02-07T08:08:24-05:00[America/New_York],2021-02-07T08:08:39-05:00[America/New_York],NA,2021-02-07,29304,Sunday
1807,C,18,2021-02-07T08:08:39-05:00[America/New_York],2021-02-07T08:08:57-05:00[America/New_York],Yes,2021-02-07,29319,Sunday
1807,<A>,62,2021-02-07T08:08:57-05:00[America/New_York],2021-02-07T08:09:59-05:00[America/New_York],Yes,2021-02-07,29337,Sunday
1807,B,10,2021-02-07T08:09:59-05:00[America/New_York],2021-02-07T08:10:09-05:00[America/New_York],Yes,2021-02-07,29399,Sunday
1807,C,23,2021-02-07T08:10:09-05:00[America/New_York],2021-02-07T08:10:32-05:00[America/New_York],Yes,2021-02-07,29409,Sunday
1807,<A>,53,2021-02-07T08:10:32-05:00[America/New_York],2021-02-07T08:11:25-05:00[America/New_York],Yes,2021-02-07,29432,Sunday
1807,B,15,2021-02-07T08:11:25-05:00[America/New_York],2021-02-07T08:11:40-05:00[America/New_York],NA,2021-02-07,29485,Sunday
1807,C,17,2021-02-07T08:11:40-05:00[America/New_York],2021-02-07T08:11:57-05:00[America/New_York],Yes,2021-02-07,29500,Sunday
1807,<A>,59,2021-02-07T08:11:57-05:00[America/New_York],2021-02-07T08:12:56-05:00[America/New_York],Yes,2021-02-07,29517,Sunday
1807,B,11,2021-02-07T08:12:56-05:00[America/New_York],2021-02-07T08:13:07-05:00[America/New_York],Yes,2021-02-07,29576,Sunday
1807,C,22,2021-02-07T08:13:07-05:00[America/New_York],2021-02-07T08:13:29-05:00[America/New_York],Yes,2021-02-07,29587,Sunday
1807,<A>,48,2021-02-07T08:13:29-05:00[America/New_York],2021-02-07T08:14:17-05:00[America/New_York],Yes,2021-02-07,29609,Sunday
1807,B,11,2021-02-07T08:14:17-05:00[America/New_York],2021-02-07T08:14:28-05:00[America/New_York],Yes,2021-02-07,29657,Sunday
1807,C,16,2021-02-07T08:14:28-05:00[America/New_York],2021-02-07T08:14:44-05:00[America/New_York],Yes,2021-02-07,29668,Sunday
1807,<A>,50,2021-02-07T08:14:44-05:00[America/New_York],2021-02-07T08:15:34-05:00[America/New_York],Yes,2021-02-07,29684,Sunday
1807,B,11,2021-02-07T08:15:34-05:00[America/New_York],2021-02-07T08:15:45-05:00[America/New_York],Yes,2021-02-07,29734,Sunday
1807,C,18,2021-02-07T08:15:45-05:00[America/New_York],2021-02-07T08:16:03-05:00[America/New_York],Yes,2021-02-07,29745,Sunday
1807,<A>,48,2021-02-07T08:16:03-05:00[America/New_York],2021-02-07T08:16:51-05:00[America/New_York],Yes,2021-02-07,29763,Sunday
1807,C,22,2021-02-07T08:16:51-05:00[America/New_York],2021-02-07T08:17:13-05:00[America/New_York],Yes,2021-02-07,29811,Sunday
1807,<A>,50,2021-02-07T08:17:13-05:00[America/New_York],2021-02-07T08:18:03-05:00[America/New_York],Yes,2021-02-07,29833,Sunday
1807,B,16,2021-02-07T08:18:03-05:00[America/New_York],2021-02-07T08:18:19-05:00[America/New_York],NA,2021-02-07,29883,Sunday
1807,C,23,2021-02-07T08:18:19-05:00[America/New_York],2021-02-07T08:18:42-05:00[America/New_York],Yes,2021-02-07,29899,Sunday
1807,<A>,64,2021-02-07T08:18:42-05:00[America/New_York],2021-02-07T08:19:46-05:00[America/New_York],Yes,2021-02-07,29922,Sunday
1807,B,10,2021-02-07T08:19:46-05:00[America/New_York],2021-02-07T08:19:56-05:00[America/New_York],Yes,2021-02-07,29986,Sunday
1807,C,23,2021-02-07T08:19:56-05:00[America/New_York],2021-02-07T08:20:19-05:00[America/New_York],Yes,2021-02-07,29996,Sunday
1807,<A>,59,2021-02-07T08:20:19-05:00[America/New_York],2021-02-07T08:21:18-05:00[America/New_York],Yes,2021-02-07,30019,Sunday
1807,B,15,2021-02-07T08:21:18-05:00[America/New_York],2021-02-07T08:21:33-05:00[America/New_York],NA,2021-02-07,30078,Sunday
1807,C,17,2021-02-07T08:21:33-05:00[America/New_York],2021-02-07T08:21:50-05:00[America/New_York],Yes,2021-02-07,30093,Sunday
1807,<A>,64,2021-02-07T08:21:50-05:00[America/New_York],2021-02-07T08:22:54-05:00[America/New_York],Yes,2021-02-07,30110,Sunday
1807,B,11,2021-02-07T08:22:54-05:00[America/New_York],2021-02-07T08:23:05-05:00[America/New_York],Yes,2021-02-07,30174,Sunday
1807,C,20,2021-02-07T08:23:05-05:00[America/New_York],2021-02-07T08:23:25-05:00[America/New_York],Yes,2021-02-07,30185,Sunday
1807,<A>,60,2021-02-07T08:23:25-05:00[America/New_York],2021-02-07T08:24:25-05:00[America/New_York],Yes,2021-02-07,30205,Sunday
1807,B,16,2021-02-07T08:24:25-05:00[America/New_York],2021-02-07T08:24:41-05:00[America/New_York],NA,2021-02-07,30265,Sunday
1807,C,15,2021-02-07T08:24:41-05:00[America/New_York],2021-02-07T08:24:56-05:00[America/New_York],Yes,2021-02-07,30281,Sunday
1807,<A>,57,2021-02-07T08:24:56-05:00[America/New_York],2021-02-07T08:25:53-05:00[America/New_York],Yes,2021-02-07,30296,Sunday
1807,C,19,2021-02-07T08:25:53-05:00[America/New_York],2021-02-07T08:26:12-05:00[America/New_York],Yes,2021-02-07,30353,Sunday
1807,<A>,56,2021-02-07T08:26:12-05:00[America/New_York],2021-02-07T08:27:08-05:00[America/New_York],Yes,2021-02-07,30372,Sunday
1807,B,15,2021-02-07T08:27:08-05:00[America/New_York],2021-02-07T08:27:23-05:00[America/New_York],NA,2021-02-07,30428,Sunday
1807,C,17,2021-02-07T08:27:23-05:00[America/New_York],2021-02-07T08:27:40-05:00[America/New_York],Yes,2021-02-07,30443,Sunday
1807,<A>,57,2021-02-07T08:27:40-05:00[America/New_York],2021-02-07T08:28:37-05:00[America/New_York],Yes,2021-02-07,30460,Sunday
1807,B,11,2021-02-07T08:28:37-05:00[America/New_York],2021-02-07T08:28:48-05:00[America/New_York],Yes,2021-02-07,30517,Sunday
1807,C,21,2021-02-07T08:28:48-05:00[America/New_York],2021-02-07T08:29:09-05:00[America/New_York],Yes,2021-02-07,30528,Sunday
1807,<A>,56,2021-02-07T08:29:09-05:00[America/New_York],2021-02-07T08:30:05-05:00[America/New_York],Yes,2021-02-07,30549,Sunday
1807,B,14,2021-02-07T08:30:05-05:00[America/New_York],2021-02-07T08:30:19-05:00[America/New_York],Yes,2021-02-07,30605,Sunday
1807,C,17,2021-02-07T08:30:19-05:00[America/New_York],2021-02-07T08:30:36-05:00[America/New_York],Yes,2021-02-07,30619,Sunday
1807,<A>,80,2021-02-07T08:30:36-05:00[America/New_York],2021-02-07T08:31:56-05:00[America/New_York],NA,2021-02-07,30636,Sunday
1807,C,17,2021-02-07T08:31:56-05:00[America/New_York],2021-02-07T08:32:13-05:00[America/New_York],Yes,2021-02-07,30716,Sunday
1807,<A>,48,2021-02-07T08:32:13-05:00[America/New_York],2021-02-07T08:33:01-05:00[America/New_York],Yes,2021-02-07,30733,Sunday
1807,B,10,2021-02-07T08:33:01-05:00[America/New_York],2021-02-07T08:33:11-05:00[America/New_York],Yes,2021-02-07,30781,Sunday
1807,C,18,2021-02-07T08:33:11-05:00[America/New_York],2021-02-07T08:33:29-05:00[America/New_York],Yes,2021-02-07,30791,Sunday
1807,<A>,56,2021-02-07T08:33:29-05:00[America/New_York],2021-02-07T08:34:25-05:00[America/New_York],Yes,2021-02-07,30809,Sunday
1807,B,11,2021-02-07T08:34:25-05:00[America/New_York],2021-02-07T08:34:36-05:00[America/New_York],Yes,2021-02-07,30865,Sunday
1807,C,28,2021-02-07T08:34:36-05:00[America/New_York],2021-02-07T08:35:04-05:00[America/New_York],Yes,2021-02-07,30876,Sunday
1807,<A>,69,2021-02-07T08:35:04-05:00[America/New_York],2021-02-07T08:36:13-05:00[America/New_York],Yes,2021-02-07,30904,Sunday
1807,B,9,2021-02-07T08:36:13-05:00[America/New_York],2021-02-07T08:36:22-05:00[America/New_York],Yes,2021-02-07,30973,Sunday
1807,C,23,2021-02-07T08:36:22-05:00[America/New_York],2021-02-07T08:36:45-05:00[America/New_York],NA,2021-02-07,30982,Sunday
1807,<A>,56,2021-02-07T08:36:45-05:00[America/New_York],2021-02-07T08:37:41-05:00[America/New_York],Yes,2021-02-07,31005,Sunday
1807,B,16,2021-02-07T08:37:41-05:00[America/New_York],2021-02-07T08:37:57-05:00[America/New_York],NA,2021-02-07,31061,Sunday
1807,C,17,2021-02-07T08:37:57-05:00[America/New_York],2021-02-07T08:38:14-05:00[America/New_York],Yes,2021-02-07,31077,Sunday
1807,<A>,60,2021-02-07T08:38:14-05:00[America/New_York],2021-02-07T08:39:14-05:00[America/New_York],Yes,2021-02-07,31094,Sunday
1807,B,12,2021-02-07T08:39:14-05:00[America/New_York],2021-02-07T08:39:26-05:00[America/New_York],Yes,2021-02-07,31154,Sunday
1807,C,25,2021-02-07T08:39:26-05:00[America/New_York],2021-02-07T08:39:51-05:00[America/New_York],Yes,2021-02-07,31166,Sunday
1807,<A>,65,2021-02-07T08:39:51-05:00[America/New_York],2021-02-07T08:40:56-05:00[America/New_York],Yes,2021-02-07,31191,Sunday
1807,B,16,2021-02-07T08:40:56-05:00[America/New_York],2021-02-07T08:41:12-05:00[America/New_York],NA,2021-02-07,31256,Sunday
1807,C,19,2021-02-07T08:41:12-05:00[America/New_York],2021-02-07T08:41:31-05:00[America/New_York],NA,2021-02-07,31272,Sunday
1807,<A>,59,2021-02-07T08:41:31-05:00[America/New_York],2021-02-07T08:42:30-05:00[America/New_York],Yes,2021-02-07,31291,Sunday
1807,B,16,2021-02-07T08:42:30-05:00[America/New_York],2021-02-07T08:42:46-05:00[America/New_York],NA,2021-02-07,31350,Sunday
1807,C,16,2021-02-07T08:42:46-05:00[America/New_York],2021-02-07T08:43:02-05:00[America/New_York],Yes,2021-02-07,31366,Sunday
1807,<A>,48,2021-02-07T08:43:02-05:00[America/New_York],2021-02-07T08:43:50-05:00[America/New_York],Yes,2021-02-07,31382,Sunday
1807,B,16,2021-02-07T08:43:50-05:00[America/New_York],2021-02-07T08:44:06-05:00[America/New_York],NA,2021-02-07,31430,Sunday
1807,C,17,2021-02-07T08:44:06-05:00[America/New_York],2021-02-07T08:44:23-05:00[America/New_York],Yes,2021-02-07,31446,Sunday
1807,<A>,63,2021-02-07T08:44:23-05:00[America/New_York],2021-02-07T08:45:26-05:00[America/New_York],Yes,2021-02-07,31463,Sunday
1807,B,16,2021-02-07T08:45:26-05:00[America/New_York],2021-02-07T08:45:42-05:00[America/New_York],NA,2021-02-07,31526,Sunday
1807,C,21,2021-02-07T08:45:42-05:00[America/New_York],2021-02-07T08:46:03-05:00[America/New_York],NA,2021-02-07,31542,Sunday
1807,<A>,61,2021-02-07T08:46:03-05:00[America/New_York],2021-02-07T08:47:04-05:00[America/New_York],Yes,2021-02-07,31563,Sunday
1807,B,11,2021-02-07T08:47:04-05:00[America/New_York],2021-02-07T08:47:15-05:00[America/New_York],Yes,2021-02-07,31624,Sunday
1807,C,23,2021-02-07T08:47:15-05:00[America/New_York],2021-02-07T08:47:38-05:00[America/New_York],Yes,2021-02-07,31635,Sunday
1807,<A>,61,2021-02-07T08:47:38-05:00[America/New_York],2021-02-07T08:48:39-05:00[America/New_York],Yes,2021-02-07,31658,Sunday
1807,B,23,2021-02-07T08:48:39-05:00[America/New_York],2021-02-07T08:49:02-05:00[America/New_York],NA,2021-02-07,31719,Sunday
1807,C,20,2021-02-07T08:49:02-05:00[America/New_York],2021-02-07T08:49:22-05:00[America/New_York],NA,2021-02-07,31742,Sunday
1807,<A>,57,2021-02-07T08:49:22-05:00[America/New_York],2021-02-07T08:50:19-05:00[America/New_York],NA,2021-02-07,31762,Sunday
1807,B,19,2021-02-07T08:50:19-05:00[America/New_York],2021-02-07T08:50:38-05:00[America/New_York],Yes,2021-02-07,31819,Sunday
1807,C,19,2021-02-07T08:50:38-05:00[America/New_York],2021-02-07T08:50:57-05:00[America/New_York],Yes,2021-02-07,31838,Sunday
1807,<A>,62,2021-02-07T08:50:57-05:00[America/New_York],2021-02-07T08:51:59-05:00[America/New_York],NA,2021-02-07,31857,Sunday
1807,B,19,2021-02-07T08:51:59-05:00[America/New_York],2021-02-07T08:52:18-05:00[America/New_York],Yes,2021-02-07,31919,Sunday
1807,C,18,2021-02-07T08:52:18-05:00[America/New_York],2021-02-07T08:52:36-05:00[America/New_York],Yes,2021-02-07,31938,Sunday
1807,<A>,59,2021-02-07T08:52:36-05:00[America/New_York],2021-02-07T08:53:35-05:00[America/New_York],Yes,2021-02-07,31956,Sunday
1807,B,18,2021-02-07T08:53:35-05:00[America/New_York],2021-02-07T08:53:53-05:00[America/New_York],Yes,2021-02-07,32015,Sunday
1807,C,24,2021-02-07T08:53:53-05:00[America/New_York],2021-02-07T08:54:17-05:00[America/New_York],Yes,2021-02-07,32033,Sunday
1807,<A>,58,2021-02-07T08:54:17-05:00[America/New_York],2021-02-07T08:55:15-05:00[America/New_York],NA,2021-02-07,32057,Sunday
1807,B,19,2021-02-07T08:55:15-05:00[America/New_York],2021-02-07T08:55:34-05:00[America/New_York],Yes,2021-02-07,32115,Sunday
1807,C,24,2021-02-07T08:55:34-05:00[America/New_York],2021-02-07T08:55:58-05:00[America/New_York],Yes,2021-02-07,32134,Sunday
1807,<A>,49,2021-02-07T08:55:58-05:00[America/New_York],2021-02-07T08:56:47-05:00[America/New_York],Yes,2021-02-07,32158,Sunday
1807,B,16,2021-02-07T08:56:47-05:00[America/New_York],2021-02-07T08:57:03-05:00[America/New_York],Yes,2021-02-07,32207,Sunday
1807,C,24,2021-02-07T08:57:03-05:00[America/New_York],2021-02-07T08:57:27-05:00[America/New_York],Yes,2021-02-07,32223,Sunday
1807,<A>,65,2021-02-07T08:57:27-05:00[America/New_York],2021-02-07T08:58:32-05:00[America/New_York],NA,2021-02-07,32247,Sunday
1807,B,21,2021-02-07T08:58:32-05:00[America/New_York],2021-02-07T08:58:53-05:00[America/New_York],NA,2021-02-07,32312,Sunday
1807,C,19,2021-02-07T08:58:53-05:00[America/New_York],2021-02-07T08:59:12-05:00[America/New_York],Yes,2021-02-07,32333,Sunday
1807,<A>,60,2021-02-07T08:59:12-05:00[America/New_York],2021-02-07T09:00:12-05:00[America/New_York],NA,2021-02-07,32352,Sunday
1807,B,11,2021-02-07T09:00:12-05:00[America/New_York],2021-02-07T09:00:23-05:00[America/New_York],Yes,2021-02-07,32412,Sunday
1807,C,23,2021-02-07T09:00:23-05:00[America/New_York],2021-02-07T09:00:46-05:00[America/New_York],Yes,2021-02-07,32423,Sunday
1807,<A>,60,2021-02-07T09:00:46-05:00[America/New_York],2021-02-07T09:01:46-05:00[America/New_York],Yes,2021-02-07,32446,Sunday
1807,B,16,2021-02-07T09:01:46-05:00[America/New_York],2021-02-07T09:02:02-05:00[America/New_York],NA,2021-02-07,32506,Sunday
1807,C,18,2021-02-07T09:02:02-05:00[America/New_York],2021-02-07T09:02:20-05:00[America/New_York],Yes,2021-02-07,32522,Sunday
1807,<A>,62,2021-02-07T09:02:20-05:00[America/New_York],2021-02-07T09:03:22-05:00[America/New_York],Yes,2021-02-07,32540,Sunday
1807,B,11,2021-02-07T09:03:22-05:00[America/New_York],2021-02-07T09:03:33-05:00[America/New_York],Yes,2021-02-07,32602,Sunday
1807,C,22,2021-02-07T09:03:33-05:00[America/New_York],2021-02-07T09:03:55-05:00[America/New_York],Yes,2021-02-07,32613,Sunday
1807,<A>,55,2021-02-07T09:03:55-05:00[America/New_York],2021-02-07T09:04:50-05:00[America/New_York],Yes,2021-02-07,32635,Sunday
1807,B,13,2021-02-07T09:04:50-05:00[America/New_York],2021-02-07T09:05:03-05:00[America/New_York],Yes,2021-02-07,32690,Sunday
1807,C,20,2021-02-07T09:05:03-05:00[America/New_York],2021-02-07T09:05:23-05:00[America/New_York],Yes,2021-02-07,32703,Sunday
1807,<A>,61,2021-02-07T09:05:23-05:00[America/New_York],2021-02-07T09:06:24-05:00[America/New_York],Yes,2021-02-07,32723,Sunday
1807,B,16,2021-02-07T09:06:24-05:00[America/New_York],2021-02-07T09:06:40-05:00[America/New_York],NA,2021-02-07,32784,Sunday
1807,C,22,2021-02-07T09:06:40-05:00[America/New_York],2021-02-07T09:07:02-05:00[America/New_York],NA,2021-02-07,32800,Sunday
1807,<A>,63,2021-02-07T09:07:02-05:00[America/New_York],2021-02-07T09:08:05-05:00[America/New_York],Yes,2021-02-07,32822,Sunday
1807,B,18,2021-02-07T09:08:05-05:00[America/New_York],2021-02-07T09:08:23-05:00[America/New_York],NA,2021-02-07,32885,Sunday
1807,C,29,2021-02-07T09:08:23-05:00[America/New_York],2021-02-07T09:08:52-05:00[America/New_York],Yes,2021-02-07,32903,Sunday
1807,<A>,57,2021-02-07T09:08:52-05:00[America/New_York],2021-02-07T09:09:49-05:00[America/New_York],Yes,2021-02-07,32932,Sunday
1807,B,16,2021-02-07T09:09:49-05:00[America/New_York],2021-02-07T09:10:05-05:00[America/New_York],NA,2021-02-07,32989,Sunday
1807,C,22,2021-02-07T09:10:05-05:00[America/New_York],2021-02-07T09:10:27-05:00[America/New_York],Yes,2021-02-07,33005,Sunday
1807,<A>,63,2021-02-07T09:10:27-05:00[America/New_York],2021-02-07T09:11:30-05:00[America/New_York],Yes,2021-02-07,33027,Sunday
1807,B,13,2021-02-07T09:11:30-05:00[America/New_York],2021-02-07T09:11:43-05:00[America/New_York],Yes,2021-02-07,33090,Sunday
1807,C,32,2021-02-07T09:11:43-05:00[America/New_York],2021-02-07T09:12:15-05:00[America/New_York],NA,2021-02-07,33103,Sunday
1807,<A>,59,2021-02-07T09:12:15-05:00[America/New_York],2021-02-07T09:13:14-05:00[America/New_York],NA,2021-02-07,33135,Sunday
1807,B,15,2021-02-07T09:13:14-05:00[America/New_York],2021-02-07T09:13:29-05:00[America/New_York],Yes,2021-02-07,33194,Sunday
1807,C,19,2021-02-07T09:13:29-05:00[America/New_York],2021-02-07T09:13:48-05:00[America/New_York],Yes,2021-02-07,33209,Sunday
1807,<A>,59,2021-02-07T09:13:48-05:00[America/New_York],2021-02-07T09:14:47-05:00[America/New_York],Yes,2021-02-07,33228,Sunday
1807,B,17,2021-02-07T09:14:47-05:00[America/New_York],2021-02-07T09:15:04-05:00[America/New_York],Yes,2021-02-07,33287,Sunday
1807,C,20,2021-02-07T09:15:04-05:00[America/New_York],2021-02-07T09:15:24-05:00[America/New_York],Yes,2021-02-07,33304,Sunday
1807,<A>,54,2021-02-07T09:15:24-05:00[America/New_York],2021-02-07T09:16:18-05:00[America/New_York],Yes,2021-02-07,33324,Sunday
1807,B,19,2021-02-07T09:16:18-05:00[America/New_York],2021-02-07T09:16:37-05:00[America/New_York],NA,2021-02-07,33378,Sunday
1807,C,27,2021-02-07T09:16:37-05:00[America/New_York],2021-02-07T09:17:04-05:00[America/New_York],NA,2021-02-07,33397,Sunday
1807,<A>,58,2021-02-07T09:17:04-05:00[America/New_York],2021-02-07T09:18:02-05:00[America/New_York],NA,2021-02-07,33424,Sunday
1807,B,19,2021-02-07T09:18:02-05:00[America/New_York],2021-02-07T09:18:21-05:00[America/New_York],Yes,2021-02-07,33482,Sunday
1807,C,22,2021-02-07T09:18:21-05:00[America/New_York],2021-02-07T09:18:43-05:00[America/New_York],Yes,2021-02-07,33501,Sunday
1807,<A>,59,2021-02-07T09:18:43-05:00[America/New_York],2021-02-07T09:19:42-05:00[America/New_York],NA,2021-02-07,33523,Sunday
1807,B,13,2021-02-07T09:19:42-05:00[America/New_York],2021-02-07T09:19:55-05:00[America/New_York],Yes,2021-02-07,33582,Sunday
1807,C,20,2021-02-07T09:19:55-05:00[America/New_York],2021-02-07T09:20:15-05:00[America/New_York],Yes,2021-02-07,33595,Sunday
1807,<A>,53,2021-02-07T09:20:15-05:00[America/New_York],2021-02-07T09:21:08-05:00[America/New_York],Yes,2021-02-07,33615,Sunday
1807,C,17,2021-02-07T09:21:08-05:00[America/New_York],2021-02-07T09:21:25-05:00[America/New_York],Yes,2021-02-07,33668,Sunday
1807,<A>,65,2021-02-07T09:21:25-05:00[America/New_York],2021-02-07T09:22:30-05:00[America/New_York],Yes,2021-02-07,33685,Sunday
1807,C,25,2021-02-07T09:22:30-05:00[America/New_York],2021-02-07T09:22:55-05:00[America/New_York],Yes,2021-02-07,33750,Sunday
1807,<A>,55,2021-02-07T09:22:55-05:00[America/New_York],2021-02-07T09:23:50-05:00[America/New_York],NA,2021-02-07,33775,Sunday
1807,B,19,2021-02-07T09:23:50-05:00[America/New_York],2021-02-07T09:24:09-05:00[America/New_York],Yes,2021-02-07,33830,Sunday
1807,C,24,2021-02-07T09:24:09-05:00[America/New_York],2021-02-07T09:24:33-05:00[America/New_York],NA,2021-02-07,33849,Sunday
1807,<A>,57,2021-02-07T09:24:33-05:00[America/New_York],2021-02-07T09:25:30-05:00[America/New_York],NA,2021-02-07,33873,Sunday
1807,B,15,2021-02-07T09:25:30-05:00[America/New_York],2021-02-07T09:25:45-05:00[America/New_York],Yes,2021-02-07,33930,Sunday
1807,C,25,2021-02-07T09:25:45-05:00[America/New_York],2021-02-07T09:26:10-05:00[America/New_York],NA,2021-02-07,33945,Sunday
1807,<A>,60,2021-02-07T09:26:10-05:00[America/New_York],2021-02-07T09:27:10-05:00[America/New_York],NA,2021-02-07,33970,Sunday
1807,B,13,2021-02-07T09:27:10-05:00[America/New_York],2021-02-07T09:27:23-05:00[America/New_York],Yes,2021-02-07,34030,Sunday
1807,C,19,2021-02-07T09:27:23-05:00[America/New_York],2021-02-07T09:27:42-05:00[America/New_York],NA,2021-02-07,34043,Sunday
1807,<A>,51,2021-02-07T09:27:42-05:00[America/New_York],2021-02-07T09:28:33-05:00[America/New_York],NA,2021-02-07,34062,Sunday
1807,C,28,2021-02-07T09:28:33-05:00[America/New_York],2021-02-07T09:29:01-05:00[America/New_York],Yes,2021-02-07,34113,Sunday
1807,<A>,62,2021-02-07T09:29:01-05:00[America/New_York],2021-02-07T09:30:03-05:00[America/New_York],Yes,2021-02-07,34141,Sunday
1807,B,17,2021-02-07T09:30:03-05:00[America/New_York],2021-02-07T09:30:20-05:00[America/New_York],NA,2021-02-07,34203,Sunday
1807,C,22,2021-02-07T09:30:20-05:00[America/New_York],2021-02-07T09:30:42-05:00[America/New_York],NA,2021-02-07,34220,Sunday
1807,<A>,61,2021-02-07T09:30:42-05:00[America/New_York],2021-02-07T09:31:43-05:00[America/New_York],NA,2021-02-07,34242,Sunday
1807,B,18,2021-02-07T09:31:43-05:00[America/New_York],2021-02-07T09:32:01-05:00[America/New_York],Yes,2021-02-07,34303,Sunday
1807,C,23,2021-02-07T09:32:01-05:00[America/New_York],2021-02-07T09:32:24-05:00[America/New_York],Yes,2021-02-07,34321,Sunday
1807,<A>,59,2021-02-07T09:32:24-05:00[America/New_York],2021-02-07T09:33:23-05:00[America/New_York],NA,2021-02-07,34344,Sunday
1807,C,29,2021-02-07T09:33:23-05:00[America/New_York],2021-02-07T09:33:52-05:00[America/New_York],Yes,2021-02-07,34403,Sunday
1807,<A>,57,2021-02-07T09:33:52-05:00[America/New_York],2021-02-07T09:34:49-05:00[America/New_York],Yes,2021-02-07,34432,Sunday
1807,B,16,2021-02-07T09:34:49-05:00[America/New_York],2021-02-07T09:35:05-05:00[America/New_York],Yes,2021-02-07,34489,Sunday
1807,C,25,2021-02-07T09:35:05-05:00[America/New_York],2021-02-07T09:35:30-05:00[America/New_York],Yes,2021-02-07,34505,Sunday
1807,<A>,61,2021-02-07T09:35:30-05:00[America/New_York],2021-02-07T09:36:31-05:00[America/New_York],NA,2021-02-07,34530,Sunday
1807,B,19,2021-02-07T09:36:31-05:00[America/New_York],2021-02-07T09:36:50-05:00[America/New_York],NA,2021-02-07,34591,Sunday
1807,C,20,2021-02-07T09:36:50-05:00[America/New_York],2021-02-07T09:37:10-05:00[America/New_York],NA,2021-02-07,34610,Sunday
1807,<A>,61,2021-02-07T09:37:10-05:00[America/New_York],2021-02-07T09:38:11-05:00[America/New_York],NA,2021-02-07,34630,Sunday
1807,C,21,2021-02-07T09:38:11-05:00[America/New_York],2021-02-07T09:38:32-05:00[America/New_York],Yes,2021-02-07,34691,Sunday
1807,<A>,76,2021-02-07T09:38:32-05:00[America/New_York],2021-02-07T09:39:48-05:00[America/New_York],Yes,2021-02-07,34712,Sunday
1807,B,17,2021-02-07T09:39:48-05:00[America/New_York],2021-02-07T09:40:05-05:00[America/New_York],NA,2021-02-07,34788,Sunday
1807,C,18,2021-02-07T09:40:05-05:00[America/New_York],2021-02-07T09:40:23-05:00[America/New_York],NA,2021-02-07,34805,Sunday
1807,<A>,65,2021-02-07T09:40:23-05:00[America/New_York],2021-02-07T09:41:28-05:00[America/New_York],NA,2021-02-07,34823,Sunday
1807,B,17,2021-02-07T09:41:28-05:00[America/New_York],2021-02-07T09:41:45-05:00[America/New_York],NA,2021-02-07,34888,Sunday
1807,C,16,2021-02-07T09:41:45-05:00[America/New_York],2021-02-07T09:42:01-05:00[America/New_York],Yes,2021-02-07,34905,Sunday
1807,<A>,66,2021-02-07T09:42:01-05:00[America/New_York],2021-02-07T09:43:07-05:00[America/New_York],NA,2021-02-07,34921,Sunday
1807,B,19,2021-02-07T09:43:07-05:00[America/New_York],2021-02-07T09:43:26-05:00[America/New_York],Yes,2021-02-07,34987,Sunday
1807,C,26,2021-02-07T09:43:26-05:00[America/New_York],2021-02-07T09:43:52-05:00[America/New_York],NA,2021-02-07,35006,Sunday
1807,<A>,55,2021-02-07T09:43:52-05:00[America/New_York],2021-02-07T09:44:47-05:00[America/New_York],NA,2021-02-07,35032,Sunday
1807,B,11,2021-02-07T09:44:47-05:00[America/New_York],2021-02-07T09:44:58-05:00[America/New_York],Yes,2021-02-07,35087,Sunday
1807,C,37,2021-02-07T09:44:58-05:00[America/New_York],2021-02-07T09:45:35-05:00[America/New_York],NA,2021-02-07,35098,Sunday
1807,<A>,44,2021-02-07T09:45:35-05:00[America/New_York],2021-02-07T09:46:19-05:00[America/New_York],NA,2021-02-07,35135,Sunday
1807,B,10,2021-02-07T09:46:19-05:00[America/New_York],2021-02-07T09:46:29-05:00[America/New_York],Yes,2021-02-07,35179,Sunday
1807,C,18,2021-02-07T09:46:29-05:00[America/New_York],2021-02-07T09:46:47-05:00[America/New_York],Yes,2021-02-07,35189,Sunday
1807,<A>,59,2021-02-07T09:46:47-05:00[America/New_York],2021-02-07T09:47:46-05:00[America/New_York],NA,2021-02-07,35207,Sunday
1807,B,22,2021-02-07T09:47:46-05:00[America/New_York],2021-02-07T09:48:08-05:00[America/New_York],Yes,2021-02-07,35266,Sunday
1807,C,27,2021-02-07T09:48:08-05:00[America/New_York],2021-02-07T09:48:35-05:00[America/New_York],Yes,2021-02-07,35288,Sunday
1807,<A>,49,2021-02-07T09:48:35-05:00[America/New_York],2021-02-07T09:49:24-05:00[America/New_York],NA,2021-02-07,35315,Sunday
1807,B,12,2021-02-07T09:49:24-05:00[America/New_York],2021-02-07T09:49:36-05:00[America/New_York],Yes,2021-02-07,35364,Sunday
1807,C,28,2021-02-07T09:49:36-05:00[America/New_York],2021-02-07T09:50:04-05:00[America/New_York],NA,2021-02-07,35376,Sunday
1807,<A>,49,2021-02-07T09:50:04-05:00[America/New_York],2021-02-07T09:50:53-05:00[America/New_York],NA,2021-02-07,35404,Sunday
1807,B,18,2021-02-07T09:50:53-05:00[America/New_York],2021-02-07T09:51:11-05:00[America/New_York],Yes,2021-02-07,35453,Sunday
1807,C,25,2021-02-07T09:51:11-05:00[America/New_York],2021-02-07T09:51:36-05:00[America/New_York],Yes,2021-02-07,35471,Sunday
1807,<A>,71,2021-02-07T09:51:36-05:00[America/New_York],2021-02-07T09:52:47-05:00[America/New_York],NA,2021-02-07,35496,Sunday
1807,C,27,2021-02-07T09:52:47-05:00[America/New_York],2021-02-07T09:53:14-05:00[America/New_York],Yes,2021-02-07,35567,Sunday
1807,<A>,97,2021-02-07T09:53:14-05:00[America/New_York],2021-02-07T09:54:51-05:00[America/New_York],NA,2021-02-07,35594,Sunday
1807,B,23,2021-02-07T09:54:51-05:00[America/New_York],2021-02-07T09:55:14-05:00[America/New_York],NA,2021-02-07,35691,Sunday
1807,C,22,2021-02-07T09:55:14-05:00[America/New_York],2021-02-07T09:55:36-05:00[America/New_York],Yes,2021-02-07,35714,Sunday
1807,<A>,71,2021-02-07T09:55:36-05:00[America/New_York],2021-02-07T09:56:47-05:00[America/New_York],NA,2021-02-07,35736,Sunday
1807,B,21,2021-02-07T09:56:47-05:00[America/New_York],2021-02-07T09:57:08-05:00[America/New_York],Yes,2021-02-07,35807,Sunday
1807,C,24,2021-02-07T09:57:08-05:00[America/New_York],2021-02-07T09:57:32-05:00[America/New_York],Yes,2021-02-07,35828,Sunday
1807,<A>,68,2021-02-07T09:57:32-05:00[America/New_York],2021-02-07T09:58:40-05:00[America/New_York],NA,2021-02-07,35852,Sunday
1807,B,12,2021-02-07T09:58:40-05:00[America/New_York],2021-02-07T09:58:52-05:00[America/New_York],Yes,2021-02-07,35920,Sunday
1807,C,22,2021-02-07T09:58:52-05:00[America/New_York],2021-02-07T09:59:14-05:00[America/New_York],Yes,2021-02-07,35932,Sunday
1807,<A>,80,2021-02-07T09:59:14-05:00[America/New_York],2021-02-07T10:00:34-05:00[America/New_York],NA,2021-02-07,35954,Sunday
1807,B,11,2021-02-07T10:00:34-05:00[America/New_York],2021-02-07T10:00:45-05:00[America/New_York],Yes,2021-02-07,36034,Sunday
1807,C,31,2021-02-07T10:00:45-05:00[America/New_York],2021-02-07T10:01:16-05:00[America/New_York],Yes,2021-02-07,36045,Sunday
1807,<A>,69,2021-02-07T10:01:16-05:00[America/New_York],2021-02-07T10:02:25-05:00[America/New_York],NA,2021-02-07,36076,Sunday
1807,B,12,2021-02-07T10:02:25-05:00[America/New_York],2021-02-07T10:02:37-05:00[America/New_York],Yes,2021-02-07,36145,Sunday
1807,C,24,2021-02-07T10:02:37-05:00[America/New_York],2021-02-07T10:03:01-05:00[America/New_York],Yes,2021-02-07,36157,Sunday
1807,<A>,78,2021-02-07T10:03:01-05:00[America/New_York],2021-02-07T10:04:19-05:00[America/New_York],NA,2021-02-07,36181,Sunday
1807,B,16,2021-02-07T10:04:19-05:00[America/New_York],2021-02-07T10:04:35-05:00[America/New_York],NA,2021-02-07,36259,Sunday
1807,C,26,2021-02-07T10:04:35-05:00[America/New_York],2021-02-07T10:05:01-05:00[America/New_York],NA,2021-02-07,36275,Sunday
1807,<A>,50,2021-02-07T10:05:01-05:00[America/New_York],2021-02-07T10:05:51-05:00[America/New_York],NA,2021-02-07,36301,Sunday
1807,B,16,2021-02-07T10:05:51-05:00[America/New_York],2021-02-07T10:06:07-05:00[America/New_York],NA,2021-02-07,36351,Sunday
1807,C,21,2021-02-07T10:06:07-05:00[America/New_York],2021-02-07T10:06:28-05:00[America/New_York],Yes,2021-02-07,36367,Sunday
1807,<A>,67,2021-02-07T10:06:28-05:00[America/New_York],2021-02-07T10:07:35-05:00[America/New_York],NA,2021-02-07,36388,Sunday
1807,B,18,2021-02-07T10:07:35-05:00[America/New_York],2021-02-07T10:07:53-05:00[America/New_York],NA,2021-02-07,36455,Sunday
1807,C,33,2021-02-07T10:07:53-05:00[America/New_York],2021-02-07T10:08:26-05:00[America/New_York],NA,2021-02-07,36473,Sunday
1807,<A>,57,2021-02-07T10:08:26-05:00[America/New_York],2021-02-07T10:09:23-05:00[America/New_York],NA,2021-02-07,36506,Sunday
1807,B,18,2021-02-07T10:09:23-05:00[America/New_York],2021-02-07T10:09:41-05:00[America/New_York],NA,2021-02-07,36563,Sunday
1807,C,25,2021-02-07T10:09:41-05:00[America/New_York],2021-02-07T10:10:06-05:00[America/New_York],Yes,2021-02-07,36581,Sunday
1807,<A>,63,2021-02-07T10:10:06-05:00[America/New_York],2021-02-07T10:11:09-05:00[America/New_York],NA,2021-02-07,36606,Sunday
1807,B,17,2021-02-07T10:11:09-05:00[America/New_York],2021-02-07T10:11:26-05:00[America/New_York],Yes,2021-02-07,36669,Sunday
1807,C,32,2021-02-07T10:11:26-05:00[America/New_York],2021-02-07T10:11:58-05:00[America/New_York],Yes,2021-02-07,36686,Sunday
1807,<A>,56,2021-02-07T10:11:58-05:00[America/New_York],2021-02-07T10:12:54-05:00[America/New_York],NA,2021-02-07,36718,Sunday
1807,B,16,2021-02-07T10:12:54-05:00[America/New_York],2021-02-07T10:13:10-05:00[America/New_York],Yes,2021-02-07,36774,Sunday
1807,C,36,2021-02-07T10:13:10-05:00[America/New_York],2021-02-07T10:13:46-05:00[America/New_York],NA,2021-02-07,36790,Sunday
1807,<A>,54,2021-02-07T10:13:46-05:00[America/New_York],2021-02-07T10:14:40-05:00[America/New_York],NA,2021-02-07,36826,Sunday
1807,B,14,2021-02-07T10:14:40-05:00[America/New_York],2021-02-07T10:14:54-05:00[America/New_York],Yes,2021-02-07,36880,Sunday
1807,C,20,2021-02-07T10:14:54-05:00[America/New_York],2021-02-07T10:15:14-05:00[America/New_York],Yes,2021-02-07,36894,Sunday
1807,<A>,73,2021-02-07T10:15:14-05:00[America/New_York],2021-02-07T10:16:27-05:00[America/New_York],NA,2021-02-07,36914,Sunday
1807,B,19,2021-02-07T10:16:27-05:00[America/New_York],2021-02-07T10:16:46-05:00[America/New_York],NA,2021-02-07,36987,Sunday
1807,C,30,2021-02-07T10:16:46-05:00[America/New_York],2021-02-07T10:17:16-05:00[America/New_York],NA,2021-02-07,37006,Sunday
1807,<A>,66,2021-02-07T10:17:16-05:00[America/New_York],2021-02-07T10:18:22-05:00[America/New_York],NA,2021-02-07,37036,Sunday
1807,C,20,2021-02-07T10:18:22-05:00[America/New_York],2021-02-07T10:18:42-05:00[America/New_York],Yes,2021-02-07,37102,Sunday
1807,<A>,97,2021-02-07T10:18:42-05:00[America/New_York],2021-02-07T10:20:19-05:00[America/New_York],NA,2021-02-07,37122,Sunday
1807,B,21,2021-02-07T10:20:19-05:00[America/New_York],2021-02-07T10:20:40-05:00[America/New_York],NA,2021-02-07,37219,Sunday
1807,C,35,2021-02-07T10:20:40-05:00[America/New_York],2021-02-07T10:21:15-05:00[America/New_York],NA,2021-02-07,37240,Sunday
1807,<A>,71,2021-02-07T10:21:15-05:00[America/New_York],2021-02-07T10:22:26-05:00[America/New_York],NA,2021-02-07,37275,Sunday
1807,B,11,2021-02-07T10:22:26-05:00[America/New_York],2021-02-07T10:22:37-05:00[America/New_York],Yes,2021-02-07,37346,Sunday
1807,C,30,2021-02-07T10:22:37-05:00[America/New_York],2021-02-07T10:23:07-05:00[America/New_York],Yes,2021-02-07,37357,Sunday
1807,<A>,84,2021-02-07T10:23:07-05:00[America/New_York],2021-02-07T10:24:31-05:00[America/New_York],NA,2021-02-07,37387,Sunday
1807,C,34,2021-02-07T10:24:31-05:00[America/New_York],2021-02-07T10:25:05-05:00[America/New_York],Yes,2021-02-07,37471,Sunday
1807,<A>,46,2021-02-07T10:25:05-05:00[America/New_York],2021-02-07T10:25:51-05:00[America/New_York],NA,2021-02-07,37505,Sunday
1807,B,21,2021-02-07T10:25:51-05:00[America/New_York],2021-02-07T10:26:12-05:00[America/New_York],NA,2021-02-07,37551,Sunday
1807,C,19,2021-02-07T10:26:12-05:00[America/New_York],2021-02-07T10:26:31-05:00[America/New_York],Yes,2021-02-07,37572,Sunday
1807,<A>,98,2021-02-07T10:26:31-05:00[America/New_York],2021-02-07T10:28:09-05:00[America/New_York],NA,2021-02-07,37591,Sunday
1807,C,28,2021-02-07T10:28:09-05:00[America/New_York],2021-02-07T10:28:37-05:00[America/New_York],Yes,2021-02-07,37689,Sunday
1807,<A>,90,2021-02-07T10:28:37-05:00[America/New_York],2021-02-07T10:30:07-05:00[America/New_York],NA,2021-02-07,37717,Sunday
1807,B,20,2021-02-07T10:30:07-05:00[America/New_York],2021-02-07T10:30:27-05:00[America/New_York],NA,2021-02-07,37807,Sunday
1807,C,28,2021-02-07T10:30:27-05:00[America/New_York],2021-02-07T10:30:55-05:00[America/New_York],NA,2021-02-07,37827,Sunday
1807,<A>,64,2021-02-07T10:30:55-05:00[America/New_York],2021-02-07T10:31:59-05:00[America/New_York],NA,2021-02-07,37855,Sunday
1807,B,14,2021-02-07T10:31:59-05:00[America/New_York],2021-02-07T10:32:13-05:00[America/New_York],Yes,2021-02-07,37919,Sunday
1807,C,22,2021-02-07T10:32:13-05:00[America/New_York],2021-02-07T10:32:35-05:00[America/New_York],Yes,2021-02-07,37933,Sunday
1807,<A>,68,2021-02-07T10:32:35-05:00[America/New_York],2021-02-07T10:33:43-05:00[America/New_York],NA,2021-02-07,37955,Sunday
1807,B,17,2021-02-07T10:33:43-05:00[America/New_York],2021-02-07T10:34:00-05:00[America/New_York],NA,2021-02-07,38023,Sunday
1807,C,26,2021-02-07T10:34:00-05:00[America/New_York],2021-02-07T10:34:26-05:00[America/New_York],NA,2021-02-07,38040,Sunday
1807,<A>,52,2021-02-07T10:34:26-05:00[America/New_York],2021-02-07T10:35:18-05:00[America/New_York],NA,2021-02-07,38066,Sunday
1807,C,29,2021-02-07T10:35:18-05:00[America/New_York],2021-02-07T10:35:47-05:00[America/New_York],Yes,2021-02-07,38118,Sunday
1807,<A>,80,2021-02-07T10:35:47-05:00[America/New_York],2021-02-07T10:37:07-05:00[America/New_York],NA,2021-02-07,38147,Sunday
1807,B,18,2021-02-07T10:37:07-05:00[America/New_York],2021-02-07T10:37:25-05:00[America/New_York],NA,2021-02-07,38227,Sunday
1807,C,20,2021-02-07T10:37:25-05:00[America/New_York],2021-02-07T10:37:45-05:00[America/New_York],Yes,2021-02-07,38245,Sunday
1807,<A>,74,2021-02-07T10:37:45-05:00[America/New_York],2021-02-07T10:38:59-05:00[America/New_York],NA,2021-02-07,38265,Sunday
1807,B,18,2021-02-07T10:38:59-05:00[America/New_York],2021-02-07T10:39:17-05:00[America/New_York],NA,2021-02-07,38339,Sunday
1807,C,24,2021-02-07T10:39:17-05:00[America/New_York],2021-02-07T10:39:41-05:00[America/New_York],Yes,2021-02-07,38357,Sunday
1807,<A>,74,2021-02-07T10:39:41-05:00[America/New_York],2021-02-07T10:40:55-05:00[America/New_York],NA,2021-02-07,38381,Sunday
1807,C,28,2021-02-07T10:40:55-05:00[America/New_York],2021-02-07T10:41:23-05:00[America/New_York],Yes,2021-02-07,38455,Sunday
1807,<A>,86,2021-02-07T10:41:23-05:00[America/New_York],2021-02-07T10:42:49-05:00[America/New_York],NA,2021-02-07,38483,Sunday
1807,C,52,2021-02-07T10:42:49-05:00[America/New_York],2021-02-07T10:43:41-05:00[America/New_York],NA,2021-02-07,38569,Sunday
1807,<A>,76,2021-02-07T10:43:41-05:00[America/New_York],2021-02-07T10:44:57-05:00[America/New_York],NA,2021-02-07,38621,Sunday
1807,C,36,2021-02-07T10:44:57-05:00[America/New_York],2021-02-07T10:45:33-05:00[America/New_York],Yes,2021-02-07,38697,Sunday
1807,<A>,89,2021-02-07T10:45:33-05:00[America/New_York],2021-02-07T10:47:02-05:00[America/New_York],NA,2021-02-07,38733,Sunday
1807,B,21,2021-02-07T10:47:02-05:00[America/New_York],2021-02-07T10:47:23-05:00[America/New_York],NA,2021-02-07,38822,Sunday
1807,C,35,2021-02-07T10:47:23-05:00[America/New_York],2021-02-07T10:47:58-05:00[America/New_York],NA,2021-02-07,38843,Sunday
1807,<A>,79,2021-02-07T10:47:58-05:00[America/New_York],2021-02-07T10:49:17-05:00[America/New_York],NA,2021-02-07,38878,Sunday
1807,B,23,2021-02-07T10:49:17-05:00[America/New_York],2021-02-07T10:49:40-05:00[America/New_York],Yes,2021-02-07,38957,Sunday
1807,C,27,2021-02-07T10:49:40-05:00[America/New_York],2021-02-07T10:50:07-05:00[America/New_York],Yes,2021-02-07,38980,Sunday
1807,<A>,82,2021-02-07T10:50:07-05:00[America/New_York],2021-02-07T10:51:29-05:00[America/New_York],NA,2021-02-07,39007,Sunday
1807,B,25,2021-02-07T10:51:29-05:00[America/New_York],2021-02-07T10:51:54-05:00[America/New_York],NA,2021-02-07,39089,Sunday
1807,C,33,2021-02-07T10:51:54-05:00[America/New_York],2021-02-07T10:52:27-05:00[America/New_York],NA,2021-02-07,39114,Sunday
1807,<A>,61,2021-02-07T10:52:27-05:00[America/New_York],2021-02-07T10:53:28-05:00[America/New_York],NA,2021-02-07,39147,Sunday
1807,B,25,2021-02-07T10:53:28-05:00[America/New_York],2021-02-07T10:53:53-05:00[America/New_York],NA,2021-02-07,39208,Sunday
1807,C,23,2021-02-07T10:53:53-05:00[America/New_York],2021-02-07T10:54:16-05:00[America/New_York],Yes,2021-02-07,39233,Sunday
1807,<A>,71,2021-02-07T10:54:16-05:00[America/New_York],2021-02-07T10:55:27-05:00[America/New_York],NA,2021-02-07,39256,Sunday
1807,B,14,2021-02-07T10:55:27-05:00[America/New_York],2021-02-07T10:55:41-05:00[America/New_York],Yes,2021-02-07,39327,Sunday
1807,C,25,2021-02-07T10:55:41-05:00[America/New_York],2021-02-07T10:56:06-05:00[America/New_York],Yes,2021-02-07,39341,Sunday
1807,<A>,82,2021-02-07T10:56:06-05:00[America/New_York],2021-02-07T10:57:28-05:00[America/New_York],NA,2021-02-07,39366,Sunday
1807,B,27,2021-02-07T10:57:28-05:00[America/New_York],2021-02-07T10:57:55-05:00[America/New_York],NA,2021-02-07,39448,Sunday
1807,C,20,2021-02-07T10:57:55-05:00[America/New_York],2021-02-07T10:58:15-05:00[America/New_York],Yes,2021-02-07,39475,Sunday
1807,<A>,73,2021-02-07T10:58:15-05:00[America/New_York],2021-02-07T10:59:28-05:00[America/New_York],NA,2021-02-07,39495,Sunday
1807,B,18,2021-02-07T10:59:28-05:00[America/New_York],2021-02-07T10:59:46-05:00[America/New_York],Yes,2021-02-07,39568,Sunday
1807,C,31,2021-02-07T10:59:46-05:00[America/New_York],2021-02-07T11:00:17-05:00[America/New_York],Yes,2021-02-07,39586,Sunday
1807,<A>,66,2021-02-07T11:00:17-05:00[America/New_York],2021-02-07T11:01:23-05:00[America/New_York],NA,2021-02-07,39617,Sunday
1807,B,9,2021-02-07T11:01:23-05:00[America/New_York],2021-02-07T11:01:32-05:00[America/New_York],Yes,2021-02-07,39683,Sunday
1807,C,35,2021-02-07T11:01:32-05:00[America/New_York],2021-02-07T11:02:07-05:00[America/New_York],Yes,2021-02-07,39692,Sunday
1807,<A>,67,2021-02-07T11:02:07-05:00[America/New_York],2021-02-07T11:03:14-05:00[America/New_York],NA,2021-02-07,39727,Sunday
1807,B,15,2021-02-07T11:03:14-05:00[America/New_York],2021-02-07T11:03:29-05:00[America/New_York],Yes,2021-02-07,39794,Sunday
1807,C,25,2021-02-07T11:03:29-05:00[America/New_York],2021-02-07T11:03:54-05:00[America/New_York],Yes,2021-02-07,39809,Sunday
1807,<A>,70,2021-02-07T11:03:54-05:00[America/New_York],2021-02-07T11:05:04-05:00[America/New_York],NA,2021-02-07,39834,Sunday
1807,B,20,2021-02-07T11:05:04-05:00[America/New_York],2021-02-07T11:05:24-05:00[America/New_York],NA,2021-02-07,39904,Sunday
1807,C,28,2021-02-07T11:05:24-05:00[America/New_York],2021-02-07T11:05:52-05:00[America/New_York],Yes,2021-02-07,39924,Sunday
1807,<A>,62,2021-02-07T11:05:52-05:00[America/New_York],2021-02-07T11:06:54-05:00[America/New_York],NA,2021-02-07,39952,Sunday
1807,B,19,2021-02-07T11:06:54-05:00[America/New_York],2021-02-07T11:07:13-05:00[America/New_York],NA,2021-02-07,40014,Sunday
1807,C,31,2021-02-07T11:07:13-05:00[America/New_York],2021-02-07T11:07:44-05:00[America/New_York],NA,2021-02-07,40033,Sunday
1807,<A>,59,2021-02-07T11:07:44-05:00[America/New_York],2021-02-07T11:08:43-05:00[America/New_York],NA,2021-02-07,40064,Sunday
1807,B,14,2021-02-07T11:08:43-05:00[America/New_York],2021-02-07T11:08:57-05:00[America/New_York],Yes,2021-02-07,40123,Sunday
1807,C,34,2021-02-07T11:08:57-05:00[America/New_York],2021-02-07T11:09:31-05:00[America/New_York],NA,2021-02-07,40137,Sunday
1807,<A>,61,2021-02-07T11:09:31-05:00[America/New_York],2021-02-07T11:10:32-05:00[America/New_York],NA,2021-02-07,40171,Sunday
1807,B,18,2021-02-07T11:10:32-05:00[America/New_York],2021-02-07T11:10:50-05:00[America/New_York],Yes,2021-02-07,40232,Sunday
1807,C,20,2021-02-07T11:10:50-05:00[America/New_York],2021-02-07T11:11:10-05:00[America/New_York],Yes,2021-02-07,40250,Sunday
1807,<A>,71,2021-02-07T11:11:10-05:00[America/New_York],2021-02-07T11:12:21-05:00[America/New_York],NA,2021-02-07,40270,Sunday
1807,B,19,2021-02-07T11:12:21-05:00[America/New_York],2021-02-07T11:12:40-05:00[America/New_York],NA,2021-02-07,40341,Sunday
1807,C,27,2021-02-07T11:12:40-05:00[America/New_York],2021-02-07T11:13:07-05:00[America/New_York],Yes,2021-02-07,40360,Sunday
1807,<A>,80,2021-02-07T11:13:07-05:00[America/New_York],2021-02-07T11:14:27-05:00[America/New_York],NA,2021-02-07,40387,Sunday
1807,B,26,2021-02-07T11:14:27-05:00[America/New_York],2021-02-07T11:14:53-05:00[America/New_York],Yes,2021-02-07,40467,Sunday
1807,C,46,2021-02-07T11:14:53-05:00[America/New_York],2021-02-07T11:15:39-05:00[America/New_York],NA,2021-02-07,40493,Sunday
1807,<A>,45,2021-02-07T11:15:39-05:00[America/New_York],2021-02-07T11:16:24-05:00[America/New_York],NA,2021-02-07,40539,Sunday
1807,B,11,2021-02-07T11:16:24-05:00[America/New_York],2021-02-07T11:16:35-05:00[America/New_York],NA,2021-02-07,40584,Sunday
1807,C,24,2021-02-07T11:16:35-05:00[America/New_York],2021-02-07T11:16:59-05:00[America/New_York],NA,2021-02-07,40595,Sunday
1807,<A>,52,2021-02-07T11:16:59-05:00[America/New_York],2021-02-07T11:17:51-05:00[America/New_York],NA,2021-02-07,40619,Sunday
1807,C,29,2021-02-07T11:17:51-05:00[America/New_York],2021-02-07T11:18:20-05:00[America/New_York],Yes,2021-02-07,40671,Sunday
1807,<A>,73,2021-02-07T11:18:20-05:00[America/New_York],2021-02-07T11:19:33-05:00[America/New_York],NA,2021-02-07,40700,Sunday
1807,B,20,2021-02-07T11:19:33-05:00[America/New_York],2021-02-07T11:19:53-05:00[America/New_York],NA,2021-02-07,40773,Sunday
1807,C,27,2021-02-07T11:19:53-05:00[America/New_York],2021-02-07T11:20:20-05:00[America/New_York],NA,2021-02-07,40793,Sunday
1807,<A>,60,2021-02-07T11:20:20-05:00[America/New_York],2021-02-07T11:21:20-05:00[America/New_York],NA,2021-02-07,40820,Sunday
1807,B,18,2021-02-07T11:21:20-05:00[America/New_York],2021-02-07T11:21:38-05:00[America/New_York],NA,2021-02-07,40880,Sunday
1807,C,26,2021-02-07T11:21:38-05:00[America/New_York],2021-02-07T11:22:04-05:00[America/New_York],Yes,2021-02-07,40898,Sunday
1807,<A>,64,2021-02-07T11:22:04-05:00[America/New_York],2021-02-07T11:23:08-05:00[America/New_York],NA,2021-02-07,40924,Sunday
1807,B,14,2021-02-07T11:23:08-05:00[America/New_York],2021-02-07T11:23:22-05:00[America/New_York],Yes,2021-02-07,40988,Sunday
1807,C,25,2021-02-07T11:23:22-05:00[America/New_York],2021-02-07T11:23:47-05:00[America/New_York],NA,2021-02-07,41002,Sunday
1807,<A>,50,2021-02-07T11:23:47-05:00[America/New_York],2021-02-07T11:24:37-05:00[America/New_York],NA,2021-02-07,41027,Sunday
1807,B,13,2021-02-07T11:24:37-05:00[America/New_York],2021-02-07T11:24:50-05:00[America/New_York],Yes,2021-02-07,41077,Sunday
1807,C,27,2021-02-07T11:24:50-05:00[America/New_York],2021-02-07T11:25:17-05:00[America/New_York],NA,2021-02-07,41090,Sunday
1807,<A>,61,2021-02-07T11:25:17-05:00[America/New_York],2021-02-07T11:26:18-05:00[America/New_York],NA,2021-02-07,41117,Sunday
1807,C,22,2021-02-07T11:26:18-05:00[America/New_York],2021-02-07T11:26:40-05:00[America/New_York],Yes,2021-02-07,41178,Sunday
1807,<A>,85,2021-02-07T11:26:40-05:00[America/New_York],2021-02-07T11:28:05-05:00[America/New_York],NA,2021-02-07,41200,Sunday
1807,B,21,2021-02-07T11:28:05-05:00[America/New_York],2021-02-07T11:28:26-05:00[America/New_York],NA,2021-02-07,41285,Sunday
1807,C,19,2021-02-07T11:28:26-05:00[America/New_York],2021-02-07T11:28:45-05:00[America/New_York],Yes,2021-02-07,41306,Sunday
1807,<A>,62,2021-02-07T11:28:45-05:00[America/New_York],2021-02-07T11:29:47-05:00[America/New_York],NA,2021-02-07,41325,Sunday
1807,B,18,2021-02-07T11:29:47-05:00[America/New_York],2021-02-07T11:30:05-05:00[America/New_York],NA,2021-02-07,41387,Sunday
1807,C,26,2021-02-07T11:30:05-05:00[America/New_York],2021-02-07T11:30:31-05:00[America/New_York],NA,2021-02-07,41405,Sunday
1807,<A>,60,2021-02-07T11:30:31-05:00[America/New_York],2021-02-07T11:31:31-05:00[America/New_York],NA,2021-02-07,41431,Sunday
1807,B,15,2021-02-07T11:31:31-05:00[America/New_York],2021-02-07T11:31:46-05:00[America/New_York],Yes,2021-02-07,41491,Sunday
1807,C,16,2021-02-07T11:31:46-05:00[America/New_York],2021-02-07T11:32:02-05:00[America/New_York],Yes,2021-02-07,41506,Sunday
1807,<A>,66,2021-02-07T11:32:02-05:00[America/New_York],2021-02-07T11:33:08-05:00[America/New_York],NA,2021-02-07,41522,Sunday
1807,B,19,2021-02-07T11:33:08-05:00[America/New_York],2021-02-07T11:33:27-05:00[America/New_York],Yes,2021-02-07,41588,Sunday
1807,C,24,2021-02-07T11:33:27-05:00[America/New_York],2021-02-07T11:33:51-05:00[America/New_York],Yes,2021-02-07,41607,Sunday
1807,<A>,55,2021-02-07T11:33:51-05:00[America/New_York],2021-02-07T11:34:46-05:00[America/New_York],NA,2021-02-07,41631,Sunday
1807,B,13,2021-02-07T11:34:46-05:00[America/New_York],2021-02-07T11:34:59-05:00[America/New_York],Yes,2021-02-07,41686,Sunday
1807,C,23,2021-02-07T11:34:59-05:00[America/New_York],2021-02-07T11:35:22-05:00[America/New_York],Yes,2021-02-07,41699,Sunday
1807,<A>,60,2021-02-07T11:35:22-05:00[America/New_York],2021-02-07T11:36:22-05:00[America/New_York],Yes,2021-02-07,41722,Sunday
1807,B,15,2021-02-07T11:36:22-05:00[America/New_York],2021-02-07T11:36:37-05:00[America/New_York],Yes,2021-02-07,41782,Sunday
1807,C,21,2021-02-07T11:36:37-05:00[America/New_York],2021-02-07T11:36:58-05:00[America/New_York],Yes,2021-02-07,41797,Sunday
1807,<A>,58,2021-02-07T11:36:58-05:00[America/New_York],2021-02-07T11:37:56-05:00[America/New_York],Yes,2021-02-07,41818,Sunday
1807,B,17,2021-02-07T11:37:56-05:00[America/New_York],2021-02-07T11:38:13-05:00[America/New_York],Yes,2021-02-07,41876,Sunday
1807,C,18,2021-02-07T11:38:13-05:00[America/New_York],2021-02-07T11:38:31-05:00[America/New_York],Yes,2021-02-07,41893,Sunday
1807,<A>,65,2021-02-07T11:38:31-05:00[America/New_York],2021-02-07T11:39:36-05:00[America/New_York],NA,2021-02-07,41911,Sunday
1807,B,21,2021-02-07T11:39:36-05:00[America/New_York],2021-02-07T11:39:57-05:00[America/New_York],NA,2021-02-07,41976,Sunday
1807,C,16,2021-02-07T11:39:57-05:00[America/New_York],2021-02-07T11:40:13-05:00[America/New_York],Yes,2021-02-07,41997,Sunday
1807,<A>,60,2021-02-07T11:40:13-05:00[America/New_York],2021-02-07T11:41:13-05:00[America/New_York],Yes,2021-02-07,42013,Sunday
1807,B,17,2021-02-07T11:41:13-05:00[America/New_York],2021-02-07T11:41:30-05:00[America/New_York],NA,2021-02-07,42073,Sunday
1807,C,17,2021-02-07T11:41:30-05:00[America/New_York],2021-02-07T11:41:47-05:00[America/New_York],Yes,2021-02-07,42090,Sunday
1807,<A>,66,2021-02-07T11:41:47-05:00[America/New_York],2021-02-07T11:42:53-05:00[America/New_York],NA,2021-02-07,42107,Sunday
1807,B,18,2021-02-07T11:42:53-05:00[America/New_York],2021-02-07T11:43:11-05:00[America/New_York],NA,2021-02-07,42173,Sunday
1807,C,15,2021-02-07T11:43:11-05:00[America/New_York],2021-02-07T11:43:26-05:00[America/New_York],Yes,2021-02-07,42191,Sunday
1807,<A>,50,2021-02-07T11:43:26-05:00[America/New_York],2021-02-07T11:44:16-05:00[America/New_York],Yes,2021-02-07,42206,Sunday
1807,B,12,2021-02-07T11:44:16-05:00[America/New_York],2021-02-07T11:44:28-05:00[America/New_York],Yes,2021-02-07,42256,Sunday
1807,C,24,2021-02-07T11:44:28-05:00[America/New_York],2021-02-07T11:44:52-05:00[America/New_York],Yes,2021-02-07,42268,Sunday
1807,<A>,58,2021-02-07T11:44:52-05:00[America/New_York],2021-02-07T11:45:50-05:00[America/New_York],Yes,2021-02-07,42292,Sunday
1807,B,12,2021-02-07T11:45:50-05:00[America/New_York],2021-02-07T11:46:02-05:00[America/New_York],Yes,2021-02-07,42350,Sunday
1807,C,16,2021-02-07T11:46:02-05:00[America/New_York],2021-02-07T11:46:18-05:00[America/New_York],Yes,2021-02-07,42362,Sunday
1807,<A>,59,2021-02-07T11:46:18-05:00[America/New_York],2021-02-07T11:47:17-05:00[America/New_York],Yes,2021-02-07,42378,Sunday
1807,B,15,2021-02-07T11:47:17-05:00[America/New_York],2021-02-07T11:47:32-05:00[America/New_York],Yes,2021-02-07,42437,Sunday
1807,C,22,2021-02-07T11:47:32-05:00[America/New_York],2021-02-07T11:47:54-05:00[America/New_York],Yes,2021-02-07,42452,Sunday
1807,<A>,63,2021-02-07T11:47:54-05:00[America/New_York],2021-02-07T11:48:57-05:00[America/New_York],NA,2021-02-07,42474,Sunday
1807,B,10,2021-02-07T11:48:57-05:00[America/New_York],2021-02-07T11:49:07-05:00[America/New_York],Yes,2021-02-07,42537,Sunday
1807,C,26,2021-02-07T11:49:07-05:00[America/New_York],2021-02-07T11:49:33-05:00[America/New_York],Yes,2021-02-07,42547,Sunday
1807,<A>,63,2021-02-07T11:49:33-05:00[America/New_York],2021-02-07T11:50:36-05:00[America/New_York],NA,2021-02-07,42573,Sunday
1807,B,19,2021-02-07T11:50:36-05:00[America/New_York],2021-02-07T11:50:55-05:00[America/New_York],Yes,2021-02-07,42636,Sunday
1807,C,16,2021-02-07T11:50:55-05:00[America/New_York],2021-02-07T11:51:11-05:00[America/New_York],Yes,2021-02-07,42655,Sunday
1807,<A>,57,2021-02-07T11:51:11-05:00[America/New_York],2021-02-07T11:52:08-05:00[America/New_York],Yes,2021-02-07,42671,Sunday
1807,B,22,2021-02-07T11:52:08-05:00[America/New_York],2021-02-07T11:52:30-05:00[America/New_York],Yes,2021-02-07,42728,Sunday
1807,C,25,2021-02-07T11:52:30-05:00[America/New_York],2021-02-07T11:52:55-05:00[America/New_York],Yes,2021-02-07,42750,Sunday
1807,<A>,53,2021-02-07T11:52:55-05:00[America/New_York],2021-02-07T11:53:48-05:00[America/New_York],NA,2021-02-07,42775,Sunday
1807,C,19,2021-02-07T11:53:48-05:00[America/New_York],2021-02-07T11:54:07-05:00[America/New_York],Yes,2021-02-07,42828,Sunday
1807,<A>,69,2021-02-07T11:54:07-05:00[America/New_York],2021-02-07T11:55:16-05:00[America/New_York],Yes,2021-02-07,42847,Sunday
1807,B,14,2021-02-07T11:55:16-05:00[America/New_York],2021-02-07T11:55:30-05:00[America/New_York],Yes,2021-02-07,42916,Sunday
1807,C,19,2021-02-07T11:55:30-05:00[America/New_York],2021-02-07T11:55:49-05:00[America/New_York],Yes,2021-02-07,42930,Sunday
1807,<A>,61,2021-02-07T11:55:49-05:00[America/New_York],2021-02-07T11:56:50-05:00[America/New_York],Yes,2021-02-07,42949,Sunday
1807,C,21,2021-02-07T11:56:50-05:00[America/New_York],2021-02-07T11:57:11-05:00[America/New_York],Yes,2021-02-07,43010,Sunday
1807,<A>,73,2021-02-07T11:57:11-05:00[America/New_York],2021-02-07T11:58:24-05:00[America/New_York],Yes,2021-02-07,43031,Sunday
1807,B,22,2021-02-07T11:58:24-05:00[America/New_York],2021-02-07T11:58:46-05:00[America/New_York],NA,2021-02-07,43104,Sunday
1807,C,20,2021-02-07T11:58:46-05:00[America/New_York],2021-02-07T11:59:06-05:00[America/New_York],NA,2021-02-07,43126,Sunday
1807,<A>,61,2021-02-07T11:59:06-05:00[America/New_York],2021-02-07T12:00:07-05:00[America/New_York],NA,2021-02-07,43146,Sunday
1807,B,11,2021-02-07T12:00:07-05:00[America/New_York],2021-02-07T12:00:18-05:00[America/New_York],Yes,2021-02-07,43207,Sunday
1807,C,28,2021-02-07T12:00:18-05:00[America/New_York],2021-02-07T12:00:46-05:00[America/New_York],NA,2021-02-07,43218,Sunday
1807,<A>,64,2021-02-07T12:00:46-05:00[America/New_York],2021-02-07T12:01:50-05:00[America/New_York],NA,2021-02-07,43246,Sunday
1807,B,16,2021-02-07T12:01:50-05:00[America/New_York],2021-02-07T12:02:06-05:00[America/New_York],NA,2021-02-07,43310,Sunday
1807,C,17,2021-02-07T12:02:06-05:00[America/New_York],2021-02-07T12:02:23-05:00[America/New_York],NA,2021-02-07,43326,Sunday
1807,<A>,67,2021-02-07T12:02:23-05:00[America/New_York],2021-02-07T12:03:30-05:00[America/New_York],NA,2021-02-07,43343,Sunday
1807,B,16,2021-02-07T12:03:30-05:00[America/New_York],2021-02-07T12:03:46-05:00[America/New_York],NA,2021-02-07,43410,Sunday
1807,C,18,2021-02-07T12:03:46-05:00[America/New_York],2021-02-07T12:04:04-05:00[America/New_York],NA,2021-02-07,43426,Sunday
1807,<A>,63,2021-02-07T12:04:04-05:00[America/New_York],2021-02-07T12:05:07-05:00[America/New_York],NA,2021-02-07,43444,Sunday
1807,B,19,2021-02-07T12:05:07-05:00[America/New_York],2021-02-07T12:05:26-05:00[America/New_York],NA,2021-02-07,43507,Sunday
1807,C,20,2021-02-07T12:05:26-05:00[America/New_York],2021-02-07T12:05:46-05:00[America/New_York],NA,2021-02-07,43526,Sunday
1807,<A>,55,2021-02-07T12:05:46-05:00[America/New_York],2021-02-07T12:06:41-05:00[America/New_York],NA,2021-02-07,43546,Sunday
1807,C,22,2021-02-07T12:06:41-05:00[America/New_York],2021-02-07T12:07:03-05:00[America/New_York],Yes,2021-02-07,43601,Sunday
1807,<A>,57,2021-02-07T12:07:03-05:00[America/New_York],2021-02-07T12:08:00-05:00[America/New_York],Yes,2021-02-07,43623,Sunday
1807,B,11,2021-02-07T12:08:00-05:00[America/New_York],2021-02-07T12:08:11-05:00[America/New_York],Yes,2021-02-07,43680,Sunday
1807,C,15,2021-02-07T12:08:11-05:00[America/New_York],2021-02-07T12:08:26-05:00[America/New_York],Yes,2021-02-07,43691,Sunday
1807,<A>,74,2021-02-07T12:08:26-05:00[America/New_York],2021-02-07T12:09:40-05:00[America/New_York],NA,2021-02-07,43706,Sunday
1807,B,25,2021-02-07T12:09:40-05:00[America/New_York],2021-02-07T12:10:05-05:00[America/New_York],Yes,2021-02-07,43780,Sunday
1807,C,21,2021-02-07T12:10:05-05:00[America/New_York],2021-02-07T12:10:26-05:00[America/New_York],Yes,2021-02-07,43805,Sunday
1807,<A>,60,2021-02-07T12:10:26-05:00[America/New_York],2021-02-07T12:11:26-05:00[America/New_York],NA,2021-02-07,43826,Sunday
1807,B,14,2021-02-07T12:11:26-05:00[America/New_York],2021-02-07T12:11:40-05:00[America/New_York],Yes,2021-02-07,43886,Sunday
1807,C,22,2021-02-07T12:11:40-05:00[America/New_York],2021-02-07T12:12:02-05:00[America/New_York],Yes,2021-02-07,43900,Sunday
1807,<A>,58,2021-02-07T12:12:02-05:00[America/New_York],2021-02-07T12:13:00-05:00[America/New_York],Yes,2021-02-07,43922,Sunday
1807,C,46,2021-02-07T12:13:00-05:00[America/New_York],2021-02-07T12:13:46-05:00[America/New_York],Yes,2021-02-07,43980,Sunday
1807,<A>,67,2021-02-07T12:13:46-05:00[America/New_York],2021-02-07T12:14:53-05:00[America/New_York],NA,2021-02-07,44026,Sunday
1807,B,15,2021-02-07T12:14:53-05:00[America/New_York],2021-02-07T12:15:08-05:00[America/New_York],Yes,2021-02-07,44093,Sunday
1807,C,30,2021-02-07T12:15:08-05:00[America/New_York],2021-02-07T12:15:38-05:00[America/New_York],NA,2021-02-07,44108,Sunday
1807,<A>,55,2021-02-07T12:15:38-05:00[America/New_York],2021-02-07T12:16:33-05:00[America/New_York],Yes,2021-02-07,44138,Sunday
1807,C,28,2021-02-07T12:16:33-05:00[America/New_York],2021-02-07T12:17:01-05:00[America/New_York],Yes,2021-02-07,44193,Sunday
1807,<A>,73,2021-02-07T12:17:01-05:00[America/New_York],2021-02-07T12:18:14-05:00[America/New_York],NA,2021-02-07,44221,Sunday
1807,B,12,2021-02-07T12:18:14-05:00[America/New_York],2021-02-07T12:18:26-05:00[America/New_York],Yes,2021-02-07,44294,Sunday
1807,C,22,2021-02-07T12:18:26-05:00[America/New_York],2021-02-07T12:18:48-05:00[America/New_York],Yes,2021-02-07,44306,Sunday
1807,<A>,72,2021-02-07T12:18:48-05:00[America/New_York],2021-02-07T12:20:00-05:00[America/New_York],NA,2021-02-07,44328,Sunday
1807,B,21,2021-02-07T12:20:00-05:00[America/New_York],2021-02-07T12:20:21-05:00[America/New_York],NA,2021-02-07,44400,Sunday
1807,C,16,2021-02-07T12:20:21-05:00[America/New_York],2021-02-07T12:20:37-05:00[America/New_York],Yes,2021-02-07,44421,Sunday
1807,<A>,83,2021-02-07T12:20:37-05:00[America/New_York],2021-02-07T12:22:00-05:00[America/New_York],NA,2021-02-07,44437,Sunday
1807,C,16,2021-02-07T12:22:00-05:00[America/New_York],2021-02-07T12:22:16-05:00[America/New_York],NA,2021-02-07,44520,Sunday
1807,<A>,42,2021-02-07T12:22:16-05:00[America/New_York],2021-02-07T12:22:58-05:00[America/New_York],NA,2021-02-07,44536,Sunday
1807,B,15,2021-02-07T12:22:58-05:00[America/New_York],2021-02-07T12:23:13-05:00[America/New_York],Yes,2021-02-07,44578,Sunday
1807,C,23,2021-02-07T12:23:13-05:00[America/New_York],2021-02-07T12:23:36-05:00[America/New_York],NA,2021-02-07,44593,Sunday
1807,<A>,55,2021-02-07T12:23:36-05:00[America/New_York],2021-02-07T12:24:31-05:00[America/New_York],NA,2021-02-07,44616,Sunday
1807,C,28,2021-02-07T12:24:31-05:00[America/New_York],2021-02-07T12:24:59-05:00[America/New_York],Yes,2021-02-07,44671,Sunday
1807,<A>,80,2021-02-07T12:24:59-05:00[America/New_York],2021-02-07T12:26:19-05:00[America/New_York],NA,2021-02-07,44699,Sunday
1807,B,20,2021-02-07T12:26:19-05:00[America/New_York],2021-02-07T12:26:39-05:00[America/New_York],NA,2021-02-07,44779,Sunday
1807,C,26,2021-02-07T12:26:39-05:00[America/New_York],2021-02-07T12:27:05-05:00[America/New_York],NA,2021-02-07,44799,Sunday
1807,<A>,86,2021-02-07T12:27:05-05:00[America/New_York],2021-02-07T12:28:31-05:00[America/New_York],NA,2021-02-07,44825,Sunday
1807,B,10,2021-02-07T12:28:31-05:00[America/New_York],2021-02-07T12:28:41-05:00[America/New_York],NA,2021-02-07,44911,Sunday
1807,C,16,2021-02-07T12:28:41-05:00[America/New_York],2021-02-07T12:28:57-05:00[America/New_York],NA,2021-02-07,44921,Sunday
1807,<A>,58,2021-02-07T12:28:57-05:00[America/New_York],2021-02-07T12:29:55-05:00[America/New_York],NA,2021-02-07,44937,Sunday
1807,C,19,2021-02-07T12:29:55-05:00[America/New_York],2021-02-07T12:30:14-05:00[America/New_York],Yes,2021-02-07,44995,Sunday
1807,<A>,50,2021-02-07T12:30:14-05:00[America/New_York],2021-02-07T12:31:04-05:00[America/New_York],NA,2021-02-07,45014,Sunday
1807,B,14,2021-02-07T12:31:04-05:00[America/New_York],2021-02-07T12:31:18-05:00[America/New_York],Yes,2021-02-07,45064,Sunday
1807,C,25,2021-02-07T12:31:18-05:00[America/New_York],2021-02-07T12:31:43-05:00[America/New_York],NA,2021-02-07,45078,Sunday
1807,<A>,61,2021-02-07T12:31:43-05:00[America/New_York],2021-02-07T12:32:44-05:00[America/New_York],NA,2021-02-07,45103,Sunday
1807,B,15,2021-02-07T12:32:44-05:00[America/New_York],2021-02-07T12:32:59-05:00[America/New_York],Yes,2021-02-07,45164,Sunday
1807,C,18,2021-02-07T12:32:59-05:00[America/New_York],2021-02-07T12:33:17-05:00[America/New_York],Yes,2021-02-07,45179,Sunday
1807,<A>,71,2021-02-07T12:33:17-05:00[America/New_York],2021-02-07T12:34:28-05:00[America/New_York],NA,2021-02-07,45197,Sunday
1807,B,18,2021-02-07T12:34:28-05:00[America/New_York],2021-02-07T12:34:46-05:00[America/New_York],Yes,2021-02-07,45268,Sunday
1807,C,22,2021-02-07T12:34:46-05:00[America/New_York],2021-02-07T12:35:08-05:00[America/New_York],Yes,2021-02-07,45286,Sunday
1807,<A>,63,2021-02-07T12:35:08-05:00[America/New_York],2021-02-07T12:36:11-05:00[America/New_York],NA,2021-02-07,45308,Sunday
1807,B,13,2021-02-07T12:36:11-05:00[America/New_York],2021-02-07T12:36:24-05:00[America/New_York],Yes,2021-02-07,45371,Sunday
1807,C,15,2021-02-07T12:36:24-05:00[America/New_York],2021-02-07T12:36:39-05:00[America/New_York],Yes,2021-02-07,45384,Sunday
1807,<A>,77,2021-02-07T12:36:39-05:00[America/New_York],2021-02-07T12:37:56-05:00[America/New_York],NA,2021-02-07,45399,Sunday
1807,B,19,2021-02-07T12:37:56-05:00[America/New_York],2021-02-07T12:38:15-05:00[America/New_York],NA,2021-02-07,45476,Sunday
1807,C,29,2021-02-07T12:38:15-05:00[America/New_York],2021-02-07T12:38:44-05:00[America/New_York],NA,2021-02-07,45495,Sunday
1807,<A>,54,2021-02-07T12:38:44-05:00[America/New_York],2021-02-07T12:39:38-05:00[America/New_York],NA,2021-02-07,45524,Sunday
1807,B,17,2021-02-07T12:39:38-05:00[America/New_York],2021-02-07T12:39:55-05:00[America/New_York],Yes,2021-02-07,45578,Sunday
1807,C,27,2021-02-07T12:39:55-05:00[America/New_York],2021-02-07T12:40:22-05:00[America/New_York],NA,2021-02-07,45595,Sunday
1807,<A>,58,2021-02-07T12:40:22-05:00[America/New_York],2021-02-07T12:41:20-05:00[America/New_York],NA,2021-02-07,45622,Sunday
1807,B,13,2021-02-07T12:41:20-05:00[America/New_York],2021-02-07T12:41:33-05:00[America/New_York],Yes,2021-02-07,45680,Sunday
1807,C,27,2021-02-07T12:41:33-05:00[America/New_York],2021-02-07T12:42:00-05:00[America/New_York],NA,2021-02-07,45693,Sunday
1807,<A>,68,2021-02-07T12:42:00-05:00[America/New_York],2021-02-07T12:43:08-05:00[America/New_York],NA,2021-02-07,45720,Sunday
1807,B,18,2021-02-07T12:43:08-05:00[America/New_York],2021-02-07T12:43:26-05:00[America/New_York],NA,2021-02-07,45788,Sunday
1807,C,20,2021-02-07T12:43:26-05:00[America/New_York],2021-02-07T12:43:46-05:00[America/New_York],Yes,2021-02-07,45806,Sunday
1807,<A>,77,2021-02-07T12:43:46-05:00[America/New_York],2021-02-07T12:45:03-05:00[America/New_York],NA,2021-02-07,45826,Sunday
1807,C,24,2021-02-07T12:45:03-05:00[America/New_York],2021-02-07T12:45:27-05:00[America/New_York],Yes,2021-02-07,45903,Sunday
1807,<A>,96,2021-02-07T12:45:27-05:00[America/New_York],2021-02-07T12:47:03-05:00[America/New_York],NA,2021-02-07,45927,Sunday
1807,B,18,2021-02-07T12:47:03-05:00[America/New_York],2021-02-07T12:47:21-05:00[America/New_York],NA,2021-02-07,46023,Sunday
1807,C,22,2021-02-07T12:47:21-05:00[America/New_York],2021-02-07T12:47:43-05:00[America/New_York],Yes,2021-02-07,46041,Sunday
1807,<A>,72,2021-02-07T12:47:43-05:00[America/New_York],2021-02-07T12:48:55-05:00[America/New_York],NA,2021-02-07,46063,Sunday
1807,B,12,2021-02-07T12:48:55-05:00[America/New_York],2021-02-07T12:49:07-05:00[America/New_York],Yes,2021-02-07,46135,Sunday
1807,C,30,2021-02-07T12:49:07-05:00[America/New_York],2021-02-07T12:49:37-05:00[America/New_York],Yes,2021-02-07,46147,Sunday
1807,<A>,65,2021-02-07T12:49:37-05:00[America/New_York],2021-02-07T12:50:42-05:00[America/New_York],NA,2021-02-07,46177,Sunday
1807,B,17,2021-02-07T12:50:42-05:00[America/New_York],2021-02-07T12:50:59-05:00[America/New_York],NA,2021-02-07,46242,Sunday
1807,C,46,2021-02-07T12:50:59-05:00[America/New_York],2021-02-07T12:51:45-05:00[America/New_York],NA,2021-02-07,46259,Sunday
1807,<A>,65,2021-02-07T12:51:45-05:00[America/New_York],2021-02-07T12:52:50-05:00[America/New_York],Yes,2021-02-07,46305,Sunday
1807,B,14,2021-02-07T12:52:50-05:00[America/New_York],2021-02-07T12:53:04-05:00[America/New_York],Yes,2021-02-07,46370,Sunday
1807,C,46,2021-02-07T12:53:04-05:00[America/New_York],2021-02-07T12:53:50-05:00[America/New_York],NA,2021-02-07,46384,Sunday
1807,<A>,55,2021-02-07T12:53:50-05:00[America/New_York],2021-02-07T12:54:45-05:00[America/New_York],NA,2021-02-07,46430,Sunday
1807,B,14,2021-02-07T12:54:45-05:00[America/New_York],2021-02-07T12:54:59-05:00[America/New_York],Yes,2021-02-07,46485,Sunday
1807,C,25,2021-02-07T12:54:59-05:00[America/New_York],2021-02-07T12:55:24-05:00[America/New_York],Yes,2021-02-07,46499,Sunday
1807,<A>,61,2021-02-07T12:55:24-05:00[America/New_York],2021-02-07T12:56:25-05:00[America/New_York],NA,2021-02-07,46524,Sunday
1807,B,13,2021-02-07T12:56:25-05:00[America/New_York],2021-02-07T12:56:38-05:00[America/New_York],Yes,2021-02-07,46585,Sunday
1807,C,16,2021-02-07T12:56:38-05:00[America/New_York],2021-02-07T12:56:54-05:00[America/New_York],Yes,2021-02-07,46598,Sunday
1807,<A>,55,2021-02-07T12:56:54-05:00[America/New_York],2021-02-07T12:57:49-05:00[America/New_York],Yes,2021-02-07,46614,Sunday
1807,B,16,2021-02-07T12:57:49-05:00[America/New_York],2021-02-07T12:58:05-05:00[America/New_York],Yes,2021-02-07,46669,Sunday
1807,C,19,2021-02-07T12:58:05-05:00[America/New_York],2021-02-07T12:58:24-05:00[America/New_York],Yes,2021-02-07,46685,Sunday
1807,<A>,65,2021-02-07T12:58:24-05:00[America/New_York],2021-02-07T12:59:29-05:00[America/New_York],NA,2021-02-07,46704,Sunday
1807,C,15,2021-02-07T12:59:29-05:00[America/New_York],2021-02-07T12:59:44-05:00[America/New_York],Yes,2021-02-07,46769,Sunday
1807,<A>,46,2021-02-07T12:59:44-05:00[America/New_York],2021-02-07T13:00:30-05:00[America/New_York],Yes,2021-02-07,46784,Sunday
1807,B,16,2021-02-07T13:00:30-05:00[America/New_York],2021-02-07T13:00:46-05:00[America/New_York],Yes,2021-02-07,46830,Sunday
1807,C,18,2021-02-07T13:00:46-05:00[America/New_York],2021-02-07T13:01:04-05:00[America/New_York],Yes,2021-02-07,46846,Sunday
1807,<A>,85,2021-02-07T13:01:04-05:00[America/New_York],2021-02-07T13:02:29-05:00[America/New_York],NA,2021-02-07,46864,Sunday
1807,B,16,2021-02-07T13:02:29-05:00[America/New_York],2021-02-07T13:02:45-05:00[America/New_York],Yes,2021-02-07,46949,Sunday
1807,C,20,2021-02-07T13:02:45-05:00[America/New_York],2021-02-07T13:03:05-05:00[America/New_York],Yes,2021-02-07,46965,Sunday
1807,<A>,58,2021-02-07T13:03:05-05:00[America/New_York],2021-02-07T13:04:03-05:00[America/New_York],Yes,2021-02-07,46985,Sunday
1807,C,25,2021-02-07T13:04:03-05:00[America/New_York],2021-02-07T13:04:28-05:00[America/New_York],Yes,2021-02-07,47043,Sunday
1807,<A>,71,2021-02-07T13:04:28-05:00[America/New_York],2021-02-07T13:05:39-05:00[America/New_York],Yes,2021-02-07,47068,Sunday
1807,B,15,2021-02-07T13:05:39-05:00[America/New_York],2021-02-07T13:05:54-05:00[America/New_York],Yes,2021-02-07,47139,Sunday
1807,C,27,2021-02-07T13:05:54-05:00[America/New_York],2021-02-07T13:06:21-05:00[America/New_York],NA,2021-02-07,47154,Sunday
1807,<A>,58,2021-02-07T13:06:21-05:00[America/New_York],2021-02-07T13:07:19-05:00[America/New_York],Yes,2021-02-07,47181,Sunday
1807,B,14,2021-02-07T13:07:19-05:00[America/New_York],2021-02-07T13:07:33-05:00[America/New_York],Yes,2021-02-07,47239,Sunday
1807,C,21,2021-02-07T13:07:33-05:00[America/New_York],2021-02-07T13:07:54-05:00[America/New_York],Yes,2021-02-07,47253,Sunday
1807,<A>,60,2021-02-07T13:07:54-05:00[America/New_York],2021-02-07T13:08:54-05:00[America/New_York],Yes,2021-02-07,47274,Sunday
1807,B,17,2021-02-07T13:08:54-05:00[America/New_York],2021-02-07T13:09:11-05:00[America/New_York],Yes,2021-02-07,47334,Sunday
1807,C,22,2021-02-07T13:09:11-05:00[America/New_York],2021-02-07T13:09:33-05:00[America/New_York],Yes,2021-02-07,47351,Sunday
1807,<A>,49,2021-02-07T13:09:33-05:00[America/New_York],2021-02-07T13:10:22-05:00[America/New_York],Yes,2021-02-07,47373,Sunday
1807,B,10,2021-02-07T13:10:22-05:00[America/New_York],2021-02-07T13:10:32-05:00[America/New_York],Yes,2021-02-07,47422,Sunday
1807,C,15,2021-02-07T13:10:32-05:00[America/New_York],2021-02-07T13:10:47-05:00[America/New_York],Yes,2021-02-07,47432,Sunday
1807,<A>,64,2021-02-07T13:10:47-05:00[America/New_York],2021-02-07T13:11:51-05:00[America/New_York],Yes,2021-02-07,47447,Sunday
1807,C,27,2021-02-07T13:11:51-05:00[America/New_York],2021-02-07T13:12:18-05:00[America/New_York],Yes,2021-02-07,47511,Sunday
1807,<A>,66,2021-02-07T13:12:18-05:00[America/New_York],2021-02-07T13:13:24-05:00[America/New_York],Yes,2021-02-07,47538,Sunday
1807,C,22,2021-02-07T13:13:24-05:00[America/New_York],2021-02-07T13:13:46-05:00[America/New_York],Yes,2021-02-07,47604,Sunday
1807,<A>,53,2021-02-07T13:13:46-05:00[America/New_York],2021-02-07T13:14:39-05:00[America/New_York],Yes,2021-02-07,47626,Sunday
1807,B,14,2021-02-07T13:14:39-05:00[America/New_York],2021-02-07T13:14:53-05:00[America/New_York],Yes,2021-02-07,47679,Sunday
1807,C,15,2021-02-07T13:14:53-05:00[America/New_York],2021-02-07T13:15:08-05:00[America/New_York],Yes,2021-02-07,47693,Sunday
1807,<A>,64,2021-02-07T13:15:08-05:00[America/New_York],2021-02-07T13:16:12-05:00[America/New_York],Yes,2021-02-07,47708,Sunday
1807,C,46,2021-02-07T13:16:12-05:00[America/New_York],2021-02-07T13:16:58-05:00[America/New_York],Yes,2021-02-07,47772,Sunday
1807,<A>,74,2021-02-07T13:16:58-05:00[America/New_York],2021-02-07T13:18:12-05:00[America/New_York],NA,2021-02-07,47818,Sunday
1807,B,16,2021-02-07T13:18:12-05:00[America/New_York],2021-02-07T13:18:28-05:00[America/New_York],NA,2021-02-07,47892,Sunday
1807,C,18,2021-02-07T13:18:28-05:00[America/New_York],2021-02-07T13:18:46-05:00[America/New_York],NA,2021-02-07,47908,Sunday
1807,<A>,65,2021-02-07T13:18:46-05:00[America/New_York],2021-02-07T13:19:51-05:00[America/New_York],NA,2021-02-07,47926,Sunday
1807,C,17,2021-02-07T13:19:51-05:00[America/New_York],2021-02-07T13:20:08-05:00[America/New_York],Yes,2021-02-07,47991,Sunday
1807,<A>,57,2021-02-07T13:20:08-05:00[America/New_York],2021-02-07T13:21:05-05:00[America/New_York],Yes,2021-02-07,48008,Sunday
1807,C,46,2021-02-07T13:21:05-05:00[America/New_York],2021-02-07T13:21:51-05:00[America/New_York],Yes,2021-02-07,48065,Sunday
1807,<A>,65,2021-02-07T13:21:51-05:00[America/New_York],2021-02-07T13:22:56-05:00[America/New_York],Yes,2021-02-07,48111,Sunday
1807,B,14,2021-02-07T13:22:56-05:00[America/New_York],2021-02-07T13:23:10-05:00[America/New_York],Yes,2021-02-07,48176,Sunday
1807,C,21,2021-02-07T13:23:10-05:00[America/New_York],2021-02-07T13:23:31-05:00[America/New_York],NA,2021-02-07,48190,Sunday
1807,<A>,59,2021-02-07T13:23:31-05:00[America/New_York],2021-02-07T13:24:30-05:00[America/New_York],Yes,2021-02-07,48211,Sunday
1807,B,15,2021-02-07T13:24:30-05:00[America/New_York],2021-02-07T13:24:45-05:00[America/New_York],Yes,2021-02-07,48270,Sunday
1807,C,23,2021-02-07T13:24:45-05:00[America/New_York],2021-02-07T13:25:08-05:00[America/New_York],Yes,2021-02-07,48285,Sunday
1807,<A>,70,2021-02-07T13:25:08-05:00[America/New_York],2021-02-07T13:26:18-05:00[America/New_York],NA,2021-02-07,48308,Sunday
1807,C,18,2021-02-07T13:26:18-05:00[America/New_York],2021-02-07T13:26:36-05:00[America/New_York],Yes,2021-02-07,48378,Sunday
1807,<A>,53,2021-02-07T13:26:36-05:00[America/New_York],2021-02-07T13:27:29-05:00[America/New_York],Yes,2021-02-07,48396,Sunday
1807,B,16,2021-02-07T13:27:29-05:00[America/New_York],2021-02-07T13:27:45-05:00[America/New_York],NA,2021-02-07,48449,Sunday
1807,C,19,2021-02-07T13:27:45-05:00[America/New_York],2021-02-07T13:28:04-05:00[America/New_York],Yes,2021-02-07,48465,Sunday
1807,<A>,63,2021-02-07T13:28:04-05:00[America/New_York],2021-02-07T13:29:07-05:00[America/New_York],Yes,2021-02-07,48484,Sunday
1807,B,16,2021-02-07T13:29:07-05:00[America/New_York],2021-02-07T13:29:23-05:00[America/New_York],NA,2021-02-07,48547,Sunday
1807,C,19,2021-02-07T13:29:23-05:00[America/New_York],2021-02-07T13:29:42-05:00[America/New_York],Yes,2021-02-07,48563,Sunday
1807,<A>,60,2021-02-07T13:29:42-05:00[America/New_York],2021-02-07T13:30:42-05:00[America/New_York],Yes,2021-02-07,48582,Sunday
1807,B,12,2021-02-07T13:30:42-05:00[America/New_York],2021-02-07T13:30:54-05:00[America/New_York],Yes,2021-02-07,48642,Sunday
1807,C,24,2021-02-07T13:30:54-05:00[America/New_York],2021-02-07T13:31:18-05:00[America/New_York],Yes,2021-02-07,48654,Sunday
1807,<A>,66,2021-02-07T13:31:18-05:00[America/New_York],2021-02-07T13:32:24-05:00[America/New_York],Yes,2021-02-07,48678,Sunday
1807,B,16,2021-02-07T13:32:24-05:00[America/New_York],2021-02-07T13:32:40-05:00[America/New_York],NA,2021-02-07,48744,Sunday
1807,C,18,2021-02-07T13:32:40-05:00[America/New_York],2021-02-07T13:32:58-05:00[America/New_York],NA,2021-02-07,48760,Sunday
1807,<A>,54,2021-02-07T13:32:58-05:00[America/New_York],2021-02-07T13:33:52-05:00[America/New_York],Yes,2021-02-07,48778,Sunday
1807,B,16,2021-02-07T13:33:52-05:00[America/New_York],2021-02-07T13:34:08-05:00[America/New_York],NA,2021-02-07,48832,Sunday
1807,C,24,2021-02-07T13:34:08-05:00[America/New_York],2021-02-07T13:34:32-05:00[America/New_York],Yes,2021-02-07,48848,Sunday
1807,<A>,54,2021-02-07T13:34:32-05:00[America/New_York],2021-02-07T13:35:26-05:00[America/New_York],Yes,2021-02-07,48872,Sunday
1807,C,20,2021-02-07T13:35:26-05:00[America/New_York],2021-02-07T13:35:46-05:00[America/New_York],Yes,2021-02-07,48926,Sunday
1807,<A>,45,2021-02-07T13:35:46-05:00[America/New_York],2021-02-07T13:36:31-05:00[America/New_York],Yes,2021-02-07,48946,Sunday
1807,B,14,2021-02-07T13:36:31-05:00[America/New_York],2021-02-07T13:36:45-05:00[America/New_York],Yes,2021-02-07,48991,Sunday
1807,C,15,2021-02-07T13:36:45-05:00[America/New_York],2021-02-07T13:37:00-05:00[America/New_York],Yes,2021-02-07,49005,Sunday
1807,<A>,58,2021-02-07T13:37:00-05:00[America/New_York],2021-02-07T13:37:58-05:00[America/New_York],Yes,2021-02-07,49020,Sunday
1807,C,23,2021-02-07T13:37:58-05:00[America/New_York],2021-02-07T13:38:21-05:00[America/New_York],Yes,2021-02-07,49078,Sunday
1807,<A>,48,2021-02-07T13:38:21-05:00[America/New_York],2021-02-07T13:39:09-05:00[America/New_York],Yes,2021-02-07,49101,Sunday
1807,C,22,2021-02-07T13:39:09-05:00[America/New_York],2021-02-07T13:39:31-05:00[America/New_York],Yes,2021-02-07,49149,Sunday
1807,<A>,57,2021-02-07T13:39:31-05:00[America/New_York],2021-02-07T13:40:28-05:00[America/New_York],NA,2021-02-07,49171,Sunday
1807,C,20,2021-02-07T13:40:28-05:00[America/New_York],2021-02-07T13:40:48-05:00[America/New_York],Yes,2021-02-07,49228,Sunday
1807,<A>,45,2021-02-07T13:40:48-05:00[America/New_York],2021-02-07T13:41:33-05:00[America/New_York],Yes,2021-02-07,49248,Sunday
1807,B,17,2021-02-07T13:41:33-05:00[America/New_York],2021-02-07T13:41:50-05:00[America/New_York],NA,2021-02-07,49293,Sunday
1807,C,27,2021-02-07T13:41:50-05:00[America/New_York],2021-02-07T13:42:17-05:00[America/New_York],Yes,2021-02-07,49310,Sunday
1807,<A>,61,2021-02-07T13:42:17-05:00[America/New_York],2021-02-07T13:43:18-05:00[America/New_York],Yes,2021-02-07,49337,Sunday
1807,B,17,2021-02-07T13:43:18-05:00[America/New_York],2021-02-07T13:43:35-05:00[America/New_York],NA,2021-02-07,49398,Sunday
1807,C,21,2021-02-07T13:43:35-05:00[America/New_York],2021-02-07T13:43:56-05:00[America/New_York],Yes,2021-02-07,49415,Sunday
1807,<A>,63,2021-02-07T13:43:56-05:00[America/New_York],2021-02-07T13:44:59-05:00[America/New_York],NA,2021-02-07,49436,Sunday
1807,B,17,2021-02-07T13:44:59-05:00[America/New_York],2021-02-07T13:45:16-05:00[America/New_York],NA,2021-02-07,49499,Sunday
1807,C,15,2021-02-07T13:45:16-05:00[America/New_York],2021-02-07T13:45:31-05:00[America/New_York],Yes,2021-02-07,49516,Sunday
1807,<A>,68,2021-02-07T13:45:31-05:00[America/New_York],2021-02-07T13:46:39-05:00[America/New_York],NA,2021-02-07,49531,Sunday
1807,B,18,2021-02-07T13:46:39-05:00[America/New_York],2021-02-07T13:46:57-05:00[America/New_York],Yes,2021-02-07,49599,Sunday
1807,C,27,2021-02-07T13:46:57-05:00[America/New_York],2021-02-07T13:47:24-05:00[America/New_York],NA,2021-02-07,49617,Sunday
1807,<A>,55,2021-02-07T13:47:24-05:00[America/New_York],2021-02-07T13:48:19-05:00[America/New_York],NA,2021-02-07,49644,Sunday
1807,C,24,2021-02-07T13:48:19-05:00[America/New_York],2021-02-07T13:48:43-05:00[America/New_York],Yes,2021-02-07,49699,Sunday
1807,<A>,61,2021-02-07T13:48:43-05:00[America/New_York],2021-02-07T13:49:44-05:00[America/New_York],Yes,2021-02-07,49723,Sunday
1807,B,18,2021-02-07T13:49:44-05:00[America/New_York],2021-02-07T13:50:02-05:00[America/New_York],Yes,2021-02-07,49784,Sunday
1807,C,20,2021-02-07T13:50:02-05:00[America/New_York],2021-02-07T13:50:22-05:00[America/New_York],Yes,2021-02-07,49802,Sunday
1807,<A>,62,2021-02-07T13:50:22-05:00[America/New_York],2021-02-07T13:51:24-05:00[America/New_York],NA,2021-02-07,49822,Sunday
1807,B,15,2021-02-07T13:51:24-05:00[America/New_York],2021-02-07T13:51:39-05:00[America/New_York],Yes,2021-02-07,49884,Sunday
1807,C,18,2021-02-07T13:51:39-05:00[America/New_York],2021-02-07T13:51:57-05:00[America/New_York],Yes,2021-02-07,49899,Sunday
1807,<A>,60,2021-02-07T13:51:57-05:00[America/New_York],2021-02-07T13:52:57-05:00[America/New_York],Yes,2021-02-07,49917,Sunday
1807,C,23,2021-02-07T13:52:57-05:00[America/New_York],2021-02-07T13:53:20-05:00[America/New_York],Yes,2021-02-07,49977,Sunday
1807,<A>,62,2021-02-07T13:53:20-05:00[America/New_York],2021-02-07T13:54:22-05:00[America/New_York],Yes,2021-02-07,50000,Sunday
1807,B,17,2021-02-07T13:54:22-05:00[America/New_York],2021-02-07T13:54:39-05:00[America/New_York],NA,2021-02-07,50062,Sunday
1807,C,21,2021-02-07T13:54:39-05:00[America/New_York],2021-02-07T13:55:00-05:00[America/New_York],NA,2021-02-07,50079,Sunday
1807,<A>,57,2021-02-07T13:55:00-05:00[America/New_York],2021-02-07T13:55:57-05:00[America/New_York],Yes,2021-02-07,50100,Sunday
1807,B,17,2021-02-07T13:55:57-05:00[America/New_York],2021-02-07T13:56:14-05:00[America/New_York],NA,2021-02-07,50157,Sunday
1807,C,17,2021-02-07T13:56:14-05:00[America/New_York],2021-02-07T13:56:31-05:00[America/New_York],Yes,2021-02-07,50174,Sunday
1807,<A>,71,2021-02-07T13:56:31-05:00[America/New_York],2021-02-07T13:57:42-05:00[America/New_York],NA,2021-02-07,50191,Sunday
1807,B,17,2021-02-07T13:57:42-05:00[America/New_York],2021-02-07T13:57:59-05:00[America/New_York],NA,2021-02-07,50262,Sunday
1807,C,17,2021-02-07T13:57:59-05:00[America/New_York],2021-02-07T13:58:16-05:00[America/New_York],NA,2021-02-07,50279,Sunday
1807,<A>,66,2021-02-07T13:58:16-05:00[America/New_York],2021-02-07T13:59:22-05:00[America/New_York],NA,2021-02-07,50296,Sunday
1807,B,15,2021-02-07T13:59:22-05:00[America/New_York],2021-02-07T13:59:37-05:00[America/New_York],Yes,2021-02-07,50362,Sunday
1807,C,18,2021-02-07T13:59:37-05:00[America/New_York],2021-02-07T13:59:55-05:00[America/New_York],Yes,2021-02-07,50377,Sunday
1807,<A>,59,2021-02-07T13:59:55-05:00[America/New_York],2021-02-07T14:00:54-05:00[America/New_York],NA,2021-02-07,50395,Sunday
1807,B,13,2021-02-07T14:00:54-05:00[America/New_York],2021-02-07T14:01:07-05:00[America/New_York],Yes,2021-02-07,50454,Sunday
1807,C,47,2021-02-07T14:01:07-05:00[America/New_York],2021-02-07T14:01:54-05:00[America/New_York],NA,2021-02-07,50467,Sunday
1807,<A>,52,2021-02-07T14:01:54-05:00[America/New_York],2021-02-07T14:02:46-05:00[America/New_York],NA,2021-02-07,50514,Sunday
1807,B,16,2021-02-07T14:02:46-05:00[America/New_York],2021-02-07T14:03:02-05:00[America/New_York],Yes,2021-02-07,50566,Sunday
1807,C,25,2021-02-07T14:03:02-05:00[America/New_York],2021-02-07T14:03:27-05:00[America/New_York],Yes,2021-02-07,50582,Sunday
1807,<A>,56,2021-02-07T14:03:27-05:00[America/New_York],2021-02-07T14:04:23-05:00[America/New_York],Yes,2021-02-07,50607,Sunday
1807,B,26,2021-02-07T14:04:23-05:00[America/New_York],2021-02-07T14:04:49-05:00[America/New_York],NA,2021-02-07,50663,Sunday
1807,C,19,2021-02-07T14:04:49-05:00[America/New_York],2021-02-07T14:05:08-05:00[America/New_York],NA,2021-02-07,50689,Sunday
1807,<A>,44,2021-02-07T14:05:08-05:00[America/New_York],2021-02-07T14:05:52-05:00[America/New_York],NA,2021-02-07,50708,Sunday
1807,B,20,2021-02-07T14:05:52-05:00[America/New_York],2021-02-07T14:06:12-05:00[America/New_York],NA,2021-02-07,50752,Sunday
1807,C,23,2021-02-07T14:06:12-05:00[America/New_York],2021-02-07T14:06:35-05:00[America/New_York],NA,2021-02-07,50772,Sunday
1807,<A>,56,2021-02-07T14:06:35-05:00[America/New_York],2021-02-07T14:07:31-05:00[America/New_York],NA,2021-02-07,50795,Sunday
1807,B,13,2021-02-07T14:07:31-05:00[America/New_York],2021-02-07T14:07:44-05:00[America/New_York],Yes,2021-02-07,50851,Sunday
1807,C,22,2021-02-07T14:07:44-05:00[America/New_York],2021-02-07T14:08:06-05:00[America/New_York],Yes,2021-02-07,50864,Sunday
1807,<A>,55,2021-02-07T14:08:06-05:00[America/New_York],2021-02-07T14:09:01-05:00[America/New_York],Yes,2021-02-07,50886,Sunday
1807,B,13,2021-02-07T14:09:01-05:00[America/New_York],2021-02-07T14:09:14-05:00[America/New_York],Yes,2021-02-07,50941,Sunday
1807,C,17,2021-02-07T14:09:14-05:00[America/New_York],2021-02-07T14:09:31-05:00[America/New_York],Yes,2021-02-07,50954,Sunday
1807,<A>,65,2021-02-07T14:09:31-05:00[America/New_York],2021-02-07T14:10:36-05:00[America/New_York],Yes,2021-02-07,50971,Sunday
1807,B,17,2021-02-07T14:10:36-05:00[America/New_York],2021-02-07T14:10:53-05:00[America/New_York],Yes,2021-02-07,51036,Sunday
1807,C,17,2021-02-07T14:10:53-05:00[America/New_York],2021-02-07T14:11:10-05:00[America/New_York],Yes,2021-02-07,51053,Sunday
1807,<A>,66,2021-02-07T14:11:10-05:00[America/New_York],2021-02-07T14:12:16-05:00[America/New_York],NA,2021-02-07,51070,Sunday
1807,B,17,2021-02-07T14:12:16-05:00[America/New_York],2021-02-07T14:12:33-05:00[America/New_York],NA,2021-02-07,51136,Sunday
1807,C,24,2021-02-07T14:12:33-05:00[America/New_York],2021-02-07T14:12:57-05:00[America/New_York],NA,2021-02-07,51153,Sunday
1807,<A>,61,2021-02-07T14:12:57-05:00[America/New_York],2021-02-07T14:13:58-05:00[America/New_York],NA,2021-02-07,51177,Sunday
1807,C,18,2021-02-07T14:13:58-05:00[America/New_York],2021-02-07T14:14:16-05:00[America/New_York],Yes,2021-02-07,51238,Sunday
1807,<A>,66,2021-02-07T14:14:16-05:00[America/New_York],2021-02-07T14:15:22-05:00[America/New_York],Yes,2021-02-07,51256,Sunday
1807,B,17,2021-02-07T14:15:22-05:00[America/New_York],2021-02-07T14:15:39-05:00[America/New_York],NA,2021-02-07,51322,Sunday
1807,C,19,2021-02-07T14:15:39-05:00[America/New_York],2021-02-07T14:15:58-05:00[America/New_York],NA,2021-02-07,51339,Sunday
1807,<A>,66,2021-02-07T14:15:58-05:00[America/New_York],2021-02-07T14:17:04-05:00[America/New_York],NA,2021-02-07,51358,Sunday
1807,B,12,2021-02-07T14:17:04-05:00[America/New_York],2021-02-07T14:17:16-05:00[America/New_York],Yes,2021-02-07,51424,Sunday
1807,C,22,2021-02-07T14:17:16-05:00[America/New_York],2021-02-07T14:17:38-05:00[America/New_York],NA,2021-02-07,51436,Sunday
1807,<A>,55,2021-02-07T14:17:38-05:00[America/New_York],2021-02-07T14:18:33-05:00[America/New_York],NA,2021-02-07,51458,Sunday
1807,B,18,2021-02-07T14:18:33-05:00[America/New_York],2021-02-07T14:18:51-05:00[America/New_York],Yes,2021-02-07,51513,Sunday
1807,C,16,2021-02-07T14:18:51-05:00[America/New_York],2021-02-07T14:19:07-05:00[America/New_York],Yes,2021-02-07,51531,Sunday
1807,<A>,66,2021-02-07T14:19:07-05:00[America/New_York],2021-02-07T14:20:13-05:00[America/New_York],NA,2021-02-07,51547,Sunday
1807,B,22,2021-02-07T14:20:13-05:00[America/New_York],2021-02-07T14:20:35-05:00[America/New_York],Yes,2021-02-07,51613,Sunday
1807,C,17,2021-02-07T14:20:35-05:00[America/New_York],2021-02-07T14:20:52-05:00[America/New_York],Yes,2021-02-07,51635,Sunday
1807,<A>,61,2021-02-07T14:20:52-05:00[America/New_York],2021-02-07T14:21:53-05:00[America/New_York],NA,2021-02-07,51652,Sunday
1807,B,15,2021-02-07T14:21:53-05:00[America/New_York],2021-02-07T14:22:08-05:00[America/New_York],Yes,2021-02-07,51713,Sunday
1807,C,22,2021-02-07T14:22:08-05:00[America/New_York],2021-02-07T14:22:30-05:00[America/New_York],Yes,2021-02-07,51728,Sunday
1807,<A>,61,2021-02-07T14:22:30-05:00[America/New_York],2021-02-07T14:23:31-05:00[America/New_York],Yes,2021-02-07,51750,Sunday
1807,B,15,2021-02-07T14:23:31-05:00[America/New_York],2021-02-07T14:23:46-05:00[America/New_York],Yes,2021-02-07,51811,Sunday
1807,C,21,2021-02-07T14:23:46-05:00[America/New_York],2021-02-07T14:24:07-05:00[America/New_York],Yes,2021-02-07,51826,Sunday
1807,<A>,55,2021-02-07T14:24:07-05:00[America/New_York],2021-02-07T14:25:02-05:00[America/New_York],Yes,2021-02-07,51847,Sunday
1807,B,11,2021-02-07T14:25:02-05:00[America/New_York],2021-02-07T14:25:13-05:00[America/New_York],Yes,2021-02-07,51902,Sunday
1807,C,46,2021-02-07T14:25:13-05:00[America/New_York],2021-02-07T14:25:59-05:00[America/New_York],NA,2021-02-07,51913,Sunday
1807,<A>,60,2021-02-07T14:25:59-05:00[America/New_York],2021-02-07T14:26:59-05:00[America/New_York],NA,2021-02-07,51959,Sunday
1807,B,11,2021-02-07T14:26:59-05:00[America/New_York],2021-02-07T14:27:10-05:00[America/New_York],Yes,2021-02-07,52019,Sunday
1807,C,19,2021-02-07T14:27:10-05:00[America/New_York],2021-02-07T14:27:29-05:00[America/New_York],Yes,2021-02-07,52030,Sunday
1807,<A>,68,2021-02-07T14:27:29-05:00[America/New_York],2021-02-07T14:28:37-05:00[America/New_York],Yes,2021-02-07,52049,Sunday
1807,B,19,2021-02-07T14:28:37-05:00[America/New_York],2021-02-07T14:28:56-05:00[America/New_York],NA,2021-02-07,52117,Sunday
1807,C,19,2021-02-07T14:28:56-05:00[America/New_York],2021-02-07T14:29:15-05:00[America/New_York],NA,2021-02-07,52136,Sunday
1807,<A>,60,2021-02-07T14:29:15-05:00[America/New_York],2021-02-07T14:30:15-05:00[America/New_York],Yes,2021-02-07,52155,Sunday
1807,B,14,2021-02-07T14:30:15-05:00[America/New_York],2021-02-07T14:30:29-05:00[America/New_York],Yes,2021-02-07,52215,Sunday
1807,C,24,2021-02-07T14:30:29-05:00[America/New_York],2021-02-07T14:30:53-05:00[America/New_York],Yes,2021-02-07,52229,Sunday
1807,<A>,66,2021-02-07T14:30:53-05:00[America/New_York],2021-02-07T14:31:59-05:00[America/New_York],NA,2021-02-07,52253,Sunday
1807,C,25,2021-02-07T14:31:59-05:00[America/New_York],2021-02-07T14:32:24-05:00[America/New_York],Yes,2021-02-07,52319,Sunday
1807,<A>,71,2021-02-07T14:32:24-05:00[America/New_York],2021-02-07T14:33:35-05:00[America/New_York],Yes,2021-02-07,52344,Sunday
1807,B,18,2021-02-07T14:33:35-05:00[America/New_York],2021-02-07T14:33:53-05:00[America/New_York],NA,2021-02-07,52415,Sunday
1807,C,17,2021-02-07T14:33:53-05:00[America/New_York],2021-02-07T14:34:10-05:00[America/New_York],NA,2021-02-07,52433,Sunday
1807,<A>,55,2021-02-07T14:34:10-05:00[America/New_York],2021-02-07T14:35:05-05:00[America/New_York],Yes,2021-02-07,52450,Sunday
1807,B,14,2021-02-07T14:35:05-05:00[America/New_York],2021-02-07T14:35:19-05:00[America/New_York],Yes,2021-02-07,52505,Sunday
1807,C,28,2021-02-07T14:35:19-05:00[America/New_York],2021-02-07T14:35:47-05:00[America/New_York],Yes,2021-02-07,52519,Sunday
1807,<A>,58,2021-02-07T14:35:47-05:00[America/New_York],2021-02-07T14:36:45-05:00[America/New_York],NA,2021-02-07,52547,Sunday
1807,C,25,2021-02-07T14:36:45-05:00[America/New_York],2021-02-07T14:37:10-05:00[America/New_York],Yes,2021-02-07,52605,Sunday
1807,<A>,65,2021-02-07T14:37:10-05:00[America/New_York],2021-02-07T14:38:15-05:00[America/New_York],Yes,2021-02-07,52630,Sunday
1807,B,14,2021-02-07T14:38:15-05:00[America/New_York],2021-02-07T14:38:29-05:00[America/New_York],Yes,2021-02-07,52695,Sunday
1807,C,27,2021-02-07T14:38:29-05:00[America/New_York],2021-02-07T14:38:56-05:00[America/New_York],Yes,2021-02-07,52709,Sunday
1807,<A>,59,2021-02-07T14:38:56-05:00[America/New_York],2021-02-07T14:39:55-05:00[America/New_York],NA,2021-02-07,52736,Sunday
1807,C,30,2021-02-07T14:39:55-05:00[America/New_York],2021-02-07T14:40:25-05:00[America/New_York],Yes,2021-02-07,52795,Sunday
1807,<A>,54,2021-02-07T14:40:25-05:00[America/New_York],2021-02-07T14:41:19-05:00[America/New_York],Yes,2021-02-07,52825,Sunday
1807,B,20,2021-02-07T14:41:19-05:00[America/New_York],2021-02-07T14:41:39-05:00[America/New_York],NA,2021-02-07,52879,Sunday
1807,C,15,2021-02-07T14:41:39-05:00[America/New_York],2021-02-07T14:41:54-05:00[America/New_York],Yes,2021-02-07,52899,Sunday
1807,<A>,72,2021-02-07T14:41:54-05:00[America/New_York],2021-02-07T14:43:06-05:00[America/New_York],NA,2021-02-07,52914,Sunday
1807,B,21,2021-02-07T14:43:06-05:00[America/New_York],2021-02-07T14:43:27-05:00[America/New_York],NA,2021-02-07,52986,Sunday
1807,C,22,2021-02-07T14:43:27-05:00[America/New_York],2021-02-07T14:43:49-05:00[America/New_York],NA,2021-02-07,53007,Sunday
1807,<A>,63,2021-02-07T14:43:49-05:00[America/New_York],2021-02-07T14:44:52-05:00[America/New_York],Yes,2021-02-07,53029,Sunday
1807,B,10,2021-02-07T14:44:52-05:00[America/New_York],2021-02-07T14:45:02-05:00[America/New_York],Yes,2021-02-07,53092,Sunday
1807,C,27,2021-02-07T14:45:02-05:00[America/New_York],2021-02-07T14:45:29-05:00[America/New_York],NA,2021-02-07,53102,Sunday
1807,<A>,64,2021-02-07T14:45:29-05:00[America/New_York],2021-02-07T14:46:33-05:00[America/New_York],NA,2021-02-07,53129,Sunday
1807,B,10,2021-02-07T14:46:33-05:00[America/New_York],2021-02-07T14:46:43-05:00[America/New_York],Yes,2021-02-07,53193,Sunday
1807,C,25,2021-02-07T14:46:43-05:00[America/New_York],2021-02-07T14:47:08-05:00[America/New_York],Yes,2021-02-07,53203,Sunday
1807,<A>,65,2021-02-07T14:47:08-05:00[America/New_York],2021-02-07T14:48:13-05:00[America/New_York],NA,2021-02-07,53228,Sunday
1807,B,16,2021-02-07T14:48:13-05:00[America/New_York],2021-02-07T14:48:29-05:00[America/New_York],NA,2021-02-07,53293,Sunday
1807,C,19,2021-02-07T14:48:29-05:00[America/New_York],2021-02-07T14:48:48-05:00[America/New_York],NA,2021-02-07,53309,Sunday
1807,<A>,65,2021-02-07T14:48:48-05:00[America/New_York],2021-02-07T14:49:53-05:00[America/New_York],NA,2021-02-07,53328,Sunday
1807,B,16,2021-02-07T14:49:53-05:00[America/New_York],2021-02-07T14:50:09-05:00[America/New_York],NA,2021-02-07,53393,Sunday
1807,C,17,2021-02-07T14:50:09-05:00[America/New_York],2021-02-07T14:50:26-05:00[America/New_York],NA,2021-02-07,53409,Sunday
1807,<A>,63,2021-02-07T14:50:26-05:00[America/New_York],2021-02-07T14:51:29-05:00[America/New_York],Yes,2021-02-07,53426,Sunday
1807,B,17,2021-02-07T14:51:29-05:00[America/New_York],2021-02-07T14:51:46-05:00[America/New_York],Yes,2021-02-07,53489,Sunday
1807,C,19,2021-02-07T14:51:46-05:00[America/New_York],2021-02-07T14:52:05-05:00[America/New_York],Yes,2021-02-07,53506,Sunday
1807,<A>,64,2021-02-07T14:52:05-05:00[America/New_York],2021-02-07T14:53:09-05:00[America/New_York],NA,2021-02-07,53525,Sunday
1807,B,19,2021-02-07T14:53:09-05:00[America/New_York],2021-02-07T14:53:28-05:00[America/New_York],Yes,2021-02-07,53589,Sunday
1807,C,28,2021-02-07T14:53:28-05:00[America/New_York],2021-02-07T14:53:56-05:00[America/New_York],NA,2021-02-07,53608,Sunday
1807,<A>,53,2021-02-07T14:53:56-05:00[America/New_York],2021-02-07T14:54:49-05:00[America/New_York],NA,2021-02-07,53636,Sunday
1807,B,16,2021-02-07T14:54:49-05:00[America/New_York],2021-02-07T14:55:05-05:00[America/New_York],Yes,2021-02-07,53689,Sunday
1807,C,25,2021-02-07T14:55:05-05:00[America/New_York],2021-02-07T14:55:30-05:00[America/New_York],NA,2021-02-07,53705,Sunday
1807,<A>,48,2021-02-07T14:55:30-05:00[America/New_York],2021-02-07T14:56:18-05:00[America/New_York],NA,2021-02-07,53730,Sunday
1807,C,24,2021-02-07T14:56:18-05:00[America/New_York],2021-02-07T14:56:42-05:00[America/New_York],Yes,2021-02-07,53778,Sunday
1807,<A>,68,2021-02-07T14:56:42-05:00[America/New_York],2021-02-07T14:57:50-05:00[America/New_York],Yes,2021-02-07,53802,Sunday
1807,B,14,2021-02-07T14:57:50-05:00[America/New_York],2021-02-07T14:58:04-05:00[America/New_York],Yes,2021-02-07,53870,Sunday
1807,C,25,2021-02-07T14:58:04-05:00[America/New_York],2021-02-07T14:58:29-05:00[America/New_York],Yes,2021-02-07,53884,Sunday
1807,<A>,58,2021-02-07T14:58:29-05:00[America/New_York],2021-02-07T14:59:27-05:00[America/New_York],Yes,2021-02-07,53909,Sunday
1807,B,12,2021-02-07T14:59:27-05:00[America/New_York],2021-02-07T14:59:39-05:00[America/New_York],Yes,2021-02-07,53967,Sunday
1807,C,17,2021-02-07T14:59:39-05:00[America/New_York],2021-02-07T14:59:56-05:00[America/New_York],Yes,2021-02-07,53979,Sunday
1807,<A>,55,2021-02-07T14:59:56-05:00[America/New_York],2021-02-07T15:00:51-05:00[America/New_York],Yes,2021-02-07,53996,Sunday
1807,B,22,2021-02-07T15:00:51-05:00[America/New_York],2021-02-07T15:01:13-05:00[America/New_York],NA,2021-02-07,54051,Sunday
1807,C,26,2021-02-07T15:01:13-05:00[America/New_York],2021-02-07T15:01:39-05:00[America/New_York],NA,2021-02-07,54073,Sunday
1807,<A>,55,2021-02-07T15:01:39-05:00[America/New_York],2021-02-07T15:02:34-05:00[America/New_York],NA,2021-02-07,54099,Sunday
1807,B,16,2021-02-07T15:02:34-05:00[America/New_York],2021-02-07T15:02:50-05:00[America/New_York],Yes,2021-02-07,54154,Sunday
1807,C,27,2021-02-07T15:02:50-05:00[America/New_York],2021-02-07T15:03:17-05:00[America/New_York],NA,2021-02-07,54170,Sunday
1807,<A>,65,2021-02-07T15:03:17-05:00[America/New_York],2021-02-07T15:04:22-05:00[America/New_York],NA,2021-02-07,54197,Sunday
1807,B,11,2021-02-07T15:04:22-05:00[America/New_York],2021-02-07T15:04:33-05:00[America/New_York],Yes,2021-02-07,54262,Sunday
1807,C,30,2021-02-07T15:04:33-05:00[America/New_York],2021-02-07T15:05:03-05:00[America/New_York],NA,2021-02-07,54273,Sunday
1807,<A>,59,2021-02-07T15:05:03-05:00[America/New_York],2021-02-07T15:06:02-05:00[America/New_York],NA,2021-02-07,54303,Sunday
1807,C,20,2021-02-07T15:06:02-05:00[America/New_York],2021-02-07T15:06:22-05:00[America/New_York],Yes,2021-02-07,54362,Sunday
1807,<A>,58,2021-02-07T15:06:22-05:00[America/New_York],2021-02-07T15:07:20-05:00[America/New_York],Yes,2021-02-07,54382,Sunday
1807,B,12,2021-02-07T15:07:20-05:00[America/New_York],2021-02-07T15:07:32-05:00[America/New_York],Yes,2021-02-07,54440,Sunday
1807,C,47,2021-02-07T15:07:32-05:00[America/New_York],2021-02-07T15:08:19-05:00[America/New_York],NA,2021-02-07,54452,Sunday
1807,<A>,63,2021-02-07T15:08:19-05:00[America/New_York],2021-02-07T15:09:22-05:00[America/New_York],NA,2021-02-07,54499,Sunday
1807,B,13,2021-02-07T15:09:22-05:00[America/New_York],2021-02-07T15:09:35-05:00[America/New_York],Yes,2021-02-07,54562,Sunday
1807,C,17,2021-02-07T15:09:35-05:00[America/New_York],2021-02-07T15:09:52-05:00[America/New_York],Yes,2021-02-07,54575,Sunday
1807,<A>,50,2021-02-07T15:09:52-05:00[America/New_York],2021-02-07T15:10:42-05:00[America/New_York],Yes,2021-02-07,54592,Sunday
1807,B,15,2021-02-07T15:10:42-05:00[America/New_York],2021-02-07T15:10:57-05:00[America/New_York],NA,2021-02-07,54642,Sunday
1807,C,16,2021-02-07T15:10:57-05:00[America/New_York],2021-02-07T15:11:13-05:00[America/New_York],Yes,2021-02-07,54657,Sunday
1807,<A>,55,2021-02-07T15:11:13-05:00[America/New_York],2021-02-07T15:12:08-05:00[America/New_York],Yes,2021-02-07,54673,Sunday
1807,C,23,2021-02-07T15:12:08-05:00[America/New_York],2021-02-07T15:12:31-05:00[America/New_York],Yes,2021-02-07,54728,Sunday
1807,<A>,66,2021-02-07T15:12:31-05:00[America/New_York],2021-02-07T15:13:37-05:00[America/New_York],NA,2021-02-07,54751,Sunday
1807,C,28,2021-02-07T15:13:37-05:00[America/New_York],2021-02-07T15:14:05-05:00[America/New_York],Yes,2021-02-07,54817,Sunday
1807,<A>,67,2021-02-07T15:14:05-05:00[America/New_York],2021-02-07T15:15:12-05:00[America/New_York],Yes,2021-02-07,54845,Sunday
1807,C,21,2021-02-07T15:15:12-05:00[America/New_York],2021-02-07T15:15:33-05:00[America/New_York],Yes,2021-02-07,54912,Sunday
1807,<A>,57,2021-02-07T15:15:33-05:00[America/New_York],2021-02-07T15:16:30-05:00[America/New_York],Yes,2021-02-07,54933,Sunday
1807,C,21,2021-02-07T15:16:30-05:00[America/New_York],2021-02-07T15:16:51-05:00[America/New_York],Yes,2021-02-07,54990,Sunday
1807,<A>,66,2021-02-07T15:16:51-05:00[America/New_York],2021-02-07T15:17:57-05:00[America/New_York],NA,2021-02-07,55011,Sunday
1807,B,16,2021-02-07T15:17:57-05:00[America/New_York],2021-02-07T15:18:13-05:00[America/New_York],NA,2021-02-07,55077,Sunday
1807,C,17,2021-02-07T15:18:13-05:00[America/New_York],2021-02-07T15:18:30-05:00[America/New_York],NA,2021-02-07,55093,Sunday
1807,<A>,57,2021-02-07T15:18:30-05:00[America/New_York],2021-02-07T15:19:27-05:00[America/New_York],Yes,2021-02-07,55110,Sunday
1807,C,25,2021-02-07T15:19:27-05:00[America/New_York],2021-02-07T15:19:52-05:00[America/New_York],Yes,2021-02-07,55167,Sunday
1807,<A>,77,2021-02-07T15:19:52-05:00[America/New_York],2021-02-07T15:21:09-05:00[America/New_York],Yes,2021-02-07,55192,Sunday
1807,B,16,2021-02-07T15:21:09-05:00[America/New_York],2021-02-07T15:21:25-05:00[America/New_York],NA,2021-02-07,55269,Sunday
1807,C,18,2021-02-07T15:21:25-05:00[America/New_York],2021-02-07T15:21:43-05:00[America/New_York],NA,2021-02-07,55285,Sunday
1807,<A>,63,2021-02-07T15:21:43-05:00[America/New_York],2021-02-07T15:22:46-05:00[America/New_York],Yes,2021-02-07,55303,Sunday
1807,C,33,2021-02-07T15:22:46-05:00[America/New_York],2021-02-07T15:23:19-05:00[America/New_York],Yes,2021-02-07,55366,Sunday
1807,<A>,57,2021-02-07T15:23:19-05:00[America/New_York],2021-02-07T15:24:16-05:00[America/New_York],Yes,2021-02-07,55399,Sunday
1807,B,16,2021-02-07T15:24:16-05:00[America/New_York],2021-02-07T15:24:32-05:00[America/New_York],NA,2021-02-07,55456,Sunday
1807,C,17,2021-02-07T15:24:32-05:00[America/New_York],2021-02-07T15:24:49-05:00[America/New_York],Yes,2021-02-07,55472,Sunday
1807,<A>,56,2021-02-07T15:24:49-05:00[America/New_York],2021-02-07T15:25:45-05:00[America/New_York],Yes,2021-02-07,55489,Sunday
1807,B,16,2021-02-07T15:25:45-05:00[America/New_York],2021-02-07T15:26:01-05:00[America/New_York],NA,2021-02-07,55545,Sunday
1807,C,28,2021-02-07T15:26:01-05:00[America/New_York],2021-02-07T15:26:29-05:00[America/New_York],NA,2021-02-07,55561,Sunday
1807,<A>,61,2021-02-07T15:26:29-05:00[America/New_York],2021-02-07T15:27:30-05:00[America/New_York],Yes,2021-02-07,55589,Sunday
1807,B,12,2021-02-07T15:27:30-05:00[America/New_York],2021-02-07T15:27:42-05:00[America/New_York],Yes,2021-02-07,55650,Sunday
1807,C,18,2021-02-07T15:27:42-05:00[America/New_York],2021-02-07T15:28:00-05:00[America/New_York],Yes,2021-02-07,55662,Sunday
1807,<A>,59,2021-02-07T15:28:00-05:00[America/New_York],2021-02-07T15:28:59-05:00[America/New_York],Yes,2021-02-07,55680,Sunday
1807,B,16,2021-02-07T15:28:59-05:00[America/New_York],2021-02-07T15:29:15-05:00[America/New_York],NA,2021-02-07,55739,Sunday
1807,C,18,2021-02-07T15:29:15-05:00[America/New_York],2021-02-07T15:29:33-05:00[America/New_York],Yes,2021-02-07,55755,Sunday
1807,<A>,64,2021-02-07T15:29:33-05:00[America/New_York],2021-02-07T15:30:37-05:00[America/New_York],NA,2021-02-07,55773,Sunday
1807,B,22,2021-02-07T15:30:37-05:00[America/New_York],2021-02-07T15:30:59-05:00[America/New_York],Yes,2021-02-07,55837,Sunday
1807,C,17,2021-02-07T15:30:59-05:00[America/New_York],2021-02-07T15:31:16-05:00[America/New_York],Yes,2021-02-07,55859,Sunday
1807,<A>,58,2021-02-07T15:31:16-05:00[America/New_York],2021-02-07T15:32:14-05:00[America/New_York],NA,2021-02-07,55876,Sunday
1807,C,31,2021-02-07T15:32:14-05:00[America/New_York],2021-02-07T15:32:45-05:00[America/New_York],Yes,2021-02-07,55934,Sunday
1807,<A>,66,2021-02-07T15:32:45-05:00[America/New_York],2021-02-07T15:33:51-05:00[America/New_York],NA,2021-02-07,55965,Sunday
1807,B,20,2021-02-07T15:33:51-05:00[America/New_York],2021-02-07T15:34:11-05:00[America/New_York],Yes,2021-02-07,56031,Sunday
1807,C,24,2021-02-07T15:34:11-05:00[America/New_York],2021-02-07T15:34:35-05:00[America/New_York],Yes,2021-02-07,56051,Sunday
1807,<A>,59,2021-02-07T15:34:35-05:00[America/New_York],2021-02-07T15:35:34-05:00[America/New_York],NA,2021-02-07,56075,Sunday
1807,B,16,2021-02-07T15:35:34-05:00[America/New_York],2021-02-07T15:35:50-05:00[America/New_York],Yes,2021-02-07,56134,Sunday
1807,C,18,2021-02-07T15:35:50-05:00[America/New_York],2021-02-07T15:36:08-05:00[America/New_York],Yes,2021-02-07,56150,Sunday
1807,<A>,56,2021-02-07T15:36:08-05:00[America/New_York],2021-02-07T15:37:04-05:00[America/New_York],Yes,2021-02-07,56168,Sunday
1807,B,13,2021-02-07T15:37:04-05:00[America/New_York],2021-02-07T15:37:17-05:00[America/New_York],Yes,2021-02-07,56224,Sunday
1807,C,17,2021-02-07T15:37:17-05:00[America/New_York],2021-02-07T15:37:34-05:00[America/New_York],Yes,2021-02-07,56237,Sunday
1807,<A>,69,2021-02-07T15:37:34-05:00[America/New_York],2021-02-07T15:38:43-05:00[America/New_York],Yes,2021-02-07,56254,Sunday
1807,B,12,2021-02-07T15:38:43-05:00[America/New_York],2021-02-07T15:38:55-05:00[America/New_York],Yes,2021-02-07,56323,Sunday
1807,C,24,2021-02-07T15:38:55-05:00[America/New_York],2021-02-07T15:39:19-05:00[America/New_York],Yes,2021-02-07,56335,Sunday
1807,<A>,57,2021-02-07T15:39:19-05:00[America/New_York],2021-02-07T15:40:16-05:00[America/New_York],Yes,2021-02-07,56359,Sunday
1807,C,20,2021-02-07T15:40:16-05:00[America/New_York],2021-02-07T15:40:36-05:00[America/New_York],Yes,2021-02-07,56416,Sunday
1807,<A>,66,2021-02-07T15:40:36-05:00[America/New_York],2021-02-07T15:41:42-05:00[America/New_York],Yes,2021-02-07,56436,Sunday
1807,B,21,2021-02-07T15:41:42-05:00[America/New_York],2021-02-07T15:42:03-05:00[America/New_York],NA,2021-02-07,56502,Sunday
1807,C,22,2021-02-07T15:42:03-05:00[America/New_York],2021-02-07T15:42:25-05:00[America/New_York],NA,2021-02-07,56523,Sunday
1807,<A>,79,2021-02-07T15:42:25-05:00[America/New_York],2021-02-07T15:43:44-05:00[America/New_York],NA,2021-02-07,56545,Sunday
1807,C,27,2021-02-07T15:43:44-05:00[America/New_York],2021-02-07T15:44:11-05:00[America/New_York],Yes,2021-02-07,56624,Sunday
1807,<A>,71,2021-02-07T15:44:11-05:00[America/New_York],2021-02-07T15:45:22-05:00[America/New_York],Yes,2021-02-07,56651,Sunday
1807,B,18,2021-02-07T15:45:22-05:00[America/New_York],2021-02-07T15:45:40-05:00[America/New_York],NA,2021-02-07,56722,Sunday
1807,C,19,2021-02-07T15:45:40-05:00[America/New_York],2021-02-07T15:45:59-05:00[America/New_York],NA,2021-02-07,56740,Sunday
1807,<A>,64,2021-02-07T15:45:59-05:00[America/New_York],2021-02-07T15:47:03-05:00[America/New_York],NA,2021-02-07,56759,Sunday
1807,B,16,2021-02-07T15:47:03-05:00[America/New_York],2021-02-07T15:47:19-05:00[America/New_York],NA,2021-02-07,56823,Sunday
1807,C,18,2021-02-07T15:47:19-05:00[America/New_York],2021-02-07T15:47:37-05:00[America/New_York],Yes,2021-02-07,56839,Sunday
1807,<A>,65,2021-02-07T15:47:37-05:00[America/New_York],2021-02-07T15:48:42-05:00[America/New_York],Yes,2021-02-07,56857,Sunday
1807,B,16,2021-02-07T15:48:42-05:00[America/New_York],2021-02-07T15:48:58-05:00[America/New_York],NA,2021-02-07,56922,Sunday
1807,C,19,2021-02-07T15:48:58-05:00[America/New_York],2021-02-07T15:49:17-05:00[America/New_York],NA,2021-02-07,56938,Sunday
1807,<A>,63,2021-02-07T15:49:17-05:00[America/New_York],2021-02-07T15:50:20-05:00[America/New_York],NA,2021-02-07,56957,Sunday
1807,B,16,2021-02-07T15:50:20-05:00[America/New_York],2021-02-07T15:50:36-05:00[America/New_York],NA,2021-02-07,57020,Sunday
1807,C,21,2021-02-07T15:50:36-05:00[America/New_York],2021-02-07T15:50:57-05:00[America/New_York],NA,2021-02-07,57036,Sunday
1807,<A>,55,2021-02-07T15:50:57-05:00[America/New_York],2021-02-07T15:51:52-05:00[America/New_York],NA,2021-02-07,57057,Sunday
1807,B,11,2021-02-07T15:51:52-05:00[America/New_York],2021-02-07T15:52:03-05:00[America/New_York],Yes,2021-02-07,57112,Sunday
1807,C,19,2021-02-07T15:52:03-05:00[America/New_York],2021-02-07T15:52:22-05:00[America/New_York],Yes,2021-02-07,57123,Sunday
1807,<A>,48,2021-02-07T15:52:22-05:00[America/New_York],2021-02-07T15:53:10-05:00[America/New_York],Yes,2021-02-07,57142,Sunday
1807,B,13,2021-02-07T15:53:10-05:00[America/New_York],2021-02-07T15:53:23-05:00[America/New_York],Yes,2021-02-07,57190,Sunday
1807,C,22,2021-02-07T15:53:23-05:00[America/New_York],2021-02-07T15:53:45-05:00[America/New_York],Yes,2021-02-07,57203,Sunday
1807,<A>,64,2021-02-07T15:53:45-05:00[America/New_York],2021-02-07T15:54:49-05:00[America/New_York],Yes,2021-02-07,57225,Sunday
1807,B,11,2021-02-07T15:54:49-05:00[America/New_York],2021-02-07T15:55:00-05:00[America/New_York],Yes,2021-02-07,57289,Sunday
1807,C,21,2021-02-07T15:55:00-05:00[America/New_York],2021-02-07T15:55:21-05:00[America/New_York],Yes,2021-02-07,57300,Sunday
1807,<A>,61,2021-02-07T15:55:21-05:00[America/New_York],2021-02-07T15:56:22-05:00[America/New_York],Yes,2021-02-07,57321,Sunday
1807,B,18,2021-02-07T15:56:22-05:00[America/New_York],2021-02-07T15:56:40-05:00[America/New_York],Yes,2021-02-07,57382,Sunday
1807,C,17,2021-02-07T15:56:40-05:00[America/New_York],2021-02-07T15:56:57-05:00[America/New_York],Yes,2021-02-07,57400,Sunday
1807,<A>,65,2021-02-07T15:56:57-05:00[America/New_York],2021-02-07T15:58:02-05:00[America/New_York],NA,2021-02-07,57417,Sunday
1807,B,21,2021-02-07T15:58:02-05:00[America/New_York],2021-02-07T15:58:23-05:00[America/New_York],NA,2021-02-07,57482,Sunday
1807,C,15,2021-02-07T15:58:23-05:00[America/New_York],2021-02-07T15:58:38-05:00[America/New_York],Yes,2021-02-07,57503,Sunday
1807,<A>,54,2021-02-07T15:58:38-05:00[America/New_York],2021-02-07T15:59:32-05:00[America/New_York],Yes,2021-02-07,57518,Sunday
1807,B,10,2021-02-07T15:59:32-05:00[America/New_York],2021-02-07T15:59:42-05:00[America/New_York],Yes,2021-02-07,57572,Sunday
1807,C,29,2021-02-07T15:59:42-05:00[America/New_York],2021-02-07T16:00:11-05:00[America/New_York],Yes,2021-02-07,57582,Sunday
1807,<A>,61,2021-02-07T16:00:11-05:00[America/New_York],2021-02-07T16:01:12-05:00[America/New_York],Yes,2021-02-07,57611,Sunday
1807,B,15,2021-02-07T16:01:12-05:00[America/New_York],2021-02-07T16:01:27-05:00[America/New_York],NA,2021-02-07,57672,Sunday
1807,C,18,2021-02-07T16:01:27-05:00[America/New_York],2021-02-07T16:01:45-05:00[America/New_York],NA,2021-02-07,57687,Sunday
1807,<A>,50,2021-02-07T16:01:45-05:00[America/New_York],2021-02-07T16:02:35-05:00[America/New_York],NA,2021-02-07,57705,Sunday
1807,B,19,2021-02-07T16:02:35-05:00[America/New_York],2021-02-07T16:02:54-05:00[America/New_York],NA,2021-02-07,57755,Sunday
1807,C,24,2021-02-07T16:02:54-05:00[America/New_York],2021-02-07T16:03:18-05:00[America/New_York],NA,2021-02-07,57774,Sunday
1807,<A>,62,2021-02-07T16:03:18-05:00[America/New_York],2021-02-07T16:04:20-05:00[America/New_York],NA,2021-02-07,57798,Sunday
1807,B,16,2021-02-07T16:04:20-05:00[America/New_York],2021-02-07T16:04:36-05:00[America/New_York],Yes,2021-02-07,57860,Sunday
1807,C,46,2021-02-07T16:04:36-05:00[America/New_York],2021-02-07T16:05:22-05:00[America/New_York],NA,2021-02-07,57876,Sunday
1807,<A>,55,2021-02-07T16:05:22-05:00[America/New_York],2021-02-07T16:06:17-05:00[America/New_York],NA,2021-02-07,57922,Sunday
1807,B,21,2021-02-07T16:06:17-05:00[America/New_York],2021-02-07T16:06:38-05:00[America/New_York],NA,2021-02-07,57977,Sunday
1807,C,46,2021-02-07T16:06:38-05:00[America/New_York],2021-02-07T16:07:24-05:00[America/New_York],NA,2021-02-07,57998,Sunday
1807,<A>,67,2021-02-07T16:07:24-05:00[America/New_York],2021-02-07T16:08:31-05:00[America/New_York],NA,2021-02-07,58044,Sunday
1807,C,31,2021-02-07T16:08:31-05:00[America/New_York],2021-02-07T16:09:02-05:00[America/New_York],Yes,2021-02-07,58111,Sunday
1807,<A>,61,2021-02-07T16:09:02-05:00[America/New_York],2021-02-07T16:10:03-05:00[America/New_York],Yes,2021-02-07,58142,Sunday
1807,B,9,2021-02-07T16:10:03-05:00[America/New_York],2021-02-07T16:10:12-05:00[America/New_York],Yes,2021-02-07,58203,Sunday
1807,C,19,2021-02-07T16:10:12-05:00[America/New_York],2021-02-07T16:10:31-05:00[America/New_York],Yes,2021-02-07,58212,Sunday
1807,<A>,67,2021-02-07T16:10:31-05:00[America/New_York],2021-02-07T16:11:38-05:00[America/New_York],Yes,2021-02-07,58231,Sunday
1807,B,16,2021-02-07T16:11:38-05:00[America/New_York],2021-02-07T16:11:54-05:00[America/New_York],Yes,2021-02-07,58298,Sunday
1807,C,19,2021-02-07T16:11:54-05:00[America/New_York],2021-02-07T16:12:13-05:00[America/New_York],Yes,2021-02-07,58314,Sunday
1807,<A>,53,2021-02-07T16:12:13-05:00[America/New_York],2021-02-07T16:13:06-05:00[America/New_York],Yes,2021-02-07,58333,Sunday
1807,B,17,2021-02-07T16:13:06-05:00[America/New_York],2021-02-07T16:13:23-05:00[America/New_York],NA,2021-02-07,58386,Sunday
1807,C,15,2021-02-07T16:13:23-05:00[America/New_York],2021-02-07T16:13:38-05:00[America/New_York],Yes,2021-02-07,58403,Sunday
1807,<A>,52,2021-02-07T16:13:38-05:00[America/New_York],2021-02-07T16:14:30-05:00[America/New_York],Yes,2021-02-07,58418,Sunday
1807,B,12,2021-02-07T16:14:30-05:00[America/New_York],2021-02-07T16:14:42-05:00[America/New_York],Yes,2021-02-07,58470,Sunday
1807,C,22,2021-02-07T16:14:42-05:00[America/New_York],2021-02-07T16:15:04-05:00[America/New_York],Yes,2021-02-07,58482,Sunday
1807,<A>,66,2021-02-07T16:15:04-05:00[America/New_York],2021-02-07T16:16:10-05:00[America/New_York],Yes,2021-02-07,58504,Sunday
1807,B,9,2021-02-07T16:16:10-05:00[America/New_York],2021-02-07T16:16:19-05:00[America/New_York],Yes,2021-02-07,58570,Sunday
1807,C,34,2021-02-07T16:16:19-05:00[America/New_York],2021-02-07T16:16:53-05:00[America/New_York],NA,2021-02-07,58579,Sunday
1807,<A>,57,2021-02-07T16:16:53-05:00[America/New_York],2021-02-07T16:17:50-05:00[America/New_York],NA,2021-02-07,58613,Sunday
1807,B,19,2021-02-07T16:17:50-05:00[America/New_York],2021-02-07T16:18:09-05:00[America/New_York],NA,2021-02-07,58670,Sunday
1807,C,21,2021-02-07T16:18:09-05:00[America/New_York],2021-02-07T16:18:30-05:00[America/New_York],NA,2021-02-07,58689,Sunday
1807,<A>,60,2021-02-07T16:18:30-05:00[America/New_York],2021-02-07T16:19:30-05:00[America/New_York],NA,2021-02-07,58710,Sunday
1807,B,16,2021-02-07T16:19:30-05:00[America/New_York],2021-02-07T16:19:46-05:00[America/New_York],NA,2021-02-07,58770,Sunday
1807,C,21,2021-02-07T16:19:46-05:00[America/New_York],2021-02-07T16:20:07-05:00[America/New_York],NA,2021-02-07,58786,Sunday
1807,<A>,63,2021-02-07T16:20:07-05:00[America/New_York],2021-02-07T16:21:10-05:00[America/New_York],NA,2021-02-07,58807,Sunday
1807,B,10,2021-02-07T16:21:10-05:00[America/New_York],2021-02-07T16:21:20-05:00[America/New_York],Yes,2021-02-07,58870,Sunday
1807,C,22,2021-02-07T16:21:20-05:00[America/New_York],2021-02-07T16:21:42-05:00[America/New_York],Yes,2021-02-07,58880,Sunday
1807,<A>,59,2021-02-07T16:21:42-05:00[America/New_York],2021-02-07T16:22:41-05:00[America/New_York],Yes,2021-02-07,58902,Sunday
1807,C,19,2021-02-07T16:22:41-05:00[America/New_York],2021-02-07T16:23:00-05:00[America/New_York],Yes,2021-02-07,58961,Sunday
1807,<A>,58,2021-02-07T16:23:00-05:00[America/New_York],2021-02-07T16:23:58-05:00[America/New_York],Yes,2021-02-07,58980,Sunday
1807,B,15,2021-02-07T16:23:58-05:00[America/New_York],2021-02-07T16:24:13-05:00[America/New_York],NA,2021-02-07,59038,Sunday
1807,C,15,2021-02-07T16:24:13-05:00[America/New_York],2021-02-07T16:24:28-05:00[America/New_York],Yes,2021-02-07,59053,Sunday
1807,<A>,59,2021-02-07T16:24:28-05:00[America/New_York],2021-02-07T16:25:27-05:00[America/New_York],Yes,2021-02-07,59068,Sunday
1807,B,15,2021-02-07T16:25:27-05:00[America/New_York],2021-02-07T16:25:42-05:00[America/New_York],NA,2021-02-07,59127,Sunday
1807,C,19,2021-02-07T16:25:42-05:00[America/New_York],2021-02-07T16:26:01-05:00[America/New_York],Yes,2021-02-07,59142,Sunday
1807,<A>,70,2021-02-07T16:26:01-05:00[America/New_York],2021-02-07T16:27:11-05:00[America/New_York],NA,2021-02-07,59161,Sunday
1807,C,26,2021-02-07T16:27:11-05:00[America/New_York],2021-02-07T16:27:37-05:00[America/New_York],Yes,2021-02-07,59231,Sunday
1807,<A>,57,2021-02-07T16:27:37-05:00[America/New_York],2021-02-07T16:28:34-05:00[America/New_York],Yes,2021-02-07,59257,Sunday
1807,B,16,2021-02-07T16:28:34-05:00[America/New_York],2021-02-07T16:28:50-05:00[America/New_York],NA,2021-02-07,59314,Sunday
1807,C,27,2021-02-07T16:28:50-05:00[America/New_York],2021-02-07T16:29:17-05:00[America/New_York],NA,2021-02-07,59330,Sunday
1807,<A>,63,2021-02-07T16:29:17-05:00[America/New_York],2021-02-07T16:30:20-05:00[America/New_York],Yes,2021-02-07,59357,Sunday
1807,B,14,2021-02-07T16:30:20-05:00[America/New_York],2021-02-07T16:30:34-05:00[America/New_York],Yes,2021-02-07,59420,Sunday
1807,C,23,2021-02-07T16:30:34-05:00[America/New_York],2021-02-07T16:30:57-05:00[America/New_York],NA,2021-02-07,59434,Sunday
1807,<A>,58,2021-02-07T16:30:57-05:00[America/New_York],2021-02-07T16:31:55-05:00[America/New_York],Yes,2021-02-07,59457,Sunday
1807,B,15,2021-02-07T16:31:55-05:00[America/New_York],2021-02-07T16:32:10-05:00[America/New_York],Yes,2021-02-07,59515,Sunday
1807,C,27,2021-02-07T16:32:10-05:00[America/New_York],2021-02-07T16:32:37-05:00[America/New_York],NA,2021-02-07,59530,Sunday
1807,<A>,66,2021-02-07T16:32:37-05:00[America/New_York],2021-02-07T16:33:43-05:00[America/New_York],NA,2021-02-07,59557,Sunday
1807,B,16,2021-02-07T16:33:43-05:00[America/New_York],2021-02-07T16:33:59-05:00[America/New_York],NA,2021-02-07,59623,Sunday
1807,C,15,2021-02-07T16:33:59-05:00[America/New_York],2021-02-07T16:34:14-05:00[America/New_York],Yes,2021-02-07,59639,Sunday
1807,<A>,54,2021-02-07T16:34:14-05:00[America/New_York],2021-02-07T16:35:08-05:00[America/New_York],Yes,2021-02-07,59654,Sunday
1807,B,13,2021-02-07T16:35:08-05:00[America/New_York],2021-02-07T16:35:21-05:00[America/New_York],Yes,2021-02-07,59708,Sunday
1807,C,20,2021-02-07T16:35:21-05:00[America/New_York],2021-02-07T16:35:41-05:00[America/New_York],Yes,2021-02-07,59721,Sunday
1807,<A>,54,2021-02-07T16:35:41-05:00[America/New_York],2021-02-07T16:36:35-05:00[America/New_York],Yes,2021-02-07,59741,Sunday
1807,B,16,2021-02-07T16:36:35-05:00[America/New_York],2021-02-07T16:36:51-05:00[America/New_York],NA,2021-02-07,59795,Sunday
1807,C,16,2021-02-07T16:36:51-05:00[America/New_York],2021-02-07T16:37:07-05:00[America/New_York],Yes,2021-02-07,59811,Sunday
1807,<A>,60,2021-02-07T16:37:07-05:00[America/New_York],2021-02-07T16:38:07-05:00[America/New_York],Yes,2021-02-07,59827,Sunday
1807,B,12,2021-02-07T16:38:07-05:00[America/New_York],2021-02-07T16:38:19-05:00[America/New_York],Yes,2021-02-07,59887,Sunday
1807,C,25,2021-02-07T16:38:19-05:00[America/New_York],2021-02-07T16:38:44-05:00[America/New_York],Yes,2021-02-07,59899,Sunday
1807,<A>,68,2021-02-07T16:38:44-05:00[America/New_York],2021-02-07T16:39:52-05:00[America/New_York],Yes,2021-02-07,59924,Sunday
1807,B,11,2021-02-07T16:39:52-05:00[America/New_York],2021-02-07T16:40:03-05:00[America/New_York],Yes,2021-02-07,59992,Sunday
1807,C,18,2021-02-07T16:40:03-05:00[America/New_York],2021-02-07T16:40:21-05:00[America/New_York],Yes,2021-02-07,60003,Sunday
1807,<A>,71,2021-02-07T16:40:21-05:00[America/New_York],2021-02-07T16:41:32-05:00[America/New_York],NA,2021-02-07,60021,Sunday
1807,B,9,2021-02-07T16:41:32-05:00[America/New_York],2021-02-07T16:41:41-05:00[America/New_York],Yes,2021-02-07,60092,Sunday
1807,C,47,2021-02-07T16:41:41-05:00[America/New_York],2021-02-07T16:42:28-05:00[America/New_York],NA,2021-02-07,60101,Sunday
1807,<A>,42,2021-02-07T16:42:28-05:00[America/New_York],2021-02-07T16:43:10-05:00[America/New_York],NA,2021-02-07,60148,Sunday
1807,C,23,2021-02-07T16:43:10-05:00[America/New_York],2021-02-07T16:43:33-05:00[America/New_York],Yes,2021-02-07,60190,Sunday
1807,<A>,46,2021-02-07T16:43:33-05:00[America/New_York],2021-02-07T16:44:19-05:00[America/New_York],NA,2021-02-07,60213,Sunday
1807,B,24,2021-02-07T16:44:19-05:00[America/New_York],2021-02-07T16:44:43-05:00[America/New_York],NA,2021-02-07,60259,Sunday
1807,C,18,2021-02-07T16:44:43-05:00[America/New_York],2021-02-07T16:45:01-05:00[America/New_York],NA,2021-02-07,60283,Sunday
1807,<A>,59,2021-02-07T16:45:01-05:00[America/New_York],2021-02-07T16:46:00-05:00[America/New_York],NA,2021-02-07,60301,Sunday
1807,C,30,2021-02-07T16:46:00-05:00[America/New_York],2021-02-07T16:46:30-05:00[America/New_York],Yes,2021-02-07,60360,Sunday
1807,<A>,62,2021-02-07T16:46:30-05:00[America/New_York],2021-02-07T16:47:32-05:00[America/New_York],NA,2021-02-07,60390,Sunday
1807,B,9,2021-02-07T16:47:32-05:00[America/New_York],2021-02-07T16:47:41-05:00[America/New_York],Yes,2021-02-07,60452,Sunday
1807,C,24,2021-02-07T16:47:41-05:00[America/New_York],2021-02-07T16:48:05-05:00[America/New_York],Yes,2021-02-07,60461,Sunday
1807,<A>,66,2021-02-07T16:48:05-05:00[America/New_York],2021-02-07T16:49:11-05:00[America/New_York],NA,2021-02-07,60485,Sunday
1807,B,20,2021-02-07T16:49:11-05:00[America/New_York],2021-02-07T16:49:31-05:00[America/New_York],Yes,2021-02-07,60551,Sunday
1807,C,20,2021-02-07T16:49:31-05:00[America/New_York],2021-02-07T16:49:51-05:00[America/New_York],Yes,2021-02-07,60571,Sunday
1807,<A>,60,2021-02-07T16:49:51-05:00[America/New_York],2021-02-07T16:50:51-05:00[America/New_York],Yes,2021-02-07,60591,Sunday
1807,C,21,2021-02-07T16:50:51-05:00[America/New_York],2021-02-07T16:51:12-05:00[America/New_York],Yes,2021-02-07,60651,Sunday
1807,<A>,72,2021-02-07T16:51:12-05:00[America/New_York],2021-02-07T16:52:24-05:00[America/New_York],NA,2021-02-07,60672,Sunday
1807,B,17,2021-02-07T16:52:24-05:00[America/New_York],2021-02-07T16:52:41-05:00[America/New_York],NA,2021-02-07,60744,Sunday
1807,C,20,2021-02-07T16:52:41-05:00[America/New_York],2021-02-07T16:53:01-05:00[America/New_York],NA,2021-02-07,60761,Sunday
1807,<A>,64,2021-02-07T16:53:01-05:00[America/New_York],2021-02-07T16:54:05-05:00[America/New_York],NA,2021-02-07,60781,Sunday
1807,B,17,2021-02-07T16:54:05-05:00[America/New_York],2021-02-07T16:54:22-05:00[America/New_York],NA,2021-02-07,60845,Sunday
1807,C,21,2021-02-07T16:54:22-05:00[America/New_York],2021-02-07T16:54:43-05:00[America/New_York],NA,2021-02-07,60862,Sunday
1807,<A>,60,2021-02-07T16:54:43-05:00[America/New_York],2021-02-07T16:55:43-05:00[America/New_York],NA,2021-02-07,60883,Sunday
1807,B,12,2021-02-07T16:55:43-05:00[America/New_York],2021-02-07T16:55:55-05:00[America/New_York],Yes,2021-02-07,60943,Sunday
1807,C,28,2021-02-07T16:55:55-05:00[America/New_York],2021-02-07T16:56:23-05:00[America/New_York],NA,2021-02-07,60955,Sunday
1807,<A>,58,2021-02-07T16:56:23-05:00[America/New_York],2021-02-07T16:57:21-05:00[America/New_York],NA,2021-02-07,60983,Sunday
1807,B,17,2021-02-07T16:57:21-05:00[America/New_York],2021-02-07T16:57:38-05:00[America/New_York],NA,2021-02-07,61041,Sunday
1807,C,28,2021-02-07T16:57:38-05:00[America/New_York],2021-02-07T16:58:06-05:00[America/New_York],NA,2021-02-07,61058,Sunday
1807,<A>,55,2021-02-07T16:58:06-05:00[America/New_York],2021-02-07T16:59:01-05:00[America/New_York],NA,2021-02-07,61086,Sunday
1807,B,13,2021-02-07T16:59:01-05:00[America/New_York],2021-02-07T16:59:14-05:00[America/New_York],Yes,2021-02-07,61141,Sunday
1807,C,32,2021-02-07T16:59:14-05:00[America/New_York],2021-02-07T16:59:46-05:00[America/New_York],NA,2021-02-07,61154,Sunday
1807,<A>,52,2021-02-07T16:59:46-05:00[America/New_York],2021-02-07T17:00:38-05:00[America/New_York],NA,2021-02-07,61186,Sunday
1807,B,15,2021-02-07T17:00:38-05:00[America/New_York],2021-02-07T17:00:53-05:00[America/New_York],Yes,2021-02-07,61238,Sunday
1807,C,22,2021-02-07T17:00:53-05:00[America/New_York],2021-02-07T17:01:15-05:00[America/New_York],Yes,2021-02-07,61253,Sunday
1807,<A>,69,2021-02-07T17:01:15-05:00[America/New_York],2021-02-07T17:02:24-05:00[America/New_York],NA,2021-02-07,61275,Sunday
1807,C,19,2021-02-07T17:02:24-05:00[America/New_York],2021-02-07T17:02:43-05:00[America/New_York],Yes,2021-02-07,61344,Sunday
1807,<A>,87,2021-02-07T17:02:43-05:00[America/New_York],2021-02-07T17:04:10-05:00[America/New_York],NA,2021-02-07,61363,Sunday
1807,B,11,2021-02-07T17:04:10-05:00[America/New_York],2021-02-07T17:04:21-05:00[America/New_York],Yes,2021-02-07,61450,Sunday
1807,C,23,2021-02-07T17:04:21-05:00[America/New_York],2021-02-07T17:04:44-05:00[America/New_York],Yes,2021-02-07,61461,Sunday
1807,<A>,69,2021-02-07T17:04:44-05:00[America/New_York],2021-02-07T17:05:53-05:00[America/New_York],NA,2021-02-07,61484,Sunday
1807,C,35,2021-02-07T17:05:53-05:00[America/New_York],2021-02-07T17:06:28-05:00[America/New_York],Yes,2021-02-07,61553,Sunday
1807,<A>,62,2021-02-07T17:06:28-05:00[America/New_York],2021-02-07T17:07:30-05:00[America/New_York],NA,2021-02-07,61588,Sunday
1807,B,14,2021-02-07T17:07:30-05:00[America/New_York],2021-02-07T17:07:44-05:00[America/New_York],Yes,2021-02-07,61650,Sunday
1807,C,26,2021-02-07T17:07:44-05:00[America/New_York],2021-02-07T17:08:10-05:00[America/New_York],Yes,2021-02-07,61664,Sunday
1807,<A>,63,2021-02-07T17:08:10-05:00[America/New_York],2021-02-07T17:09:13-05:00[America/New_York],NA,2021-02-07,61690,Sunday
1807,B,24,2021-02-07T17:09:13-05:00[America/New_York],2021-02-07T17:09:37-05:00[America/New_York],NA,2021-02-07,61753,Sunday
1807,C,25,2021-02-07T17:09:37-05:00[America/New_York],2021-02-07T17:10:02-05:00[America/New_York],NA,2021-02-07,61777,Sunday
1807,<A>,62,2021-02-07T17:10:02-05:00[America/New_York],2021-02-07T17:11:04-05:00[America/New_York],NA,2021-02-07,61802,Sunday
1807,B,15,2021-02-07T17:11:04-05:00[America/New_York],2021-02-07T17:11:19-05:00[America/New_York],Yes,2021-02-07,61864,Sunday
1807,C,21,2021-02-07T17:11:19-05:00[America/New_York],2021-02-07T17:11:40-05:00[America/New_York],Yes,2021-02-07,61879,Sunday
1807,<A>,64,2021-02-07T17:11:40-05:00[America/New_York],2021-02-07T17:12:44-05:00[America/New_York],NA,2021-02-07,61900,Sunday
1807,B,16,2021-02-07T17:12:44-05:00[America/New_York],2021-02-07T17:13:00-05:00[America/New_York],Yes,2021-02-07,61964,Sunday
1807,C,21,2021-02-07T17:13:00-05:00[America/New_York],2021-02-07T17:13:21-05:00[America/New_York],Yes,2021-02-07,61980,Sunday
1807,<A>,73,2021-02-07T17:13:21-05:00[America/New_York],2021-02-07T17:14:34-05:00[America/New_York],NA,2021-02-07,62001,Sunday
1807,B,15,2021-02-07T17:14:34-05:00[America/New_York],2021-02-07T17:14:49-05:00[America/New_York],Yes,2021-02-07,62074,Sunday
1807,C,23,2021-02-07T17:14:49-05:00[America/New_York],2021-02-07T17:15:12-05:00[America/New_York],Yes,2021-02-07,62089,Sunday
1807,<A>,56,2021-02-07T17:15:12-05:00[America/New_York],2021-02-07T17:16:08-05:00[America/New_York],NA,2021-02-07,62112,Sunday
1807,B,22,2021-02-07T17:16:08-05:00[America/New_York],2021-02-07T17:16:30-05:00[America/New_York],Yes,2021-02-07,62168,Sunday
1807,C,21,2021-02-07T17:16:30-05:00[America/New_York],2021-02-07T17:16:51-05:00[America/New_York],Yes,2021-02-07,62190,Sunday
1807,<A>,69,2021-02-07T17:16:51-05:00[America/New_York],2021-02-07T17:18:00-05:00[America/New_York],NA,2021-02-07,62211,Sunday
1807,B,15,2021-02-07T17:18:00-05:00[America/New_York],2021-02-07T17:18:15-05:00[America/New_York],Yes,2021-02-07,62280,Sunday
1807,C,25,2021-02-07T17:18:15-05:00[America/New_York],2021-02-07T17:18:40-05:00[America/New_York],Yes,2021-02-07,62295,Sunday
1807,<A>,76,2021-02-07T17:18:40-05:00[America/New_York],2021-02-07T17:19:56-05:00[America/New_York],NA,2021-02-07,62320,Sunday
1807,B,12,2021-02-07T17:19:56-05:00[America/New_York],2021-02-07T17:20:08-05:00[America/New_York],Yes,2021-02-07,62396,Sunday
1807,C,21,2021-02-07T17:20:08-05:00[America/New_York],2021-02-07T17:20:29-05:00[America/New_York],Yes,2021-02-07,62408,Sunday
1807,<A>,98,2021-02-07T17:20:29-05:00[America/New_York],2021-02-07T17:22:07-05:00[America/New_York],NA,2021-02-07,62429,Sunday
1807,B,17,2021-02-07T17:22:07-05:00[America/New_York],2021-02-07T17:22:24-05:00[America/New_York],Yes,2021-02-07,62527,Sunday
1807,C,35,2021-02-07T17:22:24-05:00[America/New_York],2021-02-07T17:22:59-05:00[America/New_York],Yes,2021-02-07,62544,Sunday
1807,<A>,81,2021-02-07T17:22:59-05:00[America/New_York],2021-02-07T17:24:20-05:00[America/New_York],NA,2021-02-07,62579,Sunday
1807,B,20,2021-02-07T17:24:20-05:00[America/New_York],2021-02-07T17:24:40-05:00[America/New_York],NA,2021-02-07,62660,Sunday
1807,C,29,2021-02-07T17:24:40-05:00[America/New_York],2021-02-07T17:25:09-05:00[America/New_York],NA,2021-02-07,62680,Sunday
1807,<A>,77,2021-02-07T17:25:09-05:00[America/New_York],2021-02-07T17:26:26-05:00[America/New_York],NA,2021-02-07,62709,Sunday
1807,B,10,2021-02-07T17:26:26-05:00[America/New_York],2021-02-07T17:26:36-05:00[America/New_York],Yes,2021-02-07,62786,Sunday
1807,C,30,2021-02-07T17:26:36-05:00[America/New_York],2021-02-07T17:27:06-05:00[America/New_York],Yes,2021-02-07,62796,Sunday
1807,<A>,68,2021-02-07T17:27:06-05:00[America/New_York],2021-02-07T17:28:14-05:00[America/New_York],NA,2021-02-07,62826,Sunday
1807,B,15,2021-02-07T17:28:14-05:00[America/New_York],2021-02-07T17:28:29-05:00[America/New_York],Yes,2021-02-07,62894,Sunday
1807,C,25,2021-02-07T17:28:29-05:00[America/New_York],2021-02-07T17:28:54-05:00[America/New_York],Yes,2021-02-07,62909,Sunday
1807,<A>,70,2021-02-07T17:28:54-05:00[America/New_York],2021-02-07T17:30:04-05:00[America/New_York],NA,2021-02-07,62934,Sunday
1807,B,14,2021-02-07T17:30:04-05:00[America/New_York],2021-02-07T17:30:18-05:00[America/New_York],Yes,2021-02-07,63004,Sunday
1807,C,29,2021-02-07T17:30:18-05:00[America/New_York],2021-02-07T17:30:47-05:00[America/New_York],Yes,2021-02-07,63018,Sunday
1807,<A>,68,2021-02-07T17:30:47-05:00[America/New_York],2021-02-07T17:31:55-05:00[America/New_York],NA,2021-02-07,63047,Sunday
1807,B,14,2021-02-07T17:31:55-05:00[America/New_York],2021-02-07T17:32:09-05:00[America/New_York],Yes,2021-02-07,63115,Sunday
1807,C,21,2021-02-07T17:32:09-05:00[America/New_York],2021-02-07T17:32:30-05:00[America/New_York],Yes,2021-02-07,63129,Sunday
1807,<A>,76,2021-02-07T17:32:30-05:00[America/New_York],2021-02-07T17:33:46-05:00[America/New_York],NA,2021-02-07,63150,Sunday
1807,B,16,2021-02-07T17:33:46-05:00[America/New_York],2021-02-07T17:34:02-05:00[America/New_York],Yes,2021-02-07,63226,Sunday
1807,C,21,2021-02-07T17:34:02-05:00[America/New_York],2021-02-07T17:34:23-05:00[America/New_York],Yes,2021-02-07,63242,Sunday
1807,<A>,72,2021-02-07T17:34:23-05:00[America/New_York],2021-02-07T17:35:35-05:00[America/New_York],NA,2021-02-07,63263,Sunday
1807,B,12,2021-02-07T17:35:35-05:00[America/New_York],2021-02-07T17:35:47-05:00[America/New_York],Yes,2021-02-07,63335,Sunday
1807,C,34,2021-02-07T17:35:47-05:00[America/New_York],2021-02-07T17:36:21-05:00[America/New_York],Yes,2021-02-07,63347,Sunday
1807,<A>,60,2021-02-07T17:36:21-05:00[America/New_York],2021-02-07T17:37:21-05:00[America/New_York],NA,2021-02-07,63381,Sunday
1807,C,27,2021-02-07T17:37:21-05:00[America/New_York],2021-02-07T17:37:48-05:00[America/New_York],Yes,2021-02-07,63441,Sunday
1807,<A>,80,2021-02-07T17:37:48-05:00[America/New_York],2021-02-07T17:39:08-05:00[America/New_York],NA,2021-02-07,63468,Sunday
1807,B,14,2021-02-07T17:39:08-05:00[America/New_York],2021-02-07T17:39:22-05:00[America/New_York],Yes,2021-02-07,63548,Sunday
1807,C,22,2021-02-07T17:39:22-05:00[America/New_York],2021-02-07T17:39:44-05:00[America/New_York],Yes,2021-02-07,63562,Sunday
1807,<A>,86,2021-02-07T17:39:44-05:00[America/New_York],2021-02-07T17:41:10-05:00[America/New_York],NA,2021-02-07,63584,Sunday
1807,B,14,2021-02-07T17:41:10-05:00[America/New_York],2021-02-07T17:41:24-05:00[America/New_York],Yes,2021-02-07,63670,Sunday
1807,C,28,2021-02-07T17:41:24-05:00[America/New_York],2021-02-07T17:41:52-05:00[America/New_York],NA,2021-02-07,63684,Sunday
1807,<A>,62,2021-02-07T17:41:52-05:00[America/New_York],2021-02-07T17:42:54-05:00[America/New_York],NA,2021-02-07,63712,Sunday
1807,B,16,2021-02-07T17:42:54-05:00[America/New_York],2021-02-07T17:43:10-05:00[America/New_York],NA,2021-02-07,63774,Sunday
1807,C,16,2021-02-07T17:43:10-05:00[America/New_York],2021-02-07T17:43:26-05:00[America/New_York],Yes,2021-02-07,63790,Sunday
1807,<A>,75,2021-02-07T17:43:26-05:00[America/New_York],2021-02-07T17:44:41-05:00[America/New_York],NA,2021-02-07,63806,Sunday
1807,B,11,2021-02-07T17:44:41-05:00[America/New_York],2021-02-07T17:44:52-05:00[America/New_York],Yes,2021-02-07,63881,Sunday
1807,C,24,2021-02-07T17:44:52-05:00[America/New_York],2021-02-07T17:45:16-05:00[America/New_York],Yes,2021-02-07,63892,Sunday
1807,<A>,75,2021-02-07T17:45:16-05:00[America/New_York],2021-02-07T17:46:31-05:00[America/New_York],NA,2021-02-07,63916,Sunday
1807,B,17,2021-02-07T17:46:31-05:00[America/New_York],2021-02-07T17:46:48-05:00[America/New_York],Yes,2021-02-07,63991,Sunday
1807,C,17,2021-02-07T17:46:48-05:00[America/New_York],2021-02-07T17:47:05-05:00[America/New_York],Yes,2021-02-07,64008,Sunday
1807,<A>,55,2021-02-07T17:47:05-05:00[America/New_York],2021-02-07T17:48:00-05:00[America/New_York],NA,2021-02-07,64025,Sunday
1807,B,12,2021-02-07T17:48:00-05:00[America/New_York],2021-02-07T17:48:12-05:00[America/New_York],Yes,2021-02-07,64080,Sunday
1807,C,16,2021-02-07T17:48:12-05:00[America/New_York],2021-02-07T17:48:28-05:00[America/New_York],Yes,2021-02-07,64092,Sunday
1807,<A>,73,2021-02-07T17:48:28-05:00[America/New_York],2021-02-07T17:49:41-05:00[America/New_York],NA,2021-02-07,64108,Sunday
1807,B,14,2021-02-07T17:49:41-05:00[America/New_York],2021-02-07T17:49:55-05:00[America/New_York],Yes,2021-02-07,64181,Sunday
1807,C,24,2021-02-07T17:49:55-05:00[America/New_York],2021-02-07T17:50:19-05:00[America/New_York],Yes,2021-02-07,64195,Sunday
1807,<A>,70,2021-02-07T17:50:19-05:00[America/New_York],2021-02-07T17:51:29-05:00[America/New_York],NA,2021-02-07,64219,Sunday
1807,B,12,2021-02-07T17:51:29-05:00[America/New_York],2021-02-07T17:51:41-05:00[America/New_York],Yes,2021-02-07,64289,Sunday
1807,C,15,2021-02-07T17:51:41-05:00[America/New_York],2021-02-07T17:51:56-05:00[America/New_York],Yes,2021-02-07,64301,Sunday
1807,<A>,78,2021-02-07T17:51:56-05:00[America/New_York],2021-02-07T17:53:14-05:00[America/New_York],NA,2021-02-07,64316,Sunday
1807,B,13,2021-02-07T17:53:14-05:00[America/New_York],2021-02-07T17:53:27-05:00[America/New_York],Yes,2021-02-07,64394,Sunday
1807,C,17,2021-02-07T17:53:27-05:00[America/New_York],2021-02-07T17:53:44-05:00[America/New_York],Yes,2021-02-07,64407,Sunday
1807,<A>,77,2021-02-07T17:53:44-05:00[America/New_York],2021-02-07T17:55:01-05:00[America/New_York],NA,2021-02-07,64424,Sunday
1807,B,17,2021-02-07T17:55:01-05:00[America/New_York],2021-02-07T17:55:18-05:00[America/New_York],NA,2021-02-07,64501,Sunday
1807,C,21,2021-02-07T17:55:18-05:00[America/New_York],2021-02-07T17:55:39-05:00[America/New_York],NA,2021-02-07,64518,Sunday
1807,<A>,66,2021-02-07T17:55:39-05:00[America/New_York],2021-02-07T17:56:45-05:00[America/New_York],NA,2021-02-07,64539,Sunday
1807,B,15,2021-02-07T17:56:45-05:00[America/New_York],2021-02-07T17:57:00-05:00[America/New_York],Yes,2021-02-07,64605,Sunday
1807,C,18,2021-02-07T17:57:00-05:00[America/New_York],2021-02-07T17:57:18-05:00[America/New_York],NA,2021-02-07,64620,Sunday
1807,<A>,68,2021-02-07T17:57:18-05:00[America/New_York],2021-02-07T17:58:26-05:00[America/New_York],NA,2021-02-07,64638,Sunday
1807,B,16,2021-02-07T17:58:26-05:00[America/New_York],2021-02-07T17:58:42-05:00[America/New_York],NA,2021-02-07,64706,Sunday
1807,C,17,2021-02-07T17:58:42-05:00[America/New_York],2021-02-07T17:58:59-05:00[America/New_York],NA,2021-02-07,64722,Sunday
1807,<A>,67,2021-02-07T17:58:59-05:00[America/New_York],2021-02-07T18:00:06-05:00[America/New_York],NA,2021-02-07,64739,Sunday
1807,B,16,2021-02-07T18:00:06-05:00[America/New_York],2021-02-07T18:00:22-05:00[America/New_York],NA,2021-02-07,64806,Sunday
1807,C,19,2021-02-07T18:00:22-05:00[America/New_York],2021-02-07T18:00:41-05:00[America/New_York],NA,2021-02-07,64822,Sunday
1807,<A>,56,2021-02-07T18:00:41-05:00[America/New_York],2021-02-07T18:01:37-05:00[America/New_York],NA,2021-02-07,64841,Sunday
1807,B,15,2021-02-07T18:01:37-05:00[America/New_York],2021-02-07T18:01:52-05:00[America/New_York],Yes,2021-02-07,64897,Sunday
1807,C,30,2021-02-07T18:01:52-05:00[America/New_York],2021-02-07T18:02:22-05:00[America/New_York],NA,2021-02-07,64912,Sunday
1807,<A>,53,2021-02-07T18:02:22-05:00[America/New_York],2021-02-07T18:03:15-05:00[America/New_York],NA,2021-02-07,64942,Sunday
1807,B,21,2021-02-07T18:03:15-05:00[America/New_York],2021-02-07T18:03:36-05:00[America/New_York],Yes,2021-02-07,64995,Sunday
1807,C,19,2021-02-07T18:03:36-05:00[America/New_York],2021-02-07T18:03:55-05:00[America/New_York],Yes,2021-02-07,65016,Sunday
1807,<A>,60,2021-02-07T18:03:55-05:00[America/New_York],2021-02-07T18:04:55-05:00[America/New_York],NA,2021-02-07,65035,Sunday
1807,B,15,2021-02-07T18:04:55-05:00[America/New_York],2021-02-07T18:05:10-05:00[America/New_York],Yes,2021-02-07,65095,Sunday
1807,C,24,2021-02-07T18:05:10-05:00[America/New_York],2021-02-07T18:05:34-05:00[America/New_York],Yes,2021-02-07,65110,Sunday
1807,<A>,63,2021-02-07T18:05:34-05:00[America/New_York],2021-02-07T18:06:37-05:00[America/New_York],NA,2021-02-07,65134,Sunday
1807,B,17,2021-02-07T18:06:37-05:00[America/New_York],2021-02-07T18:06:54-05:00[America/New_York],Yes,2021-02-07,65197,Sunday
1807,C,23,2021-02-07T18:06:54-05:00[America/New_York],2021-02-07T18:07:17-05:00[America/New_York],Yes,2021-02-07,65214,Sunday
1807,<A>,62,2021-02-07T18:07:17-05:00[America/New_York],2021-02-07T18:08:19-05:00[America/New_York],NA,2021-02-07,65237,Sunday
1807,B,23,2021-02-07T18:08:19-05:00[America/New_York],2021-02-07T18:08:42-05:00[America/New_York],NA,2021-02-07,65299,Sunday
1807,C,22,2021-02-07T18:08:42-05:00[America/New_York],2021-02-07T18:09:04-05:00[America/New_York],NA,2021-02-07,65322,Sunday
1807,<A>,55,2021-02-07T18:09:04-05:00[America/New_York],2021-02-07T18:09:59-05:00[America/New_York],NA,2021-02-07,65344,Sunday
1807,C,25,2021-02-07T18:09:59-05:00[America/New_York],2021-02-07T18:10:24-05:00[America/New_York],Yes,2021-02-07,65399,Sunday
1807,<A>,65,2021-02-07T18:10:24-05:00[America/New_York],2021-02-07T18:11:29-05:00[America/New_York],Yes,2021-02-07,65424,Sunday
1807,B,10,2021-02-07T18:11:29-05:00[America/New_York],2021-02-07T18:11:39-05:00[America/New_York],Yes,2021-02-07,65489,Sunday
1807,C,34,2021-02-07T18:11:39-05:00[America/New_York],2021-02-07T18:12:13-05:00[America/New_York],Yes,2021-02-07,65499,Sunday
1807,<A>,59,2021-02-07T18:12:13-05:00[America/New_York],2021-02-07T18:13:12-05:00[America/New_York],NA,2021-02-07,65533,Sunday
1807,B,21,2021-02-07T18:13:12-05:00[America/New_York],2021-02-07T18:13:33-05:00[America/New_York],Yes,2021-02-07,65592,Sunday
1807,C,23,2021-02-07T18:13:33-05:00[America/New_York],2021-02-07T18:13:56-05:00[America/New_York],NA,2021-02-07,65613,Sunday
1807,<A>,59,2021-02-07T18:13:56-05:00[America/New_York],2021-02-07T18:14:55-05:00[America/New_York],NA,2021-02-07,65636,Sunday
1807,B,15,2021-02-07T18:14:55-05:00[America/New_York],2021-02-07T18:15:10-05:00[America/New_York],Yes,2021-02-07,65695,Sunday
1807,C,18,2021-02-07T18:15:10-05:00[America/New_York],2021-02-07T18:15:28-05:00[America/New_York],Yes,2021-02-07,65710,Sunday
1807,<A>,46,2021-02-07T18:15:28-05:00[America/New_York],2021-02-07T18:16:14-05:00[America/New_York],Yes,2021-02-07,65728,Sunday
1807,B,16,2021-02-07T18:16:14-05:00[America/New_York],2021-02-07T18:16:30-05:00[America/New_York],NA,2021-02-07,65774,Sunday
1807,C,25,2021-02-07T18:16:30-05:00[America/New_York],2021-02-07T18:16:55-05:00[America/New_York],Yes,2021-02-07,65790,Sunday
1807,<A>,71,2021-02-07T18:16:55-05:00[America/New_York],2021-02-07T18:18:06-05:00[America/New_York],Yes,2021-02-07,65815,Sunday
1807,B,17,2021-02-07T18:18:06-05:00[America/New_York],2021-02-07T18:18:23-05:00[America/New_York],NA,2021-02-07,65886,Sunday
1807,C,18,2021-02-07T18:18:23-05:00[America/New_York],2021-02-07T18:18:41-05:00[America/New_York],NA,2021-02-07,65903,Sunday
1807,<A>,55,2021-02-07T18:18:41-05:00[America/New_York],2021-02-07T18:19:36-05:00[America/New_York],NA,2021-02-07,65921,Sunday
1807,B,24,2021-02-07T18:19:36-05:00[America/New_York],2021-02-07T18:20:00-05:00[America/New_York],NA,2021-02-07,65976,Sunday
1807,C,20,2021-02-07T18:20:00-05:00[America/New_York],2021-02-07T18:20:20-05:00[America/New_York],NA,2021-02-07,66000,Sunday
1807,<A>,56,2021-02-07T18:20:20-05:00[America/New_York],2021-02-07T18:21:16-05:00[America/New_York],NA,2021-02-07,66020,Sunday
1807,B,19,2021-02-07T18:21:16-05:00[America/New_York],2021-02-07T18:21:35-05:00[America/New_York],Yes,2021-02-07,66076,Sunday
1807,C,24,2021-02-07T18:21:35-05:00[America/New_York],2021-02-07T18:21:59-05:00[America/New_York],Yes,2021-02-07,66095,Sunday
1807,<A>,55,2021-02-07T18:21:59-05:00[America/New_York],2021-02-07T18:22:54-05:00[America/New_York],NA,2021-02-07,66119,Sunday
1807,B,13,2021-02-07T18:22:54-05:00[America/New_York],2021-02-07T18:23:07-05:00[America/New_York],Yes,2021-02-07,66174,Sunday
1807,C,19,2021-02-07T18:23:07-05:00[America/New_York],2021-02-07T18:23:26-05:00[America/New_York],Yes,2021-02-07,66187,Sunday
1807,<A>,61,2021-02-07T18:23:26-05:00[America/New_York],2021-02-07T18:24:27-05:00[America/New_York],Yes,2021-02-07,66206,Sunday
1807,B,18,2021-02-07T18:24:27-05:00[America/New_York],2021-02-07T18:24:45-05:00[America/New_York],Yes,2021-02-07,66267,Sunday
1807,C,20,2021-02-07T18:24:45-05:00[America/New_York],2021-02-07T18:25:05-05:00[America/New_York],Yes,2021-02-07,66285,Sunday
1807,<A>,62,2021-02-07T18:25:05-05:00[America/New_York],2021-02-07T18:26:07-05:00[America/New_York],NA,2021-02-07,66305,Sunday
1807,B,18,2021-02-07T18:26:07-05:00[America/New_York],2021-02-07T18:26:25-05:00[America/New_York],NA,2021-02-07,66367,Sunday
1807,C,23,2021-02-07T18:26:25-05:00[America/New_York],2021-02-07T18:26:48-05:00[America/New_York],NA,2021-02-07,66385,Sunday
1807,<A>,59,2021-02-07T18:26:48-05:00[America/New_York],2021-02-07T18:27:47-05:00[America/New_York],NA,2021-02-07,66408,Sunday
1807,B,17,2021-02-07T18:27:47-05:00[America/New_York],2021-02-07T18:28:04-05:00[America/New_York],NA,2021-02-07,66467,Sunday
1807,C,16,2021-02-07T18:28:04-05:00[America/New_York],2021-02-07T18:28:20-05:00[America/New_York],Yes,2021-02-07,66484,Sunday
1807,<A>,60,2021-02-07T18:28:20-05:00[America/New_York],2021-02-07T18:29:20-05:00[America/New_York],Yes,2021-02-07,66500,Sunday
1807,B,16,2021-02-07T18:29:20-05:00[America/New_York],2021-02-07T18:29:36-05:00[America/New_York],Yes,2021-02-07,66560,Sunday
1807,C,16,2021-02-07T18:29:36-05:00[America/New_York],2021-02-07T18:29:52-05:00[America/New_York],Yes,2021-02-07,66576,Sunday
1807,<A>,60,2021-02-07T18:29:52-05:00[America/New_York],2021-02-07T18:30:52-05:00[America/New_York],Yes,2021-02-07,66592,Sunday
1807,B,19,2021-02-07T18:30:52-05:00[America/New_York],2021-02-07T18:31:11-05:00[America/New_York],Yes,2021-02-07,66652,Sunday
1807,C,25,2021-02-07T18:31:11-05:00[America/New_York],2021-02-07T18:31:36-05:00[America/New_York],Yes,2021-02-07,66671,Sunday
1807,<A>,67,2021-02-07T18:31:36-05:00[America/New_York],2021-02-07T18:32:43-05:00[America/New_York],Yes,2021-02-07,66696,Sunday
1807,B,14,2021-02-07T18:32:43-05:00[America/New_York],2021-02-07T18:32:57-05:00[America/New_York],Yes,2021-02-07,66763,Sunday
1807,C,17,2021-02-07T18:32:57-05:00[America/New_York],2021-02-07T18:33:14-05:00[America/New_York],Yes,2021-02-07,66777,Sunday
1807,<A>,69,2021-02-07T18:33:14-05:00[America/New_York],2021-02-07T18:34:23-05:00[America/New_York],NA,2021-02-07,66794,Sunday
1807,B,13,2021-02-07T18:34:23-05:00[America/New_York],2021-02-07T18:34:36-05:00[America/New_York],Yes,2021-02-07,66863,Sunday
1807,C,16,2021-02-07T18:34:36-05:00[America/New_York],2021-02-07T18:34:52-05:00[America/New_York],Yes,2021-02-07,66876,Sunday
1807,<A>,71,2021-02-07T18:34:52-05:00[America/New_York],2021-02-07T18:36:03-05:00[America/New_York],NA,2021-02-07,66892,Sunday
1807,B,16,2021-02-07T18:36:03-05:00[America/New_York],2021-02-07T18:36:19-05:00[America/New_York],Yes,2021-02-07,66963,Sunday
1807,C,24,2021-02-07T18:36:19-05:00[America/New_York],2021-02-07T18:36:43-05:00[America/New_York],Yes,2021-02-07,66979,Sunday
1807,<A>,60,2021-02-07T18:36:43-05:00[America/New_York],2021-02-07T18:37:43-05:00[America/New_York],NA,2021-02-07,67003,Sunday
1807,B,14,2021-02-07T18:37:43-05:00[America/New_York],2021-02-07T18:37:57-05:00[America/New_York],Yes,2021-02-07,67063,Sunday
1807,C,24,2021-02-07T18:37:57-05:00[America/New_York],2021-02-07T18:38:21-05:00[America/New_York],Yes,2021-02-07,67077,Sunday
1807,<A>,57,2021-02-07T18:38:21-05:00[America/New_York],2021-02-07T18:39:18-05:00[America/New_York],Yes,2021-02-07,67101,Sunday
1807,C,17,2021-02-07T18:39:18-05:00[America/New_York],2021-02-07T18:39:35-05:00[America/New_York],Yes,2021-02-07,67158,Sunday
1807,<A>,59,2021-02-07T18:39:35-05:00[America/New_York],2021-02-07T18:40:34-05:00[America/New_York],Yes,2021-02-07,67175,Sunday
1807,B,13,2021-02-07T18:40:34-05:00[America/New_York],2021-02-07T18:40:47-05:00[America/New_York],Yes,2021-02-07,67234,Sunday
1807,C,21,2021-02-07T18:40:47-05:00[America/New_York],2021-02-07T18:41:08-05:00[America/New_York],Yes,2021-02-07,67247,Sunday
1807,<A>,52,2021-02-07T18:41:08-05:00[America/New_York],2021-02-07T18:42:00-05:00[America/New_York],Yes,2021-02-07,67268,Sunday
1807,B,14,2021-02-07T18:42:00-05:00[America/New_York],2021-02-07T18:42:14-05:00[America/New_York],Yes,2021-02-07,67320,Sunday
1807,C,20,2021-02-07T18:42:14-05:00[America/New_York],2021-02-07T18:42:34-05:00[America/New_York],Yes,2021-02-07,67334,Sunday
1807,<A>,56,2021-02-07T18:42:34-05:00[America/New_York],2021-02-07T18:43:30-05:00[America/New_York],Yes,2021-02-07,67354,Sunday
1807,B,9,2021-02-07T18:43:30-05:00[America/New_York],2021-02-07T18:43:39-05:00[America/New_York],Yes,2021-02-07,67410,Sunday
1807,C,18,2021-02-07T18:43:39-05:00[America/New_York],2021-02-07T18:43:57-05:00[America/New_York],Yes,2021-02-07,67419,Sunday
1807,<A>,79,2021-02-07T18:43:57-05:00[America/New_York],2021-02-07T18:45:16-05:00[America/New_York],Yes,2021-02-07,67437,Sunday
1807,C,19,2021-02-07T18:45:16-05:00[America/New_York],2021-02-07T18:45:35-05:00[America/New_York],Yes,2021-02-07,67516,Sunday
1807,<A>,51,2021-02-07T18:45:35-05:00[America/New_York],2021-02-07T18:46:26-05:00[America/New_York],Yes,2021-02-07,67535,Sunday
1807,C,16,2021-02-07T18:46:26-05:00[America/New_York],2021-02-07T18:46:42-05:00[America/New_York],Yes,2021-02-07,67586,Sunday
1807,<A>,72,2021-02-07T18:46:42-05:00[America/New_York],2021-02-07T18:47:54-05:00[America/New_York],NA,2021-02-07,67602,Sunday
1807,B,13,2021-02-07T18:47:54-05:00[America/New_York],2021-02-07T18:48:07-05:00[America/New_York],NA,2021-02-07,67674,Sunday
1807,C,16,2021-02-07T18:48:07-05:00[America/New_York],2021-02-07T18:48:23-05:00[America/New_York],NA,2021-02-07,67687,Sunday
1807,<A>,55,2021-02-07T18:48:23-05:00[America/New_York],2021-02-07T18:49:18-05:00[America/New_York],NA,2021-02-07,67703,Sunday
1807,B,10,2021-02-07T18:49:18-05:00[America/New_York],2021-02-07T18:49:28-05:00[America/New_York],Yes,2021-02-07,67758,Sunday
1807,C,20,2021-02-07T18:49:28-05:00[America/New_York],2021-02-07T18:49:48-05:00[America/New_York],Yes,2021-02-07,67768,Sunday
1807,<A>,67,2021-02-07T18:49:48-05:00[America/New_York],2021-02-07T18:50:55-05:00[America/New_York],Yes,2021-02-07,67788,Sunday
1807,C,22,2021-02-07T18:50:55-05:00[America/New_York],2021-02-07T18:51:17-05:00[America/New_York],Yes,2021-02-07,67855,Sunday
1807,<A>,53,2021-02-07T18:51:17-05:00[America/New_York],2021-02-07T18:52:10-05:00[America/New_York],Yes,2021-02-07,67877,Sunday
1807,C,22,2021-02-07T18:52:10-05:00[America/New_York],2021-02-07T18:52:32-05:00[America/New_York],Yes,2021-02-07,67930,Sunday
1807,<A>,67,2021-02-07T18:52:32-05:00[America/New_York],2021-02-07T18:53:39-05:00[America/New_York],NA,2021-02-07,67952,Sunday
1807,B,16,2021-02-07T18:53:39-05:00[America/New_York],2021-02-07T18:53:55-05:00[America/New_York],NA,2021-02-07,68019,Sunday
1807,C,17,2021-02-07T18:53:55-05:00[America/New_York],2021-02-07T18:54:12-05:00[America/New_York],NA,2021-02-07,68035,Sunday
1807,<A>,58,2021-02-07T18:54:12-05:00[America/New_York],2021-02-07T18:55:10-05:00[America/New_York],Yes,2021-02-07,68052,Sunday
1807,B,16,2021-02-07T18:55:10-05:00[America/New_York],2021-02-07T18:55:26-05:00[America/New_York],NA,2021-02-07,68110,Sunday
1807,C,20,2021-02-07T18:55:26-05:00[America/New_York],2021-02-07T18:55:46-05:00[America/New_York],Yes,2021-02-07,68126,Sunday
1807,<A>,60,2021-02-07T18:55:46-05:00[America/New_York],2021-02-07T18:56:46-05:00[America/New_York],Yes,2021-02-07,68146,Sunday
1807,B,16,2021-02-07T18:56:46-05:00[America/New_York],2021-02-07T18:57:02-05:00[America/New_York],NA,2021-02-07,68206,Sunday
1807,C,24,2021-02-07T18:57:02-05:00[America/New_York],2021-02-07T18:57:26-05:00[America/New_York],NA,2021-02-07,68222,Sunday
1807,<A>,67,2021-02-07T18:57:26-05:00[America/New_York],2021-02-07T18:58:33-05:00[America/New_York],NA,2021-02-07,68246,Sunday
1807,C,20,2021-02-07T18:58:33-05:00[America/New_York],2021-02-07T18:58:53-05:00[America/New_York],Yes,2021-02-07,68313,Sunday
1807,<A>,64,2021-02-07T18:58:53-05:00[America/New_York],2021-02-07T18:59:57-05:00[America/New_York],Yes,2021-02-07,68333,Sunday
1807,B,13,2021-02-07T18:59:57-05:00[America/New_York],2021-02-07T19:00:10-05:00[America/New_York],Yes,2021-02-07,68397,Sunday
1807,C,24,2021-02-07T19:00:10-05:00[America/New_York],2021-02-07T19:00:34-05:00[America/New_York],Yes,2021-02-07,68410,Sunday
1807,<A>,55,2021-02-07T19:00:34-05:00[America/New_York],2021-02-07T19:01:29-05:00[America/New_York],Yes,2021-02-07,68434,Sunday
1807,C,20,2021-02-07T19:01:29-05:00[America/New_York],2021-02-07T19:01:49-05:00[America/New_York],Yes,2021-02-07,68489,Sunday
1807,<A>,60,2021-02-07T19:01:49-05:00[America/New_York],2021-02-07T19:02:49-05:00[America/New_York],Yes,2021-02-07,68509,Sunday
1807,B,9,2021-02-07T19:02:49-05:00[America/New_York],2021-02-07T19:02:58-05:00[America/New_York],Yes,2021-02-07,68569,Sunday
1807,C,28,2021-02-07T19:02:58-05:00[America/New_York],2021-02-07T19:03:26-05:00[America/New_York],Yes,2021-02-07,68578,Sunday
1807,<A>,63,2021-02-07T19:03:26-05:00[America/New_York],2021-02-07T19:04:29-05:00[America/New_York],NA,2021-02-07,68606,Sunday
1807,B,20,2021-02-07T19:04:29-05:00[America/New_York],2021-02-07T19:04:49-05:00[America/New_York],NA,2021-02-07,68669,Sunday
1807,C,20,2021-02-07T19:04:49-05:00[America/New_York],2021-02-07T19:05:09-05:00[America/New_York],NA,2021-02-07,68689,Sunday
1807,<A>,60,2021-02-07T19:05:09-05:00[America/New_York],2021-02-07T19:06:09-05:00[America/New_York],NA,2021-02-07,68709,Sunday
1807,B,16,2021-02-07T19:06:09-05:00[America/New_York],2021-02-07T19:06:25-05:00[America/New_York],Yes,2021-02-07,68769,Sunday
1807,C,22,2021-02-07T19:06:25-05:00[America/New_York],2021-02-07T19:06:47-05:00[America/New_York],NA,2021-02-07,68785,Sunday
1807,<A>,61,2021-02-07T19:06:47-05:00[America/New_York],2021-02-07T19:07:48-05:00[America/New_York],NA,2021-02-07,68807,Sunday
1807,B,20,2021-02-07T19:07:48-05:00[America/New_York],2021-02-07T19:08:08-05:00[America/New_York],NA,2021-02-07,68868,Sunday
1807,C,15,2021-02-07T19:08:08-05:00[America/New_York],2021-02-07T19:08:23-05:00[America/New_York],Yes,2021-02-07,68888,Sunday
1807,<A>,57,2021-02-07T19:08:23-05:00[America/New_York],2021-02-07T19:09:20-05:00[America/New_York],Yes,2021-02-07,68903,Sunday
1807,B,10,2021-02-07T19:09:20-05:00[America/New_York],2021-02-07T19:09:30-05:00[America/New_York],Yes,2021-02-07,68960,Sunday
1807,C,16,2021-02-07T19:09:30-05:00[America/New_York],2021-02-07T19:09:46-05:00[America/New_York],Yes,2021-02-07,68970,Sunday
1807,<A>,73,2021-02-07T19:09:46-05:00[America/New_York],2021-02-07T19:10:59-05:00[America/New_York],Yes,2021-02-07,68986,Sunday
1807,B,15,2021-02-07T19:10:59-05:00[America/New_York],2021-02-07T19:11:14-05:00[America/New_York],Yes,2021-02-07,69059,Sunday
1807,C,25,2021-02-07T19:11:14-05:00[America/New_York],2021-02-07T19:11:39-05:00[America/New_York],NA,2021-02-07,69074,Sunday
1807,<A>,60,2021-02-07T19:11:39-05:00[America/New_York],2021-02-07T19:12:39-05:00[America/New_York],NA,2021-02-07,69099,Sunday
1807,C,23,2021-02-07T19:12:39-05:00[America/New_York],2021-02-07T19:13:02-05:00[America/New_York],Yes,2021-02-07,69159,Sunday
1807,<A>,65,2021-02-07T19:13:02-05:00[America/New_York],2021-02-07T19:14:07-05:00[America/New_York],Yes,2021-02-07,69182,Sunday
1807,C,22,2021-02-07T19:14:07-05:00[America/New_York],2021-02-07T19:14:29-05:00[America/New_York],Yes,2021-02-07,69247,Sunday
1807,<A>,49,2021-02-07T19:14:29-05:00[America/New_York],2021-02-07T19:15:18-05:00[America/New_York],Yes,2021-02-07,69269,Sunday
1807,B,11,2021-02-07T19:15:18-05:00[America/New_York],2021-02-07T19:15:29-05:00[America/New_York],Yes,2021-02-07,69318,Sunday
1807,C,17,2021-02-07T19:15:29-05:00[America/New_York],2021-02-07T19:15:46-05:00[America/New_York],Yes,2021-02-07,69329,Sunday
1807,<A>,81,2021-02-07T19:15:46-05:00[America/New_York],2021-02-07T19:17:07-05:00[America/New_York],Yes,2021-02-07,69346,Sunday
1807,B,13,2021-02-07T19:17:07-05:00[America/New_York],2021-02-07T19:17:20-05:00[America/New_York],Yes,2021-02-07,69427,Sunday
1807,C,21,2021-02-07T19:17:20-05:00[America/New_York],2021-02-07T19:17:41-05:00[America/New_York],NA,2021-02-07,69440,Sunday
1807,<A>,53,2021-02-07T19:17:41-05:00[America/New_York],2021-02-07T19:18:34-05:00[America/New_York],Yes,2021-02-07,69461,Sunday
1807,B,9,2021-02-07T19:18:34-05:00[America/New_York],2021-02-07T19:18:43-05:00[America/New_York],Yes,2021-02-07,69514,Sunday
1807,C,18,2021-02-07T19:18:43-05:00[America/New_York],2021-02-07T19:19:01-05:00[America/New_York],Yes,2021-02-07,69523,Sunday
1807,<A>,63,2021-02-07T19:19:01-05:00[America/New_York],2021-02-07T19:20:04-05:00[America/New_York],Yes,2021-02-07,69541,Sunday
1807,C,19,2021-02-07T19:20:04-05:00[America/New_York],2021-02-07T19:20:23-05:00[America/New_York],Yes,2021-02-07,69604,Sunday
1807,<A>,50,2021-02-07T19:20:23-05:00[America/New_York],2021-02-07T19:21:13-05:00[America/New_York],Yes,2021-02-07,69623,Sunday
1807,B,14,2021-02-07T19:21:13-05:00[America/New_York],2021-02-07T19:21:27-05:00[America/New_York],Yes,2021-02-07,69673,Sunday
1807,C,23,2021-02-07T19:21:27-05:00[America/New_York],2021-02-07T19:21:50-05:00[America/New_York],Yes,2021-02-07,69687,Sunday
1807,<A>,62,2021-02-07T19:21:50-05:00[America/New_York],2021-02-07T19:22:52-05:00[America/New_York],Yes,2021-02-07,69710,Sunday
1807,B,9,2021-02-07T19:22:52-05:00[America/New_York],2021-02-07T19:23:01-05:00[America/New_York],Yes,2021-02-07,69772,Sunday
1807,C,24,2021-02-07T19:23:01-05:00[America/New_York],2021-02-07T19:23:25-05:00[America/New_York],Yes,2021-02-07,69781,Sunday
1807,<A>,61,2021-02-07T19:23:25-05:00[America/New_York],2021-02-07T19:24:26-05:00[America/New_York],Yes,2021-02-07,69805,Sunday
1807,B,13,2021-02-07T19:24:26-05:00[America/New_York],2021-02-07T19:24:39-05:00[America/New_York],Yes,2021-02-07,69866,Sunday
1807,C,15,2021-02-07T19:24:39-05:00[America/New_York],2021-02-07T19:24:54-05:00[America/New_York],Yes,2021-02-07,69879,Sunday
1807,<A>,55,2021-02-07T19:24:54-05:00[America/New_York],2021-02-07T19:25:49-05:00[America/New_York],Yes,2021-02-07,69894,Sunday
1807,B,10,2021-02-07T19:25:49-05:00[America/New_York],2021-02-07T19:25:59-05:00[America/New_York],Yes,2021-02-07,69949,Sunday
1807,C,16,2021-02-07T19:25:59-05:00[America/New_York],2021-02-07T19:26:15-05:00[America/New_York],Yes,2021-02-07,69959,Sunday
1807,<A>,60,2021-02-07T19:26:15-05:00[America/New_York],2021-02-07T19:27:15-05:00[America/New_York],Yes,2021-02-07,69975,Sunday
1807,B,16,2021-02-07T19:27:15-05:00[America/New_York],2021-02-07T19:27:31-05:00[America/New_York],NA,2021-02-07,70035,Sunday
1807,C,20,2021-02-07T19:27:31-05:00[America/New_York],2021-02-07T19:27:51-05:00[America/New_York],Yes,2021-02-07,70051,Sunday
1807,<A>,63,2021-02-07T19:27:51-05:00[America/New_York],2021-02-07T19:28:54-05:00[America/New_York],Yes,2021-02-07,70071,Sunday
1807,B,10,2021-02-07T19:28:54-05:00[America/New_York],2021-02-07T19:29:04-05:00[America/New_York],Yes,2021-02-07,70134,Sunday
1807,C,16,2021-02-07T19:29:04-05:00[America/New_York],2021-02-07T19:29:20-05:00[America/New_York],Yes,2021-02-07,70144,Sunday
1807,<A>,60,2021-02-07T19:29:20-05:00[America/New_York],2021-02-07T19:30:20-05:00[America/New_York],Yes,2021-02-07,70160,Sunday
1807,B,12,2021-02-07T19:30:20-05:00[America/New_York],2021-02-07T19:30:32-05:00[America/New_York],Yes,2021-02-07,70220,Sunday
1807,C,15,2021-02-07T19:30:32-05:00[America/New_York],2021-02-07T19:30:47-05:00[America/New_York],Yes,2021-02-07,70232,Sunday
1807,<A>,62,2021-02-07T19:30:47-05:00[America/New_York],2021-02-07T19:31:49-05:00[America/New_York],Yes,2021-02-07,70247,Sunday
1807,B,10,2021-02-07T19:31:49-05:00[America/New_York],2021-02-07T19:31:59-05:00[America/New_York],Yes,2021-02-07,70309,Sunday
1807,C,15,2021-02-07T19:31:59-05:00[America/New_York],2021-02-07T19:32:14-05:00[America/New_York],Yes,2021-02-07,70319,Sunday
1807,<A>,59,2021-02-07T19:32:14-05:00[America/New_York],2021-02-07T19:33:13-05:00[America/New_York],Yes,2021-02-07,70334,Sunday
1807,B,13,2021-02-07T19:33:13-05:00[America/New_York],2021-02-07T19:33:26-05:00[America/New_York],Yes,2021-02-07,70393,Sunday
1807,C,15,2021-02-07T19:33:26-05:00[America/New_York],2021-02-07T19:33:41-05:00[America/New_York],Yes,2021-02-07,70406,Sunday
1807,<A>,53,2021-02-07T19:33:41-05:00[America/New_York],2021-02-07T19:34:34-05:00[America/New_York],Yes,2021-02-07,70421,Sunday
1807,B,9,2021-02-07T19:34:34-05:00[America/New_York],2021-02-07T19:34:43-05:00[America/New_York],Yes,2021-02-07,70474,Sunday
1807,C,16,2021-02-07T19:34:43-05:00[America/New_York],2021-02-07T19:34:59-05:00[America/New_York],Yes,2021-02-07,70483,Sunday
1807,<A>,66,2021-02-07T19:34:59-05:00[America/New_York],2021-02-07T19:36:05-05:00[America/New_York],Yes,2021-02-07,70499,Sunday
1807,B,16,2021-02-07T19:36:05-05:00[America/New_York],2021-02-07T19:36:21-05:00[America/New_York],NA,2021-02-07,70565,Sunday
1807,C,18,2021-02-07T19:36:21-05:00[America/New_York],2021-02-07T19:36:39-05:00[America/New_York],NA,2021-02-07,70581,Sunday
1807,<A>,67,2021-02-07T19:36:39-05:00[America/New_York],2021-02-07T19:37:46-05:00[America/New_York],NA,2021-02-07,70599,Sunday
1807,B,16,2021-02-07T19:37:46-05:00[America/New_York],2021-02-07T19:38:02-05:00[America/New_York],NA,2021-02-07,70666,Sunday
1807,C,18,2021-02-07T19:38:02-05:00[America/New_York],2021-02-07T19:38:20-05:00[America/New_York],NA,2021-02-07,70682,Sunday
1807,<A>,57,2021-02-07T19:38:20-05:00[America/New_York],2021-02-07T19:39:17-05:00[America/New_York],Yes,2021-02-07,70700,Sunday
1807,B,14,2021-02-07T19:39:17-05:00[America/New_York],2021-02-07T19:39:31-05:00[America/New_York],Yes,2021-02-07,70757,Sunday
1807,C,21,2021-02-07T19:39:31-05:00[America/New_York],2021-02-07T19:39:52-05:00[America/New_York],Yes,2021-02-07,70771,Sunday
1807,<A>,65,2021-02-07T19:39:52-05:00[America/New_York],2021-02-07T19:40:57-05:00[America/New_York],Yes,2021-02-07,70792,Sunday
1807,B,16,2021-02-07T19:40:57-05:00[America/New_York],2021-02-07T19:41:13-05:00[America/New_York],Yes,2021-02-07,70857,Sunday
1807,C,23,2021-02-07T19:41:13-05:00[America/New_York],2021-02-07T19:41:36-05:00[America/New_York],NA,2021-02-07,70873,Sunday
1807,<A>,61,2021-02-07T19:41:36-05:00[America/New_York],2021-02-07T19:42:37-05:00[America/New_York],NA,2021-02-07,70896,Sunday
1807,B,12,2021-02-07T19:42:37-05:00[America/New_York],2021-02-07T19:42:49-05:00[America/New_York],Yes,2021-02-07,70957,Sunday
1807,C,19,2021-02-07T19:42:49-05:00[America/New_York],2021-02-07T19:43:08-05:00[America/New_York],Yes,2021-02-07,70969,Sunday
1807,<A>,55,2021-02-07T19:43:08-05:00[America/New_York],2021-02-07T19:44:03-05:00[America/New_York],Yes,2021-02-07,70988,Sunday
1807,C,16,2021-02-07T19:44:03-05:00[America/New_York],2021-02-07T19:44:19-05:00[America/New_York],Yes,2021-02-07,71043,Sunday
1807,<A>,53,2021-02-07T19:44:19-05:00[America/New_York],2021-02-07T19:45:12-05:00[America/New_York],Yes,2021-02-07,71059,Sunday
1807,B,13,2021-02-07T19:45:12-05:00[America/New_York],2021-02-07T19:45:25-05:00[America/New_York],Yes,2021-02-07,71112,Sunday
1807,C,18,2021-02-07T19:45:25-05:00[America/New_York],2021-02-07T19:45:43-05:00[America/New_York],Yes,2021-02-07,71125,Sunday
1807,<A>,62,2021-02-07T19:45:43-05:00[America/New_York],2021-02-07T19:46:45-05:00[America/New_York],Yes,2021-02-07,71143,Sunday
1807,C,22,2021-02-07T19:46:45-05:00[America/New_York],2021-02-07T19:47:07-05:00[America/New_York],Yes,2021-02-07,71205,Sunday
1807,<A>,59,2021-02-07T19:47:07-05:00[America/New_York],2021-02-07T19:48:06-05:00[America/New_York],Yes,2021-02-07,71227,Sunday
1807,B,13,2021-02-07T19:48:06-05:00[America/New_York],2021-02-07T19:48:19-05:00[America/New_York],Yes,2021-02-07,71286,Sunday
1807,C,16,2021-02-07T19:48:19-05:00[America/New_York],2021-02-07T19:48:35-05:00[America/New_York],Yes,2021-02-07,71299,Sunday
1807,<A>,60,2021-02-07T19:48:35-05:00[America/New_York],2021-02-07T19:49:35-05:00[America/New_York],Yes,2021-02-07,71315,Sunday
1807,B,15,2021-02-07T19:49:35-05:00[America/New_York],2021-02-07T19:49:50-05:00[America/New_York],NA,2021-02-07,71375,Sunday
1807,C,25,2021-02-07T19:49:50-05:00[America/New_York],2021-02-07T19:50:15-05:00[America/New_York],NA,2021-02-07,71390,Sunday
1807,<A>,67,2021-02-07T19:50:15-05:00[America/New_York],2021-02-07T19:51:22-05:00[America/New_York],NA,2021-02-07,71415,Sunday
1807,C,21,2021-02-07T19:51:22-05:00[America/New_York],2021-02-07T19:51:43-05:00[America/New_York],Yes,2021-02-07,71482,Sunday
1807,<A>,65,2021-02-07T19:51:43-05:00[America/New_York],2021-02-07T19:52:48-05:00[America/New_York],Yes,2021-02-07,71503,Sunday
1807,B,9,2021-02-07T19:52:48-05:00[America/New_York],2021-02-07T19:52:57-05:00[America/New_York],Yes,2021-02-07,71568,Sunday
1807,C,16,2021-02-07T19:52:57-05:00[America/New_York],2021-02-07T19:53:13-05:00[America/New_York],Yes,2021-02-07,71577,Sunday
1807,<A>,89,2021-02-07T19:53:13-05:00[America/New_York],2021-02-07T19:54:42-05:00[America/New_York],NA,2021-02-07,71593,Sunday
1807,C,19,2021-02-07T19:54:42-05:00[America/New_York],2021-02-07T19:55:01-05:00[America/New_York],Yes,2021-02-07,71682,Sunday
1807,<A>,58,2021-02-07T19:55:01-05:00[America/New_York],2021-02-07T19:55:59-05:00[America/New_York],Yes,2021-02-07,71701,Sunday
1807,B,12,2021-02-07T19:55:59-05:00[America/New_York],2021-02-07T19:56:11-05:00[America/New_York],Yes,2021-02-07,71759,Sunday
1807,C,16,2021-02-07T19:56:11-05:00[America/New_York],2021-02-07T19:56:27-05:00[America/New_York],Yes,2021-02-07,71771,Sunday
1807,<A>,66,2021-02-07T19:56:27-05:00[America/New_York],2021-02-07T19:57:33-05:00[America/New_York],Yes,2021-02-07,71787,Sunday
1807,C,19,2021-02-07T19:57:33-05:00[America/New_York],2021-02-07T19:57:52-05:00[America/New_York],Yes,2021-02-07,71853,Sunday
1807,<A>,56,2021-02-07T19:57:52-05:00[America/New_York],2021-02-07T19:58:48-05:00[America/New_York],Yes,2021-02-07,71872,Sunday
1807,B,13,2021-02-07T19:58:48-05:00[America/New_York],2021-02-07T19:59:01-05:00[America/New_York],Yes,2021-02-07,71928,Sunday
1807,C,16,2021-02-07T19:59:01-05:00[America/New_York],2021-02-07T19:59:17-05:00[America/New_York],Yes,2021-02-07,71941,Sunday
1807,<A>,56,2021-02-07T19:59:17-05:00[America/New_York],2021-02-07T20:00:13-05:00[America/New_York],Yes,2021-02-07,71957,Sunday
1807,C,15,2021-02-07T20:00:13-05:00[America/New_York],2021-02-07T20:00:28-05:00[America/New_York],Yes,2021-02-07,72013,Sunday
1807,<A>,61,2021-02-07T20:00:28-05:00[America/New_York],2021-02-07T20:01:29-05:00[America/New_York],Yes,2021-02-07,72028,Sunday
1807,B,12,2021-02-07T20:01:29-05:00[America/New_York],2021-02-07T20:01:41-05:00[America/New_York],Yes,2021-02-07,72089,Sunday
1807,C,20,2021-02-07T20:01:41-05:00[America/New_York],2021-02-07T20:02:01-05:00[America/New_York],Yes,2021-02-07,72101,Sunday
1807,<A>,52,2021-02-07T20:02:01-05:00[America/New_York],2021-02-07T20:02:53-05:00[America/New_York],Yes,2021-02-07,72121,Sunday
1807,B,9,2021-02-07T20:02:53-05:00[America/New_York],2021-02-07T20:03:02-05:00[America/New_York],Yes,2021-02-07,72173,Sunday
1807,C,21,2021-02-07T20:03:02-05:00[America/New_York],2021-02-07T20:03:23-05:00[America/New_York],Yes,2021-02-07,72182,Sunday
1807,<A>,61,2021-02-07T20:03:23-05:00[America/New_York],2021-02-07T20:04:24-05:00[America/New_York],Yes,2021-02-07,72203,Sunday
1807,C,19,2021-02-07T20:04:24-05:00[America/New_York],2021-02-07T20:04:43-05:00[America/New_York],Yes,2021-02-07,72264,Sunday
1807,<A>,67,2021-02-07T20:04:43-05:00[America/New_York],2021-02-07T20:05:50-05:00[America/New_York],NA,2021-02-07,72283,Sunday
1807,B,13,2021-02-07T20:05:50-05:00[America/New_York],2021-02-07T20:06:03-05:00[America/New_York],Yes,2021-02-07,72350,Sunday
1807,C,17,2021-02-07T20:06:03-05:00[America/New_York],2021-02-07T20:06:20-05:00[America/New_York],Yes,2021-02-07,72363,Sunday
1807,<A>,45,2021-02-07T20:06:20-05:00[America/New_York],2021-02-07T20:07:05-05:00[America/New_York],Yes,2021-02-07,72380,Sunday
1807,B,13,2021-02-07T20:07:05-05:00[America/New_York],2021-02-07T20:07:18-05:00[America/New_York],Yes,2021-02-07,72425,Sunday
1807,C,24,2021-02-07T20:07:18-05:00[America/New_York],2021-02-07T20:07:42-05:00[America/New_York],Yes,2021-02-07,72438,Sunday
1807,<A>,62,2021-02-07T20:07:42-05:00[America/New_York],2021-02-07T20:08:44-05:00[America/New_York],Yes,2021-02-07,72462,Sunday
1807,B,9,2021-02-07T20:08:44-05:00[America/New_York],2021-02-07T20:08:53-05:00[America/New_York],Yes,2021-02-07,72524,Sunday
1807,C,16,2021-02-07T20:08:53-05:00[America/New_York],2021-02-07T20:09:09-05:00[America/New_York],Yes,2021-02-07,72533,Sunday
1807,<A>,64,2021-02-07T20:09:09-05:00[America/New_York],2021-02-07T20:10:13-05:00[America/New_York],Yes,2021-02-07,72549,Sunday
1807,B,14,2021-02-07T20:10:13-05:00[America/New_York],2021-02-07T20:10:27-05:00[America/New_York],Yes,2021-02-07,72613,Sunday
1807,C,15,2021-02-07T20:10:27-05:00[America/New_York],2021-02-07T20:10:42-05:00[America/New_York],Yes,2021-02-07,72627,Sunday
1807,<A>,72,2021-02-07T20:10:42-05:00[America/New_York],2021-02-07T20:11:54-05:00[America/New_York],Yes,2021-02-07,72642,Sunday
1807,C,17,2021-02-07T20:11:54-05:00[America/New_York],2021-02-07T20:12:11-05:00[America/New_York],Yes,2021-02-07,72714,Sunday
1807,<A>,71,2021-02-07T20:12:11-05:00[America/New_York],2021-02-07T20:13:22-05:00[America/New_York],Yes,2021-02-07,72731,Sunday
1807,B,13,2021-02-07T20:13:22-05:00[America/New_York],2021-02-07T20:13:35-05:00[America/New_York],Yes,2021-02-07,72802,Sunday
1807,C,16,2021-02-07T20:13:35-05:00[America/New_York],2021-02-07T20:13:51-05:00[America/New_York],Yes,2021-02-07,72815,Sunday
1807,<A>,53,2021-02-07T20:13:51-05:00[America/New_York],2021-02-07T20:14:44-05:00[America/New_York],Yes,2021-02-07,72831,Sunday
1807,B,10,2021-02-07T20:14:44-05:00[America/New_York],2021-02-07T20:14:54-05:00[America/New_York],Yes,2021-02-07,72884,Sunday
1807,C,20,2021-02-07T20:14:54-05:00[America/New_York],2021-02-07T20:15:14-05:00[America/New_York],Yes,2021-02-07,72894,Sunday
1807,<A>,90,2021-02-07T20:15:14-05:00[America/New_York],2021-02-07T20:16:44-05:00[America/New_York],NA,2021-02-07,72914,Sunday
1807,C,19,2021-02-07T20:16:44-05:00[America/New_York],2021-02-07T20:17:03-05:00[America/New_York],Yes,2021-02-07,73004,Sunday
1807,<A>,63,2021-02-07T20:17:03-05:00[America/New_York],2021-02-07T20:18:06-05:00[America/New_York],Yes,2021-02-07,73023,Sunday
1807,B,10,2021-02-07T20:18:06-05:00[America/New_York],2021-02-07T20:18:16-05:00[America/New_York],Yes,2021-02-07,73086,Sunday
1807,C,16,2021-02-07T20:18:16-05:00[America/New_York],2021-02-07T20:18:32-05:00[America/New_York],Yes,2021-02-07,73096,Sunday
1807,<A>,62,2021-02-07T20:18:32-05:00[America/New_York],2021-02-07T20:19:34-05:00[America/New_York],Yes,2021-02-07,73112,Sunday
1807,C,17,2021-02-07T20:19:34-05:00[America/New_York],2021-02-07T20:19:51-05:00[America/New_York],Yes,2021-02-07,73174,Sunday
1807,<A>,47,2021-02-07T20:19:51-05:00[America/New_York],2021-02-07T20:20:38-05:00[America/New_York],Yes,2021-02-07,73191,Sunday
1807,C,15,2021-02-07T20:20:38-05:00[America/New_York],2021-02-07T20:20:53-05:00[America/New_York],Yes,2021-02-07,73238,Sunday
1807,<A>,49,2021-02-07T20:20:53-05:00[America/New_York],2021-02-07T20:21:42-05:00[America/New_York],Yes,2021-02-07,73253,Sunday
1807,C,20,2021-02-07T20:21:42-05:00[America/New_York],2021-02-07T20:22:02-05:00[America/New_York],Yes,2021-02-07,73302,Sunday
1807,<A>,53,2021-02-07T20:22:02-05:00[America/New_York],2021-02-07T20:22:55-05:00[America/New_York],Yes,2021-02-07,73322,Sunday
1807,B,16,2021-02-07T20:22:55-05:00[America/New_York],2021-02-07T20:23:11-05:00[America/New_York],NA,2021-02-07,73375,Sunday
1807,C,19,2021-02-07T20:23:11-05:00[America/New_York],2021-02-07T20:23:30-05:00[America/New_York],Yes,2021-02-07,73391,Sunday
1807,<A>,80,2021-02-07T20:23:30-05:00[America/New_York],2021-02-07T20:24:50-05:00[America/New_York],NA,2021-02-07,73410,Sunday
1807,B,9,2021-02-07T20:24:50-05:00[America/New_York],2021-02-07T20:24:59-05:00[America/New_York],Yes,2021-02-07,73490,Sunday
1807,C,19,2021-02-07T20:24:59-05:00[America/New_York],2021-02-07T20:25:18-05:00[America/New_York],Yes,2021-02-07,73499,Sunday
1807,<A>,63,2021-02-07T20:25:18-05:00[America/New_York],2021-02-07T20:26:21-05:00[America/New_York],Yes,2021-02-07,73518,Sunday
1807,B,11,2021-02-07T20:26:21-05:00[America/New_York],2021-02-07T20:26:32-05:00[America/New_York],Yes,2021-02-07,73581,Sunday
1807,C,23,2021-02-07T20:26:32-05:00[America/New_York],2021-02-07T20:26:55-05:00[America/New_York],Yes,2021-02-07,73592,Sunday
1807,<A>,70,2021-02-07T20:26:55-05:00[America/New_York],2021-02-07T20:28:05-05:00[America/New_York],NA,2021-02-07,73615,Sunday
1807,B,16,2021-02-07T20:28:05-05:00[America/New_York],2021-02-07T20:28:21-05:00[America/New_York],NA,2021-02-07,73685,Sunday
1807,C,46,2021-02-07T20:28:21-05:00[America/New_York],2021-02-07T20:29:07-05:00[America/New_York],NA,2021-02-07,73701,Sunday
1807,<A>,87,2021-02-07T20:29:07-05:00[America/New_York],2021-02-07T20:30:34-05:00[America/New_York],NA,2021-02-07,73747,Sunday
1807,C,15,2021-02-07T20:30:34-05:00[America/New_York],2021-02-07T20:30:49-05:00[America/New_York],Yes,2021-02-07,73834,Sunday
1807,<A>,54,2021-02-07T20:30:49-05:00[America/New_York],2021-02-07T20:31:43-05:00[America/New_York],Yes,2021-02-07,73849,Sunday
1807,C,15,2021-02-07T20:31:43-05:00[America/New_York],2021-02-07T20:31:58-05:00[America/New_York],Yes,2021-02-07,73903,Sunday
1807,<A>,46,2021-02-07T20:31:58-05:00[America/New_York],2021-02-07T20:32:44-05:00[America/New_York],Yes,2021-02-07,73918,Sunday
1807,C,18,2021-02-07T20:32:44-05:00[America/New_York],2021-02-07T20:33:02-05:00[America/New_York],Yes,2021-02-07,73964,Sunday
1807,<A>,49,2021-02-07T20:33:02-05:00[America/New_York],2021-02-07T20:33:51-05:00[America/New_York],Yes,2021-02-07,73982,Sunday
1807,C,19,2021-02-07T20:33:51-05:00[America/New_York],2021-02-07T20:34:10-05:00[America/New_York],Yes,2021-02-07,74031,Sunday
1807,<A>,104,2021-02-07T20:34:10-05:00[America/New_York],2021-02-07T20:35:54-05:00[America/New_York],NA,2021-02-07,74050,Sunday
1807,C,26,2021-02-07T20:35:54-05:00[America/New_York],2021-02-07T20:36:20-05:00[America/New_York],Yes,2021-02-07,74154,Sunday
1807,<A>,54,2021-02-07T20:36:20-05:00[America/New_York],2021-02-07T20:37:14-05:00[America/New_York],Yes,2021-02-07,74180,Sunday
1807,B,9,2021-02-07T20:37:14-05:00[America/New_York],2021-02-07T20:37:23-05:00[America/New_York],Yes,2021-02-07,74234,Sunday
1807,C,16,2021-02-07T20:37:23-05:00[America/New_York],2021-02-07T20:37:39-05:00[America/New_York],Yes,2021-02-07,74243,Sunday
1807,<A>,60,2021-02-07T20:37:39-05:00[America/New_York],2021-02-07T20:38:39-05:00[America/New_York],Yes,2021-02-07,74259,Sunday
1807,C,25,2021-02-07T20:38:39-05:00[America/New_York],2021-02-07T20:39:04-05:00[America/New_York],Yes,2021-02-07,74319,Sunday
1807,<A>,77,2021-02-07T20:39:04-05:00[America/New_York],2021-02-07T20:40:21-05:00[America/New_York],NA,2021-02-07,74344,Sunday
1807,B,16,2021-02-07T20:40:21-05:00[America/New_York],2021-02-07T20:40:37-05:00[America/New_York],NA,2021-02-07,74421,Sunday
1807,C,15,2021-02-07T20:40:37-05:00[America/New_York],2021-02-07T20:40:52-05:00[America/New_York],Yes,2021-02-07,74437,Sunday
1807,<A>,71,2021-02-07T20:40:52-05:00[America/New_York],2021-02-07T20:42:03-05:00[America/New_York],NA,2021-02-07,74452,Sunday
1807,B,9,2021-02-07T20:42:03-05:00[America/New_York],2021-02-07T20:42:12-05:00[America/New_York],Yes,2021-02-07,74523,Sunday
1807,C,18,2021-02-07T20:42:12-05:00[America/New_York],2021-02-07T20:42:30-05:00[America/New_York],Yes,2021-02-07,74532,Sunday
1807,<A>,72,2021-02-07T20:42:30-05:00[America/New_York],2021-02-07T20:43:42-05:00[America/New_York],NA,2021-02-07,74550,Sunday
1807,C,15,2021-02-07T20:43:42-05:00[America/New_York],2021-02-07T20:43:57-05:00[America/New_York],Yes,2021-02-07,74622,Sunday
1807,<A>,65,2021-02-07T20:43:57-05:00[America/New_York],2021-02-07T20:45:02-05:00[America/New_York],Yes,2021-02-07,74637,Sunday
1807,B,13,2021-02-07T20:45:02-05:00[America/New_York],2021-02-07T20:45:15-05:00[America/New_York],Yes,2021-02-07,74702,Sunday
1807,C,16,2021-02-07T20:45:15-05:00[America/New_York],2021-02-07T20:45:31-05:00[America/New_York],Yes,2021-02-07,74715,Sunday
1807,<A>,73,2021-02-07T20:45:31-05:00[America/New_York],2021-02-07T20:46:44-05:00[America/New_York],NA,2021-02-07,74731,Sunday
1807,B,14,2021-02-07T20:46:44-05:00[America/New_York],2021-02-07T20:46:58-05:00[America/New_York],Yes,2021-02-07,74804,Sunday
1807,C,19,2021-02-07T20:46:58-05:00[America/New_York],2021-02-07T20:47:17-05:00[America/New_York],NA,2021-02-07,74818,Sunday
1807,<A>,45,2021-02-07T20:47:17-05:00[America/New_York],2021-02-07T20:48:02-05:00[America/New_York],Yes,2021-02-07,74837,Sunday
1807,C,22,2021-02-07T20:48:02-05:00[America/New_York],2021-02-07T20:48:24-05:00[America/New_York],Yes,2021-02-07,74882,Sunday
1807,<A>,55,2021-02-07T20:48:24-05:00[America/New_York],2021-02-07T20:49:19-05:00[America/New_York],Yes,2021-02-07,74904,Sunday
1807,B,14,2021-02-07T20:49:19-05:00[America/New_York],2021-02-07T20:49:33-05:00[America/New_York],Yes,2021-02-07,74959,Sunday
1807,C,15,2021-02-07T20:49:33-05:00[America/New_York],2021-02-07T20:49:48-05:00[America/New_York],Yes,2021-02-07,74973,Sunday
1807,<A>,83,2021-02-07T20:49:48-05:00[America/New_York],2021-02-07T20:51:11-05:00[America/New_York],NA,2021-02-07,74988,Sunday
1807,C,21,2021-02-07T20:51:11-05:00[America/New_York],2021-02-07T20:51:32-05:00[America/New_York],Yes,2021-02-07,75071,Sunday
1807,<A>,54,2021-02-07T20:51:32-05:00[America/New_York],2021-02-07T20:52:26-05:00[America/New_York],Yes,2021-02-07,75092,Sunday
1807,B,16,2021-02-07T20:52:26-05:00[America/New_York],2021-02-07T20:52:42-05:00[America/New_York],NA,2021-02-07,75146,Sunday
1807,C,15,2021-02-07T20:52:42-05:00[America/New_York],2021-02-07T20:52:57-05:00[America/New_York],Yes,2021-02-07,75162,Sunday
1807,<A>,74,2021-02-07T20:52:57-05:00[America/New_York],2021-02-07T20:54:11-05:00[America/New_York],Yes,2021-02-07,75177,Sunday
1807,C,21,2021-02-07T20:54:11-05:00[America/New_York],2021-02-07T20:54:32-05:00[America/New_York],Yes,2021-02-07,75251,Sunday
1807,<A>,60,2021-02-07T20:54:32-05:00[America/New_York],2021-02-07T20:55:32-05:00[America/New_York],Yes,2021-02-07,75272,Sunday
1807,B,9,2021-02-07T20:55:32-05:00[America/New_York],2021-02-07T20:55:41-05:00[America/New_York],Yes,2021-02-07,75332,Sunday
1807,C,16,2021-02-07T20:55:41-05:00[America/New_York],2021-02-07T20:55:57-05:00[America/New_York],Yes,2021-02-07,75341,Sunday
1807,<A>,101,2021-02-07T20:55:57-05:00[America/New_York],2021-02-07T20:57:38-05:00[America/New_York],NA,2021-02-07,75357,Sunday
1807,B,11,2021-02-07T20:57:38-05:00[America/New_York],2021-02-07T20:57:49-05:00[America/New_York],Yes,2021-02-07,75458,Sunday
1807,C,16,2021-02-07T20:57:49-05:00[America/New_York],2021-02-07T20:58:05-05:00[America/New_York],Yes,2021-02-07,75469,Sunday
1807,<A>,49,2021-02-07T20:58:05-05:00[America/New_York],2021-02-07T20:58:54-05:00[America/New_York],Yes,2021-02-07,75485,Sunday
1807,C,18,2021-02-07T20:58:54-05:00[America/New_York],2021-02-07T20:59:12-05:00[America/New_York],Yes,2021-02-07,75534,Sunday
1807,<A>,53,2021-02-07T20:59:12-05:00[America/New_York],2021-02-07T21:00:05-05:00[America/New_York],Yes,2021-02-07,75552,Sunday
1807,C,20,2021-02-07T21:00:05-05:00[America/New_York],2021-02-07T21:00:25-05:00[America/New_York],Yes,2021-02-07,75605,Sunday
1807,<A>,48,2021-02-07T21:00:25-05:00[America/New_York],2021-02-07T21:01:13-05:00[America/New_York],Yes,2021-02-07,75625,Sunday
1807,C,17,2021-02-07T21:01:13-05:00[America/New_York],2021-02-07T21:01:30-05:00[America/New_York],Yes,2021-02-07,75673,Sunday
1807,<A>,50,2021-02-07T21:01:30-05:00[America/New_York],2021-02-07T21:02:20-05:00[America/New_York],Yes,2021-02-07,75690,Sunday
1807,C,17,2021-02-07T21:02:20-05:00[America/New_York],2021-02-07T21:02:37-05:00[America/New_York],Yes,2021-02-07,75740,Sunday
1807,<A>,47,2021-02-07T21:02:37-05:00[America/New_York],2021-02-07T21:03:24-05:00[America/New_York],Yes,2021-02-07,75757,Sunday
1807,C,16,2021-02-07T21:03:24-05:00[America/New_York],2021-02-07T21:03:40-05:00[America/New_York],Yes,2021-02-07,75804,Sunday
1807,<A>,53,2021-02-07T21:03:40-05:00[America/New_York],2021-02-07T21:04:33-05:00[America/New_York],Yes,2021-02-07,75820,Sunday
1807,B,9,2021-02-07T21:04:33-05:00[America/New_York],2021-02-07T21:04:42-05:00[America/New_York],Yes,2021-02-07,75873,Sunday
1807,C,22,2021-02-07T21:04:42-05:00[America/New_York],2021-02-07T21:05:04-05:00[America/New_York],Yes,2021-02-07,75882,Sunday
1807,<A>,73,2021-02-07T21:05:04-05:00[America/New_York],2021-02-07T21:06:17-05:00[America/New_York],Yes,2021-02-07,75904,Sunday
1807,C,19,2021-02-07T21:06:17-05:00[America/New_York],2021-02-07T21:06:36-05:00[America/New_York],Yes,2021-02-07,75977,Sunday
1807,<A>,63,2021-02-07T21:06:36-05:00[America/New_York],2021-02-07T21:07:39-05:00[America/New_York],Yes,2021-02-07,75996,Sunday
1807,B,9,2021-02-07T21:07:39-05:00[America/New_York],2021-02-07T21:07:48-05:00[America/New_York],Yes,2021-02-07,76059,Sunday
1807,C,16,2021-02-07T21:07:48-05:00[America/New_York],2021-02-07T21:08:04-05:00[America/New_York],Yes,2021-02-07,76068,Sunday
1807,<A>,64,2021-02-07T21:08:04-05:00[America/New_York],2021-02-07T21:09:08-05:00[America/New_York],Yes,2021-02-07,76084,Sunday
1807,C,15,2021-02-07T21:09:08-05:00[America/New_York],2021-02-07T21:09:23-05:00[America/New_York],Yes,2021-02-07,76148,Sunday
1807,<A>,64,2021-02-07T21:09:23-05:00[America/New_York],2021-02-07T21:10:27-05:00[America/New_York],Yes,2021-02-07,76163,Sunday
1807,C,15,2021-02-07T21:10:27-05:00[America/New_York],2021-02-07T21:10:42-05:00[America/New_York],Yes,2021-02-07,76227,Sunday
1807,<A>,53,2021-02-07T21:10:42-05:00[America/New_York],2021-02-07T21:11:35-05:00[America/New_York],Yes,2021-02-07,76242,Sunday
1807,C,20,2021-02-07T21:11:35-05:00[America/New_York],2021-02-07T21:11:55-05:00[America/New_York],Yes,2021-02-07,76295,Sunday
1807,<A>,55,2021-02-07T21:11:55-05:00[America/New_York],2021-02-07T21:12:50-05:00[America/New_York],Yes,2021-02-07,76315,Sunday
1807,C,25,2021-02-07T21:12:50-05:00[America/New_York],2021-02-07T21:13:15-05:00[America/New_York],Yes,2021-02-07,76370,Sunday
1807,<A>,48,2021-02-07T21:13:15-05:00[America/New_York],2021-02-07T21:14:03-05:00[America/New_York],Yes,2021-02-07,76395,Sunday
1807,C,16,2021-02-07T21:14:03-05:00[America/New_York],2021-02-07T21:14:19-05:00[America/New_York],Yes,2021-02-07,76443,Sunday
1807,<A>,95,2021-02-07T21:14:19-05:00[America/New_York],2021-02-07T21:15:54-05:00[America/New_York],NA,2021-02-07,76459,Sunday
1807,B,15,2021-02-07T21:15:54-05:00[America/New_York],2021-02-07T21:16:09-05:00[America/New_York],NA,2021-02-07,76554,Sunday
1807,C,16,2021-02-07T21:16:09-05:00[America/New_York],2021-02-07T21:16:25-05:00[America/New_York],NA,2021-02-07,76569,Sunday
1807,<A>,45,2021-02-07T21:16:25-05:00[America/New_York],2021-02-07T21:17:10-05:00[America/New_York],Yes,2021-02-07,76585,Sunday
1807,C,17,2021-02-07T21:17:10-05:00[America/New_York],2021-02-07T21:17:27-05:00[America/New_York],Yes,2021-02-07,76630,Sunday
1807,<A>,66,2021-02-07T21:17:27-05:00[America/New_York],2021-02-07T21:18:33-05:00[America/New_York],NA,2021-02-07,76647,Sunday
1807,B,9,2021-02-07T21:18:33-05:00[America/New_York],2021-02-07T21:18:42-05:00[America/New_York],Yes,2021-02-07,76713,Sunday
1807,C,22,2021-02-07T21:18:42-05:00[America/New_York],2021-02-07T21:19:04-05:00[America/New_York],NA,2021-02-07,76722,Sunday
1807,<A>,77,2021-02-07T21:19:04-05:00[America/New_York],2021-02-07T21:20:21-05:00[America/New_York],NA,2021-02-07,76744,Sunday
1807,B,9,2021-02-07T21:20:21-05:00[America/New_York],2021-02-07T21:20:30-05:00[America/New_York],Yes,2021-02-07,76821,Sunday
1807,C,17,2021-02-07T21:20:30-05:00[America/New_York],2021-02-07T21:20:47-05:00[America/New_York],Yes,2021-02-07,76830,Sunday
1807,<A>,73,2021-02-07T21:20:47-05:00[America/New_York],2021-02-07T21:22:00-05:00[America/New_York],NA,2021-02-07,76847,Sunday
1807,B,10,2021-02-07T21:22:00-05:00[America/New_York],2021-02-07T21:22:10-05:00[America/New_York],Yes,2021-02-07,76920,Sunday
1807,C,18,2021-02-07T21:22:10-05:00[America/New_York],2021-02-07T21:22:28-05:00[America/New_York],Yes,2021-02-07,76930,Sunday
1807,<A>,73,2021-02-07T21:22:28-05:00[America/New_York],2021-02-07T21:23:41-05:00[America/New_York],NA,2021-02-07,76948,Sunday
1807,B,9,2021-02-07T21:23:41-05:00[America/New_York],2021-02-07T21:23:50-05:00[America/New_York],Yes,2021-02-07,77021,Sunday
1807,C,16,2021-02-07T21:23:50-05:00[America/New_York],2021-02-07T21:24:06-05:00[America/New_York],Yes,2021-02-07,77030,Sunday
1807,<A>,55,2021-02-07T21:24:06-05:00[America/New_York],2021-02-07T21:25:01-05:00[America/New_York],Yes,2021-02-07,77046,Sunday
1807,B,9,2021-02-07T21:25:01-05:00[America/New_York],2021-02-07T21:25:10-05:00[America/New_York],Yes,2021-02-07,77101,Sunday
1807,C,16,2021-02-07T21:25:10-05:00[America/New_York],2021-02-07T21:25:26-05:00[America/New_York],Yes,2021-02-07,77110,Sunday
1807,<A>,56,2021-02-07T21:25:26-05:00[America/New_York],2021-02-07T21:26:22-05:00[America/New_York],Yes,2021-02-07,77126,Sunday
1807,B,11,2021-02-07T21:26:22-05:00[America/New_York],2021-02-07T21:26:33-05:00[America/New_York],Yes,2021-02-07,77182,Sunday
1807,C,20,2021-02-07T21:26:33-05:00[America/New_York],2021-02-07T21:26:53-05:00[America/New_York],Yes,2021-02-07,77193,Sunday
1807,<A>,59,2021-02-07T21:26:53-05:00[America/New_York],2021-02-07T21:27:52-05:00[America/New_York],Yes,2021-02-07,77213,Sunday
1807,C,15,2021-02-07T21:27:52-05:00[America/New_York],2021-02-07T21:28:07-05:00[America/New_York],Yes,2021-02-07,77272,Sunday
1807,<A>,54,2021-02-07T21:28:07-05:00[America/New_York],2021-02-07T21:29:01-05:00[America/New_York],Yes,2021-02-07,77287,Sunday
1807,C,16,2021-02-07T21:29:01-05:00[America/New_York],2021-02-07T21:29:17-05:00[America/New_York],Yes,2021-02-07,77341,Sunday
1807,<A>,103,2021-02-07T21:29:17-05:00[America/New_York],2021-02-07T21:31:00-05:00[America/New_York],NA,2021-02-07,77357,Sunday
1807,B,9,2021-02-07T21:31:00-05:00[America/New_York],2021-02-07T21:31:09-05:00[America/New_York],Yes,2021-02-07,77460,Sunday
1807,C,16,2021-02-07T21:31:09-05:00[America/New_York],2021-02-07T21:31:25-05:00[America/New_York],Yes,2021-02-07,77469,Sunday
1807,<A>,98,2021-02-07T21:31:25-05:00[America/New_York],2021-02-07T21:33:03-05:00[America/New_York],NA,2021-02-07,77485,Sunday
1807,C,15,2021-02-07T21:33:03-05:00[America/New_York],2021-02-07T21:33:18-05:00[America/New_York],Yes,2021-02-07,77583,Sunday
1807,<A>,79,2021-02-07T21:33:18-05:00[America/New_York],2021-02-07T21:34:37-05:00[America/New_York],NA,2021-02-07,77598,Sunday
1807,B,11,2021-02-07T21:34:37-05:00[America/New_York],2021-02-07T21:34:48-05:00[America/New_York],Yes,2021-02-07,77677,Sunday
1807,C,15,2021-02-07T21:34:48-05:00[America/New_York],2021-02-07T21:35:03-05:00[America/New_York],Yes,2021-02-07,77688,Sunday
1807,<A>,76,2021-02-07T21:35:03-05:00[America/New_York],2021-02-07T21:36:19-05:00[America/New_York],NA,2021-02-07,77703,Sunday
1807,C,18,2021-02-07T21:36:19-05:00[America/New_York],2021-02-07T21:36:37-05:00[America/New_York],Yes,2021-02-07,77779,Sunday
1807,<A>,77,2021-02-07T21:36:37-05:00[America/New_York],2021-02-07T21:37:54-05:00[America/New_York],NA,2021-02-07,77797,Sunday
1807,B,13,2021-02-07T21:37:54-05:00[America/New_York],2021-02-07T21:38:07-05:00[America/New_York],Yes,2021-02-07,77874,Sunday
1807,C,17,2021-02-07T21:38:07-05:00[America/New_York],2021-02-07T21:38:24-05:00[America/New_York],NA,2021-02-07,77887,Sunday
1807,<A>,48,2021-02-07T21:38:24-05:00[America/New_York],2021-02-07T21:39:12-05:00[America/New_York],Yes,2021-02-07,77904,Sunday
1807,C,15,2021-02-07T21:39:12-05:00[America/New_York],2021-02-07T21:39:27-05:00[America/New_York],Yes,2021-02-07,77952,Sunday
1807,<A>,71,2021-02-07T21:39:27-05:00[America/New_York],2021-02-07T21:40:38-05:00[America/New_York],NA,2021-02-07,77967,Sunday
1807,B,11,2021-02-07T21:40:38-05:00[America/New_York],2021-02-07T21:40:49-05:00[America/New_York],Yes,2021-02-07,78038,Sunday
1807,C,15,2021-02-07T21:40:49-05:00[America/New_York],2021-02-07T21:41:04-05:00[America/New_York],Yes,2021-02-07,78049,Sunday
1807,<A>,49,2021-02-07T21:41:04-05:00[America/New_York],2021-02-07T21:41:53-05:00[America/New_York],Yes,2021-02-07,78064,Sunday
1807,B,9,2021-02-07T21:41:53-05:00[America/New_York],2021-02-07T21:42:02-05:00[America/New_York],Yes,2021-02-07,78113,Sunday
1807,C,17,2021-02-07T21:42:02-05:00[America/New_York],2021-02-07T21:42:19-05:00[America/New_York],Yes,2021-02-07,78122,Sunday
1807,<A>,49,2021-02-07T21:42:19-05:00[America/New_York],2021-02-07T21:43:08-05:00[America/New_York],Yes,2021-02-07,78139,Sunday
1807,C,15,2021-02-07T21:43:08-05:00[America/New_York],2021-02-07T21:43:23-05:00[America/New_York],Yes,2021-02-07,78188,Sunday
1807,<A>,63,2021-02-07T21:43:23-05:00[America/New_York],2021-02-07T21:44:26-05:00[America/New_York],NA,2021-02-07,78203,Sunday
1807,C,15,2021-02-07T21:44:26-05:00[America/New_York],2021-02-07T21:44:41-05:00[America/New_York],Yes,2021-02-07,78266,Sunday
1807,<A>,137,2021-02-07T21:44:41-05:00[America/New_York],2021-02-07T21:46:58-05:00[America/New_York],Yes,2021-02-07,78281,Sunday
1807,B,10,2021-02-07T21:46:58-05:00[America/New_York],2021-02-07T21:47:08-05:00[America/New_York],Yes,2021-02-07,78418,Sunday
1807,C,15,2021-02-07T21:47:08-05:00[America/New_York],2021-02-07T21:47:23-05:00[America/New_York],Yes,2021-02-07,78428,Sunday
1807,<A>,97,2021-02-07T21:47:23-05:00[America/New_York],2021-02-07T21:49:00-05:00[America/New_York],NA,2021-02-07,78443,Sunday
1807,C,15,2021-02-07T21:49:00-05:00[America/New_York],2021-02-07T21:49:15-05:00[America/New_York],Yes,2021-02-07,78540,Sunday
1807,<A>,54,2021-02-07T21:49:15-05:00[America/New_York],2021-02-07T21:50:09-05:00[America/New_York],Yes,2021-02-07,78555,Sunday
1807,C,17,2021-02-07T21:50:09-05:00[America/New_York],2021-02-07T21:50:26-05:00[America/New_York],Yes,2021-02-07,78609,Sunday
1807,<A>,95,2021-02-07T21:50:26-05:00[America/New_York],2021-02-07T21:52:01-05:00[America/New_York],NA,2021-02-07,78626,Sunday
1807,B,10,2021-02-07T21:52:01-05:00[America/New_York],2021-02-07T21:52:11-05:00[America/New_York],Yes,2021-02-07,78721,Sunday
1807,C,16,2021-02-07T21:52:11-05:00[America/New_York],2021-02-07T21:52:27-05:00[America/New_York],Yes,2021-02-07,78731,Sunday
1807,<A>,59,2021-02-07T21:52:27-05:00[America/New_York],2021-02-07T21:53:26-05:00[America/New_York],Yes,2021-02-07,78747,Sunday
1807,C,16,2021-02-07T21:53:26-05:00[America/New_York],2021-02-07T21:53:42-05:00[America/New_York],Yes,2021-02-07,78806,Sunday
1807,<A>,80,2021-02-07T21:53:42-05:00[America/New_York],2021-02-07T21:55:02-05:00[America/New_York],Yes,2021-02-07,78822,Sunday
1807,B,14,2021-02-07T21:55:02-05:00[America/New_York],2021-02-07T21:55:16-05:00[America/New_York],NA,2021-02-07,78902,Sunday
1807,C,16,2021-02-07T21:55:16-05:00[America/New_York],2021-02-07T21:55:32-05:00[America/New_York],NA,2021-02-07,78916,Sunday
1807,<A>,88,2021-02-07T21:55:32-05:00[America/New_York],2021-02-07T21:57:00-05:00[America/New_York],NA,2021-02-07,78932,Sunday
1807,B,15,2021-02-07T21:57:00-05:00[America/New_York],2021-02-07T21:57:15-05:00[America/New_York],NA,2021-02-07,79020,Sunday
1807,C,15,2021-02-07T21:57:15-05:00[America/New_York],2021-02-07T21:57:30-05:00[America/New_York],NA,2021-02-07,79035,Sunday
1807,<A>,56,2021-02-07T21:57:30-05:00[America/New_York],2021-02-07T21:58:26-05:00[America/New_York],Yes,2021-02-07,79050,Sunday
1807,C,18,2021-02-07T21:58:26-05:00[America/New_York],2021-02-07T21:58:44-05:00[America/New_York],Yes,2021-02-07,79106,Sunday
1807,<A>,55,2021-02-07T21:58:44-05:00[America/New_York],2021-02-07T21:59:39-05:00[America/New_York],Yes,2021-02-07,79124,Sunday
1807,C,46,2021-02-07T21:59:39-05:00[America/New_York],2021-02-07T22:00:25-05:00[America/New_York],Yes,2021-02-07,79179,Sunday
1807,<A>,57,2021-02-07T22:00:25-05:00[America/New_York],2021-02-07T22:01:22-05:00[America/New_York],Yes,2021-02-07,79225,Sunday
1807,B,14,2021-02-07T22:01:22-05:00[America/New_York],2021-02-07T22:01:36-05:00[America/New_York],Yes,2021-02-07,79282,Sunday
1807,C,15,2021-02-07T22:01:36-05:00[America/New_York],2021-02-07T22:01:51-05:00[America/New_York],Yes,2021-02-07,79296,Sunday
1807,<A>,56,2021-02-07T22:01:51-05:00[America/New_York],2021-02-07T22:02:47-05:00[America/New_York],Yes,2021-02-07,79311,Sunday
1807,B,12,2021-02-07T22:02:47-05:00[America/New_York],2021-02-07T22:02:59-05:00[America/New_York],Yes,2021-02-07,79367,Sunday
1807,C,15,2021-02-07T22:02:59-05:00[America/New_York],2021-02-07T22:03:14-05:00[America/New_York],Yes,2021-02-07,79379,Sunday
1807,<A>,80,2021-02-07T22:03:14-05:00[America/New_York],2021-02-07T22:04:34-05:00[America/New_York],NA,2021-02-07,79394,Sunday
1807,B,9,2021-02-07T22:04:34-05:00[America/New_York],2021-02-07T22:04:43-05:00[America/New_York],Yes,2021-02-07,79474,Sunday
1807,C,16,2021-02-07T22:04:43-05:00[America/New_York],2021-02-07T22:04:59-05:00[America/New_York],Yes,2021-02-07,79483,Sunday
1807,<A>,53,2021-02-07T22:04:59-05:00[America/New_York],2021-02-07T22:05:52-05:00[America/New_York],Yes,2021-02-07,79499,Sunday
1807,C,16,2021-02-07T22:05:52-05:00[America/New_York],2021-02-07T22:06:08-05:00[America/New_York],Yes,2021-02-07,79552,Sunday
1807,<A>,45,2021-02-07T22:06:08-05:00[America/New_York],2021-02-07T22:06:53-05:00[America/New_York],Yes,2021-02-07,79568,Sunday
1807,B,9,2021-02-07T22:06:53-05:00[America/New_York],2021-02-07T22:07:02-05:00[America/New_York],Yes,2021-02-07,79613,Sunday
1807,C,18,2021-02-07T22:07:02-05:00[America/New_York],2021-02-07T22:07:20-05:00[America/New_York],Yes,2021-02-07,79622,Sunday
1807,<A>,57,2021-02-07T22:07:20-05:00[America/New_York],2021-02-07T22:08:17-05:00[America/New_York],Yes,2021-02-07,79640,Sunday
1807,B,10,2021-02-07T22:08:17-05:00[America/New_York],2021-02-07T22:08:27-05:00[America/New_York],Yes,2021-02-07,79697,Sunday
1807,C,16,2021-02-07T22:08:27-05:00[America/New_York],2021-02-07T22:08:43-05:00[America/New_York],Yes,2021-02-07,79707,Sunday
1807,<A>,47,2021-02-07T22:08:43-05:00[America/New_York],2021-02-07T22:09:30-05:00[America/New_York],Yes,2021-02-07,79723,Sunday
1807,C,17,2021-02-07T22:09:30-05:00[America/New_York],2021-02-07T22:09:47-05:00[America/New_York],Yes,2021-02-07,79770,Sunday
1807,<A>,62,2021-02-07T22:09:47-05:00[America/New_York],2021-02-07T22:10:49-05:00[America/New_York],Yes,2021-02-07,79787,Sunday
1807,B,11,2021-02-07T22:10:49-05:00[America/New_York],2021-02-07T22:11:00-05:00[America/New_York],Yes,2021-02-07,79849,Sunday
1807,C,15,2021-02-07T22:11:00-05:00[America/New_York],2021-02-07T22:11:15-05:00[America/New_York],Yes,2021-02-07,79860,Sunday
1807,<A>,51,2021-02-07T22:11:15-05:00[America/New_York],2021-02-07T22:12:06-05:00[America/New_York],Yes,2021-02-07,79875,Sunday
1807,C,18,2021-02-07T22:12:06-05:00[America/New_York],2021-02-07T22:12:24-05:00[America/New_York],Yes,2021-02-07,79926,Sunday
1807,<A>,83,2021-02-07T22:12:24-05:00[America/New_York],2021-02-07T22:13:47-05:00[America/New_York],NA,2021-02-07,79944,Sunday
1807,B,13,2021-02-07T22:13:47-05:00[America/New_York],2021-02-07T22:14:00-05:00[America/New_York],Yes,2021-02-07,80027,Sunday
1807,C,18,2021-02-07T22:14:00-05:00[America/New_York],2021-02-07T22:14:18-05:00[America/New_York],NA,2021-02-07,80040,Sunday
1807,<A>,52,2021-02-07T22:14:18-05:00[America/New_York],2021-02-07T22:15:10-05:00[America/New_York],Yes,2021-02-07,80058,Sunday
1807,B,10,2021-02-07T22:15:10-05:00[America/New_York],2021-02-07T22:15:20-05:00[America/New_York],Yes,2021-02-07,80110,Sunday
1807,C,15,2021-02-07T22:15:20-05:00[America/New_York],2021-02-07T22:15:35-05:00[America/New_York],Yes,2021-02-07,80120,Sunday
1807,<A>,71,2021-02-07T22:15:35-05:00[America/New_York],2021-02-07T22:16:46-05:00[America/New_York],Yes,2021-02-07,80135,Sunday
1807,C,15,2021-02-07T22:16:46-05:00[America/New_York],2021-02-07T22:17:01-05:00[America/New_York],Yes,2021-02-07,80206,Sunday
1807,<A>,83,2021-02-07T22:17:01-05:00[America/New_York],2021-02-07T22:18:24-05:00[America/New_York],Yes,2021-02-07,80221,Sunday
1807,B,10,2021-02-07T22:18:24-05:00[America/New_York],2021-02-07T22:18:34-05:00[America/New_York],Yes,2021-02-07,80304,Sunday
1807,C,15,2021-02-07T22:18:34-05:00[America/New_York],2021-02-07T22:18:49-05:00[America/New_York],Yes,2021-02-07,80314,Sunday
1807,<A>,60,2021-02-07T22:18:49-05:00[America/New_York],2021-02-07T22:19:49-05:00[America/New_York],Yes,2021-02-07,80329,Sunday
1807,B,9,2021-02-07T22:19:49-05:00[America/New_York],2021-02-07T22:19:58-05:00[America/New_York],Yes,2021-02-07,80389,Sunday
1807,C,16,2021-02-07T22:19:58-05:00[America/New_York],2021-02-07T22:20:14-05:00[America/New_York],Yes,2021-02-07,80398,Sunday
1807,<A>,72,2021-02-07T22:20:14-05:00[America/New_York],2021-02-07T22:21:26-05:00[America/New_York],Yes,2021-02-07,80414,Sunday
1807,B,9,2021-02-07T22:21:26-05:00[America/New_York],2021-02-07T22:21:35-05:00[America/New_York],Yes,2021-02-07,80486,Sunday
1807,C,16,2021-02-07T22:21:35-05:00[America/New_York],2021-02-07T22:21:51-05:00[America/New_York],Yes,2021-02-07,80495,Sunday
1807,<A>,51,2021-02-07T22:21:51-05:00[America/New_York],2021-02-07T22:22:42-05:00[America/New_York],Yes,2021-02-07,80511,Sunday
1807,C,15,2021-02-07T22:22:42-05:00[America/New_York],2021-02-07T22:22:57-05:00[America/New_York],Yes,2021-02-07,80562,Sunday
1807,<A>,56,2021-02-07T22:22:57-05:00[America/New_York],2021-02-07T22:23:53-05:00[America/New_York],Yes,2021-02-07,80577,Sunday
1807,C,17,2021-02-07T22:23:53-05:00[America/New_York],2021-02-07T22:24:10-05:00[America/New_York],Yes,2021-02-07,80633,Sunday
1807,<A>,61,2021-02-07T22:24:10-05:00[America/New_York],2021-02-07T22:25:11-05:00[America/New_York],Yes,2021-02-07,80650,Sunday
1807,C,15,2021-02-07T22:25:11-05:00[America/New_York],2021-02-07T22:25:26-05:00[America/New_York],Yes,2021-02-07,80711,Sunday
1807,<A>,114,2021-02-07T22:25:26-05:00[America/New_York],2021-02-07T22:27:20-05:00[America/New_York],NA,2021-02-07,80726,Sunday
1807,C,15,2021-02-07T22:27:20-05:00[America/New_York],2021-02-07T22:27:35-05:00[America/New_York],Yes,2021-02-07,80840,Sunday
1807,<A>,62,2021-02-07T22:27:35-05:00[America/New_York],2021-02-07T22:28:37-05:00[America/New_York],Yes,2021-02-07,80855,Sunday
1807,C,17,2021-02-07T22:28:37-05:00[America/New_York],2021-02-07T22:28:54-05:00[America/New_York],Yes,2021-02-07,80917,Sunday
1807,<A>,45,2021-02-07T22:28:54-05:00[America/New_York],2021-02-07T22:29:39-05:00[America/New_York],Yes,2021-02-07,80934,Sunday
1807,B,10,2021-02-07T22:29:39-05:00[America/New_York],2021-02-07T22:29:49-05:00[America/New_York],Yes,2021-02-07,80979,Sunday
1807,C,17,2021-02-07T22:29:49-05:00[America/New_York],2021-02-07T22:30:06-05:00[America/New_York],Yes,2021-02-07,80989,Sunday
1807,<A>,53,2021-02-07T22:30:06-05:00[America/New_York],2021-02-07T22:30:59-05:00[America/New_York],Yes,2021-02-07,81006,Sunday
1807,C,23,2021-02-07T22:30:59-05:00[America/New_York],2021-02-07T22:31:22-05:00[America/New_York],Yes,2021-02-07,81059,Sunday
1807,<A>,55,2021-02-07T22:31:22-05:00[America/New_York],2021-02-07T22:32:17-05:00[America/New_York],Yes,2021-02-07,81082,Sunday
1807,B,9,2021-02-07T22:32:17-05:00[America/New_York],2021-02-07T22:32:26-05:00[America/New_York],Yes,2021-02-07,81137,Sunday
1807,C,16,2021-02-07T22:32:26-05:00[America/New_York],2021-02-07T22:32:42-05:00[America/New_York],Yes,2021-02-07,81146,Sunday
1807,<A>,50,2021-02-07T22:32:42-05:00[America/New_York],2021-02-07T22:33:32-05:00[America/New_York],Yes,2021-02-07,81162,Sunday
1807,C,15,2021-02-07T22:33:32-05:00[America/New_York],2021-02-07T22:33:47-05:00[America/New_York],Yes,2021-02-07,81212,Sunday
1807,<A>,64,2021-02-07T22:33:47-05:00[America/New_York],2021-02-07T22:34:51-05:00[America/New_York],NA,2021-02-07,81227,Sunday
1807,C,25,2021-02-07T22:34:51-05:00[America/New_York],2021-02-07T22:35:16-05:00[America/New_York],Yes,2021-02-07,81291,Sunday
1807,<A>,53,2021-02-07T22:35:16-05:00[America/New_York],2021-02-07T22:36:09-05:00[America/New_York],Yes,2021-02-07,81316,Sunday
1807,C,17,2021-02-07T22:36:09-05:00[America/New_York],2021-02-07T22:36:26-05:00[America/New_York],Yes,2021-02-07,81369,Sunday
1807,<A>,61,2021-02-07T22:36:26-05:00[America/New_York],2021-02-07T22:37:27-05:00[America/New_York],Yes,2021-02-07,81386,Sunday
1807,B,10,2021-02-07T22:37:27-05:00[America/New_York],2021-02-07T22:37:37-05:00[America/New_York],Yes,2021-02-07,81447,Sunday
1807,C,16,2021-02-07T22:37:37-05:00[America/New_York],2021-02-07T22:37:53-05:00[America/New_York],Yes,2021-02-07,81457,Sunday
1807,<A>,54,2021-02-07T22:37:53-05:00[America/New_York],2021-02-07T22:38:47-05:00[America/New_York],Yes,2021-02-07,81473,Sunday
1807,B,11,2021-02-07T22:38:47-05:00[America/New_York],2021-02-07T22:38:58-05:00[America/New_York],Yes,2021-02-07,81527,Sunday
1807,C,18,2021-02-07T22:38:58-05:00[America/New_York],2021-02-07T22:39:16-05:00[America/New_York],Yes,2021-02-07,81538,Sunday
1807,<A>,61,2021-02-07T22:39:16-05:00[America/New_York],2021-02-07T22:40:17-05:00[America/New_York],Yes,2021-02-07,81556,Sunday
1807,B,13,2021-02-07T22:40:17-05:00[America/New_York],2021-02-07T22:40:30-05:00[America/New_York],Yes,2021-02-07,81617,Sunday
1807,C,18,2021-02-07T22:40:30-05:00[America/New_York],2021-02-07T22:40:48-05:00[America/New_York],Yes,2021-02-07,81630,Sunday
1807,<A>,59,2021-02-07T22:40:48-05:00[America/New_York],2021-02-07T22:41:47-05:00[America/New_York],Yes,2021-02-07,81648,Sunday
1807,C,18,2021-02-07T22:41:47-05:00[America/New_York],2021-02-07T22:42:05-05:00[America/New_York],Yes,2021-02-07,81707,Sunday
1807,<A>,47,2021-02-07T22:42:05-05:00[America/New_York],2021-02-07T22:42:52-05:00[America/New_York],Yes,2021-02-07,81725,Sunday
1807,B,12,2021-02-07T22:42:52-05:00[America/New_York],2021-02-07T22:43:04-05:00[America/New_York],Yes,2021-02-07,81772,Sunday
1807,C,19,2021-02-07T22:43:04-05:00[America/New_York],2021-02-07T22:43:23-05:00[America/New_York],Yes,2021-02-07,81784,Sunday
1807,<A>,70,2021-02-07T22:43:23-05:00[America/New_York],2021-02-07T22:44:33-05:00[America/New_York],Yes,2021-02-07,81803,Sunday
1807,C,28,2021-02-07T22:44:33-05:00[America/New_York],2021-02-07T22:45:01-05:00[America/New_York],Yes,2021-02-07,81873,Sunday
1807,<A>,54,2021-02-07T22:45:01-05:00[America/New_York],2021-02-07T22:45:55-05:00[America/New_York],Yes,2021-02-07,81901,Sunday
1807,C,15,2021-02-07T22:45:55-05:00[America/New_York],2021-02-07T22:46:10-05:00[America/New_York],Yes,2021-02-07,81955,Sunday
1807,<A>,54,2021-02-07T22:46:10-05:00[America/New_York],2021-02-07T22:47:04-05:00[America/New_York],Yes,2021-02-07,81970,Sunday
1807,C,27,2021-02-07T22:47:04-05:00[America/New_York],2021-02-07T22:47:31-05:00[America/New_York],Yes,2021-02-07,82024,Sunday
1807,<A>,77,2021-02-07T22:47:31-05:00[America/New_York],2021-02-07T22:48:48-05:00[America/New_York],NA,2021-02-07,82051,Sunday
1807,B,9,2021-02-07T22:48:48-05:00[America/New_York],2021-02-07T22:48:57-05:00[America/New_York],Yes,2021-02-07,82128,Sunday
1807,C,16,2021-02-07T22:48:57-05:00[America/New_York],2021-02-07T22:49:13-05:00[America/New_York],Yes,2021-02-07,82137,Sunday
1807,<A>,51,2021-02-07T22:49:13-05:00[America/New_York],2021-02-07T22:50:04-05:00[America/New_York],Yes,2021-02-07,82153,Sunday
1807,B,10,2021-02-07T22:50:04-05:00[America/New_York],2021-02-07T22:50:14-05:00[America/New_York],Yes,2021-02-07,82204,Sunday
1807,C,15,2021-02-07T22:50:14-05:00[America/New_York],2021-02-07T22:50:29-05:00[America/New_York],Yes,2021-02-07,82214,Sunday
1807,<A>,78,2021-02-07T22:50:29-05:00[America/New_York],2021-02-07T22:51:47-05:00[America/New_York],Yes,2021-02-07,82229,Sunday
1807,B,11,2021-02-07T22:51:47-05:00[America/New_York],2021-02-07T22:51:58-05:00[America/New_York],Yes,2021-02-07,82307,Sunday
1807,C,15,2021-02-07T22:51:58-05:00[America/New_York],2021-02-07T22:52:13-05:00[America/New_York],Yes,2021-02-07,82318,Sunday
1807,<A>,74,2021-02-07T22:52:13-05:00[America/New_York],2021-02-07T22:53:27-05:00[America/New_York],NA,2021-02-07,82333,Sunday
1807,C,22,2021-02-07T22:53:27-05:00[America/New_York],2021-02-07T22:53:49-05:00[America/New_York],Yes,2021-02-07,82407,Sunday
1807,<A>,92,2021-02-07T22:53:49-05:00[America/New_York],2021-02-07T22:55:21-05:00[America/New_York],NA,2021-02-07,82429,Sunday
1807,C,15,2021-02-07T22:55:21-05:00[America/New_York],2021-02-07T22:55:36-05:00[America/New_York],Yes,2021-02-07,82521,Sunday
1807,<A>,49,2021-02-07T22:55:36-05:00[America/New_York],2021-02-07T22:56:25-05:00[America/New_York],Yes,2021-02-07,82536,Sunday
1807,C,21,2021-02-07T22:56:25-05:00[America/New_York],2021-02-07T22:56:46-05:00[America/New_York],Yes,2021-02-07,82585,Sunday
1807,<A>,46,2021-02-07T22:56:46-05:00[America/New_York],2021-02-07T22:57:32-05:00[America/New_York],Yes,2021-02-07,82606,Sunday
1807,C,15,2021-02-07T22:57:32-05:00[America/New_York],2021-02-07T22:57:47-05:00[America/New_York],Yes,2021-02-07,82652,Sunday
1807,<A>,122,2021-02-07T22:57:47-05:00[America/New_York],2021-02-07T22:59:49-05:00[America/New_York],NA,2021-02-07,82667,Sunday
1807,C,18,2021-02-07T22:59:49-05:00[America/New_York],2021-02-07T23:00:07-05:00[America/New_York],Yes,2021-02-07,82789,Sunday
1807,<A>,82,2021-02-07T23:00:07-05:00[America/New_York],2021-02-07T23:01:29-05:00[America/New_York],NA,2021-02-07,82807,Sunday
1807,C,17,2021-02-07T23:01:29-05:00[America/New_York],2021-02-07T23:01:46-05:00[America/New_York],Yes,2021-02-07,82889,Sunday
1807,<A>,54,2021-02-07T23:01:46-05:00[America/New_York],2021-02-07T23:02:40-05:00[America/New_York],Yes,2021-02-07,82906,Sunday
1807,B,13,2021-02-07T23:02:40-05:00[America/New_York],2021-02-07T23:02:53-05:00[America/New_York],Yes,2021-02-07,82960,Sunday
1807,C,15,2021-02-07T23:02:53-05:00[America/New_York],2021-02-07T23:03:08-05:00[America/New_York],Yes,2021-02-07,82973,Sunday
1807,<A>,77,2021-02-07T23:03:08-05:00[America/New_York],2021-02-07T23:04:25-05:00[America/New_York],Yes,2021-02-07,82988,Sunday
1807,B,15,2021-02-07T23:04:25-05:00[America/New_York],2021-02-07T23:04:40-05:00[America/New_York],Yes,2021-02-07,83065,Sunday
1807,C,16,2021-02-07T23:04:40-05:00[America/New_York],2021-02-07T23:04:56-05:00[America/New_York],NA,2021-02-07,83080,Sunday
1807,<A>,83,2021-02-07T23:04:56-05:00[America/New_York],2021-02-07T23:06:19-05:00[America/New_York],NA,2021-02-07,83096,Sunday
1807,C,15,2021-02-07T23:06:19-05:00[America/New_York],2021-02-07T23:06:34-05:00[America/New_York],Yes,2021-02-07,83179,Sunday
1807,<A>,50,2021-02-07T23:06:34-05:00[America/New_York],2021-02-07T23:07:24-05:00[America/New_York],Yes,2021-02-07,83194,Sunday
1807,B,9,2021-02-07T23:07:24-05:00[America/New_York],2021-02-07T23:07:33-05:00[America/New_York],Yes,2021-02-07,83244,Sunday
1807,C,16,2021-02-07T23:07:33-05:00[America/New_York],2021-02-07T23:07:49-05:00[America/New_York],Yes,2021-02-07,83253,Sunday
1807,<A>,71,2021-02-07T23:07:49-05:00[America/New_York],2021-02-07T23:09:00-05:00[America/New_York],Yes,2021-02-07,83269,Sunday
1807,C,15,2021-02-07T23:09:00-05:00[America/New_York],2021-02-07T23:09:15-05:00[America/New_York],Yes,2021-02-07,83340,Sunday
1807,<A>,77,2021-02-07T23:09:15-05:00[America/New_York],2021-02-07T23:10:32-05:00[America/New_York],NA,2021-02-07,83355,Sunday
1807,C,17,2021-02-07T23:10:32-05:00[America/New_York],2021-02-07T23:10:49-05:00[America/New_York],Yes,2021-02-07,83432,Sunday
1807,<A>,44,2021-02-07T23:10:49-05:00[America/New_York],2021-02-07T23:11:33-05:00[America/New_York],Yes,2021-02-07,83449,Sunday
1807,B,11,2021-02-07T23:11:33-05:00[America/New_York],2021-02-07T23:11:44-05:00[America/New_York],Yes,2021-02-07,83493,Sunday
1807,C,15,2021-02-07T23:11:44-05:00[America/New_York],2021-02-07T23:11:59-05:00[America/New_York],Yes,2021-02-07,83504,Sunday
1807,<A>,97,2021-02-07T23:11:59-05:00[America/New_York],2021-02-07T23:13:36-05:00[America/New_York],NA,2021-02-07,83519,Sunday
1807,B,14,2021-02-07T23:13:36-05:00[America/New_York],2021-02-07T23:13:50-05:00[America/New_York],Yes,2021-02-07,83616,Sunday
1807,C,15,2021-02-07T23:13:50-05:00[America/New_York],2021-02-07T23:14:05-05:00[America/New_York],Yes,2021-02-07,83630,Sunday
1807,<A>,85,2021-02-07T23:14:05-05:00[America/New_York],2021-02-07T23:15:30-05:00[America/New_York],NA,2021-02-07,83645,Sunday
1807,C,15,2021-02-07T23:15:30-05:00[America/New_York],2021-02-07T23:15:45-05:00[America/New_York],Yes,2021-02-07,83730,Sunday
1807,<A>,85,2021-02-07T23:15:45-05:00[America/New_York],2021-02-07T23:17:10-05:00[America/New_York],NA,2021-02-07,83745,Sunday
1807,B,10,2021-02-07T23:17:10-05:00[America/New_York],2021-02-07T23:17:20-05:00[America/New_York],Yes,2021-02-07,83830,Sunday
1807,C,16,2021-02-07T23:17:20-05:00[America/New_York],2021-02-07T23:17:36-05:00[America/New_York],Yes,2021-02-07,83840,Sunday
1807,<A>,103,2021-02-07T23:17:36-05:00[America/New_York],2021-02-07T23:19:19-05:00[America/New_York],NA,2021-02-07,83856,Sunday
1807,B,9,2021-02-07T23:19:19-05:00[America/New_York],2021-02-07T23:19:28-05:00[America/New_York],Yes,2021-02-07,83959,Sunday
1807,C,16,2021-02-07T23:19:28-05:00[America/New_York],2021-02-07T23:19:44-05:00[America/New_York],Yes,2021-02-07,83968,Sunday
1807,<A>,82,2021-02-07T23:19:44-05:00[America/New_York],2021-02-07T23:21:06-05:00[America/New_York],NA,2021-02-07,83984,Sunday
1807,C,18,2021-02-07T23:21:06-05:00[America/New_York],2021-02-07T23:21:24-05:00[America/New_York],Yes,2021-02-07,84066,Sunday
1807,<A>,54,2021-02-07T23:21:24-05:00[America/New_York],2021-02-07T23:22:18-05:00[America/New_York],Yes,2021-02-07,84084,Sunday
1807,C,15,2021-02-07T23:22:18-05:00[America/New_York],2021-02-07T23:22:33-05:00[America/New_York],Yes,2021-02-07,84138,Sunday
1807,<A>,55,2021-02-07T23:22:33-05:00[America/New_York],2021-02-07T23:23:28-05:00[America/New_York],Yes,2021-02-07,84153,Sunday
1807,C,17,2021-02-07T23:23:28-05:00[America/New_York],2021-02-07T23:23:45-05:00[America/New_York],Yes,2021-02-07,84208,Sunday
1807,<A>,52,2021-02-07T23:23:45-05:00[America/New_York],2021-02-07T23:24:37-05:00[America/New_York],Yes,2021-02-07,84225,Sunday
1807,C,15,2021-02-07T23:24:37-05:00[America/New_York],2021-02-07T23:24:52-05:00[America/New_York],Yes,2021-02-07,84277,Sunday
1807,<A>,147,2021-02-07T23:24:52-05:00[America/New_York],2021-02-07T23:27:19-05:00[America/New_York],Yes,2021-02-07,84292,Sunday
1807,C,16,2021-02-07T23:27:19-05:00[America/New_York],2021-02-07T23:27:35-05:00[America/New_York],Yes,2021-02-07,84439,Sunday
1807,<A>,66,2021-02-07T23:27:35-05:00[America/New_York],2021-02-07T23:28:41-05:00[America/New_York],NA,2021-02-07,84455,Sunday
1807,C,17,2021-02-07T23:28:41-05:00[America/New_York],2021-02-07T23:28:58-05:00[America/New_York],Yes,2021-02-07,84521,Sunday
1807,<A>,73,2021-02-07T23:28:58-05:00[America/New_York],2021-02-07T23:30:11-05:00[America/New_York],Yes,2021-02-07,84538,Sunday
1807,C,16,2021-02-07T23:30:11-05:00[America/New_York],2021-02-07T23:30:27-05:00[America/New_York],Yes,2021-02-07,84611,Sunday
1807,<A>,167,2021-02-07T23:30:27-05:00[America/New_York],2021-02-07T23:33:14-05:00[America/New_York],NA,2021-02-07,84627,Sunday
1807,C,15,2021-02-07T23:33:14-05:00[America/New_York],2021-02-07T23:33:29-05:00[America/New_York],Yes,2021-02-07,84794,Sunday
1807,<A>,61,2021-02-07T23:33:29-05:00[America/New_York],2021-02-07T23:34:30-05:00[America/New_York],Yes,2021-02-07,84809,Sunday
1807,B,13,2021-02-07T23:34:30-05:00[America/New_York],2021-02-07T23:34:43-05:00[America/New_York],Yes,2021-02-07,84870,Sunday
1807,C,17,2021-02-07T23:34:43-05:00[America/New_York],2021-02-07T23:35:00-05:00[America/New_York],Yes,2021-02-07,84883,Sunday
1807,<A>,51,2021-02-07T23:35:00-05:00[America/New_York],2021-02-07T23:35:51-05:00[America/New_York],Yes,2021-02-07,84900,Sunday
1807,C,15,2021-02-07T23:35:51-05:00[America/New_York],2021-02-07T23:36:06-05:00[America/New_York],Yes,2021-02-07,84951,Sunday
1807,<A>,58,2021-02-07T23:36:06-05:00[America/New_York],2021-02-07T23:37:04-05:00[America/New_York],Yes,2021-02-07,84966,Sunday
1807,C,15,2021-02-07T23:37:04-05:00[America/New_York],2021-02-07T23:37:19-05:00[America/New_York],Yes,2021-02-07,85024,Sunday
1807,<A>,94,2021-02-07T23:37:19-05:00[America/New_York],2021-02-07T23:38:53-05:00[America/New_York],NA,2021-02-07,85039,Sunday
1807,C,15,2021-02-07T23:38:53-05:00[America/New_York],2021-02-07T23:39:08-05:00[America/New_York],Yes,2021-02-07,85133,Sunday
1807,<A>,97,2021-02-07T23:39:08-05:00[America/New_York],2021-02-07T23:40:45-05:00[America/New_York],NA,2021-02-07,85148,Sunday
1807,C,15,2021-02-07T23:40:45-05:00[America/New_York],2021-02-07T23:41:00-05:00[America/New_York],Yes,2021-02-07,85245,Sunday
1807,<A>,73,2021-02-07T23:41:00-05:00[America/New_York],2021-02-07T23:42:13-05:00[America/New_York],Yes,2021-02-07,85260,Sunday
1807,C,15,2021-02-07T23:42:13-05:00[America/New_York],2021-02-07T23:42:28-05:00[America/New_York],Yes,2021-02-07,85333,Sunday
1807,<A>,179,2021-02-07T23:42:28-05:00[America/New_York],2021-02-07T23:45:27-05:00[America/New_York],NA,2021-02-07,85348,Sunday
1807,C,15,2021-02-07T23:45:27-05:00[America/New_York],2021-02-07T23:45:42-05:00[America/New_York],Yes,2021-02-07,85527,Sunday
1807,<A>,63,2021-02-07T23:45:42-05:00[America/New_York],2021-02-07T23:46:45-05:00[America/New_York],Yes,2021-02-07,85542,Sunday
1807,C,19,2021-02-07T23:46:45-05:00[America/New_York],2021-02-07T23:47:04-05:00[America/New_York],Yes,2021-02-07,85605,Sunday
1807,<A>,95,2021-02-07T23:47:04-05:00[America/New_York],2021-02-07T23:48:39-05:00[America/New_York],NA,2021-02-07,85624,Sunday
1807,C,15,2021-02-07T23:48:39-05:00[America/New_York],2021-02-07T23:48:54-05:00[America/New_York],Yes,2021-02-07,85719,Sunday
1807,<A>,81,2021-02-07T23:48:54-05:00[America/New_York],2021-02-07T23:50:15-05:00[America/New_York],Yes,2021-02-07,85734,Sunday
1807,C,15,2021-02-07T23:50:15-05:00[America/New_York],2021-02-07T23:50:30-05:00[America/New_York],Yes,2021-02-07,85815,Sunday
1807,<A>,104,2021-02-07T23:50:30-05:00[America/New_York],2021-02-07T23:52:14-05:00[America/New_York],NA,2021-02-07,85830,Sunday
1807,C,15,2021-02-07T23:52:14-05:00[America/New_York],2021-02-07T23:52:29-05:00[America/New_York],Yes,2021-02-07,85934,Sunday
1807,<A>,69,2021-02-07T23:52:29-05:00[America/New_York],2021-02-07T23:53:38-05:00[America/New_York],Yes,2021-02-07,85949,Sunday
1807,C,15,2021-02-07T23:53:38-05:00[America/New_York],2021-02-07T23:53:53-05:00[America/New_York],Yes,2021-02-07,86018,Sunday
1807,<A>,92,2021-02-07T23:53:53-05:00[America/New_York],2021-02-07T23:55:25-05:00[America/New_York],NA,2021-02-07,86033,Sunday
1807,C,15,2021-02-07T23:55:25-05:00[America/New_York],2021-02-07T23:55:40-05:00[America/New_York],Yes,2021-02-07,86125,Sunday
1807,<A>,211,2021-02-07T23:55:40-05:00[America/New_York],2021-02-07T23:59:11-05:00[America/New_York],NA,2021-02-07,86140,Sunday
1807,C,16,2021-02-07T23:59:11-05:00[America/New_York],2021-02-07T23:59:27-05:00[America/New_York],Yes,2021-02-07,86351,Sunday
1807,<A>,32,2021-02-07T23:59:27-05:00[America/New_York],2021-02-07T23:59:59-05:00[America/New_York],NA,2021-02-07,86367,Sunday
1808,C,32,2021-02-07T00:01:10-05:00[America/New_York],2021-02-07T00:01:42-05:00[America/New_York],Yes,2021-02-07,70,Sunday
1808,<A>,152,2021-02-07T00:01:42-05:00[America/New_York],2021-02-07T00:04:14-05:00[America/New_York],NA,2021-02-07,102,Sunday
1808,C,31,2021-02-07T00:04:14-05:00[America/New_York],2021-02-07T00:04:45-05:00[America/New_York],Yes,2021-02-07,254,Sunday
1808,<A>,70,2021-02-07T00:04:45-05:00[America/New_York],2021-02-07T00:05:55-05:00[America/New_York],NA,2021-02-07,285,Sunday
1808,C,25,2021-02-07T00:05:55-05:00[America/New_York],2021-02-07T00:06:20-05:00[America/New_York],Yes,2021-02-07,355,Sunday
1808,<A>,76,2021-02-07T00:06:20-05:00[America/New_York],2021-02-07T00:07:36-05:00[America/New_York],NA,2021-02-07,380,Sunday
1808,C,31,2021-02-07T00:07:36-05:00[America/New_York],2021-02-07T00:08:07-05:00[America/New_York],Yes,2021-02-07,456,Sunday
1808,<A>,146,2021-02-07T00:08:07-05:00[America/New_York],2021-02-07T00:10:33-05:00[America/New_York],NA,2021-02-07,487,Sunday
1808,C,24,2021-02-07T00:10:33-05:00[America/New_York],2021-02-07T00:10:57-05:00[America/New_York],Yes,2021-02-07,633,Sunday
1808,<A>,45,2021-02-07T00:10:57-05:00[America/New_York],2021-02-07T00:11:42-05:00[America/New_York],Yes,2021-02-07,657,Sunday
1808,C,30,2021-02-07T00:11:42-05:00[America/New_York],2021-02-07T00:12:12-05:00[America/New_York],Yes,2021-02-07,702,Sunday
1808,<A>,50,2021-02-07T00:12:12-05:00[America/New_York],2021-02-07T00:13:02-05:00[America/New_York],NA,2021-02-07,732,Sunday
1808,B,9,2021-02-07T00:13:02-05:00[America/New_York],2021-02-07T00:13:11-05:00[America/New_York],Yes,2021-02-07,782,Sunday
1808,C,28,2021-02-07T00:13:11-05:00[America/New_York],2021-02-07T00:13:39-05:00[America/New_York],Yes,2021-02-07,791,Sunday
1808,<A>,69,2021-02-07T00:13:39-05:00[America/New_York],2021-02-07T00:14:48-05:00[America/New_York],NA,2021-02-07,819,Sunday
1808,C,24,2021-02-07T00:14:48-05:00[America/New_York],2021-02-07T00:15:12-05:00[America/New_York],Yes,2021-02-07,888,Sunday
1808,<A>,44,2021-02-07T00:15:12-05:00[America/New_York],2021-02-07T00:15:56-05:00[America/New_York],Yes,2021-02-07,912,Sunday
1808,B,9,2021-02-07T00:15:56-05:00[America/New_York],2021-02-07T00:16:05-05:00[America/New_York],Yes,2021-02-07,956,Sunday
1808,C,23,2021-02-07T00:16:05-05:00[America/New_York],2021-02-07T00:16:28-05:00[America/New_York],Yes,2021-02-07,965,Sunday
1808,<A>,72,2021-02-07T00:16:28-05:00[America/New_York],2021-02-07T00:17:40-05:00[America/New_York],NA,2021-02-07,988,Sunday
1808,C,24,2021-02-07T00:17:40-05:00[America/New_York],2021-02-07T00:18:04-05:00[America/New_York],Yes,2021-02-07,1060,Sunday
1808,<A>,52,2021-02-07T00:18:04-05:00[America/New_York],2021-02-07T00:18:56-05:00[America/New_York],Yes,2021-02-07,1084,Sunday
1808,B,9,2021-02-07T00:18:56-05:00[America/New_York],2021-02-07T00:19:05-05:00[America/New_York],Yes,2021-02-07,1136,Sunday
1808,C,28,2021-02-07T00:19:05-05:00[America/New_York],2021-02-07T00:19:33-05:00[America/New_York],Yes,2021-02-07,1145,Sunday
1808,<A>,88,2021-02-07T00:19:33-05:00[America/New_York],2021-02-07T00:21:01-05:00[America/New_York],NA,2021-02-07,1173,Sunday
1808,C,28,2021-02-07T00:21:01-05:00[America/New_York],2021-02-07T00:21:29-05:00[America/New_York],Yes,2021-02-07,1261,Sunday
1808,<A>,64,2021-02-07T00:21:29-05:00[America/New_York],2021-02-07T00:22:33-05:00[America/New_York],Yes,2021-02-07,1289,Sunday
1808,C,23,2021-02-07T00:22:33-05:00[America/New_York],2021-02-07T00:22:56-05:00[America/New_York],Yes,2021-02-07,1353,Sunday
1808,<A>,160,2021-02-07T00:22:56-05:00[America/New_York],2021-02-07T00:25:36-05:00[America/New_York],NA,2021-02-07,1376,Sunday
1808,C,25,2021-02-07T00:25:36-05:00[America/New_York],2021-02-07T00:26:01-05:00[America/New_York],Yes,2021-02-07,1536,Sunday
1808,<A>,100,2021-02-07T00:26:01-05:00[America/New_York],2021-02-07T00:27:41-05:00[America/New_York],NA,2021-02-07,1561,Sunday
1808,C,27,2021-02-07T00:27:41-05:00[America/New_York],2021-02-07T00:28:08-05:00[America/New_York],Yes,2021-02-07,1661,Sunday
1808,<A>,196,2021-02-07T00:28:08-05:00[America/New_York],2021-02-07T00:31:24-05:00[America/New_York],NA,2021-02-07,1688,Sunday
1808,C,22,2021-02-07T00:31:24-05:00[America/New_York],2021-02-07T00:31:46-05:00[America/New_York],Yes,2021-02-07,1884,Sunday
1808,<A>,56,2021-02-07T00:31:46-05:00[America/New_York],2021-02-07T00:32:42-05:00[America/New_York],Yes,2021-02-07,1906,Sunday
1808,B,9,2021-02-07T00:32:42-05:00[America/New_York],2021-02-07T00:32:51-05:00[America/New_York],Yes,2021-02-07,1962,Sunday
1808,C,23,2021-02-07T00:32:51-05:00[America/New_York],2021-02-07T00:33:14-05:00[America/New_York],Yes,2021-02-07,1971,Sunday
1808,<A>,48,2021-02-07T00:33:14-05:00[America/New_York],2021-02-07T00:34:02-05:00[America/New_York],Yes,2021-02-07,1994,Sunday
1808,C,37,2021-02-07T00:34:02-05:00[America/New_York],2021-02-07T00:34:39-05:00[America/New_York],Yes,2021-02-07,2042,Sunday
1808,<A>,43,2021-02-07T00:34:39-05:00[America/New_York],2021-02-07T00:35:22-05:00[America/New_York],Yes,2021-02-07,2079,Sunday
1808,B,9,2021-02-07T00:35:22-05:00[America/New_York],2021-02-07T00:35:31-05:00[America/New_York],Yes,2021-02-07,2122,Sunday
1808,C,23,2021-02-07T00:35:31-05:00[America/New_York],2021-02-07T00:35:54-05:00[America/New_York],Yes,2021-02-07,2131,Sunday
1808,<A>,71,2021-02-07T00:35:54-05:00[America/New_York],2021-02-07T00:37:05-05:00[America/New_York],NA,2021-02-07,2154,Sunday
1808,C,30,2021-02-07T00:37:05-05:00[America/New_York],2021-02-07T00:37:35-05:00[America/New_York],Yes,2021-02-07,2225,Sunday
1808,<A>,93,2021-02-07T00:37:35-05:00[America/New_York],2021-02-07T00:39:08-05:00[America/New_York],NA,2021-02-07,2255,Sunday
1808,C,31,2021-02-07T00:39:08-05:00[America/New_York],2021-02-07T00:39:39-05:00[America/New_York],Yes,2021-02-07,2348,Sunday
1808,<A>,151,2021-02-07T00:39:39-05:00[America/New_York],2021-02-07T00:42:10-05:00[America/New_York],NA,2021-02-07,2379,Sunday
1808,C,23,2021-02-07T00:42:10-05:00[America/New_York],2021-02-07T00:42:33-05:00[America/New_York],Yes,2021-02-07,2530,Sunday
1808,<A>,45,2021-02-07T00:42:33-05:00[America/New_York],2021-02-07T00:43:18-05:00[America/New_York],Yes,2021-02-07,2553,Sunday
1808,C,23,2021-02-07T00:43:18-05:00[America/New_York],2021-02-07T00:43:41-05:00[America/New_York],Yes,2021-02-07,2598,Sunday
1808,<A>,62,2021-02-07T00:43:41-05:00[America/New_York],2021-02-07T00:44:43-05:00[America/New_York],NA,2021-02-07,2621,Sunday
1808,B,10,2021-02-07T00:44:43-05:00[America/New_York],2021-02-07T00:44:53-05:00[America/New_York],Yes,2021-02-07,2683,Sunday
1808,C,22,2021-02-07T00:44:53-05:00[America/New_York],2021-02-07T00:45:15-05:00[America/New_York],Yes,2021-02-07,2693,Sunday
1808,<A>,51,2021-02-07T00:45:15-05:00[America/New_York],2021-02-07T00:46:06-05:00[America/New_York],Yes,2021-02-07,2715,Sunday
1808,B,9,2021-02-07T00:46:06-05:00[America/New_York],2021-02-07T00:46:15-05:00[America/New_York],Yes,2021-02-07,2766,Sunday
1808,C,23,2021-02-07T00:46:15-05:00[America/New_York],2021-02-07T00:46:38-05:00[America/New_York],Yes,2021-02-07,2775,Sunday
1808,<A>,56,2021-02-07T00:46:38-05:00[America/New_York],2021-02-07T00:47:34-05:00[America/New_York],Yes,2021-02-07,2798,Sunday
1808,B,9,2021-02-07T00:47:34-05:00[America/New_York],2021-02-07T00:47:43-05:00[America/New_York],Yes,2021-02-07,2854,Sunday
1808,C,37,2021-02-07T00:47:43-05:00[America/New_York],2021-02-07T00:48:20-05:00[America/New_York],NA,2021-02-07,2863,Sunday
1808,<A>,76,2021-02-07T00:48:20-05:00[America/New_York],2021-02-07T00:49:36-05:00[America/New_York],NA,2021-02-07,2900,Sunday
1808,C,22,2021-02-07T00:49:36-05:00[America/New_York],2021-02-07T00:49:58-05:00[America/New_York],Yes,2021-02-07,2976,Sunday
1808,<A>,71,2021-02-07T00:49:58-05:00[America/New_York],2021-02-07T00:51:09-05:00[America/New_York],Yes,2021-02-07,2998,Sunday
1808,C,27,2021-02-07T00:51:09-05:00[America/New_York],2021-02-07T00:51:36-05:00[America/New_York],Yes,2021-02-07,3069,Sunday
1808,<A>,69,2021-02-07T00:51:36-05:00[America/New_York],2021-02-07T00:52:45-05:00[America/New_York],NA,2021-02-07,3096,Sunday
1808,C,25,2021-02-07T00:52:45-05:00[America/New_York],2021-02-07T00:53:10-05:00[America/New_York],Yes,2021-02-07,3165,Sunday
1808,<A>,71,2021-02-07T00:53:10-05:00[America/New_York],2021-02-07T00:54:21-05:00[America/New_York],NA,2021-02-07,3190,Sunday
1808,B,9,2021-02-07T00:54:21-05:00[America/New_York],2021-02-07T00:54:30-05:00[America/New_York],Yes,2021-02-07,3261,Sunday
1808,C,29,2021-02-07T00:54:30-05:00[America/New_York],2021-02-07T00:54:59-05:00[America/New_York],Yes,2021-02-07,3270,Sunday
1808,<A>,69,2021-02-07T00:54:59-05:00[America/New_York],2021-02-07T00:56:08-05:00[America/New_York],NA,2021-02-07,3299,Sunday
1808,C,27,2021-02-07T00:56:08-05:00[America/New_York],2021-02-07T00:56:35-05:00[America/New_York],Yes,2021-02-07,3368,Sunday
1808,<A>,90,2021-02-07T00:56:35-05:00[America/New_York],2021-02-07T00:58:05-05:00[America/New_York],NA,2021-02-07,3395,Sunday
1808,C,25,2021-02-07T00:58:05-05:00[America/New_York],2021-02-07T00:58:30-05:00[America/New_York],Yes,2021-02-07,3485,Sunday
1808,<A>,70,2021-02-07T00:58:30-05:00[America/New_York],2021-02-07T00:59:40-05:00[America/New_York],NA,2021-02-07,3510,Sunday
1808,C,22,2021-02-07T00:59:40-05:00[America/New_York],2021-02-07T01:00:02-05:00[America/New_York],Yes,2021-02-07,3580,Sunday
1808,<A>,42,2021-02-07T01:00:02-05:00[America/New_York],2021-02-07T01:00:44-05:00[America/New_York],Yes,2021-02-07,3602,Sunday
1808,B,9,2021-02-07T01:00:44-05:00[America/New_York],2021-02-07T01:00:53-05:00[America/New_York],Yes,2021-02-07,3644,Sunday
1808,C,23,2021-02-07T01:00:53-05:00[America/New_York],2021-02-07T01:01:16-05:00[America/New_York],Yes,2021-02-07,3653,Sunday
1808,<A>,72,2021-02-07T01:01:16-05:00[America/New_York],2021-02-07T01:02:28-05:00[America/New_York],NA,2021-02-07,3676,Sunday
1808,C,34,2021-02-07T01:02:28-05:00[America/New_York],2021-02-07T01:03:02-05:00[America/New_York],Yes,2021-02-07,3748,Sunday
1808,<A>,90,2021-02-07T01:03:02-05:00[America/New_York],2021-02-07T01:04:32-05:00[America/New_York],NA,2021-02-07,3782,Sunday
1808,C,23,2021-02-07T01:04:32-05:00[America/New_York],2021-02-07T01:04:55-05:00[America/New_York],Yes,2021-02-07,3872,Sunday
1808,<A>,43,2021-02-07T01:04:55-05:00[America/New_York],2021-02-07T01:05:38-05:00[America/New_York],Yes,2021-02-07,3895,Sunday
1808,C,22,2021-02-07T01:05:38-05:00[America/New_York],2021-02-07T01:06:00-05:00[America/New_York],Yes,2021-02-07,3938,Sunday
1808,<A>,117,2021-02-07T01:06:00-05:00[America/New_York],2021-02-07T01:07:57-05:00[America/New_York],NA,2021-02-07,3960,Sunday
1808,C,25,2021-02-07T01:07:57-05:00[America/New_York],2021-02-07T01:08:22-05:00[America/New_York],Yes,2021-02-07,4077,Sunday
1808,<A>,70,2021-02-07T01:08:22-05:00[America/New_York],2021-02-07T01:09:32-05:00[America/New_York],NA,2021-02-07,4102,Sunday
1808,C,29,2021-02-07T01:09:32-05:00[America/New_York],2021-02-07T01:10:01-05:00[America/New_York],Yes,2021-02-07,4172,Sunday
1808,<A>,97,2021-02-07T01:10:01-05:00[America/New_York],2021-02-07T01:11:38-05:00[America/New_York],NA,2021-02-07,4201,Sunday
1808,C,22,2021-02-07T01:11:38-05:00[America/New_York],2021-02-07T01:12:00-05:00[America/New_York],Yes,2021-02-07,4298,Sunday
1808,<A>,68,2021-02-07T01:12:00-05:00[America/New_York],2021-02-07T01:13:08-05:00[America/New_York],Yes,2021-02-07,4320,Sunday
1808,C,23,2021-02-07T01:13:08-05:00[America/New_York],2021-02-07T01:13:31-05:00[America/New_York],Yes,2021-02-07,4388,Sunday
1808,<A>,36,2021-02-07T01:13:31-05:00[America/New_York],2021-02-07T01:14:07-05:00[America/New_York],Yes,2021-02-07,4411,Sunday
1808,C,24,2021-02-07T01:14:07-05:00[America/New_York],2021-02-07T01:14:31-05:00[America/New_York],Yes,2021-02-07,4447,Sunday
1808,<A>,67,2021-02-07T01:14:31-05:00[America/New_York],2021-02-07T01:15:38-05:00[America/New_York],NA,2021-02-07,4471,Sunday
1808,C,27,2021-02-07T01:15:38-05:00[America/New_York],2021-02-07T01:16:05-05:00[America/New_York],Yes,2021-02-07,4538,Sunday
1808,<A>,65,2021-02-07T01:16:05-05:00[America/New_York],2021-02-07T01:17:10-05:00[America/New_York],Yes,2021-02-07,4565,Sunday
1808,B,9,2021-02-07T01:17:10-05:00[America/New_York],2021-02-07T01:17:19-05:00[America/New_York],Yes,2021-02-07,4630,Sunday
1808,C,24,2021-02-07T01:17:19-05:00[America/New_York],2021-02-07T01:17:43-05:00[America/New_York],Yes,2021-02-07,4639,Sunday
1808,<A>,47,2021-02-07T01:17:43-05:00[America/New_York],2021-02-07T01:18:30-05:00[America/New_York],Yes,2021-02-07,4663,Sunday
1808,B,9,2021-02-07T01:18:30-05:00[America/New_York],2021-02-07T01:18:39-05:00[America/New_York],Yes,2021-02-07,4710,Sunday
1808,C,29,2021-02-07T01:18:39-05:00[America/New_York],2021-02-07T01:19:08-05:00[America/New_York],Yes,2021-02-07,4719,Sunday
1808,<A>,121,2021-02-07T01:19:08-05:00[America/New_York],2021-02-07T01:21:09-05:00[America/New_York],NA,2021-02-07,4748,Sunday
1808,C,23,2021-02-07T01:21:09-05:00[America/New_York],2021-02-07T01:21:32-05:00[America/New_York],Yes,2021-02-07,4869,Sunday
1808,<A>,45,2021-02-07T01:21:32-05:00[America/New_York],2021-02-07T01:22:17-05:00[America/New_York],Yes,2021-02-07,4892,Sunday
1808,B,9,2021-02-07T01:22:17-05:00[America/New_York],2021-02-07T01:22:26-05:00[America/New_York],Yes,2021-02-07,4937,Sunday
1808,C,23,2021-02-07T01:22:26-05:00[America/New_York],2021-02-07T01:22:49-05:00[America/New_York],Yes,2021-02-07,4946,Sunday
1808,<A>,63,2021-02-07T01:22:49-05:00[America/New_York],2021-02-07T01:23:52-05:00[America/New_York],NA,2021-02-07,4969,Sunday
1808,C,22,2021-02-07T01:23:52-05:00[America/New_York],2021-02-07T01:24:14-05:00[America/New_York],Yes,2021-02-07,5032,Sunday
1808,<A>,105,2021-02-07T01:24:14-05:00[America/New_York],2021-02-07T01:25:59-05:00[America/New_York],NA,2021-02-07,5054,Sunday
1808,C,22,2021-02-07T01:25:59-05:00[America/New_York],2021-02-07T01:26:21-05:00[America/New_York],Yes,2021-02-07,5159,Sunday
1808,<A>,152,2021-02-07T01:26:21-05:00[America/New_York],2021-02-07T01:28:53-05:00[America/New_York],NA,2021-02-07,5181,Sunday
1808,C,23,2021-02-07T01:28:53-05:00[America/New_York],2021-02-07T01:29:16-05:00[America/New_York],Yes,2021-02-07,5333,Sunday
1808,<A>,43,2021-02-07T01:29:16-05:00[America/New_York],2021-02-07T01:29:59-05:00[America/New_York],Yes,2021-02-07,5356,Sunday
1808,B,9,2021-02-07T01:29:59-05:00[America/New_York],2021-02-07T01:30:08-05:00[America/New_York],Yes,2021-02-07,5399,Sunday
1808,C,24,2021-02-07T01:30:08-05:00[America/New_York],2021-02-07T01:30:32-05:00[America/New_York],Yes,2021-02-07,5408,Sunday
1808,<A>,43,2021-02-07T01:30:32-05:00[America/New_York],2021-02-07T01:31:15-05:00[America/New_York],Yes,2021-02-07,5432,Sunday
1808,B,11,2021-02-07T01:31:15-05:00[America/New_York],2021-02-07T01:31:26-05:00[America/New_York],Yes,2021-02-07,5475,Sunday
1808,C,22,2021-02-07T01:31:26-05:00[America/New_York],2021-02-07T01:31:48-05:00[America/New_York],Yes,2021-02-07,5486,Sunday
1808,<A>,103,2021-02-07T01:31:48-05:00[America/New_York],2021-02-07T01:33:31-05:00[America/New_York],NA,2021-02-07,5508,Sunday
1808,C,22,2021-02-07T01:33:31-05:00[America/New_York],2021-02-07T01:33:53-05:00[America/New_York],Yes,2021-02-07,5611,Sunday
1808,<A>,67,2021-02-07T01:33:53-05:00[America/New_York],2021-02-07T01:35:00-05:00[America/New_York],Yes,2021-02-07,5633,Sunday
1808,C,25,2021-02-07T01:35:00-05:00[America/New_York],2021-02-07T01:35:25-05:00[America/New_York],Yes,2021-02-07,5700,Sunday
1808,<A>,67,2021-02-07T01:35:25-05:00[America/New_York],2021-02-07T01:36:32-05:00[America/New_York],Yes,2021-02-07,5725,Sunday
1808,B,10,2021-02-07T01:36:32-05:00[America/New_York],2021-02-07T01:36:42-05:00[America/New_York],Yes,2021-02-07,5792,Sunday
1808,C,22,2021-02-07T01:36:42-05:00[America/New_York],2021-02-07T01:37:04-05:00[America/New_York],Yes,2021-02-07,5802,Sunday
1808,<A>,179,2021-02-07T01:37:04-05:00[America/New_York],2021-02-07T01:40:03-05:00[America/New_York],NA,2021-02-07,5824,Sunday
1808,B,10,2021-02-07T01:40:03-05:00[America/New_York],2021-02-07T01:40:13-05:00[America/New_York],Yes,2021-02-07,6003,Sunday
1808,C,23,2021-02-07T01:40:13-05:00[America/New_York],2021-02-07T01:40:36-05:00[America/New_York],Yes,2021-02-07,6013,Sunday
1808,<A>,122,2021-02-07T01:40:36-05:00[America/New_York],2021-02-07T01:42:38-05:00[America/New_York],NA,2021-02-07,6036,Sunday
1808,C,22,2021-02-07T01:42:38-05:00[America/New_York],2021-02-07T01:43:00-05:00[America/New_York],Yes,2021-02-07,6158,Sunday
1808,<A>,71,2021-02-07T01:43:00-05:00[America/New_York],2021-02-07T01:44:11-05:00[America/New_York],Yes,2021-02-07,6180,Sunday
1808,C,22,2021-02-07T01:44:11-05:00[America/New_York],2021-02-07T01:44:33-05:00[America/New_York],Yes,2021-02-07,6251,Sunday
1808,<A>,87,2021-02-07T01:44:33-05:00[America/New_York],2021-02-07T01:46:00-05:00[America/New_York],NA,2021-02-07,6273,Sunday
1808,C,30,2021-02-07T01:46:00-05:00[America/New_York],2021-02-07T01:46:30-05:00[America/New_York],Yes,2021-02-07,6360,Sunday
1808,<A>,67,2021-02-07T01:46:30-05:00[America/New_York],2021-02-07T01:47:37-05:00[America/New_York],NA,2021-02-07,6390,Sunday
1808,C,22,2021-02-07T01:47:37-05:00[America/New_York],2021-02-07T01:47:59-05:00[America/New_York],Yes,2021-02-07,6457,Sunday
1808,<A>,40,2021-02-07T01:47:59-05:00[America/New_York],2021-02-07T01:48:39-05:00[America/New_York],Yes,2021-02-07,6479,Sunday
1808,C,22,2021-02-07T01:48:39-05:00[America/New_York],2021-02-07T01:49:01-05:00[America/New_York],Yes,2021-02-07,6519,Sunday
1808,<A>,115,2021-02-07T01:49:01-05:00[America/New_York],2021-02-07T01:50:56-05:00[America/New_York],NA,2021-02-07,6541,Sunday
1808,C,22,2021-02-07T01:50:56-05:00[America/New_York],2021-02-07T01:51:18-05:00[America/New_York],Yes,2021-02-07,6656,Sunday
1808,<A>,81,2021-02-07T01:51:18-05:00[America/New_York],2021-02-07T01:52:39-05:00[America/New_York],NA,2021-02-07,6678,Sunday
1808,C,26,2021-02-07T01:52:39-05:00[America/New_York],2021-02-07T01:53:05-05:00[America/New_York],Yes,2021-02-07,6759,Sunday
1808,<A>,38,2021-02-07T01:53:05-05:00[America/New_York],2021-02-07T01:53:43-05:00[America/New_York],Yes,2021-02-07,6785,Sunday
1808,C,24,2021-02-07T01:53:43-05:00[America/New_York],2021-02-07T01:54:07-05:00[America/New_York],Yes,2021-02-07,6823,Sunday
1808,<A>,70,2021-02-07T01:54:07-05:00[America/New_York],2021-02-07T01:55:17-05:00[America/New_York],NA,2021-02-07,6847,Sunday
1808,C,22,2021-02-07T01:55:17-05:00[America/New_York],2021-02-07T01:55:39-05:00[America/New_York],Yes,2021-02-07,6917,Sunday
1808,<A>,141,2021-02-07T01:55:39-05:00[America/New_York],2021-02-07T01:58:00-05:00[America/New_York],NA,2021-02-07,6939,Sunday
1808,C,24,2021-02-07T01:58:00-05:00[America/New_York],2021-02-07T01:58:24-05:00[America/New_York],Yes,2021-02-07,7080,Sunday
1808,<A>,66,2021-02-07T01:58:24-05:00[America/New_York],2021-02-07T01:59:30-05:00[America/New_York],Yes,2021-02-07,7104,Sunday
1808,C,22,2021-02-07T01:59:30-05:00[America/New_York],2021-02-07T01:59:52-05:00[America/New_York],Yes,2021-02-07,7170,Sunday
1808,<A>,85,2021-02-07T01:59:52-05:00[America/New_York],2021-02-07T02:01:17-05:00[America/New_York],NA,2021-02-07,7192,Sunday
1808,C,26,2021-02-07T02:01:17-05:00[America/New_York],2021-02-07T02:01:43-05:00[America/New_York],Yes,2021-02-07,7277,Sunday
1808,<A>,109,2021-02-07T02:01:43-05:00[America/New_York],2021-02-07T02:03:32-05:00[America/New_York],NA,2021-02-07,7303,Sunday
1808,C,22,2021-02-07T02:03:32-05:00[America/New_York],2021-02-07T02:03:54-05:00[America/New_York],Yes,2021-02-07,7412,Sunday
1808,<A>,72,2021-02-07T02:03:54-05:00[America/New_York],2021-02-07T02:05:06-05:00[America/New_York],NA,2021-02-07,7434,Sunday
1808,C,24,2021-02-07T02:05:06-05:00[America/New_York],2021-02-07T02:05:30-05:00[America/New_York],Yes,2021-02-07,7506,Sunday
1808,<A>,42,2021-02-07T02:05:30-05:00[America/New_York],2021-02-07T02:06:12-05:00[America/New_York],Yes,2021-02-07,7530,Sunday
1808,B,9,2021-02-07T02:06:12-05:00[America/New_York],2021-02-07T02:06:21-05:00[America/New_York],Yes,2021-02-07,7572,Sunday
1808,C,23,2021-02-07T02:06:21-05:00[America/New_York],2021-02-07T02:06:44-05:00[America/New_York],Yes,2021-02-07,7581,Sunday
1808,<A>,91,2021-02-07T02:06:44-05:00[America/New_York],2021-02-07T02:08:15-05:00[America/New_York],NA,2021-02-07,7604,Sunday
1808,C,27,2021-02-07T02:08:15-05:00[America/New_York],2021-02-07T02:08:42-05:00[America/New_York],Yes,2021-02-07,7695,Sunday
1808,<A>,65,2021-02-07T02:08:42-05:00[America/New_York],2021-02-07T02:09:47-05:00[America/New_York],Yes,2021-02-07,7722,Sunday
1808,C,25,2021-02-07T02:09:47-05:00[America/New_York],2021-02-07T02:10:12-05:00[America/New_York],Yes,2021-02-07,7787,Sunday
1808,<A>,78,2021-02-07T02:10:12-05:00[America/New_York],2021-02-07T02:11:30-05:00[America/New_York],NA,2021-02-07,7812,Sunday
1808,C,22,2021-02-07T02:11:30-05:00[America/New_York],2021-02-07T02:11:52-05:00[America/New_York],Yes,2021-02-07,7890,Sunday
1808,<A>,177,2021-02-07T02:11:52-05:00[America/New_York],2021-02-07T02:14:49-05:00[America/New_York],NA,2021-02-07,7912,Sunday
1808,C,22,2021-02-07T02:14:49-05:00[America/New_York],2021-02-07T02:15:11-05:00[America/New_York],Yes,2021-02-07,8089,Sunday
1808,<A>,52,2021-02-07T02:15:11-05:00[America/New_York],2021-02-07T02:16:03-05:00[America/New_York],Yes,2021-02-07,8111,Sunday
1808,C,22,2021-02-07T02:16:03-05:00[America/New_York],2021-02-07T02:16:25-05:00[America/New_York],Yes,2021-02-07,8163,Sunday
1808,<A>,40,2021-02-07T02:16:25-05:00[America/New_York],2021-02-07T02:17:05-05:00[America/New_York],Yes,2021-02-07,8185,Sunday
1808,C,27,2021-02-07T02:17:05-05:00[America/New_York],2021-02-07T02:17:32-05:00[America/New_York],Yes,2021-02-07,8225,Sunday
1808,<A>,106,2021-02-07T02:17:32-05:00[America/New_York],2021-02-07T02:19:18-05:00[America/New_York],NA,2021-02-07,8252,Sunday
1808,C,26,2021-02-07T02:19:18-05:00[America/New_York],2021-02-07T02:19:44-05:00[America/New_York],Yes,2021-02-07,8358,Sunday
1808,<A>,144,2021-02-07T02:19:44-05:00[America/New_York],2021-02-07T02:22:08-05:00[America/New_York],NA,2021-02-07,8384,Sunday
1808,B,9,2021-02-07T02:22:08-05:00[America/New_York],2021-02-07T02:22:17-05:00[America/New_York],Yes,2021-02-07,8528,Sunday
1808,C,22,2021-02-07T02:22:17-05:00[America/New_York],2021-02-07T02:22:39-05:00[America/New_York],Yes,2021-02-07,8537,Sunday
1808,<A>,67,2021-02-07T02:22:39-05:00[America/New_York],2021-02-07T02:23:46-05:00[America/New_York],NA,2021-02-07,8559,Sunday
1808,C,23,2021-02-07T02:23:46-05:00[America/New_York],2021-02-07T02:24:09-05:00[America/New_York],Yes,2021-02-07,8626,Sunday
1808,<A>,164,2021-02-07T02:24:09-05:00[America/New_York],2021-02-07T02:26:53-05:00[America/New_York],NA,2021-02-07,8649,Sunday
1808,C,22,2021-02-07T02:26:53-05:00[America/New_York],2021-02-07T02:27:15-05:00[America/New_York],Yes,2021-02-07,8813,Sunday
1808,<A>,67,2021-02-07T02:27:15-05:00[America/New_York],2021-02-07T02:28:22-05:00[America/New_York],Yes,2021-02-07,8835,Sunday
1808,C,24,2021-02-07T02:28:22-05:00[America/New_York],2021-02-07T02:28:46-05:00[America/New_York],Yes,2021-02-07,8902,Sunday
1808,<A>,163,2021-02-07T02:28:46-05:00[America/New_York],2021-02-07T02:31:29-05:00[America/New_York],NA,2021-02-07,8926,Sunday
1808,C,22,2021-02-07T02:31:29-05:00[America/New_York],2021-02-07T02:31:51-05:00[America/New_York],Yes,2021-02-07,9089,Sunday
1808,<A>,47,2021-02-07T02:31:51-05:00[America/New_York],2021-02-07T02:32:38-05:00[America/New_York],Yes,2021-02-07,9111,Sunday
1808,B,9,2021-02-07T02:32:38-05:00[America/New_York],2021-02-07T02:32:47-05:00[America/New_York],Yes,2021-02-07,9158,Sunday
1808,C,23,2021-02-07T02:32:47-05:00[America/New_York],2021-02-07T02:33:10-05:00[America/New_York],Yes,2021-02-07,9167,Sunday
1808,<A>,65,2021-02-07T02:33:10-05:00[America/New_York],2021-02-07T02:34:15-05:00[America/New_York],NA,2021-02-07,9190,Sunday
1808,C,22,2021-02-07T02:34:15-05:00[America/New_York],2021-02-07T02:34:37-05:00[America/New_York],Yes,2021-02-07,9255,Sunday
1808,<A>,66,2021-02-07T02:34:37-05:00[America/New_York],2021-02-07T02:35:43-05:00[America/New_York],Yes,2021-02-07,9277,Sunday
1808,C,22,2021-02-07T02:35:43-05:00[America/New_York],2021-02-07T02:36:05-05:00[America/New_York],Yes,2021-02-07,9343,Sunday
1808,<A>,65,2021-02-07T02:36:05-05:00[America/New_York],2021-02-07T02:37:10-05:00[America/New_York],Yes,2021-02-07,9365,Sunday
1808,C,22,2021-02-07T02:37:10-05:00[America/New_York],2021-02-07T02:37:32-05:00[America/New_York],Yes,2021-02-07,9430,Sunday
1808,<A>,72,2021-02-07T02:37:32-05:00[America/New_York],2021-02-07T02:38:44-05:00[America/New_York],Yes,2021-02-07,9452,Sunday
1808,B,9,2021-02-07T02:38:44-05:00[America/New_York],2021-02-07T02:38:53-05:00[America/New_York],Yes,2021-02-07,9524,Sunday
1808,C,26,2021-02-07T02:38:53-05:00[America/New_York],2021-02-07T02:39:19-05:00[America/New_York],Yes,2021-02-07,9533,Sunday
1808,<A>,81,2021-02-07T02:39:19-05:00[America/New_York],2021-02-07T02:40:40-05:00[America/New_York],NA,2021-02-07,9559,Sunday
1808,C,22,2021-02-07T02:40:40-05:00[America/New_York],2021-02-07T02:41:02-05:00[America/New_York],Yes,2021-02-07,9640,Sunday
1808,<A>,73,2021-02-07T02:41:02-05:00[America/New_York],2021-02-07T02:42:15-05:00[America/New_York],NA,2021-02-07,9662,Sunday
1808,C,26,2021-02-07T02:42:15-05:00[America/New_York],2021-02-07T02:42:41-05:00[America/New_York],Yes,2021-02-07,9735,Sunday
1808,<A>,69,2021-02-07T02:42:41-05:00[America/New_York],2021-02-07T02:43:50-05:00[America/New_York],NA,2021-02-07,9761,Sunday
1808,C,28,2021-02-07T02:43:50-05:00[America/New_York],2021-02-07T02:44:18-05:00[America/New_York],Yes,2021-02-07,9830,Sunday
1808,<A>,82,2021-02-07T02:44:18-05:00[America/New_York],2021-02-07T02:45:40-05:00[America/New_York],NA,2021-02-07,9858,Sunday
1808,C,22,2021-02-07T02:45:40-05:00[America/New_York],2021-02-07T02:46:02-05:00[America/New_York],Yes,2021-02-07,9940,Sunday
1808,<A>,112,2021-02-07T02:46:02-05:00[America/New_York],2021-02-07T02:47:54-05:00[America/New_York],NA,2021-02-07,9962,Sunday
1808,B,9,2021-02-07T02:47:54-05:00[America/New_York],2021-02-07T02:48:03-05:00[America/New_York],Yes,2021-02-07,10074,Sunday
1808,C,23,2021-02-07T02:48:03-05:00[America/New_York],2021-02-07T02:48:26-05:00[America/New_York],Yes,2021-02-07,10083,Sunday
1808,<A>,95,2021-02-07T02:48:26-05:00[America/New_York],2021-02-07T02:50:01-05:00[America/New_York],NA,2021-02-07,10106,Sunday
1808,B,9,2021-02-07T02:50:01-05:00[America/New_York],2021-02-07T02:50:10-05:00[America/New_York],Yes,2021-02-07,10201,Sunday
1808,C,23,2021-02-07T02:50:10-05:00[America/New_York],2021-02-07T02:50:33-05:00[America/New_York],Yes,2021-02-07,10210,Sunday
1808,<A>,68,2021-02-07T02:50:33-05:00[America/New_York],2021-02-07T02:51:41-05:00[America/New_York],NA,2021-02-07,10233,Sunday
1808,C,26,2021-02-07T02:51:41-05:00[America/New_York],2021-02-07T02:52:07-05:00[America/New_York],Yes,2021-02-07,10301,Sunday
1808,<A>,72,2021-02-07T02:52:07-05:00[America/New_York],2021-02-07T02:53:19-05:00[America/New_York],NA,2021-02-07,10327,Sunday
1808,C,22,2021-02-07T02:53:19-05:00[America/New_York],2021-02-07T02:53:41-05:00[America/New_York],Yes,2021-02-07,10399,Sunday
1808,<A>,65,2021-02-07T02:53:41-05:00[America/New_York],2021-02-07T02:54:46-05:00[America/New_York],Yes,2021-02-07,10421,Sunday
1808,C,22,2021-02-07T02:54:46-05:00[America/New_York],2021-02-07T02:55:08-05:00[America/New_York],Yes,2021-02-07,10486,Sunday
1808,<A>,81,2021-02-07T02:55:08-05:00[America/New_York],2021-02-07T02:56:29-05:00[America/New_York],NA,2021-02-07,10508,Sunday
1808,C,28,2021-02-07T02:56:29-05:00[America/New_York],2021-02-07T02:56:57-05:00[America/New_York],Yes,2021-02-07,10589,Sunday
1808,<A>,36,2021-02-07T02:56:57-05:00[America/New_York],2021-02-07T02:57:33-05:00[America/New_York],Yes,2021-02-07,10617,Sunday
1808,B,9,2021-02-07T02:57:33-05:00[America/New_York],2021-02-07T02:57:42-05:00[America/New_York],Yes,2021-02-07,10653,Sunday
1808,C,23,2021-02-07T02:57:42-05:00[America/New_York],2021-02-07T02:58:05-05:00[America/New_York],Yes,2021-02-07,10662,Sunday
1808,<A>,130,2021-02-07T02:58:05-05:00[America/New_York],2021-02-07T03:00:15-05:00[America/New_York],Yes,2021-02-07,10685,Sunday
1808,C,22,2021-02-07T03:00:15-05:00[America/New_York],2021-02-07T03:00:37-05:00[America/New_York],Yes,2021-02-07,10815,Sunday
1808,<A>,183,2021-02-07T03:00:37-05:00[America/New_York],2021-02-07T03:03:40-05:00[America/New_York],NA,2021-02-07,10837,Sunday
1808,B,13,2021-02-07T03:03:40-05:00[America/New_York],2021-02-07T03:03:53-05:00[America/New_York],NA,2021-02-07,11020,Sunday
1808,C,24,2021-02-07T03:03:53-05:00[America/New_York],2021-02-07T03:04:17-05:00[America/New_York],Yes,2021-02-07,11033,Sunday
1808,<A>,163,2021-02-07T03:04:17-05:00[America/New_York],2021-02-07T03:07:00-05:00[America/New_York],NA,2021-02-07,11057,Sunday
1808,C,22,2021-02-07T03:07:00-05:00[America/New_York],2021-02-07T03:07:22-05:00[America/New_York],Yes,2021-02-07,11220,Sunday
1808,<A>,71,2021-02-07T03:07:22-05:00[America/New_York],2021-02-07T03:08:33-05:00[America/New_York],Yes,2021-02-07,11242,Sunday
1808,C,22,2021-02-07T03:08:33-05:00[America/New_York],2021-02-07T03:08:55-05:00[America/New_York],Yes,2021-02-07,11313,Sunday
1808,<A>,225,2021-02-07T03:08:55-05:00[America/New_York],2021-02-07T03:12:40-05:00[America/New_York],Yes,2021-02-07,11335,Sunday
1808,C,22,2021-02-07T03:12:40-05:00[America/New_York],2021-02-07T03:13:02-05:00[America/New_York],Yes,2021-02-07,11560,Sunday
1808,<A>,604,2021-02-07T03:13:02-05:00[America/New_York],2021-02-07T03:23:06-05:00[America/New_York],Yes,2021-02-07,11582,Sunday
1808,C,24,2021-02-07T03:23:06-05:00[America/New_York],2021-02-07T03:23:30-05:00[America/New_York],Yes,2021-02-07,12186,Sunday
1808,<A>,78,2021-02-07T03:23:30-05:00[America/New_York],2021-02-07T03:24:48-05:00[America/New_York],Yes,2021-02-07,12210,Sunday
1808,C,22,2021-02-07T03:24:48-05:00[America/New_York],2021-02-07T03:25:10-05:00[America/New_York],Yes,2021-02-07,12288,Sunday
1808,<A>,285,2021-02-07T03:25:10-05:00[America/New_York],2021-02-07T03:29:55-05:00[America/New_York],NA,2021-02-07,12310,Sunday
1808,C,26,2021-02-07T03:29:55-05:00[America/New_York],2021-02-07T03:30:21-05:00[America/New_York],Yes,2021-02-07,12595,Sunday
1808,<A>,112,2021-02-07T03:30:21-05:00[America/New_York],2021-02-07T03:32:13-05:00[America/New_York],NA,2021-02-07,12621,Sunday
1808,C,22,2021-02-07T03:32:13-05:00[America/New_York],2021-02-07T03:32:35-05:00[America/New_York],Yes,2021-02-07,12733,Sunday
1808,<A>,66,2021-02-07T03:32:35-05:00[America/New_York],2021-02-07T03:33:41-05:00[America/New_York],Yes,2021-02-07,12755,Sunday
1808,C,25,2021-02-07T03:33:41-05:00[America/New_York],2021-02-07T03:34:06-05:00[America/New_York],Yes,2021-02-07,12821,Sunday
1808,<A>,43,2021-02-07T03:34:06-05:00[America/New_York],2021-02-07T03:34:49-05:00[America/New_York],Yes,2021-02-07,12846,Sunday
1808,C,22,2021-02-07T03:34:49-05:00[America/New_York],2021-02-07T03:35:11-05:00[America/New_York],Yes,2021-02-07,12889,Sunday
1808,<A>,65,2021-02-07T03:35:11-05:00[America/New_York],2021-02-07T03:36:16-05:00[America/New_York],NA,2021-02-07,12911,Sunday
1808,C,27,2021-02-07T03:36:16-05:00[America/New_York],2021-02-07T03:36:43-05:00[America/New_York],Yes,2021-02-07,12976,Sunday
1808,<A>,122,2021-02-07T03:36:43-05:00[America/New_York],2021-02-07T03:38:45-05:00[America/New_York],NA,2021-02-07,13003,Sunday
1808,C,22,2021-02-07T03:38:45-05:00[America/New_York],2021-02-07T03:39:07-05:00[America/New_York],Yes,2021-02-07,13125,Sunday
1808,<A>,70,2021-02-07T03:39:07-05:00[America/New_York],2021-02-07T03:40:17-05:00[America/New_York],Yes,2021-02-07,13147,Sunday
1808,C,22,2021-02-07T03:40:17-05:00[America/New_York],2021-02-07T03:40:39-05:00[America/New_York],Yes,2021-02-07,13217,Sunday
1808,<A>,70,2021-02-07T03:40:39-05:00[America/New_York],2021-02-07T03:41:49-05:00[America/New_York],Yes,2021-02-07,13239,Sunday
1808,C,25,2021-02-07T03:41:49-05:00[America/New_York],2021-02-07T03:42:14-05:00[America/New_York],Yes,2021-02-07,13309,Sunday
1808,<A>,147,2021-02-07T03:42:14-05:00[America/New_York],2021-02-07T03:44:41-05:00[America/New_York],NA,2021-02-07,13334,Sunday
1808,C,22,2021-02-07T03:44:41-05:00[America/New_York],2021-02-07T03:45:03-05:00[America/New_York],Yes,2021-02-07,13481,Sunday
1808,<A>,78,2021-02-07T03:45:03-05:00[America/New_York],2021-02-07T03:46:21-05:00[America/New_York],NA,2021-02-07,13503,Sunday
1808,C,37,2021-02-07T03:46:21-05:00[America/New_York],2021-02-07T03:46:58-05:00[America/New_York],Yes,2021-02-07,13581,Sunday
1808,<A>,96,2021-02-07T03:46:58-05:00[America/New_York],2021-02-07T03:48:34-05:00[America/New_York],NA,2021-02-07,13618,Sunday
1808,C,25,2021-02-07T03:48:34-05:00[America/New_York],2021-02-07T03:48:59-05:00[America/New_York],Yes,2021-02-07,13714,Sunday
1808,<A>,174,2021-02-07T03:48:59-05:00[America/New_York],2021-02-07T03:51:53-05:00[America/New_York],NA,2021-02-07,13739,Sunday
1808,C,24,2021-02-07T03:51:53-05:00[America/New_York],2021-02-07T03:52:17-05:00[America/New_York],Yes,2021-02-07,13913,Sunday
1808,<A>,146,2021-02-07T03:52:17-05:00[America/New_York],2021-02-07T03:54:43-05:00[America/New_York],NA,2021-02-07,13937,Sunday
1808,C,22,2021-02-07T03:54:43-05:00[America/New_York],2021-02-07T03:55:05-05:00[America/New_York],Yes,2021-02-07,14083,Sunday
1808,<A>,111,2021-02-07T03:55:05-05:00[America/New_York],2021-02-07T03:56:56-05:00[America/New_York],NA,2021-02-07,14105,Sunday
1808,C,24,2021-02-07T03:56:56-05:00[America/New_York],2021-02-07T03:57:20-05:00[America/New_York],Yes,2021-02-07,14216,Sunday
1808,<A>,68,2021-02-07T03:57:20-05:00[America/New_York],2021-02-07T03:58:28-05:00[America/New_York],Yes,2021-02-07,14240,Sunday
1808,C,22,2021-02-07T03:58:28-05:00[America/New_York],2021-02-07T03:58:50-05:00[America/New_York],Yes,2021-02-07,14308,Sunday
1808,<A>,76,2021-02-07T03:58:50-05:00[America/New_York],2021-02-07T04:00:06-05:00[America/New_York],NA,2021-02-07,14330,Sunday
1808,C,22,2021-02-07T04:00:06-05:00[America/New_York],2021-02-07T04:00:28-05:00[America/New_York],Yes,2021-02-07,14406,Sunday
1808,<A>,147,2021-02-07T04:00:28-05:00[America/New_York],2021-02-07T04:02:55-05:00[America/New_York],NA,2021-02-07,14428,Sunday
1808,B,10,2021-02-07T04:02:55-05:00[America/New_York],2021-02-07T04:03:05-05:00[America/New_York],Yes,2021-02-07,14575,Sunday
1808,C,28,2021-02-07T04:03:05-05:00[America/New_York],2021-02-07T04:03:33-05:00[America/New_York],Yes,2021-02-07,14585,Sunday
1808,<A>,73,2021-02-07T04:03:33-05:00[America/New_York],2021-02-07T04:04:46-05:00[America/New_York],NA,2021-02-07,14613,Sunday
1808,C,22,2021-02-07T04:04:46-05:00[America/New_York],2021-02-07T04:05:08-05:00[America/New_York],Yes,2021-02-07,14686,Sunday
1808,<A>,42,2021-02-07T04:05:08-05:00[America/New_York],2021-02-07T04:05:50-05:00[America/New_York],Yes,2021-02-07,14708,Sunday
1808,C,26,2021-02-07T04:05:50-05:00[America/New_York],2021-02-07T04:06:16-05:00[America/New_York],Yes,2021-02-07,14750,Sunday
1808,<A>,39,2021-02-07T04:06:16-05:00[America/New_York],2021-02-07T04:06:55-05:00[America/New_York],Yes,2021-02-07,14776,Sunday
1808,B,12,2021-02-07T04:06:55-05:00[America/New_York],2021-02-07T04:07:07-05:00[America/New_York],NA,2021-02-07,14815,Sunday
1808,C,22,2021-02-07T04:07:07-05:00[America/New_York],2021-02-07T04:07:29-05:00[America/New_York],Yes,2021-02-07,14827,Sunday
1808,<A>,86,2021-02-07T04:07:29-05:00[America/New_York],2021-02-07T04:08:55-05:00[America/New_York],NA,2021-02-07,14849,Sunday
1808,C,22,2021-02-07T04:08:55-05:00[America/New_York],2021-02-07T04:09:17-05:00[America/New_York],Yes,2021-02-07,14935,Sunday
1808,<A>,103,2021-02-07T04:09:17-05:00[America/New_York],2021-02-07T04:11:00-05:00[America/New_York],NA,2021-02-07,14957,Sunday
1808,C,22,2021-02-07T04:11:00-05:00[America/New_York],2021-02-07T04:11:22-05:00[America/New_York],Yes,2021-02-07,15060,Sunday
1808,<A>,139,2021-02-07T04:11:22-05:00[America/New_York],2021-02-07T04:13:41-05:00[America/New_York],NA,2021-02-07,15082,Sunday
1808,B,9,2021-02-07T04:13:41-05:00[America/New_York],2021-02-07T04:13:50-05:00[America/New_York],Yes,2021-02-07,15221,Sunday
1808,C,23,2021-02-07T04:13:50-05:00[America/New_York],2021-02-07T04:14:13-05:00[America/New_York],Yes,2021-02-07,15230,Sunday
1808,<A>,70,2021-02-07T04:14:13-05:00[America/New_York],2021-02-07T04:15:23-05:00[America/New_York],NA,2021-02-07,15253,Sunday
1808,C,22,2021-02-07T04:15:23-05:00[America/New_York],2021-02-07T04:15:45-05:00[America/New_York],Yes,2021-02-07,15323,Sunday
1808,<A>,46,2021-02-07T04:15:45-05:00[America/New_York],2021-02-07T04:16:31-05:00[America/New_York],Yes,2021-02-07,15345,Sunday
1808,B,9,2021-02-07T04:16:31-05:00[America/New_York],2021-02-07T04:16:40-05:00[America/New_York],Yes,2021-02-07,15391,Sunday
1808,C,23,2021-02-07T04:16:40-05:00[America/New_York],2021-02-07T04:17:03-05:00[America/New_York],Yes,2021-02-07,15400,Sunday
1808,<A>,103,2021-02-07T04:17:03-05:00[America/New_York],2021-02-07T04:18:46-05:00[America/New_York],NA,2021-02-07,15423,Sunday
1808,C,24,2021-02-07T04:18:46-05:00[America/New_York],2021-02-07T04:19:10-05:00[America/New_York],Yes,2021-02-07,15526,Sunday
1808,<A>,88,2021-02-07T04:19:10-05:00[America/New_York],2021-02-07T04:20:38-05:00[America/New_York],NA,2021-02-07,15550,Sunday
1808,C,23,2021-02-07T04:20:38-05:00[America/New_York],2021-02-07T04:21:01-05:00[America/New_York],Yes,2021-02-07,15638,Sunday
1808,<A>,269,2021-02-07T04:21:01-05:00[America/New_York],2021-02-07T04:25:30-05:00[America/New_York],NA,2021-02-07,15661,Sunday
1808,C,22,2021-02-07T04:25:30-05:00[America/New_York],2021-02-07T04:25:52-05:00[America/New_York],Yes,2021-02-07,15930,Sunday
1808,<A>,175,2021-02-07T04:25:52-05:00[America/New_York],2021-02-07T04:28:47-05:00[America/New_York],NA,2021-02-07,15952,Sunday
1808,B,9,2021-02-07T04:28:47-05:00[America/New_York],2021-02-07T04:28:56-05:00[America/New_York],Yes,2021-02-07,16127,Sunday
1808,C,22,2021-02-07T04:28:56-05:00[America/New_York],2021-02-07T04:29:18-05:00[America/New_York],Yes,2021-02-07,16136,Sunday
1808,<A>,348,2021-02-07T04:29:18-05:00[America/New_York],2021-02-07T04:35:06-05:00[America/New_York],NA,2021-02-07,16158,Sunday
1808,B,9,2021-02-07T04:35:06-05:00[America/New_York],2021-02-07T04:35:15-05:00[America/New_York],Yes,2021-02-07,16506,Sunday
1808,C,22,2021-02-07T04:35:15-05:00[America/New_York],2021-02-07T04:35:37-05:00[America/New_York],Yes,2021-02-07,16515,Sunday
1808,<A>,456,2021-02-07T04:35:37-05:00[America/New_York],2021-02-07T04:43:13-05:00[America/New_York],NA,2021-02-07,16537,Sunday
1808,C,22,2021-02-07T04:43:13-05:00[America/New_York],2021-02-07T04:43:35-05:00[America/New_York],Yes,2021-02-07,16993,Sunday
1808,<A>,63,2021-02-07T04:43:35-05:00[America/New_York],2021-02-07T04:44:38-05:00[America/New_York],Yes,2021-02-07,17015,Sunday
1808,C,22,2021-02-07T04:44:38-05:00[America/New_York],2021-02-07T04:45:00-05:00[America/New_York],Yes,2021-02-07,17078,Sunday
1808,<A>,78,2021-02-07T04:45:00-05:00[America/New_York],2021-02-07T04:46:18-05:00[America/New_York],Yes,2021-02-07,17100,Sunday
1808,C,27,2021-02-07T04:46:18-05:00[America/New_York],2021-02-07T04:46:45-05:00[America/New_York],Yes,2021-02-07,17178,Sunday
1808,<A>,107,2021-02-07T04:46:45-05:00[America/New_York],2021-02-07T04:48:32-05:00[America/New_York],NA,2021-02-07,17205,Sunday
1808,C,22,2021-02-07T04:48:32-05:00[America/New_York],2021-02-07T04:48:54-05:00[America/New_York],Yes,2021-02-07,17312,Sunday
1808,<A>,223,2021-02-07T04:48:54-05:00[America/New_York],2021-02-07T04:52:37-05:00[America/New_York],Yes,2021-02-07,17334,Sunday
1808,C,22,2021-02-07T04:52:37-05:00[America/New_York],2021-02-07T04:52:59-05:00[America/New_York],Yes,2021-02-07,17557,Sunday
1808,<A>,250,2021-02-07T04:52:59-05:00[America/New_York],2021-02-07T04:57:09-05:00[America/New_York],NA,2021-02-07,17579,Sunday
1808,B,9,2021-02-07T04:57:09-05:00[America/New_York],2021-02-07T04:57:18-05:00[America/New_York],Yes,2021-02-07,17829,Sunday
1808,C,23,2021-02-07T04:57:18-05:00[America/New_York],2021-02-07T04:57:41-05:00[America/New_York],Yes,2021-02-07,17838,Sunday
1808,<A>,189,2021-02-07T04:57:41-05:00[America/New_York],2021-02-07T05:00:50-05:00[America/New_York],NA,2021-02-07,17861,Sunday
1808,C,25,2021-02-07T05:00:50-05:00[America/New_York],2021-02-07T05:01:15-05:00[America/New_York],Yes,2021-02-07,18050,Sunday
1808,<A>,166,2021-02-07T05:01:15-05:00[America/New_York],2021-02-07T05:04:01-05:00[America/New_York],NA,2021-02-07,18075,Sunday
1808,C,23,2021-02-07T05:04:01-05:00[America/New_York],2021-02-07T05:04:24-05:00[America/New_York],Yes,2021-02-07,18241,Sunday
1808,<A>,68,2021-02-07T05:04:24-05:00[America/New_York],2021-02-07T05:05:32-05:00[America/New_York],Yes,2021-02-07,18264,Sunday
1808,C,22,2021-02-07T05:05:32-05:00[America/New_York],2021-02-07T05:05:54-05:00[America/New_York],Yes,2021-02-07,18332,Sunday
1808,<A>,126,2021-02-07T05:05:54-05:00[America/New_York],2021-02-07T05:08:00-05:00[America/New_York],Yes,2021-02-07,18354,Sunday
1808,C,23,2021-02-07T05:08:00-05:00[America/New_York],2021-02-07T05:08:23-05:00[America/New_York],Yes,2021-02-07,18480,Sunday
1808,<A>,95,2021-02-07T05:08:23-05:00[America/New_York],2021-02-07T05:09:58-05:00[America/New_York],NA,2021-02-07,18503,Sunday
1808,C,22,2021-02-07T05:09:58-05:00[America/New_York],2021-02-07T05:10:20-05:00[America/New_York],Yes,2021-02-07,18598,Sunday
1808,<A>,73,2021-02-07T05:10:20-05:00[America/New_York],2021-02-07T05:11:33-05:00[America/New_York],NA,2021-02-07,18620,Sunday
1808,C,23,2021-02-07T05:11:33-05:00[America/New_York],2021-02-07T05:11:56-05:00[America/New_York],Yes,2021-02-07,18693,Sunday
1808,<A>,76,2021-02-07T05:11:56-05:00[America/New_York],2021-02-07T05:13:12-05:00[America/New_York],NA,2021-02-07,18716,Sunday
1808,C,27,2021-02-07T05:13:12-05:00[America/New_York],2021-02-07T05:13:39-05:00[America/New_York],Yes,2021-02-07,18792,Sunday
1808,<A>,37,2021-02-07T05:13:39-05:00[America/New_York],2021-02-07T05:14:16-05:00[America/New_York],Yes,2021-02-07,18819,Sunday
1808,C,26,2021-02-07T05:14:16-05:00[America/New_York],2021-02-07T05:14:42-05:00[America/New_York],Yes,2021-02-07,18856,Sunday
1808,<A>,70,2021-02-07T05:14:42-05:00[America/New_York],2021-02-07T05:15:52-05:00[America/New_York],NA,2021-02-07,18882,Sunday
1808,C,23,2021-02-07T05:15:52-05:00[America/New_York],2021-02-07T05:16:15-05:00[America/New_York],Yes,2021-02-07,18952,Sunday
1808,<A>,36,2021-02-07T05:16:15-05:00[America/New_York],2021-02-07T05:16:51-05:00[America/New_York],Yes,2021-02-07,18975,Sunday
1808,C,25,2021-02-07T05:16:51-05:00[America/New_York],2021-02-07T05:17:16-05:00[America/New_York],Yes,2021-02-07,19011,Sunday
1808,<A>,188,2021-02-07T05:17:16-05:00[America/New_York],2021-02-07T05:20:24-05:00[America/New_York],NA,2021-02-07,19036,Sunday
1808,C,22,2021-02-07T05:20:24-05:00[America/New_York],2021-02-07T05:20:46-05:00[America/New_York],Yes,2021-02-07,19224,Sunday
1808,<A>,89,2021-02-07T05:20:46-05:00[America/New_York],2021-02-07T05:22:15-05:00[America/New_York],NA,2021-02-07,19246,Sunday
1808,B,9,2021-02-07T05:22:15-05:00[America/New_York],2021-02-07T05:22:24-05:00[America/New_York],Yes,2021-02-07,19335,Sunday
1808,C,23,2021-02-07T05:22:24-05:00[America/New_York],2021-02-07T05:22:47-05:00[America/New_York],Yes,2021-02-07,19344,Sunday
1808,<A>,63,2021-02-07T05:22:47-05:00[America/New_York],2021-02-07T05:23:50-05:00[America/New_York],NA,2021-02-07,19367,Sunday
1808,C,25,2021-02-07T05:23:50-05:00[America/New_York],2021-02-07T05:24:15-05:00[America/New_York],Yes,2021-02-07,19430,Sunday
1808,<A>,111,2021-02-07T05:24:15-05:00[America/New_York],2021-02-07T05:26:06-05:00[America/New_York],NA,2021-02-07,19455,Sunday
1808,C,24,2021-02-07T05:26:06-05:00[America/New_York],2021-02-07T05:26:30-05:00[America/New_York],Yes,2021-02-07,19566,Sunday
1808,<A>,70,2021-02-07T05:26:30-05:00[America/New_York],2021-02-07T05:27:40-05:00[America/New_York],NA,2021-02-07,19590,Sunday
1808,C,34,2021-02-07T05:27:40-05:00[America/New_York],2021-02-07T05:28:14-05:00[America/New_York],Yes,2021-02-07,19660,Sunday
1808,<A>,98,2021-02-07T05:28:14-05:00[America/New_York],2021-02-07T05:29:52-05:00[America/New_York],NA,2021-02-07,19694,Sunday
1808,C,24,2021-02-07T05:29:52-05:00[America/New_York],2021-02-07T05:30:16-05:00[America/New_York],Yes,2021-02-07,19792,Sunday
1808,<A>,140,2021-02-07T05:30:16-05:00[America/New_York],2021-02-07T05:32:36-05:00[America/New_York],NA,2021-02-07,19816,Sunday
1808,C,22,2021-02-07T05:32:36-05:00[America/New_York],2021-02-07T05:32:58-05:00[America/New_York],Yes,2021-02-07,19956,Sunday
1808,<A>,63,2021-02-07T05:32:58-05:00[America/New_York],2021-02-07T05:34:01-05:00[America/New_York],Yes,2021-02-07,19978,Sunday
1808,B,9,2021-02-07T05:34:01-05:00[America/New_York],2021-02-07T05:34:10-05:00[America/New_York],Yes,2021-02-07,20041,Sunday
1808,C,23,2021-02-07T05:34:10-05:00[America/New_York],2021-02-07T05:34:33-05:00[America/New_York],Yes,2021-02-07,20050,Sunday
1808,<A>,42,2021-02-07T05:34:33-05:00[America/New_York],2021-02-07T05:35:15-05:00[America/New_York],Yes,2021-02-07,20073,Sunday
1808,C,23,2021-02-07T05:35:15-05:00[America/New_York],2021-02-07T05:35:38-05:00[America/New_York],Yes,2021-02-07,20115,Sunday
1808,<A>,87,2021-02-07T05:35:38-05:00[America/New_York],2021-02-07T05:37:05-05:00[America/New_York],Yes,2021-02-07,20138,Sunday
1808,C,24,2021-02-07T05:37:05-05:00[America/New_York],2021-02-07T05:37:29-05:00[America/New_York],Yes,2021-02-07,20225,Sunday
1808,<A>,61,2021-02-07T05:37:29-05:00[America/New_York],2021-02-07T05:38:30-05:00[America/New_York],Yes,2021-02-07,20249,Sunday
1808,C,25,2021-02-07T05:38:30-05:00[America/New_York],2021-02-07T05:38:55-05:00[America/New_York],Yes,2021-02-07,20310,Sunday
1808,<A>,71,2021-02-07T05:38:55-05:00[America/New_York],2021-02-07T05:40:06-05:00[America/New_York],Yes,2021-02-07,20335,Sunday
1808,C,22,2021-02-07T05:40:06-05:00[America/New_York],2021-02-07T05:40:28-05:00[America/New_York],Yes,2021-02-07,20406,Sunday
1808,<A>,41,2021-02-07T05:40:28-05:00[America/New_York],2021-02-07T05:41:09-05:00[America/New_York],Yes,2021-02-07,20428,Sunday
1808,C,24,2021-02-07T05:41:09-05:00[America/New_York],2021-02-07T05:41:33-05:00[America/New_York],Yes,2021-02-07,20469,Sunday
1808,<A>,44,2021-02-07T05:41:33-05:00[America/New_York],2021-02-07T05:42:17-05:00[America/New_York],NA,2021-02-07,20493,Sunday
1808,C,34,2021-02-07T05:42:17-05:00[America/New_York],2021-02-07T05:42:51-05:00[America/New_York],Yes,2021-02-07,20537,Sunday
1808,<A>,130,2021-02-07T05:42:51-05:00[America/New_York],2021-02-07T05:45:01-05:00[America/New_York],Yes,2021-02-07,20571,Sunday
1808,C,22,2021-02-07T05:45:01-05:00[America/New_York],2021-02-07T05:45:23-05:00[America/New_York],Yes,2021-02-07,20701,Sunday
1808,<A>,82,2021-02-07T05:45:23-05:00[America/New_York],2021-02-07T05:46:45-05:00[America/New_York],NA,2021-02-07,20723,Sunday
1808,C,23,2021-02-07T05:46:45-05:00[America/New_York],2021-02-07T05:47:08-05:00[America/New_York],Yes,2021-02-07,20805,Sunday
1808,<A>,108,2021-02-07T05:47:08-05:00[America/New_York],2021-02-07T05:48:56-05:00[America/New_York],NA,2021-02-07,20828,Sunday
1808,C,22,2021-02-07T05:48:56-05:00[America/New_York],2021-02-07T05:49:18-05:00[America/New_York],Yes,2021-02-07,20936,Sunday
1808,<A>,66,2021-02-07T05:49:18-05:00[America/New_York],2021-02-07T05:50:24-05:00[America/New_York],Yes,2021-02-07,20958,Sunday
1808,C,26,2021-02-07T05:50:24-05:00[America/New_York],2021-02-07T05:50:50-05:00[America/New_York],Yes,2021-02-07,21024,Sunday
1808,<A>,41,2021-02-07T05:50:50-05:00[America/New_York],2021-02-07T05:51:31-05:00[America/New_York],Yes,2021-02-07,21050,Sunday
1808,C,24,2021-02-07T05:51:31-05:00[America/New_York],2021-02-07T05:51:55-05:00[America/New_York],Yes,2021-02-07,21091,Sunday
1808,<A>,72,2021-02-07T05:51:55-05:00[America/New_York],2021-02-07T05:53:07-05:00[America/New_York],NA,2021-02-07,21115,Sunday
1808,C,25,2021-02-07T05:53:07-05:00[America/New_York],2021-02-07T05:53:32-05:00[America/New_York],Yes,2021-02-07,21187,Sunday
1808,<A>,70,2021-02-07T05:53:32-05:00[America/New_York],2021-02-07T05:54:42-05:00[America/New_York],NA,2021-02-07,21212,Sunday
1808,C,22,2021-02-07T05:54:42-05:00[America/New_York],2021-02-07T05:55:04-05:00[America/New_York],Yes,2021-02-07,21282,Sunday
1808,<A>,40,2021-02-07T05:55:04-05:00[America/New_York],2021-02-07T05:55:44-05:00[America/New_York],Yes,2021-02-07,21304,Sunday
1808,C,24,2021-02-07T05:55:44-05:00[America/New_York],2021-02-07T05:56:08-05:00[America/New_York],Yes,2021-02-07,21344,Sunday
1808,<A>,44,2021-02-07T05:56:08-05:00[America/New_York],2021-02-07T05:56:52-05:00[America/New_York],NA,2021-02-07,21368,Sunday
1808,C,24,2021-02-07T05:56:52-05:00[America/New_York],2021-02-07T05:57:16-05:00[America/New_York],Yes,2021-02-07,21412,Sunday
1808,<A>,56,2021-02-07T05:57:16-05:00[America/New_York],2021-02-07T05:58:12-05:00[America/New_York],Yes,2021-02-07,21436,Sunday
1808,C,24,2021-02-07T05:58:12-05:00[America/New_York],2021-02-07T05:58:36-05:00[America/New_York],Yes,2021-02-07,21492,Sunday
1808,<A>,43,2021-02-07T05:58:36-05:00[America/New_York],2021-02-07T05:59:19-05:00[America/New_York],Yes,2021-02-07,21516,Sunday
1808,C,22,2021-02-07T05:59:19-05:00[America/New_York],2021-02-07T05:59:41-05:00[America/New_York],Yes,2021-02-07,21559,Sunday
1808,<A>,69,2021-02-07T05:59:41-05:00[America/New_York],2021-02-07T06:00:50-05:00[America/New_York],NA,2021-02-07,21581,Sunday
1808,B,9,2021-02-07T06:00:50-05:00[America/New_York],2021-02-07T06:00:59-05:00[America/New_York],Yes,2021-02-07,21650,Sunday
1808,C,28,2021-02-07T06:00:59-05:00[America/New_York],2021-02-07T06:01:27-05:00[America/New_York],Yes,2021-02-07,21659,Sunday
1808,<A>,67,2021-02-07T06:01:27-05:00[America/New_York],2021-02-07T06:02:34-05:00[America/New_York],NA,2021-02-07,21687,Sunday
1808,C,22,2021-02-07T06:02:34-05:00[America/New_York],2021-02-07T06:02:56-05:00[America/New_York],Yes,2021-02-07,21754,Sunday
1808,<A>,66,2021-02-07T06:02:56-05:00[America/New_York],2021-02-07T06:04:02-05:00[America/New_York],Yes,2021-02-07,21776,Sunday
1808,C,22,2021-02-07T06:04:02-05:00[America/New_York],2021-02-07T06:04:24-05:00[America/New_York],Yes,2021-02-07,21842,Sunday
1808,<A>,117,2021-02-07T06:04:24-05:00[America/New_York],2021-02-07T06:06:21-05:00[America/New_York],NA,2021-02-07,21864,Sunday
1808,C,23,2021-02-07T06:06:21-05:00[America/New_York],2021-02-07T06:06:44-05:00[America/New_York],Yes,2021-02-07,21981,Sunday
1808,<A>,70,2021-02-07T06:06:44-05:00[America/New_York],2021-02-07T06:07:54-05:00[America/New_York],Yes,2021-02-07,22004,Sunday
1808,C,24,2021-02-07T06:07:54-05:00[America/New_York],2021-02-07T06:08:18-05:00[America/New_York],Yes,2021-02-07,22074,Sunday
1808,<A>,183,2021-02-07T06:08:18-05:00[America/New_York],2021-02-07T06:11:21-05:00[America/New_York],NA,2021-02-07,22098,Sunday
1808,C,23,2021-02-07T06:11:21-05:00[America/New_York],2021-02-07T06:11:44-05:00[America/New_York],Yes,2021-02-07,22281,Sunday
1808,<A>,42,2021-02-07T06:11:44-05:00[America/New_York],2021-02-07T06:12:26-05:00[America/New_York],Yes,2021-02-07,22304,Sunday
1808,C,27,2021-02-07T06:12:26-05:00[America/New_York],2021-02-07T06:12:53-05:00[America/New_York],Yes,2021-02-07,22346,Sunday
1808,<A>,88,2021-02-07T06:12:53-05:00[America/New_York],2021-02-07T06:14:21-05:00[America/New_York],NA,2021-02-07,22373,Sunday
1808,C,26,2021-02-07T06:14:21-05:00[America/New_York],2021-02-07T06:14:47-05:00[America/New_York],Yes,2021-02-07,22461,Sunday
1808,<A>,127,2021-02-07T06:14:47-05:00[America/New_York],2021-02-07T06:16:54-05:00[America/New_York],Yes,2021-02-07,22487,Sunday
1808,C,22,2021-02-07T06:16:54-05:00[America/New_York],2021-02-07T06:17:16-05:00[America/New_York],Yes,2021-02-07,22614,Sunday
1808,<A>,66,2021-02-07T06:17:16-05:00[America/New_York],2021-02-07T06:18:22-05:00[America/New_York],Yes,2021-02-07,22636,Sunday
1808,B,9,2021-02-07T06:18:22-05:00[America/New_York],2021-02-07T06:18:31-05:00[America/New_York],Yes,2021-02-07,22702,Sunday
1808,C,23,2021-02-07T06:18:31-05:00[America/New_York],2021-02-07T06:18:54-05:00[America/New_York],Yes,2021-02-07,22711,Sunday
1808,<A>,62,2021-02-07T06:18:54-05:00[America/New_York],2021-02-07T06:19:56-05:00[America/New_York],NA,2021-02-07,22734,Sunday
1808,C,23,2021-02-07T06:19:56-05:00[America/New_York],2021-02-07T06:20:19-05:00[America/New_York],Yes,2021-02-07,22796,Sunday
1808,<A>,103,2021-02-07T06:20:19-05:00[America/New_York],2021-02-07T06:22:02-05:00[America/New_York],NA,2021-02-07,22819,Sunday
1808,C,24,2021-02-07T06:22:02-05:00[America/New_York],2021-02-07T06:22:26-05:00[America/New_York],Yes,2021-02-07,22922,Sunday
1808,<A>,75,2021-02-07T06:22:26-05:00[America/New_York],2021-02-07T06:23:41-05:00[America/New_York],NA,2021-02-07,22946,Sunday
1808,B,9,2021-02-07T06:23:41-05:00[America/New_York],2021-02-07T06:23:50-05:00[America/New_York],Yes,2021-02-07,23021,Sunday
1808,C,23,2021-02-07T06:23:50-05:00[America/New_York],2021-02-07T06:24:13-05:00[America/New_York],Yes,2021-02-07,23030,Sunday
1808,<A>,121,2021-02-07T06:24:13-05:00[America/New_York],2021-02-07T06:26:14-05:00[America/New_York],NA,2021-02-07,23053,Sunday
1808,C,22,2021-02-07T06:26:14-05:00[America/New_York],2021-02-07T06:26:36-05:00[America/New_York],Yes,2021-02-07,23174,Sunday
1808,<A>,45,2021-02-07T06:26:36-05:00[America/New_York],2021-02-07T06:27:21-05:00[America/New_York],Yes,2021-02-07,23196,Sunday
1808,C,22,2021-02-07T06:27:21-05:00[America/New_York],2021-02-07T06:27:43-05:00[America/New_York],Yes,2021-02-07,23241,Sunday
1808,<A>,101,2021-02-07T06:27:43-05:00[America/New_York],2021-02-07T06:29:24-05:00[America/New_York],NA,2021-02-07,23263,Sunday
1808,C,23,2021-02-07T06:29:24-05:00[America/New_York],2021-02-07T06:29:47-05:00[America/New_York],Yes,2021-02-07,23364,Sunday
1808,<A>,105,2021-02-07T06:29:47-05:00[America/New_York],2021-02-07T06:31:32-05:00[America/New_York],NA,2021-02-07,23387,Sunday
1808,C,22,2021-02-07T06:31:32-05:00[America/New_York],2021-02-07T06:31:54-05:00[America/New_York],Yes,2021-02-07,23492,Sunday
1808,<A>,40,2021-02-07T06:31:54-05:00[America/New_York],2021-02-07T06:32:34-05:00[America/New_York],Yes,2021-02-07,23514,Sunday
1808,C,28,2021-02-07T06:32:34-05:00[America/New_York],2021-02-07T06:33:02-05:00[America/New_York],Yes,2021-02-07,23554,Sunday
1808,<A>,324,2021-02-07T06:33:02-05:00[America/New_York],2021-02-07T06:38:26-05:00[America/New_York],NA,2021-02-07,23582,Sunday
1808,C,31,2021-02-07T06:38:26-05:00[America/New_York],2021-02-07T06:38:57-05:00[America/New_York],Yes,2021-02-07,23906,Sunday
1808,<A>,71,2021-02-07T06:38:57-05:00[America/New_York],2021-02-07T06:40:08-05:00[America/New_York],NA,2021-02-07,23937,Sunday
1808,C,27,2021-02-07T06:40:08-05:00[America/New_York],2021-02-07T06:40:35-05:00[America/New_York],Yes,2021-02-07,24008,Sunday
1808,<A>,78,2021-02-07T06:40:35-05:00[America/New_York],2021-02-07T06:41:53-05:00[America/New_York],NA,2021-02-07,24035,Sunday
1808,C,22,2021-02-07T06:41:53-05:00[America/New_York],2021-02-07T06:42:15-05:00[America/New_York],Yes,2021-02-07,24113,Sunday
1808,<A>,75,2021-02-07T06:42:15-05:00[America/New_York],2021-02-07T06:43:30-05:00[America/New_York],NA,2021-02-07,24135,Sunday
1808,C,25,2021-02-07T06:43:30-05:00[America/New_York],2021-02-07T06:43:55-05:00[America/New_York],Yes,2021-02-07,24210,Sunday
1808,<A>,70,2021-02-07T06:43:55-05:00[America/New_York],2021-02-07T06:45:05-05:00[America/New_York],NA,2021-02-07,24235,Sunday
1808,C,27,2021-02-07T06:45:05-05:00[America/New_York],2021-02-07T06:45:32-05:00[America/New_York],Yes,2021-02-07,24305,Sunday
1808,<A>,47,2021-02-07T06:45:32-05:00[America/New_York],2021-02-07T06:46:19-05:00[America/New_York],Yes,2021-02-07,24332,Sunday
1808,B,13,2021-02-07T06:46:19-05:00[America/New_York],2021-02-07T06:46:32-05:00[America/New_York],NA,2021-02-07,24379,Sunday
1808,C,23,2021-02-07T06:46:32-05:00[America/New_York],2021-02-07T06:46:55-05:00[America/New_York],Yes,2021-02-07,24392,Sunday
1808,<A>,59,2021-02-07T06:46:55-05:00[America/New_York],2021-02-07T06:47:54-05:00[America/New_York],NA,2021-02-07,24415,Sunday
1808,B,9,2021-02-07T06:47:54-05:00[America/New_York],2021-02-07T06:48:03-05:00[America/New_York],Yes,2021-02-07,24474,Sunday
1808,C,24,2021-02-07T06:48:03-05:00[America/New_York],2021-02-07T06:48:27-05:00[America/New_York],Yes,2021-02-07,24483,Sunday
1808,<A>,75,2021-02-07T06:48:27-05:00[America/New_York],2021-02-07T06:49:42-05:00[America/New_York],NA,2021-02-07,24507,Sunday
1808,C,29,2021-02-07T06:49:42-05:00[America/New_York],2021-02-07T06:50:11-05:00[America/New_York],Yes,2021-02-07,24582,Sunday
1808,<A>,63,2021-02-07T06:50:11-05:00[America/New_York],2021-02-07T06:51:14-05:00[America/New_York],Yes,2021-02-07,24611,Sunday
1808,C,25,2021-02-07T06:51:14-05:00[America/New_York],2021-02-07T06:51:39-05:00[America/New_York],Yes,2021-02-07,24674,Sunday
1808,<A>,73,2021-02-07T06:51:39-05:00[America/New_York],2021-02-07T06:52:52-05:00[America/New_York],NA,2021-02-07,24699,Sunday
1808,C,23,2021-02-07T06:52:52-05:00[America/New_York],2021-02-07T06:53:15-05:00[America/New_York],Yes,2021-02-07,24772,Sunday
1808,<A>,41,2021-02-07T06:53:15-05:00[America/New_York],2021-02-07T06:53:56-05:00[America/New_York],Yes,2021-02-07,24795,Sunday
1808,B,9,2021-02-07T06:53:56-05:00[America/New_York],2021-02-07T06:54:05-05:00[America/New_York],Yes,2021-02-07,24836,Sunday
1808,C,26,2021-02-07T06:54:05-05:00[America/New_York],2021-02-07T06:54:31-05:00[America/New_York],Yes,2021-02-07,24845,Sunday
1808,<A>,81,2021-02-07T06:54:31-05:00[America/New_York],2021-02-07T06:55:52-05:00[America/New_York],NA,2021-02-07,24871,Sunday
1808,C,28,2021-02-07T06:55:52-05:00[America/New_York],2021-02-07T06:56:20-05:00[America/New_York],Yes,2021-02-07,24952,Sunday
1808,<A>,69,2021-02-07T06:56:20-05:00[America/New_York],2021-02-07T06:57:29-05:00[America/New_York],NA,2021-02-07,24980,Sunday
1808,B,9,2021-02-07T06:57:29-05:00[America/New_York],2021-02-07T06:57:38-05:00[America/New_York],Yes,2021-02-07,25049,Sunday
1808,C,22,2021-02-07T06:57:38-05:00[America/New_York],2021-02-07T06:58:00-05:00[America/New_York],Yes,2021-02-07,25058,Sunday
1808,<A>,58,2021-02-07T06:58:00-05:00[America/New_York],2021-02-07T06:58:58-05:00[America/New_York],Yes,2021-02-07,25080,Sunday
1808,B,9,2021-02-07T06:58:58-05:00[America/New_York],2021-02-07T06:59:07-05:00[America/New_York],Yes,2021-02-07,25138,Sunday
1808,C,25,2021-02-07T06:59:07-05:00[America/New_York],2021-02-07T06:59:32-05:00[America/New_York],Yes,2021-02-07,25147,Sunday
1808,<A>,66,2021-02-07T06:59:32-05:00[America/New_York],2021-02-07T07:00:38-05:00[America/New_York],NA,2021-02-07,25172,Sunday
1808,B,12,2021-02-07T07:00:38-05:00[America/New_York],2021-02-07T07:00:50-05:00[America/New_York],NA,2021-02-07,25238,Sunday
1808,C,22,2021-02-07T07:00:50-05:00[America/New_York],2021-02-07T07:01:12-05:00[America/New_York],Yes,2021-02-07,25250,Sunday
1808,<A>,64,2021-02-07T07:01:12-05:00[America/New_York],2021-02-07T07:02:16-05:00[America/New_York],NA,2021-02-07,25272,Sunday
1808,C,24,2021-02-07T07:02:16-05:00[America/New_York],2021-02-07T07:02:40-05:00[America/New_York],Yes,2021-02-07,25336,Sunday
1808,<A>,71,2021-02-07T07:02:40-05:00[America/New_York],2021-02-07T07:03:51-05:00[America/New_York],NA,2021-02-07,25360,Sunday
1808,B,11,2021-02-07T07:03:51-05:00[America/New_York],2021-02-07T07:04:02-05:00[America/New_York],Yes,2021-02-07,25431,Sunday
1808,C,24,2021-02-07T07:04:02-05:00[America/New_York],2021-02-07T07:04:26-05:00[America/New_York],Yes,2021-02-07,25442,Sunday
1808,<A>,39,2021-02-07T07:04:26-05:00[America/New_York],2021-02-07T07:05:05-05:00[America/New_York],Yes,2021-02-07,25466,Sunday
1808,B,9,2021-02-07T07:05:05-05:00[America/New_York],2021-02-07T07:05:14-05:00[America/New_York],Yes,2021-02-07,25505,Sunday
1808,C,26,2021-02-07T07:05:14-05:00[America/New_York],2021-02-07T07:05:40-05:00[America/New_York],Yes,2021-02-07,25514,Sunday
1808,<A>,45,2021-02-07T07:05:40-05:00[America/New_York],2021-02-07T07:06:25-05:00[America/New_York],Yes,2021-02-07,25540,Sunday
1808,B,9,2021-02-07T07:06:25-05:00[America/New_York],2021-02-07T07:06:34-05:00[America/New_York],Yes,2021-02-07,25585,Sunday
1808,C,22,2021-02-07T07:06:34-05:00[America/New_York],2021-02-07T07:06:56-05:00[America/New_York],Yes,2021-02-07,25594,Sunday
1808,<A>,71,2021-02-07T07:06:56-05:00[America/New_York],2021-02-07T07:08:07-05:00[America/New_York],NA,2021-02-07,25616,Sunday
1808,C,22,2021-02-07T07:08:07-05:00[America/New_York],2021-02-07T07:08:29-05:00[America/New_York],Yes,2021-02-07,25687,Sunday
1808,<A>,49,2021-02-07T07:08:29-05:00[America/New_York],2021-02-07T07:09:18-05:00[America/New_York],Yes,2021-02-07,25709,Sunday
1808,C,32,2021-02-07T07:09:18-05:00[America/New_York],2021-02-07T07:09:50-05:00[America/New_York],Yes,2021-02-07,25758,Sunday
1808,<A>,64,2021-02-07T07:09:50-05:00[America/New_York],2021-02-07T07:10:54-05:00[America/New_York],Yes,2021-02-07,25790,Sunday
1808,C,29,2021-02-07T07:10:54-05:00[America/New_York],2021-02-07T07:11:23-05:00[America/New_York],Yes,2021-02-07,25854,Sunday
1808,<A>,45,2021-02-07T07:11:23-05:00[America/New_York],2021-02-07T07:12:08-05:00[America/New_York],Yes,2021-02-07,25883,Sunday
1808,B,13,2021-02-07T07:12:08-05:00[America/New_York],2021-02-07T07:12:21-05:00[America/New_York],NA,2021-02-07,25928,Sunday
1808,C,25,2021-02-07T07:12:21-05:00[America/New_York],2021-02-07T07:12:46-05:00[America/New_York],Yes,2021-02-07,25941,Sunday
1808,<A>,52,2021-02-07T07:12:46-05:00[America/New_York],2021-02-07T07:13:38-05:00[America/New_York],Yes,2021-02-07,25966,Sunday
1808,B,9,2021-02-07T07:13:38-05:00[America/New_York],2021-02-07T07:13:47-05:00[America/New_York],Yes,2021-02-07,26018,Sunday
1808,C,23,2021-02-07T07:13:47-05:00[America/New_York],2021-02-07T07:14:10-05:00[America/New_York],Yes,2021-02-07,26027,Sunday
1808,<A>,63,2021-02-07T07:14:10-05:00[America/New_York],2021-02-07T07:15:13-05:00[America/New_York],NA,2021-02-07,26050,Sunday
1808,C,28,2021-02-07T07:15:13-05:00[America/New_York],2021-02-07T07:15:41-05:00[America/New_York],Yes,2021-02-07,26113,Sunday
1808,<A>,43,2021-02-07T07:15:41-05:00[America/New_York],2021-02-07T07:16:24-05:00[America/New_York],Yes,2021-02-07,26141,Sunday
1808,C,24,2021-02-07T07:16:24-05:00[America/New_York],2021-02-07T07:16:48-05:00[America/New_York],Yes,2021-02-07,26184,Sunday
1808,<A>,55,2021-02-07T07:16:48-05:00[America/New_York],2021-02-07T07:17:43-05:00[America/New_York],Yes,2021-02-07,26208,Sunday
1808,B,9,2021-02-07T07:17:43-05:00[America/New_York],2021-02-07T07:17:52-05:00[America/New_York],Yes,2021-02-07,26263,Sunday
1808,C,24,2021-02-07T07:17:52-05:00[America/New_York],2021-02-07T07:18:16-05:00[America/New_York],Yes,2021-02-07,26272,Sunday
1808,<A>,64,2021-02-07T07:18:16-05:00[America/New_York],2021-02-07T07:19:20-05:00[America/New_York],NA,2021-02-07,26296,Sunday
1808,B,9,2021-02-07T07:19:20-05:00[America/New_York],2021-02-07T07:19:29-05:00[America/New_York],Yes,2021-02-07,26360,Sunday
1808,C,32,2021-02-07T07:19:29-05:00[America/New_York],2021-02-07T07:20:01-05:00[America/New_York],Yes,2021-02-07,26369,Sunday
1808,<A>,43,2021-02-07T07:20:01-05:00[America/New_York],2021-02-07T07:20:44-05:00[America/New_York],Yes,2021-02-07,26401,Sunday
1808,B,12,2021-02-07T07:20:44-05:00[America/New_York],2021-02-07T07:20:56-05:00[America/New_York],NA,2021-02-07,26444,Sunday
1808,C,28,2021-02-07T07:20:56-05:00[America/New_York],2021-02-07T07:21:24-05:00[America/New_York],Yes,2021-02-07,26456,Sunday
1808,<A>,43,2021-02-07T07:21:24-05:00[America/New_York],2021-02-07T07:22:07-05:00[America/New_York],Yes,2021-02-07,26484,Sunday
1808,B,9,2021-02-07T07:22:07-05:00[America/New_York],2021-02-07T07:22:16-05:00[America/New_York],Yes,2021-02-07,26527,Sunday
1808,C,27,2021-02-07T07:22:16-05:00[America/New_York],2021-02-07T07:22:43-05:00[America/New_York],Yes,2021-02-07,26536,Sunday
1808,<A>,65,2021-02-07T07:22:43-05:00[America/New_York],2021-02-07T07:23:48-05:00[America/New_York],NA,2021-02-07,26563,Sunday
1808,C,23,2021-02-07T07:23:48-05:00[America/New_York],2021-02-07T07:24:11-05:00[America/New_York],Yes,2021-02-07,26628,Sunday
1808,<A>,73,2021-02-07T07:24:11-05:00[America/New_York],2021-02-07T07:25:24-05:00[America/New_York],NA,2021-02-07,26651,Sunday
1808,C,32,2021-02-07T07:25:24-05:00[America/New_York],2021-02-07T07:25:56-05:00[America/New_York],Yes,2021-02-07,26724,Sunday
1808,<A>,65,2021-02-07T07:25:56-05:00[America/New_York],2021-02-07T07:27:01-05:00[America/New_York],NA,2021-02-07,26756,Sunday
1808,C,22,2021-02-07T07:27:01-05:00[America/New_York],2021-02-07T07:27:23-05:00[America/New_York],Yes,2021-02-07,26821,Sunday
1808,<A>,48,2021-02-07T07:27:23-05:00[America/New_York],2021-02-07T07:28:11-05:00[America/New_York],Yes,2021-02-07,26843,Sunday
1808,B,10,2021-02-07T07:28:11-05:00[America/New_York],2021-02-07T07:28:21-05:00[America/New_York],Yes,2021-02-07,26891,Sunday
1808,C,23,2021-02-07T07:28:21-05:00[America/New_York],2021-02-07T07:28:44-05:00[America/New_York],Yes,2021-02-07,26901,Sunday
1808,<A>,64,2021-02-07T07:28:44-05:00[America/New_York],2021-02-07T07:29:48-05:00[America/New_York],NA,2021-02-07,26924,Sunday
1808,C,22,2021-02-07T07:29:48-05:00[America/New_York],2021-02-07T07:30:10-05:00[America/New_York],Yes,2021-02-07,26988,Sunday
1808,<A>,45,2021-02-07T07:30:10-05:00[America/New_York],2021-02-07T07:30:55-05:00[America/New_York],Yes,2021-02-07,27010,Sunday
1808,B,9,2021-02-07T07:30:55-05:00[America/New_York],2021-02-07T07:31:04-05:00[America/New_York],Yes,2021-02-07,27055,Sunday
1808,C,23,2021-02-07T07:31:04-05:00[America/New_York],2021-02-07T07:31:27-05:00[America/New_York],Yes,2021-02-07,27064,Sunday
1808,<A>,44,2021-02-07T07:31:27-05:00[America/New_York],2021-02-07T07:32:11-05:00[America/New_York],Yes,2021-02-07,27087,Sunday
1808,C,25,2021-02-07T07:32:11-05:00[America/New_York],2021-02-07T07:32:36-05:00[America/New_York],Yes,2021-02-07,27131,Sunday
1808,<A>,44,2021-02-07T07:32:36-05:00[America/New_York],2021-02-07T07:33:20-05:00[America/New_York],Yes,2021-02-07,27156,Sunday
1808,B,9,2021-02-07T07:33:20-05:00[America/New_York],2021-02-07T07:33:29-05:00[America/New_York],Yes,2021-02-07,27200,Sunday
1808,C,26,2021-02-07T07:33:29-05:00[America/New_York],2021-02-07T07:33:55-05:00[America/New_York],Yes,2021-02-07,27209,Sunday
1808,<A>,101,2021-02-07T07:33:55-05:00[America/New_York],2021-02-07T07:35:36-05:00[America/New_York],NA,2021-02-07,27235,Sunday
1808,C,33,2021-02-07T07:35:36-05:00[America/New_York],2021-02-07T07:36:09-05:00[America/New_York],Yes,2021-02-07,27336,Sunday
1808,<A>,65,2021-02-07T07:36:09-05:00[America/New_York],2021-02-07T07:37:14-05:00[America/New_York],NA,2021-02-07,27369,Sunday
1808,C,24,2021-02-07T07:37:14-05:00[America/New_York],2021-02-07T07:37:38-05:00[America/New_York],Yes,2021-02-07,27434,Sunday
1808,<A>,52,2021-02-07T07:37:38-05:00[America/New_York],2021-02-07T07:38:30-05:00[America/New_York],Yes,2021-02-07,27458,Sunday
1808,B,10,2021-02-07T07:38:30-05:00[America/New_York],2021-02-07T07:38:40-05:00[America/New_York],Yes,2021-02-07,27510,Sunday
1808,C,22,2021-02-07T07:38:40-05:00[America/New_York],2021-02-07T07:39:02-05:00[America/New_York],Yes,2021-02-07,27520,Sunday
1808,<A>,62,2021-02-07T07:39:02-05:00[America/New_York],2021-02-07T07:40:04-05:00[America/New_York],NA,2021-02-07,27542,Sunday
1808,B,9,2021-02-07T07:40:04-05:00[America/New_York],2021-02-07T07:40:13-05:00[America/New_York],Yes,2021-02-07,27604,Sunday
1808,C,23,2021-02-07T07:40:13-05:00[America/New_York],2021-02-07T07:40:36-05:00[America/New_York],Yes,2021-02-07,27613,Sunday
1808,<A>,64,2021-02-07T07:40:36-05:00[America/New_York],2021-02-07T07:41:40-05:00[America/New_York],NA,2021-02-07,27636,Sunday
1808,C,22,2021-02-07T07:41:40-05:00[America/New_York],2021-02-07T07:42:02-05:00[America/New_York],Yes,2021-02-07,27700,Sunday
1808,<A>,70,2021-02-07T07:42:02-05:00[America/New_York],2021-02-07T07:43:12-05:00[America/New_York],NA,2021-02-07,27722,Sunday
1808,C,22,2021-02-07T07:43:12-05:00[America/New_York],2021-02-07T07:43:34-05:00[America/New_York],Yes,2021-02-07,27792,Sunday
1808,<A>,70,2021-02-07T07:43:34-05:00[America/New_York],2021-02-07T07:44:44-05:00[America/New_York],NA,2021-02-07,27814,Sunday
1808,C,24,2021-02-07T07:44:44-05:00[America/New_York],2021-02-07T07:45:08-05:00[America/New_York],Yes,2021-02-07,27884,Sunday
1808,<A>,63,2021-02-07T07:45:08-05:00[America/New_York],2021-02-07T07:46:11-05:00[America/New_York],Yes,2021-02-07,27908,Sunday
1808,C,25,2021-02-07T07:46:11-05:00[America/New_York],2021-02-07T07:46:36-05:00[America/New_York],Yes,2021-02-07,27971,Sunday
1808,<A>,57,2021-02-07T07:46:36-05:00[America/New_York],2021-02-07T07:47:33-05:00[America/New_York],Yes,2021-02-07,27996,Sunday
1808,B,9,2021-02-07T07:47:33-05:00[America/New_York],2021-02-07T07:47:42-05:00[America/New_York],Yes,2021-02-07,28053,Sunday
1808,C,30,2021-02-07T07:47:42-05:00[America/New_York],2021-02-07T07:48:12-05:00[America/New_York],Yes,2021-02-07,28062,Sunday
1808,<A>,52,2021-02-07T07:48:12-05:00[America/New_York],2021-02-07T07:49:04-05:00[America/New_York],Yes,2021-02-07,28092,Sunday
1808,B,12,2021-02-07T07:49:04-05:00[America/New_York],2021-02-07T07:49:16-05:00[America/New_York],NA,2021-02-07,28144,Sunday
1808,C,27,2021-02-07T07:49:16-05:00[America/New_York],2021-02-07T07:49:43-05:00[America/New_York],Yes,2021-02-07,28156,Sunday
1808,<A>,70,2021-02-07T07:49:43-05:00[America/New_York],2021-02-07T07:50:53-05:00[America/New_York],NA,2021-02-07,28183,Sunday
1808,C,24,2021-02-07T07:50:53-05:00[America/New_York],2021-02-07T07:51:17-05:00[America/New_York],Yes,2021-02-07,28253,Sunday
1808,<A>,46,2021-02-07T07:51:17-05:00[America/New_York],2021-02-07T07:52:03-05:00[America/New_York],Yes,2021-02-07,28277,Sunday
1808,C,27,2021-02-07T07:52:03-05:00[America/New_York],2021-02-07T07:52:30-05:00[America/New_York],Yes,2021-02-07,28323,Sunday
1808,<A>,46,2021-02-07T07:52:30-05:00[America/New_York],2021-02-07T07:53:16-05:00[America/New_York],Yes,2021-02-07,28350,Sunday
1808,B,9,2021-02-07T07:53:16-05:00[America/New_York],2021-02-07T07:53:25-05:00[America/New_York],Yes,2021-02-07,28396,Sunday
1808,C,22,2021-02-07T07:53:25-05:00[America/New_York],2021-02-07T07:53:47-05:00[America/New_York],Yes,2021-02-07,28405,Sunday
1808,<A>,50,2021-02-07T07:53:47-05:00[America/New_York],2021-02-07T07:54:37-05:00[America/New_York],Yes,2021-02-07,28427,Sunday
1808,C,30,2021-02-07T07:54:37-05:00[America/New_York],2021-02-07T07:55:07-05:00[America/New_York],Yes,2021-02-07,28477,Sunday
1808,<A>,117,2021-02-07T07:55:07-05:00[America/New_York],2021-02-07T07:57:04-05:00[America/New_York],NA,2021-02-07,28507,Sunday
1808,C,22,2021-02-07T07:57:04-05:00[America/New_York],2021-02-07T07:57:26-05:00[America/New_York],Yes,2021-02-07,28624,Sunday
1808,<A>,67,2021-02-07T07:57:26-05:00[America/New_York],2021-02-07T07:58:33-05:00[America/New_York],Yes,2021-02-07,28646,Sunday
1808,C,27,2021-02-07T07:58:33-05:00[America/New_York],2021-02-07T07:59:00-05:00[America/New_York],Yes,2021-02-07,28713,Sunday
1808,<A>,66,2021-02-07T07:59:00-05:00[America/New_York],2021-02-07T08:00:06-05:00[America/New_York],Yes,2021-02-07,28740,Sunday
1808,C,26,2021-02-07T08:00:06-05:00[America/New_York],2021-02-07T08:00:32-05:00[America/New_York],Yes,2021-02-07,28806,Sunday
1808,<A>,73,2021-02-07T08:00:32-05:00[America/New_York],2021-02-07T08:01:45-05:00[America/New_York],Yes,2021-02-07,28832,Sunday
1808,C,25,2021-02-07T08:01:45-05:00[America/New_York],2021-02-07T08:02:10-05:00[America/New_York],Yes,2021-02-07,28905,Sunday
1808,<A>,46,2021-02-07T08:02:10-05:00[America/New_York],2021-02-07T08:02:56-05:00[America/New_York],Yes,2021-02-07,28930,Sunday
1808,C,27,2021-02-07T08:02:56-05:00[America/New_York],2021-02-07T08:03:23-05:00[America/New_York],Yes,2021-02-07,28976,Sunday
1808,<A>,69,2021-02-07T08:03:23-05:00[America/New_York],2021-02-07T08:04:32-05:00[America/New_York],NA,2021-02-07,29003,Sunday
1808,C,24,2021-02-07T08:04:32-05:00[America/New_York],2021-02-07T08:04:56-05:00[America/New_York],Yes,2021-02-07,29072,Sunday
1808,<A>,60,2021-02-07T08:04:56-05:00[America/New_York],2021-02-07T08:05:56-05:00[America/New_York],Yes,2021-02-07,29096,Sunday
1808,C,22,2021-02-07T08:05:56-05:00[America/New_York],2021-02-07T08:06:18-05:00[America/New_York],Yes,2021-02-07,29156,Sunday
1808,<A>,52,2021-02-07T08:06:18-05:00[America/New_York],2021-02-07T08:07:10-05:00[America/New_York],Yes,2021-02-07,29178,Sunday
1808,C,24,2021-02-07T08:07:10-05:00[America/New_York],2021-02-07T08:07:34-05:00[America/New_York],Yes,2021-02-07,29230,Sunday
1808,<A>,43,2021-02-07T08:07:34-05:00[America/New_York],2021-02-07T08:08:17-05:00[America/New_York],Yes,2021-02-07,29254,Sunday
1808,B,9,2021-02-07T08:08:17-05:00[America/New_York],2021-02-07T08:08:26-05:00[America/New_York],Yes,2021-02-07,29297,Sunday
1808,C,24,2021-02-07T08:08:26-05:00[America/New_York],2021-02-07T08:08:50-05:00[America/New_York],Yes,2021-02-07,29306,Sunday
1808,<A>,40,2021-02-07T08:08:50-05:00[America/New_York],2021-02-07T08:09:30-05:00[America/New_York],Yes,2021-02-07,29330,Sunday
1808,B,10,2021-02-07T08:09:30-05:00[America/New_York],2021-02-07T08:09:40-05:00[America/New_York],Yes,2021-02-07,29370,Sunday
1808,C,25,2021-02-07T08:09:40-05:00[America/New_York],2021-02-07T08:10:05-05:00[America/New_York],Yes,2021-02-07,29380,Sunday
1808,<A>,68,2021-02-07T08:10:05-05:00[America/New_York],2021-02-07T08:11:13-05:00[America/New_York],Yes,2021-02-07,29405,Sunday
1808,C,23,2021-02-07T08:11:13-05:00[America/New_York],2021-02-07T08:11:36-05:00[America/New_York],Yes,2021-02-07,29473,Sunday
1808,<A>,48,2021-02-07T08:11:36-05:00[America/New_York],2021-02-07T08:12:24-05:00[America/New_York],Yes,2021-02-07,29496,Sunday
1808,B,9,2021-02-07T08:12:24-05:00[America/New_York],2021-02-07T08:12:33-05:00[America/New_York],Yes,2021-02-07,29544,Sunday
1808,C,28,2021-02-07T08:12:33-05:00[America/New_York],2021-02-07T08:13:01-05:00[America/New_York],Yes,2021-02-07,29553,Sunday
1808,<A>,67,2021-02-07T08:13:01-05:00[America/New_York],2021-02-07T08:14:08-05:00[America/New_York],NA,2021-02-07,29581,Sunday
1808,C,23,2021-02-07T08:14:08-05:00[America/New_York],2021-02-07T08:14:31-05:00[America/New_York],Yes,2021-02-07,29648,Sunday
1808,<A>,44,2021-02-07T08:14:31-05:00[America/New_York],2021-02-07T08:15:15-05:00[America/New_York],Yes,2021-02-07,29671,Sunday
1808,C,28,2021-02-07T08:15:15-05:00[America/New_York],2021-02-07T08:15:43-05:00[America/New_York],Yes,2021-02-07,29715,Sunday
1808,<A>,90,2021-02-07T08:15:43-05:00[America/New_York],2021-02-07T08:17:13-05:00[America/New_York],NA,2021-02-07,29743,Sunday
1808,C,36,2021-02-07T08:17:13-05:00[America/New_York],2021-02-07T08:17:49-05:00[America/New_York],Yes,2021-02-07,29833,Sunday
1808,<A>,67,2021-02-07T08:17:49-05:00[America/New_York],2021-02-07T08:18:56-05:00[America/New_York],NA,2021-02-07,29869,Sunday
1808,C,30,2021-02-07T08:18:56-05:00[America/New_York],2021-02-07T08:19:26-05:00[America/New_York],Yes,2021-02-07,29936,Sunday
1808,<A>,70,2021-02-07T08:19:26-05:00[America/New_York],2021-02-07T08:20:36-05:00[America/New_York],NA,2021-02-07,29966,Sunday
1808,B,11,2021-02-07T08:20:36-05:00[America/New_York],2021-02-07T08:20:47-05:00[America/New_York],Yes,2021-02-07,30036,Sunday
1808,C,28,2021-02-07T08:20:47-05:00[America/New_York],2021-02-07T08:21:15-05:00[America/New_York],Yes,2021-02-07,30047,Sunday
1808,<A>,52,2021-02-07T08:21:15-05:00[America/New_York],2021-02-07T08:22:07-05:00[America/New_York],Yes,2021-02-07,30075,Sunday
1808,C,29,2021-02-07T08:22:07-05:00[America/New_York],2021-02-07T08:22:36-05:00[America/New_York],Yes,2021-02-07,30127,Sunday
1808,<A>,77,2021-02-07T08:22:36-05:00[America/New_York],2021-02-07T08:23:53-05:00[America/New_York],Yes,2021-02-07,30156,Sunday
1808,C,33,2021-02-07T08:23:53-05:00[America/New_York],2021-02-07T08:24:26-05:00[America/New_York],Yes,2021-02-07,30233,Sunday
1808,<A>,75,2021-02-07T08:24:26-05:00[America/New_York],2021-02-07T08:25:41-05:00[America/New_York],NA,2021-02-07,30266,Sunday
1808,C,25,2021-02-07T08:25:41-05:00[America/New_York],2021-02-07T08:26:06-05:00[America/New_York],Yes,2021-02-07,30341,Sunday
1808,<A>,69,2021-02-07T08:26:06-05:00[America/New_York],2021-02-07T08:27:15-05:00[America/New_York],Yes,2021-02-07,30366,Sunday
1808,C,28,2021-02-07T08:27:15-05:00[America/New_York],2021-02-07T08:27:43-05:00[America/New_York],Yes,2021-02-07,30435,Sunday
1808,<A>,47,2021-02-07T08:27:43-05:00[America/New_York],2021-02-07T08:28:30-05:00[America/New_York],Yes,2021-02-07,30463,Sunday
1808,B,9,2021-02-07T08:28:30-05:00[America/New_York],2021-02-07T08:28:39-05:00[America/New_York],Yes,2021-02-07,30510,Sunday
1808,C,31,2021-02-07T08:28:39-05:00[America/New_York],2021-02-07T08:29:10-05:00[America/New_York],Yes,2021-02-07,30519,Sunday
1808,<A>,67,2021-02-07T08:29:10-05:00[America/New_York],2021-02-07T08:30:17-05:00[America/New_York],NA,2021-02-07,30550,Sunday
1808,C,30,2021-02-07T08:30:17-05:00[America/New_York],2021-02-07T08:30:47-05:00[America/New_York],Yes,2021-02-07,30617,Sunday
1808,<A>,43,2021-02-07T08:30:47-05:00[America/New_York],2021-02-07T08:31:30-05:00[America/New_York],Yes,2021-02-07,30647,Sunday
1808,B,9,2021-02-07T08:31:30-05:00[America/New_York],2021-02-07T08:31:39-05:00[America/New_York],Yes,2021-02-07,30690,Sunday
1808,C,22,2021-02-07T08:31:39-05:00[America/New_York],2021-02-07T08:32:01-05:00[America/New_York],Yes,2021-02-07,30699,Sunday
1808,<A>,58,2021-02-07T08:32:01-05:00[America/New_York],2021-02-07T08:32:59-05:00[America/New_York],Yes,2021-02-07,30721,Sunday
1808,B,9,2021-02-07T08:32:59-05:00[America/New_York],2021-02-07T08:33:08-05:00[America/New_York],Yes,2021-02-07,30779,Sunday
1808,C,31,2021-02-07T08:33:08-05:00[America/New_York],2021-02-07T08:33:39-05:00[America/New_York],Yes,2021-02-07,30788,Sunday
1808,<A>,68,2021-02-07T08:33:39-05:00[America/New_York],2021-02-07T08:34:47-05:00[America/New_York],NA,2021-02-07,30819,Sunday
1808,C,25,2021-02-07T08:34:47-05:00[America/New_York],2021-02-07T08:35:12-05:00[America/New_York],Yes,2021-02-07,30887,Sunday
1808,<A>,42,2021-02-07T08:35:12-05:00[America/New_York],2021-02-07T08:35:54-05:00[America/New_York],Yes,2021-02-07,30912,Sunday
1808,B,9,2021-02-07T08:35:54-05:00[America/New_York],2021-02-07T08:36:03-05:00[America/New_York],Yes,2021-02-07,30954,Sunday
1808,C,32,2021-02-07T08:36:03-05:00[America/New_York],2021-02-07T08:36:35-05:00[America/New_York],Yes,2021-02-07,30963,Sunday
1808,<A>,44,2021-02-07T08:36:35-05:00[America/New_York],2021-02-07T08:37:19-05:00[America/New_York],Yes,2021-02-07,30995,Sunday
1808,B,9,2021-02-07T08:37:19-05:00[America/New_York],2021-02-07T08:37:28-05:00[America/New_York],Yes,2021-02-07,31039,Sunday
1808,C,25,2021-02-07T08:37:28-05:00[America/New_York],2021-02-07T08:37:53-05:00[America/New_York],Yes,2021-02-07,31048,Sunday
1808,<A>,69,2021-02-07T08:37:53-05:00[America/New_York],2021-02-07T08:39:02-05:00[America/New_York],NA,2021-02-07,31073,Sunday
1808,C,33,2021-02-07T08:39:02-05:00[America/New_York],2021-02-07T08:39:35-05:00[America/New_York],Yes,2021-02-07,31142,Sunday
1808,<A>,70,2021-02-07T08:39:35-05:00[America/New_York],2021-02-07T08:40:45-05:00[America/New_York],NA,2021-02-07,31175,Sunday
1808,C,30,2021-02-07T08:40:45-05:00[America/New_York],2021-02-07T08:41:15-05:00[America/New_York],Yes,2021-02-07,31245,Sunday
1808,<A>,58,2021-02-07T08:41:15-05:00[America/New_York],2021-02-07T08:42:13-05:00[America/New_York],Yes,2021-02-07,31275,Sunday
1808,B,9,2021-02-07T08:42:13-05:00[America/New_York],2021-02-07T08:42:22-05:00[America/New_York],Yes,2021-02-07,31333,Sunday
1808,C,31,2021-02-07T08:42:22-05:00[America/New_York],2021-02-07T08:42:53-05:00[America/New_York],Yes,2021-02-07,31342,Sunday
1808,<A>,66,2021-02-07T08:42:53-05:00[America/New_York],2021-02-07T08:43:59-05:00[America/New_York],NA,2021-02-07,31373,Sunday
1808,C,26,2021-02-07T08:43:59-05:00[America/New_York],2021-02-07T08:44:25-05:00[America/New_York],Yes,2021-02-07,31439,Sunday
1808,<A>,56,2021-02-07T08:44:25-05:00[America/New_York],2021-02-07T08:45:21-05:00[America/New_York],Yes,2021-02-07,31465,Sunday
1808,B,9,2021-02-07T08:45:21-05:00[America/New_York],2021-02-07T08:45:30-05:00[America/New_York],Yes,2021-02-07,31521,Sunday
1808,C,26,2021-02-07T08:45:30-05:00[America/New_York],2021-02-07T08:45:56-05:00[America/New_York],Yes,2021-02-07,31530,Sunday
1808,<A>,66,2021-02-07T08:45:56-05:00[America/New_York],2021-02-07T08:47:02-05:00[America/New_York],NA,2021-02-07,31556,Sunday
1808,C,34,2021-02-07T08:47:02-05:00[America/New_York],2021-02-07T08:47:36-05:00[America/New_York],Yes,2021-02-07,31622,Sunday
1808,<A>,57,2021-02-07T08:47:36-05:00[America/New_York],2021-02-07T08:48:33-05:00[America/New_York],Yes,2021-02-07,31656,Sunday
1808,B,10,2021-02-07T08:48:33-05:00[America/New_York],2021-02-07T08:48:43-05:00[America/New_York],Yes,2021-02-07,31713,Sunday
1808,C,22,2021-02-07T08:48:43-05:00[America/New_York],2021-02-07T08:49:05-05:00[America/New_York],Yes,2021-02-07,31723,Sunday
1808,<A>,70,2021-02-07T08:49:05-05:00[America/New_York],2021-02-07T08:50:15-05:00[America/New_York],NA,2021-02-07,31745,Sunday
1808,C,27,2021-02-07T08:50:15-05:00[America/New_York],2021-02-07T08:50:42-05:00[America/New_York],Yes,2021-02-07,31815,Sunday
1808,<A>,73,2021-02-07T08:50:42-05:00[America/New_York],2021-02-07T08:51:55-05:00[America/New_York],NA,2021-02-07,31842,Sunday
1808,C,35,2021-02-07T08:51:55-05:00[America/New_York],2021-02-07T08:52:30-05:00[America/New_York],Yes,2021-02-07,31915,Sunday
1808,<A>,53,2021-02-07T08:52:30-05:00[America/New_York],2021-02-07T08:53:23-05:00[America/New_York],Yes,2021-02-07,31950,Sunday
1808,C,40,2021-02-07T08:53:23-05:00[America/New_York],2021-02-07T08:54:03-05:00[America/New_York],Yes,2021-02-07,32003,Sunday
1808,<A>,57,2021-02-07T08:54:03-05:00[America/New_York],2021-02-07T08:55:00-05:00[America/New_York],Yes,2021-02-07,32043,Sunday
1808,B,12,2021-02-07T08:55:00-05:00[America/New_York],2021-02-07T08:55:12-05:00[America/New_York],Yes,2021-02-07,32100,Sunday
1808,C,26,2021-02-07T08:55:12-05:00[America/New_York],2021-02-07T08:55:38-05:00[America/New_York],Yes,2021-02-07,32112,Sunday
1808,<A>,53,2021-02-07T08:55:38-05:00[America/New_York],2021-02-07T08:56:31-05:00[America/New_York],Yes,2021-02-07,32138,Sunday
1808,B,10,2021-02-07T08:56:31-05:00[America/New_York],2021-02-07T08:56:41-05:00[America/New_York],Yes,2021-02-07,32191,Sunday
1808,C,23,2021-02-07T08:56:41-05:00[America/New_York],2021-02-07T08:57:04-05:00[America/New_York],Yes,2021-02-07,32201,Sunday
1808,<A>,67,2021-02-07T08:57:04-05:00[America/New_York],2021-02-07T08:58:11-05:00[America/New_York],NA,2021-02-07,32224,Sunday
1808,C,27,2021-02-07T08:58:11-05:00[America/New_York],2021-02-07T08:58:38-05:00[America/New_York],Yes,2021-02-07,32291,Sunday
1808,<A>,67,2021-02-07T08:58:38-05:00[America/New_York],2021-02-07T08:59:45-05:00[America/New_York],Yes,2021-02-07,32318,Sunday
1808,B,9,2021-02-07T08:59:45-05:00[America/New_York],2021-02-07T08:59:54-05:00[America/New_York],Yes,2021-02-07,32385,Sunday
1808,C,38,2021-02-07T08:59:54-05:00[America/New_York],2021-02-07T09:00:32-05:00[America/New_York],NA,2021-02-07,32394,Sunday
1808,<A>,58,2021-02-07T09:00:32-05:00[America/New_York],2021-02-07T09:01:30-05:00[America/New_York],NA,2021-02-07,32432,Sunday
1808,B,9,2021-02-07T09:01:30-05:00[America/New_York],2021-02-07T09:01:39-05:00[America/New_York],Yes,2021-02-07,32490,Sunday
1808,C,35,2021-02-07T09:01:39-05:00[America/New_York],2021-02-07T09:02:14-05:00[America/New_York],Yes,2021-02-07,32499,Sunday
1808,<A>,77,2021-02-07T09:02:14-05:00[America/New_York],2021-02-07T09:03:31-05:00[America/New_York],NA,2021-02-07,32534,Sunday
1808,B,14,2021-02-07T09:03:31-05:00[America/New_York],2021-02-07T09:03:45-05:00[America/New_York],NA,2021-02-07,32611,Sunday
1808,C,31,2021-02-07T09:03:45-05:00[America/New_York],2021-02-07T09:04:16-05:00[America/New_York],Yes,2021-02-07,32625,Sunday
1808,<A>,45,2021-02-07T09:04:16-05:00[America/New_York],2021-02-07T09:05:01-05:00[America/New_York],Yes,2021-02-07,32656,Sunday
1808,B,14,2021-02-07T09:05:01-05:00[America/New_York],2021-02-07T09:05:15-05:00[America/New_York],NA,2021-02-07,32701,Sunday
1808,C,27,2021-02-07T09:05:15-05:00[America/New_York],2021-02-07T09:05:42-05:00[America/New_York],Yes,2021-02-07,32715,Sunday
1808,<A>,76,2021-02-07T09:05:42-05:00[America/New_York],2021-02-07T09:06:58-05:00[America/New_York],NA,2021-02-07,32742,Sunday
1808,C,30,2021-02-07T09:06:58-05:00[America/New_York],2021-02-07T09:07:28-05:00[America/New_York],Yes,2021-02-07,32818,Sunday
1808,<A>,53,2021-02-07T09:07:28-05:00[America/New_York],2021-02-07T09:08:21-05:00[America/New_York],Yes,2021-02-07,32848,Sunday
1808,B,9,2021-02-07T09:08:21-05:00[America/New_York],2021-02-07T09:08:30-05:00[America/New_York],Yes,2021-02-07,32901,Sunday
1808,C,29,2021-02-07T09:08:30-05:00[America/New_York],2021-02-07T09:08:59-05:00[America/New_York],Yes,2021-02-07,32910,Sunday
1808,<A>,49,2021-02-07T09:08:59-05:00[America/New_York],2021-02-07T09:09:48-05:00[America/New_York],NA,2021-02-07,32939,Sunday
1808,B,10,2021-02-07T09:09:48-05:00[America/New_York],2021-02-07T09:09:58-05:00[America/New_York],Yes,2021-02-07,32988,Sunday
1808,C,26,2021-02-07T09:09:58-05:00[America/New_York],2021-02-07T09:10:24-05:00[America/New_York],Yes,2021-02-07,32998,Sunday
1808,<A>,78,2021-02-07T09:10:24-05:00[America/New_York],2021-02-07T09:11:42-05:00[America/New_York],NA,2021-02-07,33024,Sunday
1808,C,31,2021-02-07T09:11:42-05:00[America/New_York],2021-02-07T09:12:13-05:00[America/New_York],Yes,2021-02-07,33102,Sunday
1808,<A>,54,2021-02-07T09:12:13-05:00[America/New_York],2021-02-07T09:13:07-05:00[America/New_York],Yes,2021-02-07,33133,Sunday
1808,B,9,2021-02-07T09:13:07-05:00[America/New_York],2021-02-07T09:13:16-05:00[America/New_York],Yes,2021-02-07,33187,Sunday
1808,C,25,2021-02-07T09:13:16-05:00[America/New_York],2021-02-07T09:13:41-05:00[America/New_York],Yes,2021-02-07,33196,Sunday
1808,<A>,66,2021-02-07T09:13:41-05:00[America/New_York],2021-02-07T09:14:47-05:00[America/New_York],NA,2021-02-07,33221,Sunday
1808,C,30,2021-02-07T09:14:47-05:00[America/New_York],2021-02-07T09:15:17-05:00[America/New_York],Yes,2021-02-07,33287,Sunday
1808,<A>,60,2021-02-07T09:15:17-05:00[America/New_York],2021-02-07T09:16:17-05:00[America/New_York],Yes,2021-02-07,33317,Sunday
1808,C,27,2021-02-07T09:16:17-05:00[America/New_York],2021-02-07T09:16:44-05:00[America/New_York],Yes,2021-02-07,33377,Sunday
1808,<A>,56,2021-02-07T09:16:44-05:00[America/New_York],2021-02-07T09:17:40-05:00[America/New_York],Yes,2021-02-07,33404,Sunday
1808,B,9,2021-02-07T09:17:40-05:00[America/New_York],2021-02-07T09:17:49-05:00[America/New_York],Yes,2021-02-07,33460,Sunday
1808,C,32,2021-02-07T09:17:49-05:00[America/New_York],2021-02-07T09:18:21-05:00[America/New_York],Yes,2021-02-07,33469,Sunday
1808,<A>,65,2021-02-07T09:18:21-05:00[America/New_York],2021-02-07T09:19:26-05:00[America/New_York],NA,2021-02-07,33501,Sunday
1808,C,24,2021-02-07T09:19:26-05:00[America/New_York],2021-02-07T09:19:50-05:00[America/New_York],Yes,2021-02-07,33566,Sunday
1808,<A>,57,2021-02-07T09:19:50-05:00[America/New_York],2021-02-07T09:20:47-05:00[America/New_York],Yes,2021-02-07,33590,Sunday
1808,B,9,2021-02-07T09:20:47-05:00[America/New_York],2021-02-07T09:20:56-05:00[America/New_York],Yes,2021-02-07,33647,Sunday
1808,C,23,2021-02-07T09:20:56-05:00[America/New_York],2021-02-07T09:21:19-05:00[America/New_York],Yes,2021-02-07,33656,Sunday
1808,<A>,58,2021-02-07T09:21:19-05:00[America/New_York],2021-02-07T09:22:17-05:00[America/New_York],Yes,2021-02-07,33679,Sunday
1808,B,9,2021-02-07T09:22:17-05:00[America/New_York],2021-02-07T09:22:26-05:00[America/New_York],Yes,2021-02-07,33737,Sunday
1808,C,27,2021-02-07T09:22:26-05:00[America/New_York],2021-02-07T09:22:53-05:00[America/New_York],Yes,2021-02-07,33746,Sunday
1808,<A>,64,2021-02-07T09:22:53-05:00[America/New_York],2021-02-07T09:23:57-05:00[America/New_York],NA,2021-02-07,33773,Sunday
1808,B,9,2021-02-07T09:23:57-05:00[America/New_York],2021-02-07T09:24:06-05:00[America/New_York],Yes,2021-02-07,33837,Sunday
1808,C,31,2021-02-07T09:24:06-05:00[America/New_York],2021-02-07T09:24:37-05:00[America/New_York],Yes,2021-02-07,33846,Sunday
1808,<A>,51,2021-02-07T09:24:37-05:00[America/New_York],2021-02-07T09:25:28-05:00[America/New_York],Yes,2021-02-07,33877,Sunday
1808,B,14,2021-02-07T09:25:28-05:00[America/New_York],2021-02-07T09:25:42-05:00[America/New_York],NA,2021-02-07,33928,Sunday
1808,C,26,2021-02-07T09:25:42-05:00[America/New_York],2021-02-07T09:26:08-05:00[America/New_York],Yes,2021-02-07,33942,Sunday
1808,<A>,66,2021-02-07T09:26:08-05:00[America/New_York],2021-02-07T09:27:14-05:00[America/New_York],NA,2021-02-07,33968,Sunday
1808,C,30,2021-02-07T09:27:14-05:00[America/New_York],2021-02-07T09:27:44-05:00[America/New_York],Yes,2021-02-07,34034,Sunday
1808,<A>,70,2021-02-07T09:27:44-05:00[America/New_York],2021-02-07T09:28:54-05:00[America/New_York],Yes,2021-02-07,34064,Sunday
1808,B,9,2021-02-07T09:28:54-05:00[America/New_York],2021-02-07T09:29:03-05:00[America/New_York],Yes,2021-02-07,34134,Sunday
1808,C,36,2021-02-07T09:29:03-05:00[America/New_York],2021-02-07T09:29:39-05:00[America/New_York],Yes,2021-02-07,34143,Sunday
1808,<A>,55,2021-02-07T09:29:39-05:00[America/New_York],2021-02-07T09:30:34-05:00[America/New_York],NA,2021-02-07,34179,Sunday
1808,B,11,2021-02-07T09:30:34-05:00[America/New_York],2021-02-07T09:30:45-05:00[America/New_York],Yes,2021-02-07,34234,Sunday
1808,C,36,2021-02-07T09:30:45-05:00[America/New_York],2021-02-07T09:31:21-05:00[America/New_York],NA,2021-02-07,34245,Sunday
1808,<A>,53,2021-02-07T09:31:21-05:00[America/New_York],2021-02-07T09:32:14-05:00[America/New_York],NA,2021-02-07,34281,Sunday
1808,B,9,2021-02-07T09:32:14-05:00[America/New_York],2021-02-07T09:32:23-05:00[America/New_York],Yes,2021-02-07,34334,Sunday
1808,C,39,2021-02-07T09:32:23-05:00[America/New_York],2021-02-07T09:33:02-05:00[America/New_York],NA,2021-02-07,34343,Sunday
1808,<A>,46,2021-02-07T09:33:02-05:00[America/New_York],2021-02-07T09:33:48-05:00[America/New_York],Yes,2021-02-07,34382,Sunday
1808,B,9,2021-02-07T09:33:48-05:00[America/New_York],2021-02-07T09:33:57-05:00[America/New_York],Yes,2021-02-07,34428,Sunday
1808,C,24,2021-02-07T09:33:57-05:00[America/New_York],2021-02-07T09:34:21-05:00[America/New_York],Yes,2021-02-07,34437,Sunday
1808,<A>,57,2021-02-07T09:34:21-05:00[America/New_York],2021-02-07T09:35:18-05:00[America/New_York],Yes,2021-02-07,34461,Sunday
1808,B,14,2021-02-07T09:35:18-05:00[America/New_York],2021-02-07T09:35:32-05:00[America/New_York],NA,2021-02-07,34518,Sunday
1808,C,28,2021-02-07T09:35:32-05:00[America/New_York],2021-02-07T09:36:00-05:00[America/New_York],Yes,2021-02-07,34532,Sunday
1808,<A>,58,2021-02-07T09:36:00-05:00[America/New_York],2021-02-07T09:36:58-05:00[America/New_York],NA,2021-02-07,34560,Sunday
1808,B,14,2021-02-07T09:36:58-05:00[America/New_York],2021-02-07T09:37:12-05:00[America/New_York],NA,2021-02-07,34618,Sunday
1808,C,31,2021-02-07T09:37:12-05:00[America/New_York],2021-02-07T09:37:43-05:00[America/New_York],Yes,2021-02-07,34632,Sunday
1808,<A>,55,2021-02-07T09:37:43-05:00[America/New_York],2021-02-07T09:38:38-05:00[America/New_York],NA,2021-02-07,34663,Sunday
1808,C,26,2021-02-07T09:38:38-05:00[America/New_York],2021-02-07T09:39:04-05:00[America/New_York],Yes,2021-02-07,34718,Sunday
1808,<A>,51,2021-02-07T09:39:04-05:00[America/New_York],2021-02-07T09:39:55-05:00[America/New_York],Yes,2021-02-07,34744,Sunday
1808,B,13,2021-02-07T09:39:55-05:00[America/New_York],2021-02-07T09:40:08-05:00[America/New_York],NA,2021-02-07,34795,Sunday
1808,C,31,2021-02-07T09:40:08-05:00[America/New_York],2021-02-07T09:40:39-05:00[America/New_York],Yes,2021-02-07,34808,Sunday
1808,<A>,56,2021-02-07T09:40:39-05:00[America/New_York],2021-02-07T09:41:35-05:00[America/New_York],NA,2021-02-07,34839,Sunday
1808,C,46,2021-02-07T09:41:35-05:00[America/New_York],2021-02-07T09:42:21-05:00[America/New_York],Yes,2021-02-07,34895,Sunday
1808,<A>,54,2021-02-07T09:42:21-05:00[America/New_York],2021-02-07T09:43:15-05:00[America/New_York],NA,2021-02-07,34941,Sunday
1808,B,14,2021-02-07T09:43:15-05:00[America/New_York],2021-02-07T09:43:29-05:00[America/New_York],NA,2021-02-07,34995,Sunday
1808,C,33,2021-02-07T09:43:29-05:00[America/New_York],2021-02-07T09:44:02-05:00[America/New_York],NA,2021-02-07,35009,Sunday
1808,<A>,53,2021-02-07T09:44:02-05:00[America/New_York],2021-02-07T09:44:55-05:00[America/New_York],NA,2021-02-07,35042,Sunday
1808,B,15,2021-02-07T09:44:55-05:00[America/New_York],2021-02-07T09:45:10-05:00[America/New_York],NA,2021-02-07,35095,Sunday
1808,C,36,2021-02-07T09:45:10-05:00[America/New_York],2021-02-07T09:45:46-05:00[America/New_York],NA,2021-02-07,35110,Sunday
1808,<A>,73,2021-02-07T09:45:46-05:00[America/New_York],2021-02-07T09:46:59-05:00[America/New_York],NA,2021-02-07,35146,Sunday
1808,B,9,2021-02-07T09:46:59-05:00[America/New_York],2021-02-07T09:47:08-05:00[America/New_York],Yes,2021-02-07,35219,Sunday
1808,C,26,2021-02-07T09:47:08-05:00[America/New_York],2021-02-07T09:47:34-05:00[America/New_York],Yes,2021-02-07,35228,Sunday
1808,<A>,87,2021-02-07T09:47:34-05:00[America/New_York],2021-02-07T09:49:01-05:00[America/New_York],NA,2021-02-07,35254,Sunday
1808,B,9,2021-02-07T09:49:01-05:00[America/New_York],2021-02-07T09:49:10-05:00[America/New_York],Yes,2021-02-07,35341,Sunday
1808,C,33,2021-02-07T09:49:10-05:00[America/New_York],2021-02-07T09:49:43-05:00[America/New_York],Yes,2021-02-07,35350,Sunday
1808,<A>,71,2021-02-07T09:49:43-05:00[America/New_York],2021-02-07T09:50:54-05:00[America/New_York],NA,2021-02-07,35383,Sunday
1808,B,14,2021-02-07T09:50:54-05:00[America/New_York],2021-02-07T09:51:08-05:00[America/New_York],Yes,2021-02-07,35454,Sunday
1808,C,30,2021-02-07T09:51:08-05:00[America/New_York],2021-02-07T09:51:38-05:00[America/New_York],Yes,2021-02-07,35468,Sunday
1808,<A>,99,2021-02-07T09:51:38-05:00[America/New_York],2021-02-07T09:53:17-05:00[America/New_York],NA,2021-02-07,35498,Sunday
1808,B,10,2021-02-07T09:53:17-05:00[America/New_York],2021-02-07T09:53:27-05:00[America/New_York],Yes,2021-02-07,35597,Sunday
1808,C,25,2021-02-07T09:53:27-05:00[America/New_York],2021-02-07T09:53:52-05:00[America/New_York],Yes,2021-02-07,35607,Sunday
1808,<A>,86,2021-02-07T09:53:52-05:00[America/New_York],2021-02-07T09:55:18-05:00[America/New_York],NA,2021-02-07,35632,Sunday
1808,B,12,2021-02-07T09:55:18-05:00[America/New_York],2021-02-07T09:55:30-05:00[America/New_York],Yes,2021-02-07,35718,Sunday
1808,C,28,2021-02-07T09:55:30-05:00[America/New_York],2021-02-07T09:55:58-05:00[America/New_York],Yes,2021-02-07,35730,Sunday
1808,<A>,79,2021-02-07T09:55:58-05:00[America/New_York],2021-02-07T09:57:17-05:00[America/New_York],NA,2021-02-07,35758,Sunday
1808,B,10,2021-02-07T09:57:17-05:00[America/New_York],2021-02-07T09:57:27-05:00[America/New_York],Yes,2021-02-07,35837,Sunday
1808,C,33,2021-02-07T09:57:27-05:00[America/New_York],2021-02-07T09:58:00-05:00[America/New_York],Yes,2021-02-07,35847,Sunday
1808,<A>,70,2021-02-07T09:58:00-05:00[America/New_York],2021-02-07T09:59:10-05:00[America/New_York],NA,2021-02-07,35880,Sunday
1808,B,11,2021-02-07T09:59:10-05:00[America/New_York],2021-02-07T09:59:21-05:00[America/New_York],Yes,2021-02-07,35950,Sunday
1808,C,31,2021-02-07T09:59:21-05:00[America/New_York],2021-02-07T09:59:52-05:00[America/New_York],Yes,2021-02-07,35961,Sunday
1808,<A>,71,2021-02-07T09:59:52-05:00[America/New_York],2021-02-07T10:01:03-05:00[America/New_York],NA,2021-02-07,35992,Sunday
1808,B,9,2021-02-07T10:01:03-05:00[America/New_York],2021-02-07T10:01:12-05:00[America/New_York],Yes,2021-02-07,36063,Sunday
1808,C,27,2021-02-07T10:01:12-05:00[America/New_York],2021-02-07T10:01:39-05:00[America/New_York],Yes,2021-02-07,36072,Sunday
1808,<A>,75,2021-02-07T10:01:39-05:00[America/New_York],2021-02-07T10:02:54-05:00[America/New_York],NA,2021-02-07,36099,Sunday
1808,C,34,2021-02-07T10:02:54-05:00[America/New_York],2021-02-07T10:03:28-05:00[America/New_York],Yes,2021-02-07,36174,Sunday
1808,<A>,79,2021-02-07T10:03:28-05:00[America/New_York],2021-02-07T10:04:47-05:00[America/New_York],NA,2021-02-07,36208,Sunday
1808,B,9,2021-02-07T10:04:47-05:00[America/New_York],2021-02-07T10:04:56-05:00[America/New_York],Yes,2021-02-07,36287,Sunday
1808,C,25,2021-02-07T10:04:56-05:00[America/New_York],2021-02-07T10:05:21-05:00[America/New_York],Yes,2021-02-07,36296,Sunday
1808,<A>,101,2021-02-07T10:05:21-05:00[America/New_York],2021-02-07T10:07:02-05:00[America/New_York],NA,2021-02-07,36321,Sunday
1808,B,10,2021-02-07T10:07:02-05:00[America/New_York],2021-02-07T10:07:12-05:00[America/New_York],Yes,2021-02-07,36422,Sunday
1808,C,37,2021-02-07T10:07:12-05:00[America/New_York],2021-02-07T10:07:49-05:00[America/New_York],Yes,2021-02-07,36432,Sunday
1808,<A>,72,2021-02-07T10:07:49-05:00[America/New_York],2021-02-07T10:09:01-05:00[America/New_York],NA,2021-02-07,36469,Sunday
1808,C,29,2021-02-07T10:09:01-05:00[America/New_York],2021-02-07T10:09:30-05:00[America/New_York],Yes,2021-02-07,36541,Sunday
1808,<A>,60,2021-02-07T10:09:30-05:00[America/New_York],2021-02-07T10:10:30-05:00[America/New_York],NA,2021-02-07,36570,Sunday
1808,C,24,2021-02-07T10:10:30-05:00[America/New_York],2021-02-07T10:10:54-05:00[America/New_York],Yes,2021-02-07,36630,Sunday
1808,<A>,80,2021-02-07T10:10:54-05:00[America/New_York],2021-02-07T10:12:14-05:00[America/New_York],NA,2021-02-07,36654,Sunday
1808,C,27,2021-02-07T10:12:14-05:00[America/New_York],2021-02-07T10:12:41-05:00[America/New_York],Yes,2021-02-07,36734,Sunday
1808,<A>,78,2021-02-07T10:12:41-05:00[America/New_York],2021-02-07T10:13:59-05:00[America/New_York],NA,2021-02-07,36761,Sunday
1808,B,12,2021-02-07T10:13:59-05:00[America/New_York],2021-02-07T10:14:11-05:00[America/New_York],Yes,2021-02-07,36839,Sunday
1808,C,27,2021-02-07T10:14:11-05:00[America/New_York],2021-02-07T10:14:38-05:00[America/New_York],Yes,2021-02-07,36851,Sunday
1808,<A>,68,2021-02-07T10:14:38-05:00[America/New_York],2021-02-07T10:15:46-05:00[America/New_York],NA,2021-02-07,36878,Sunday
1808,B,9,2021-02-07T10:15:46-05:00[America/New_York],2021-02-07T10:15:55-05:00[America/New_York],Yes,2021-02-07,36946,Sunday
1808,C,38,2021-02-07T10:15:55-05:00[America/New_York],2021-02-07T10:16:33-05:00[America/New_York],Yes,2021-02-07,36955,Sunday
1808,<A>,63,2021-02-07T10:16:33-05:00[America/New_York],2021-02-07T10:17:36-05:00[America/New_York],NA,2021-02-07,36993,Sunday
1808,B,11,2021-02-07T10:17:36-05:00[America/New_York],2021-02-07T10:17:47-05:00[America/New_York],Yes,2021-02-07,37056,Sunday
1808,C,25,2021-02-07T10:17:47-05:00[America/New_York],2021-02-07T10:18:12-05:00[America/New_York],Yes,2021-02-07,37067,Sunday
1808,<A>,89,2021-02-07T10:18:12-05:00[America/New_York],2021-02-07T10:19:41-05:00[America/New_York],NA,2021-02-07,37092,Sunday
1808,B,13,2021-02-07T10:19:41-05:00[America/New_York],2021-02-07T10:19:54-05:00[America/New_York],Yes,2021-02-07,37181,Sunday
1808,C,35,2021-02-07T10:19:54-05:00[America/New_York],2021-02-07T10:20:29-05:00[America/New_York],Yes,2021-02-07,37194,Sunday
1808,<A>,77,2021-02-07T10:20:29-05:00[America/New_York],2021-02-07T10:21:46-05:00[America/New_York],NA,2021-02-07,37229,Sunday
1808,B,15,2021-02-07T10:21:46-05:00[America/New_York],2021-02-07T10:22:01-05:00[America/New_York],Yes,2021-02-07,37306,Sunday
1808,C,31,2021-02-07T10:22:01-05:00[America/New_York],2021-02-07T10:22:32-05:00[America/New_York],Yes,2021-02-07,37321,Sunday
1808,<A>,231,2021-02-07T10:22:32-05:00[America/New_York],2021-02-07T10:26:23-05:00[America/New_York],NA,2021-02-07,37352,Sunday
1808,B,9,2021-02-07T10:26:23-05:00[America/New_York],2021-02-07T10:26:32-05:00[America/New_York],Yes,2021-02-07,37583,Sunday
1808,C,28,2021-02-07T10:26:32-05:00[America/New_York],2021-02-07T10:27:00-05:00[America/New_York],Yes,2021-02-07,37592,Sunday
1808,<A>,99,2021-02-07T10:27:00-05:00[America/New_York],2021-02-07T10:28:39-05:00[America/New_York],NA,2021-02-07,37620,Sunday
1808,B,9,2021-02-07T10:28:39-05:00[America/New_York],2021-02-07T10:28:48-05:00[America/New_York],Yes,2021-02-07,37719,Sunday
1808,C,31,2021-02-07T10:28:48-05:00[America/New_York],2021-02-07T10:29:19-05:00[America/New_York],Yes,2021-02-07,37728,Sunday
1808,<A>,77,2021-02-07T10:29:19-05:00[America/New_York],2021-02-07T10:30:36-05:00[America/New_York],NA,2021-02-07,37759,Sunday
1808,B,14,2021-02-07T10:30:36-05:00[America/New_York],2021-02-07T10:30:50-05:00[America/New_York],Yes,2021-02-07,37836,Sunday
1808,C,37,2021-02-07T10:30:50-05:00[America/New_York],2021-02-07T10:31:27-05:00[America/New_York],Yes,2021-02-07,37850,Sunday
1808,<A>,63,2021-02-07T10:31:27-05:00[America/New_York],2021-02-07T10:32:30-05:00[America/New_York],NA,2021-02-07,37887,Sunday
1808,B,9,2021-02-07T10:32:30-05:00[America/New_York],2021-02-07T10:32:39-05:00[America/New_York],Yes,2021-02-07,37950,Sunday
1808,C,29,2021-02-07T10:32:39-05:00[America/New_York],2021-02-07T10:33:08-05:00[America/New_York],Yes,2021-02-07,37959,Sunday
1808,<A>,70,2021-02-07T10:33:08-05:00[America/New_York],2021-02-07T10:34:18-05:00[America/New_York],NA,2021-02-07,37988,Sunday
1808,C,29,2021-02-07T10:34:18-05:00[America/New_York],2021-02-07T10:34:47-05:00[America/New_York],Yes,2021-02-07,38058,Sunday
1808,<A>,105,2021-02-07T10:34:47-05:00[America/New_York],2021-02-07T10:36:32-05:00[America/New_York],NA,2021-02-07,38087,Sunday
1808,B,14,2021-02-07T10:36:32-05:00[America/New_York],2021-02-07T10:36:46-05:00[America/New_York],Yes,2021-02-07,38192,Sunday
1808,C,40,2021-02-07T10:36:46-05:00[America/New_York],2021-02-07T10:37:26-05:00[America/New_York],NA,2021-02-07,38206,Sunday
1808,<A>,61,2021-02-07T10:37:26-05:00[America/New_York],2021-02-07T10:38:27-05:00[America/New_York],NA,2021-02-07,38246,Sunday
1808,B,10,2021-02-07T10:38:27-05:00[America/New_York],2021-02-07T10:38:37-05:00[America/New_York],NA,2021-02-07,38307,Sunday
1808,C,26,2021-02-07T10:38:37-05:00[America/New_York],2021-02-07T10:39:03-05:00[America/New_York],Yes,2021-02-07,38317,Sunday
1808,<A>,71,2021-02-07T10:39:03-05:00[America/New_York],2021-02-07T10:40:14-05:00[America/New_York],NA,2021-02-07,38343,Sunday
1808,B,14,2021-02-07T10:40:14-05:00[America/New_York],2021-02-07T10:40:28-05:00[America/New_York],Yes,2021-02-07,38414,Sunday
1808,C,32,2021-02-07T10:40:28-05:00[America/New_York],2021-02-07T10:41:00-05:00[America/New_York],Yes,2021-02-07,38428,Sunday
1808,<A>,70,2021-02-07T10:41:00-05:00[America/New_York],2021-02-07T10:42:10-05:00[America/New_York],NA,2021-02-07,38460,Sunday
1808,B,15,2021-02-07T10:42:10-05:00[America/New_York],2021-02-07T10:42:25-05:00[America/New_York],Yes,2021-02-07,38530,Sunday
1808,C,48,2021-02-07T10:42:25-05:00[America/New_York],2021-02-07T10:43:13-05:00[America/New_York],NA,2021-02-07,38545,Sunday
1808,<A>,63,2021-02-07T10:43:13-05:00[America/New_York],2021-02-07T10:44:16-05:00[America/New_York],NA,2021-02-07,38593,Sunday
1808,B,18,2021-02-07T10:44:16-05:00[America/New_York],2021-02-07T10:44:34-05:00[America/New_York],NA,2021-02-07,38656,Sunday
1808,C,53,2021-02-07T10:44:34-05:00[America/New_York],2021-02-07T10:45:27-05:00[America/New_York],NA,2021-02-07,38674,Sunday
1808,<A>,63,2021-02-07T10:45:27-05:00[America/New_York],2021-02-07T10:46:30-05:00[America/New_York],NA,2021-02-07,38727,Sunday
1808,B,13,2021-02-07T10:46:30-05:00[America/New_York],2021-02-07T10:46:43-05:00[America/New_York],Yes,2021-02-07,38790,Sunday
1808,C,34,2021-02-07T10:46:43-05:00[America/New_York],2021-02-07T10:47:17-05:00[America/New_York],Yes,2021-02-07,38803,Sunday
1808,<A>,84,2021-02-07T10:47:17-05:00[America/New_York],2021-02-07T10:48:41-05:00[America/New_York],NA,2021-02-07,38837,Sunday
1808,C,24,2021-02-07T10:48:41-05:00[America/New_York],2021-02-07T10:49:05-05:00[America/New_York],Yes,2021-02-07,38921,Sunday
1808,<A>,105,2021-02-07T10:49:05-05:00[America/New_York],2021-02-07T10:50:50-05:00[America/New_York],NA,2021-02-07,38945,Sunday
1808,B,14,2021-02-07T10:50:50-05:00[America/New_York],2021-02-07T10:51:04-05:00[America/New_York],Yes,2021-02-07,39050,Sunday
1808,C,44,2021-02-07T10:51:04-05:00[America/New_York],2021-02-07T10:51:48-05:00[America/New_York],NA,2021-02-07,39064,Sunday
1808,<A>,58,2021-02-07T10:51:48-05:00[America/New_York],2021-02-07T10:52:46-05:00[America/New_York],NA,2021-02-07,39108,Sunday
1808,B,9,2021-02-07T10:52:46-05:00[America/New_York],2021-02-07T10:52:55-05:00[America/New_York],Yes,2021-02-07,39166,Sunday
1808,C,24,2021-02-07T10:52:55-05:00[America/New_York],2021-02-07T10:53:19-05:00[America/New_York],Yes,2021-02-07,39175,Sunday
1808,<A>,90,2021-02-07T10:53:19-05:00[America/New_York],2021-02-07T10:54:49-05:00[America/New_York],NA,2021-02-07,39199,Sunday
1808,B,11,2021-02-07T10:54:49-05:00[America/New_York],2021-02-07T10:55:00-05:00[America/New_York],Yes,2021-02-07,39289,Sunday
1808,C,32,2021-02-07T10:55:00-05:00[America/New_York],2021-02-07T10:55:32-05:00[America/New_York],Yes,2021-02-07,39300,Sunday
1808,<A>,77,2021-02-07T10:55:32-05:00[America/New_York],2021-02-07T10:56:49-05:00[America/New_York],NA,2021-02-07,39332,Sunday
1808,B,9,2021-02-07T10:56:49-05:00[America/New_York],2021-02-07T10:56:58-05:00[America/New_York],Yes,2021-02-07,39409,Sunday
1808,C,39,2021-02-07T10:56:58-05:00[America/New_York],2021-02-07T10:57:37-05:00[America/New_York],Yes,2021-02-07,39418,Sunday
1808,<A>,71,2021-02-07T10:57:37-05:00[America/New_York],2021-02-07T10:58:48-05:00[America/New_York],NA,2021-02-07,39457,Sunday
1808,B,12,2021-02-07T10:58:48-05:00[America/New_York],2021-02-07T10:59:00-05:00[America/New_York],Yes,2021-02-07,39528,Sunday
1808,C,39,2021-02-07T10:59:00-05:00[America/New_York],2021-02-07T10:59:39-05:00[America/New_York],Yes,2021-02-07,39540,Sunday
1808,<A>,69,2021-02-07T10:59:39-05:00[America/New_York],2021-02-07T11:00:48-05:00[America/New_York],NA,2021-02-07,39579,Sunday
1808,C,35,2021-02-07T11:00:48-05:00[America/New_York],2021-02-07T11:01:23-05:00[America/New_York],Yes,2021-02-07,39648,Sunday
1808,<A>,72,2021-02-07T11:01:23-05:00[America/New_York],2021-02-07T11:02:35-05:00[America/New_York],NA,2021-02-07,39683,Sunday
1808,C,38,2021-02-07T11:02:35-05:00[America/New_York],2021-02-07T11:03:13-05:00[America/New_York],Yes,2021-02-07,39755,Sunday
1808,<A>,72,2021-02-07T11:03:13-05:00[America/New_York],2021-02-07T11:04:25-05:00[America/New_York],NA,2021-02-07,39793,Sunday
1808,C,37,2021-02-07T11:04:25-05:00[America/New_York],2021-02-07T11:05:02-05:00[America/New_York],Yes,2021-02-07,39865,Sunday
1808,<A>,71,2021-02-07T11:05:02-05:00[America/New_York],2021-02-07T11:06:13-05:00[America/New_York],NA,2021-02-07,39902,Sunday
1808,B,11,2021-02-07T11:06:13-05:00[America/New_York],2021-02-07T11:06:24-05:00[America/New_York],Yes,2021-02-07,39973,Sunday
1808,C,28,2021-02-07T11:06:24-05:00[America/New_York],2021-02-07T11:06:52-05:00[America/New_York],Yes,2021-02-07,39984,Sunday
1808,<A>,72,2021-02-07T11:06:52-05:00[America/New_York],2021-02-07T11:08:04-05:00[America/New_York],NA,2021-02-07,40012,Sunday
1808,B,9,2021-02-07T11:08:04-05:00[America/New_York],2021-02-07T11:08:13-05:00[America/New_York],Yes,2021-02-07,40084,Sunday
1808,C,31,2021-02-07T11:08:13-05:00[America/New_York],2021-02-07T11:08:44-05:00[America/New_York],Yes,2021-02-07,40093,Sunday
1808,<A>,68,2021-02-07T11:08:44-05:00[America/New_York],2021-02-07T11:09:52-05:00[America/New_York],NA,2021-02-07,40124,Sunday
1808,B,9,2021-02-07T11:09:52-05:00[America/New_York],2021-02-07T11:10:01-05:00[America/New_York],Yes,2021-02-07,40192,Sunday
1808,C,26,2021-02-07T11:10:01-05:00[America/New_York],2021-02-07T11:10:27-05:00[America/New_York],Yes,2021-02-07,40201,Sunday
1808,<A>,72,2021-02-07T11:10:27-05:00[America/New_York],2021-02-07T11:11:39-05:00[America/New_York],NA,2021-02-07,40227,Sunday
1808,B,11,2021-02-07T11:11:39-05:00[America/New_York],2021-02-07T11:11:50-05:00[America/New_York],Yes,2021-02-07,40299,Sunday
1808,C,30,2021-02-07T11:11:50-05:00[America/New_York],2021-02-07T11:12:20-05:00[America/New_York],Yes,2021-02-07,40310,Sunday
1808,<A>,69,2021-02-07T11:12:20-05:00[America/New_York],2021-02-07T11:13:29-05:00[America/New_York],NA,2021-02-07,40340,Sunday
1808,C,29,2021-02-07T11:13:29-05:00[America/New_York],2021-02-07T11:13:58-05:00[America/New_York],Yes,2021-02-07,40409,Sunday
1808,<A>,48,2021-02-07T11:13:58-05:00[America/New_York],2021-02-07T11:14:46-05:00[America/New_York],NA,2021-02-07,40438,Sunday
1808,C,33,2021-02-07T11:14:46-05:00[America/New_York],2021-02-07T11:15:19-05:00[America/New_York],Yes,2021-02-07,40486,Sunday
1808,<A>,77,2021-02-07T11:15:19-05:00[America/New_York],2021-02-07T11:16:36-05:00[America/New_York],NA,2021-02-07,40519,Sunday
1808,B,13,2021-02-07T11:16:36-05:00[America/New_York],2021-02-07T11:16:49-05:00[America/New_York],Yes,2021-02-07,40596,Sunday
1808,C,27,2021-02-07T11:16:49-05:00[America/New_York],2021-02-07T11:17:16-05:00[America/New_York],Yes,2021-02-07,40609,Sunday
1808,<A>,71,2021-02-07T11:17:16-05:00[America/New_York],2021-02-07T11:18:27-05:00[America/New_York],NA,2021-02-07,40636,Sunday
1808,C,46,2021-02-07T11:18:27-05:00[America/New_York],2021-02-07T11:19:13-05:00[America/New_York],NA,2021-02-07,40707,Sunday
1808,<A>,50,2021-02-07T11:19:13-05:00[America/New_York],2021-02-07T11:20:03-05:00[America/New_York],NA,2021-02-07,40753,Sunday
1808,B,9,2021-02-07T11:20:03-05:00[America/New_York],2021-02-07T11:20:12-05:00[America/New_York],Yes,2021-02-07,40803,Sunday
1808,C,26,2021-02-07T11:20:12-05:00[America/New_York],2021-02-07T11:20:38-05:00[America/New_York],Yes,2021-02-07,40812,Sunday
1808,<A>,72,2021-02-07T11:20:38-05:00[America/New_York],2021-02-07T11:21:50-05:00[America/New_York],NA,2021-02-07,40838,Sunday
1808,B,9,2021-02-07T11:21:50-05:00[America/New_York],2021-02-07T11:21:59-05:00[America/New_York],Yes,2021-02-07,40910,Sunday
1808,C,28,2021-02-07T11:21:59-05:00[America/New_York],2021-02-07T11:22:27-05:00[America/New_York],Yes,2021-02-07,40919,Sunday
1808,<A>,72,2021-02-07T11:22:27-05:00[America/New_York],2021-02-07T11:23:39-05:00[America/New_York],NA,2021-02-07,40947,Sunday
1808,B,14,2021-02-07T11:23:39-05:00[America/New_York],2021-02-07T11:23:53-05:00[America/New_York],Yes,2021-02-07,41019,Sunday
1808,C,30,2021-02-07T11:23:53-05:00[America/New_York],2021-02-07T11:24:23-05:00[America/New_York],Yes,2021-02-07,41033,Sunday
1808,<A>,82,2021-02-07T11:24:23-05:00[America/New_York],2021-02-07T11:25:45-05:00[America/New_York],NA,2021-02-07,41063,Sunday
1808,B,9,2021-02-07T11:25:45-05:00[America/New_York],2021-02-07T11:25:54-05:00[America/New_York],Yes,2021-02-07,41145,Sunday
1808,C,29,2021-02-07T11:25:54-05:00[America/New_York],2021-02-07T11:26:23-05:00[America/New_York],Yes,2021-02-07,41154,Sunday
1808,<A>,59,2021-02-07T11:26:23-05:00[America/New_York],2021-02-07T11:27:22-05:00[America/New_York],NA,2021-02-07,41183,Sunday
1808,B,9,2021-02-07T11:27:22-05:00[America/New_York],2021-02-07T11:27:31-05:00[America/New_York],Yes,2021-02-07,41242,Sunday
1808,C,28,2021-02-07T11:27:31-05:00[America/New_York],2021-02-07T11:27:59-05:00[America/New_York],Yes,2021-02-07,41251,Sunday
1808,<A>,69,2021-02-07T11:27:59-05:00[America/New_York],2021-02-07T11:29:08-05:00[America/New_York],NA,2021-02-07,41279,Sunday
1808,B,11,2021-02-07T11:29:08-05:00[America/New_York],2021-02-07T11:29:19-05:00[America/New_York],Yes,2021-02-07,41348,Sunday
1808,C,23,2021-02-07T11:29:19-05:00[America/New_York],2021-02-07T11:29:42-05:00[America/New_York],Yes,2021-02-07,41359,Sunday
1808,<A>,70,2021-02-07T11:29:42-05:00[America/New_York],2021-02-07T11:30:52-05:00[America/New_York],NA,2021-02-07,41382,Sunday
1808,C,28,2021-02-07T11:30:52-05:00[America/New_York],2021-02-07T11:31:20-05:00[America/New_York],Yes,2021-02-07,41452,Sunday
1808,<A>,68,2021-02-07T11:31:20-05:00[America/New_York],2021-02-07T11:32:28-05:00[America/New_York],Yes,2021-02-07,41480,Sunday
1808,C,22,2021-02-07T11:32:28-05:00[America/New_York],2021-02-07T11:32:50-05:00[America/New_York],Yes,2021-02-07,41548,Sunday
1808,<A>,52,2021-02-07T11:32:50-05:00[America/New_York],2021-02-07T11:33:42-05:00[America/New_York],Yes,2021-02-07,41570,Sunday
1808,C,24,2021-02-07T11:33:42-05:00[America/New_York],2021-02-07T11:34:06-05:00[America/New_York],Yes,2021-02-07,41622,Sunday
1808,<A>,43,2021-02-07T11:34:06-05:00[America/New_York],2021-02-07T11:34:49-05:00[America/New_York],Yes,2021-02-07,41646,Sunday
1808,C,23,2021-02-07T11:34:49-05:00[America/New_York],2021-02-07T11:35:12-05:00[America/New_York],Yes,2021-02-07,41689,Sunday
1808,<A>,54,2021-02-07T11:35:12-05:00[America/New_York],2021-02-07T11:36:06-05:00[America/New_York],Yes,2021-02-07,41712,Sunday
1808,C,27,2021-02-07T11:36:06-05:00[America/New_York],2021-02-07T11:36:33-05:00[America/New_York],Yes,2021-02-07,41766,Sunday
1808,<A>,72,2021-02-07T11:36:33-05:00[America/New_York],2021-02-07T11:37:45-05:00[America/New_York],Yes,2021-02-07,41793,Sunday
1808,C,37,2021-02-07T11:37:45-05:00[America/New_York],2021-02-07T11:38:22-05:00[America/New_York],Yes,2021-02-07,41865,Sunday
1808,<A>,59,2021-02-07T11:38:22-05:00[America/New_York],2021-02-07T11:39:21-05:00[America/New_York],Yes,2021-02-07,41902,Sunday
1808,C,35,2021-02-07T11:39:21-05:00[America/New_York],2021-02-07T11:39:56-05:00[America/New_York],Yes,2021-02-07,41961,Sunday
1808,<A>,55,2021-02-07T11:39:56-05:00[America/New_York],2021-02-07T11:40:51-05:00[America/New_York],Yes,2021-02-07,41996,Sunday
1808,B,12,2021-02-07T11:40:51-05:00[America/New_York],2021-02-07T11:41:03-05:00[America/New_York],Yes,2021-02-07,42051,Sunday
1808,C,32,2021-02-07T11:41:03-05:00[America/New_York],2021-02-07T11:41:35-05:00[America/New_York],Yes,2021-02-07,42063,Sunday
1808,<A>,56,2021-02-07T11:41:35-05:00[America/New_York],2021-02-07T11:42:31-05:00[America/New_York],NA,2021-02-07,42095,Sunday
1808,B,9,2021-02-07T11:42:31-05:00[America/New_York],2021-02-07T11:42:40-05:00[America/New_York],Yes,2021-02-07,42151,Sunday
1808,C,24,2021-02-07T11:42:40-05:00[America/New_York],2021-02-07T11:43:04-05:00[America/New_York],Yes,2021-02-07,42160,Sunday
1808,<A>,67,2021-02-07T11:43:04-05:00[America/New_York],2021-02-07T11:44:11-05:00[America/New_York],NA,2021-02-07,42184,Sunday
1808,C,37,2021-02-07T11:44:11-05:00[America/New_York],2021-02-07T11:44:48-05:00[America/New_York],Yes,2021-02-07,42251,Sunday
1808,<A>,51,2021-02-07T11:44:48-05:00[America/New_York],2021-02-07T11:45:39-05:00[America/New_York],Yes,2021-02-07,42288,Sunday
1808,B,9,2021-02-07T11:45:39-05:00[America/New_York],2021-02-07T11:45:48-05:00[America/New_York],Yes,2021-02-07,42339,Sunday
1808,C,33,2021-02-07T11:45:48-05:00[America/New_York],2021-02-07T11:46:21-05:00[America/New_York],Yes,2021-02-07,42348,Sunday
1808,<A>,50,2021-02-07T11:46:21-05:00[America/New_York],2021-02-07T11:47:11-05:00[America/New_York],Yes,2021-02-07,42381,Sunday
1808,B,11,2021-02-07T11:47:11-05:00[America/New_York],2021-02-07T11:47:22-05:00[America/New_York],Yes,2021-02-07,42431,Sunday
1808,C,24,2021-02-07T11:47:22-05:00[America/New_York],2021-02-07T11:47:46-05:00[America/New_York],Yes,2021-02-07,42442,Sunday
1808,<A>,47,2021-02-07T11:47:46-05:00[America/New_York],2021-02-07T11:48:33-05:00[America/New_York],Yes,2021-02-07,42466,Sunday
1808,C,25,2021-02-07T11:48:33-05:00[America/New_York],2021-02-07T11:48:58-05:00[America/New_York],Yes,2021-02-07,42513,Sunday
1808,<A>,87,2021-02-07T11:48:58-05:00[America/New_York],2021-02-07T11:50:25-05:00[America/New_York],Yes,2021-02-07,42538,Sunday
1808,C,42,2021-02-07T11:50:25-05:00[America/New_York],2021-02-07T11:51:07-05:00[America/New_York],Yes,2021-02-07,42625,Sunday
1808,<A>,67,2021-02-07T11:51:07-05:00[America/New_York],2021-02-07T11:52:14-05:00[America/New_York],NA,2021-02-07,42667,Sunday
1808,C,32,2021-02-07T11:52:14-05:00[America/New_York],2021-02-07T11:52:46-05:00[America/New_York],Yes,2021-02-07,42734,Sunday
1808,<A>,60,2021-02-07T11:52:46-05:00[America/New_York],2021-02-07T11:53:46-05:00[America/New_York],Yes,2021-02-07,42766,Sunday
1808,B,14,2021-02-07T11:53:46-05:00[America/New_York],2021-02-07T11:54:00-05:00[America/New_York],NA,2021-02-07,42826,Sunday
1808,C,24,2021-02-07T11:54:00-05:00[America/New_York],2021-02-07T11:54:24-05:00[America/New_York],Yes,2021-02-07,42840,Sunday
1808,<A>,59,2021-02-07T11:54:24-05:00[America/New_York],2021-02-07T11:55:23-05:00[America/New_York],Yes,2021-02-07,42864,Sunday
1808,B,11,2021-02-07T11:55:23-05:00[America/New_York],2021-02-07T11:55:34-05:00[America/New_York],Yes,2021-02-07,42923,Sunday
1808,C,27,2021-02-07T11:55:34-05:00[America/New_York],2021-02-07T11:56:01-05:00[America/New_York],Yes,2021-02-07,42934,Sunday
1808,<A>,62,2021-02-07T11:56:01-05:00[America/New_York],2021-02-07T11:57:03-05:00[America/New_York],NA,2021-02-07,42961,Sunday
1808,B,10,2021-02-07T11:57:03-05:00[America/New_York],2021-02-07T11:57:13-05:00[America/New_York],Yes,2021-02-07,43023,Sunday
1808,C,28,2021-02-07T11:57:13-05:00[America/New_York],2021-02-07T11:57:41-05:00[America/New_York],Yes,2021-02-07,43033,Sunday
1808,<A>,62,2021-02-07T11:57:41-05:00[America/New_York],2021-02-07T11:58:43-05:00[America/New_York],NA,2021-02-07,43061,Sunday
1808,B,9,2021-02-07T11:58:43-05:00[America/New_York],2021-02-07T11:58:52-05:00[America/New_York],Yes,2021-02-07,43123,Sunday
1808,C,24,2021-02-07T11:58:52-05:00[America/New_York],2021-02-07T11:59:16-05:00[America/New_York],Yes,2021-02-07,43132,Sunday
1808,<A>,87,2021-02-07T11:59:16-05:00[America/New_York],2021-02-07T12:00:43-05:00[America/New_York],NA,2021-02-07,43156,Sunday
1808,C,31,2021-02-07T12:00:43-05:00[America/New_York],2021-02-07T12:01:14-05:00[America/New_York],Yes,2021-02-07,43243,Sunday
1808,<A>,42,2021-02-07T12:01:14-05:00[America/New_York],2021-02-07T12:01:56-05:00[America/New_York],Yes,2021-02-07,43274,Sunday
1808,B,11,2021-02-07T12:01:56-05:00[America/New_York],2021-02-07T12:02:07-05:00[America/New_York],Yes,2021-02-07,43316,Sunday
1808,C,22,2021-02-07T12:02:07-05:00[America/New_York],2021-02-07T12:02:29-05:00[America/New_York],Yes,2021-02-07,43327,Sunday
1808,<A>,59,2021-02-07T12:02:29-05:00[America/New_York],2021-02-07T12:03:28-05:00[America/New_York],Yes,2021-02-07,43349,Sunday
1808,B,9,2021-02-07T12:03:28-05:00[America/New_York],2021-02-07T12:03:37-05:00[America/New_York],Yes,2021-02-07,43408,Sunday
1808,C,30,2021-02-07T12:03:37-05:00[America/New_York],2021-02-07T12:04:07-05:00[America/New_York],Yes,2021-02-07,43417,Sunday
1808,<A>,69,2021-02-07T12:04:07-05:00[America/New_York],2021-02-07T12:05:16-05:00[America/New_York],NA,2021-02-07,43447,Sunday
1808,C,23,2021-02-07T12:05:16-05:00[America/New_York],2021-02-07T12:05:39-05:00[America/New_York],Yes,2021-02-07,43516,Sunday
1808,<A>,60,2021-02-07T12:05:39-05:00[America/New_York],2021-02-07T12:06:39-05:00[America/New_York],Yes,2021-02-07,43539,Sunday
1808,B,12,2021-02-07T12:06:39-05:00[America/New_York],2021-02-07T12:06:51-05:00[America/New_York],Yes,2021-02-07,43599,Sunday
1808,C,32,2021-02-07T12:06:51-05:00[America/New_York],2021-02-07T12:07:23-05:00[America/New_York],Yes,2021-02-07,43611,Sunday
1808,<A>,69,2021-02-07T12:07:23-05:00[America/New_York],2021-02-07T12:08:32-05:00[America/New_York],NA,2021-02-07,43643,Sunday
1808,B,9,2021-02-07T12:08:32-05:00[America/New_York],2021-02-07T12:08:41-05:00[America/New_York],Yes,2021-02-07,43712,Sunday
1808,C,23,2021-02-07T12:08:41-05:00[America/New_York],2021-02-07T12:09:04-05:00[America/New_York],Yes,2021-02-07,43721,Sunday
1808,<A>,51,2021-02-07T12:09:04-05:00[America/New_York],2021-02-07T12:09:55-05:00[America/New_York],Yes,2021-02-07,43744,Sunday
1808,B,10,2021-02-07T12:09:55-05:00[America/New_York],2021-02-07T12:10:05-05:00[America/New_York],Yes,2021-02-07,43795,Sunday
1808,C,28,2021-02-07T12:10:05-05:00[America/New_York],2021-02-07T12:10:33-05:00[America/New_York],Yes,2021-02-07,43805,Sunday
1808,<A>,63,2021-02-07T12:10:33-05:00[America/New_York],2021-02-07T12:11:36-05:00[America/New_York],NA,2021-02-07,43833,Sunday
1808,C,28,2021-02-07T12:11:36-05:00[America/New_York],2021-02-07T12:12:04-05:00[America/New_York],Yes,2021-02-07,43896,Sunday
1808,<A>,56,2021-02-07T12:12:04-05:00[America/New_York],2021-02-07T12:13:00-05:00[America/New_York],Yes,2021-02-07,43924,Sunday
1808,C,24,2021-02-07T12:13:00-05:00[America/New_York],2021-02-07T12:13:24-05:00[America/New_York],Yes,2021-02-07,43980,Sunday
1808,<A>,52,2021-02-07T12:13:24-05:00[America/New_York],2021-02-07T12:14:16-05:00[America/New_York],Yes,2021-02-07,44004,Sunday
1808,B,9,2021-02-07T12:14:16-05:00[America/New_York],2021-02-07T12:14:25-05:00[America/New_York],Yes,2021-02-07,44056,Sunday
1808,C,39,2021-02-07T12:14:25-05:00[America/New_York],2021-02-07T12:15:04-05:00[America/New_York],NA,2021-02-07,44065,Sunday
1808,<A>,53,2021-02-07T12:15:04-05:00[America/New_York],2021-02-07T12:15:57-05:00[America/New_York],NA,2021-02-07,44104,Sunday
1808,B,10,2021-02-07T12:15:57-05:00[America/New_York],2021-02-07T12:16:07-05:00[America/New_York],Yes,2021-02-07,44157,Sunday
1808,C,28,2021-02-07T12:16:07-05:00[America/New_York],2021-02-07T12:16:35-05:00[America/New_York],Yes,2021-02-07,44167,Sunday
1808,<A>,60,2021-02-07T12:16:35-05:00[America/New_York],2021-02-07T12:17:35-05:00[America/New_York],Yes,2021-02-07,44195,Sunday
1808,B,11,2021-02-07T12:17:35-05:00[America/New_York],2021-02-07T12:17:46-05:00[America/New_York],Yes,2021-02-07,44255,Sunday
1808,C,28,2021-02-07T12:17:46-05:00[America/New_York],2021-02-07T12:18:14-05:00[America/New_York],Yes,2021-02-07,44266,Sunday
1808,<A>,61,2021-02-07T12:18:14-05:00[America/New_York],2021-02-07T12:19:15-05:00[America/New_York],NA,2021-02-07,44294,Sunday
1808,C,33,2021-02-07T12:19:15-05:00[America/New_York],2021-02-07T12:19:48-05:00[America/New_York],Yes,2021-02-07,44355,Sunday
1808,<A>,81,2021-02-07T12:19:48-05:00[America/New_York],2021-02-07T12:21:09-05:00[America/New_York],NA,2021-02-07,44388,Sunday
1808,B,14,2021-02-07T12:21:09-05:00[America/New_York],2021-02-07T12:21:23-05:00[America/New_York],NA,2021-02-07,44469,Sunday
1808,C,29,2021-02-07T12:21:23-05:00[America/New_York],2021-02-07T12:21:52-05:00[America/New_York],Yes,2021-02-07,44483,Sunday
1808,<A>,56,2021-02-07T12:21:52-05:00[America/New_York],2021-02-07T12:22:48-05:00[America/New_York],NA,2021-02-07,44512,Sunday
1808,B,10,2021-02-07T12:22:48-05:00[America/New_York],2021-02-07T12:22:58-05:00[America/New_York],Yes,2021-02-07,44568,Sunday
1808,C,23,2021-02-07T12:22:58-05:00[America/New_York],2021-02-07T12:23:21-05:00[America/New_York],Yes,2021-02-07,44578,Sunday
1808,<A>,98,2021-02-07T12:23:21-05:00[America/New_York],2021-02-07T12:24:59-05:00[America/New_York],NA,2021-02-07,44601,Sunday
1808,B,15,2021-02-07T12:24:59-05:00[America/New_York],2021-02-07T12:25:14-05:00[America/New_York],NA,2021-02-07,44699,Sunday
1808,C,39,2021-02-07T12:25:14-05:00[America/New_York],2021-02-07T12:25:53-05:00[America/New_York],NA,2021-02-07,44714,Sunday
1808,<A>,57,2021-02-07T12:25:53-05:00[America/New_York],2021-02-07T12:26:50-05:00[America/New_York],NA,2021-02-07,44753,Sunday
1808,B,10,2021-02-07T12:26:50-05:00[America/New_York],2021-02-07T12:27:00-05:00[America/New_York],Yes,2021-02-07,44810,Sunday
1808,C,35,2021-02-07T12:27:00-05:00[America/New_York],2021-02-07T12:27:35-05:00[America/New_York],Yes,2021-02-07,44820,Sunday
1808,<A>,71,2021-02-07T12:27:35-05:00[America/New_York],2021-02-07T12:28:46-05:00[America/New_York],NA,2021-02-07,44855,Sunday
1808,C,31,2021-02-07T12:28:46-05:00[America/New_York],2021-02-07T12:29:17-05:00[America/New_York],NA,2021-02-07,44926,Sunday
1808,<A>,51,2021-02-07T12:29:17-05:00[America/New_York],2021-02-07T12:30:08-05:00[America/New_York],NA,2021-02-07,44957,Sunday
1808,C,24,2021-02-07T12:30:08-05:00[America/New_York],2021-02-07T12:30:32-05:00[America/New_York],Yes,2021-02-07,45008,Sunday
1808,<A>,102,2021-02-07T12:30:32-05:00[America/New_York],2021-02-07T12:32:14-05:00[America/New_York],NA,2021-02-07,45032,Sunday
1808,C,41,2021-02-07T12:32:14-05:00[America/New_York],2021-02-07T12:32:55-05:00[America/New_York],Yes,2021-02-07,45134,Sunday
1808,<A>,52,2021-02-07T12:32:55-05:00[America/New_York],2021-02-07T12:33:47-05:00[America/New_York],NA,2021-02-07,45175,Sunday
1808,B,11,2021-02-07T12:33:47-05:00[America/New_York],2021-02-07T12:33:58-05:00[America/New_York],Yes,2021-02-07,45227,Sunday
1808,C,29,2021-02-07T12:33:58-05:00[America/New_York],2021-02-07T12:34:27-05:00[America/New_York],Yes,2021-02-07,45238,Sunday
1808,<A>,69,2021-02-07T12:34:27-05:00[America/New_York],2021-02-07T12:35:36-05:00[America/New_York],NA,2021-02-07,45267,Sunday
1808,C,30,2021-02-07T12:35:36-05:00[America/New_York],2021-02-07T12:36:06-05:00[America/New_York],Yes,2021-02-07,45336,Sunday
1808,<A>,90,2021-02-07T12:36:06-05:00[America/New_York],2021-02-07T12:37:36-05:00[America/New_York],NA,2021-02-07,45366,Sunday
1808,C,31,2021-02-07T12:37:36-05:00[America/New_York],2021-02-07T12:38:07-05:00[America/New_York],NA,2021-02-07,45456,Sunday
1808,<A>,52,2021-02-07T12:38:07-05:00[America/New_York],2021-02-07T12:38:59-05:00[America/New_York],NA,2021-02-07,45487,Sunday
1808,B,12,2021-02-07T12:38:59-05:00[America/New_York],2021-02-07T12:39:11-05:00[America/New_York],Yes,2021-02-07,45539,Sunday
1808,C,28,2021-02-07T12:39:11-05:00[America/New_York],2021-02-07T12:39:39-05:00[America/New_York],Yes,2021-02-07,45551,Sunday
1808,<A>,69,2021-02-07T12:39:39-05:00[America/New_York],2021-02-07T12:40:48-05:00[America/New_York],NA,2021-02-07,45579,Sunday
1808,C,37,2021-02-07T12:40:48-05:00[America/New_York],2021-02-07T12:41:25-05:00[America/New_York],Yes,2021-02-07,45648,Sunday
1808,<A>,59,2021-02-07T12:41:25-05:00[America/New_York],2021-02-07T12:42:24-05:00[America/New_York],NA,2021-02-07,45685,Sunday
1808,B,9,2021-02-07T12:42:24-05:00[America/New_York],2021-02-07T12:42:33-05:00[America/New_York],Yes,2021-02-07,45744,Sunday
1808,C,31,2021-02-07T12:42:33-05:00[America/New_York],2021-02-07T12:43:04-05:00[America/New_York],Yes,2021-02-07,45753,Sunday
1808,<A>,75,2021-02-07T12:43:04-05:00[America/New_York],2021-02-07T12:44:19-05:00[America/New_York],NA,2021-02-07,45784,Sunday
1808,B,9,2021-02-07T12:44:19-05:00[America/New_York],2021-02-07T12:44:28-05:00[America/New_York],Yes,2021-02-07,45859,Sunday
1808,C,26,2021-02-07T12:44:28-05:00[America/New_York],2021-02-07T12:44:54-05:00[America/New_York],Yes,2021-02-07,45868,Sunday
1808,<A>,87,2021-02-07T12:44:54-05:00[America/New_York],2021-02-07T12:46:21-05:00[America/New_York],NA,2021-02-07,45894,Sunday
1808,C,35,2021-02-07T12:46:21-05:00[America/New_York],2021-02-07T12:46:56-05:00[America/New_York],Yes,2021-02-07,45981,Sunday
1808,<A>,78,2021-02-07T12:46:56-05:00[America/New_York],2021-02-07T12:48:14-05:00[America/New_York],NA,2021-02-07,46016,Sunday
1808,B,16,2021-02-07T12:48:14-05:00[America/New_York],2021-02-07T12:48:30-05:00[America/New_York],NA,2021-02-07,46094,Sunday
1808,C,22,2021-02-07T12:48:30-05:00[America/New_York],2021-02-07T12:48:52-05:00[America/New_York],Yes,2021-02-07,46110,Sunday
1808,<A>,74,2021-02-07T12:48:52-05:00[America/New_York],2021-02-07T12:50:06-05:00[America/New_York],NA,2021-02-07,46132,Sunday
1808,B,9,2021-02-07T12:50:06-05:00[America/New_York],2021-02-07T12:50:15-05:00[America/New_York],Yes,2021-02-07,46206,Sunday
1808,C,30,2021-02-07T12:50:15-05:00[America/New_York],2021-02-07T12:50:45-05:00[America/New_York],Yes,2021-02-07,46215,Sunday
1808,<A>,65,2021-02-07T12:50:45-05:00[America/New_York],2021-02-07T12:51:50-05:00[America/New_York],NA,2021-02-07,46245,Sunday
1808,C,26,2021-02-07T12:51:50-05:00[America/New_York],2021-02-07T12:52:16-05:00[America/New_York],Yes,2021-02-07,46310,Sunday
1808,<A>,75,2021-02-07T12:52:16-05:00[America/New_York],2021-02-07T12:53:31-05:00[America/New_York],NA,2021-02-07,46336,Sunday
1808,B,11,2021-02-07T12:53:31-05:00[America/New_York],2021-02-07T12:53:42-05:00[America/New_York],Yes,2021-02-07,46411,Sunday
1808,C,28,2021-02-07T12:53:42-05:00[America/New_York],2021-02-07T12:54:10-05:00[America/New_York],Yes,2021-02-07,46422,Sunday
1808,<A>,69,2021-02-07T12:54:10-05:00[America/New_York],2021-02-07T12:55:19-05:00[America/New_York],NA,2021-02-07,46450,Sunday
1808,B,10,2021-02-07T12:55:19-05:00[America/New_York],2021-02-07T12:55:29-05:00[America/New_York],Yes,2021-02-07,46519,Sunday
1808,C,30,2021-02-07T12:55:29-05:00[America/New_York],2021-02-07T12:55:59-05:00[America/New_York],Yes,2021-02-07,46529,Sunday
1808,<A>,56,2021-02-07T12:55:59-05:00[America/New_York],2021-02-07T12:56:55-05:00[America/New_York],Yes,2021-02-07,46559,Sunday
1808,B,11,2021-02-07T12:56:55-05:00[America/New_York],2021-02-07T12:57:06-05:00[America/New_York],Yes,2021-02-07,46615,Sunday
1808,C,32,2021-02-07T12:57:06-05:00[America/New_York],2021-02-07T12:57:38-05:00[America/New_York],Yes,2021-02-07,46626,Sunday
1808,<A>,57,2021-02-07T12:57:38-05:00[America/New_York],2021-02-07T12:58:35-05:00[America/New_York],NA,2021-02-07,46658,Sunday
1808,B,14,2021-02-07T12:58:35-05:00[America/New_York],2021-02-07T12:58:49-05:00[America/New_York],NA,2021-02-07,46715,Sunday
1808,C,29,2021-02-07T12:58:49-05:00[America/New_York],2021-02-07T12:59:18-05:00[America/New_York],Yes,2021-02-07,46729,Sunday
1808,<A>,57,2021-02-07T12:59:18-05:00[America/New_York],2021-02-07T13:00:15-05:00[America/New_York],NA,2021-02-07,46758,Sunday
1808,B,9,2021-02-07T13:00:15-05:00[America/New_York],2021-02-07T13:00:24-05:00[America/New_York],Yes,2021-02-07,46815,Sunday
1808,C,29,2021-02-07T13:00:24-05:00[America/New_York],2021-02-07T13:00:53-05:00[America/New_York],Yes,2021-02-07,46824,Sunday
1808,<A>,80,2021-02-07T13:00:53-05:00[America/New_York],2021-02-07T13:02:13-05:00[America/New_York],NA,2021-02-07,46853,Sunday
1808,C,23,2021-02-07T13:02:13-05:00[America/New_York],2021-02-07T13:02:36-05:00[America/New_York],Yes,2021-02-07,46933,Sunday
1808,<A>,63,2021-02-07T13:02:36-05:00[America/New_York],2021-02-07T13:03:39-05:00[America/New_York],Yes,2021-02-07,46956,Sunday
1808,B,9,2021-02-07T13:03:39-05:00[America/New_York],2021-02-07T13:03:48-05:00[America/New_York],Yes,2021-02-07,47019,Sunday
1808,C,38,2021-02-07T13:03:48-05:00[America/New_York],2021-02-07T13:04:26-05:00[America/New_York],NA,2021-02-07,47028,Sunday
1808,<A>,68,2021-02-07T13:04:26-05:00[America/New_York],2021-02-07T13:05:34-05:00[America/New_York],NA,2021-02-07,47066,Sunday
1808,C,35,2021-02-07T13:05:34-05:00[America/New_York],2021-02-07T13:06:09-05:00[America/New_York],Yes,2021-02-07,47134,Sunday
1808,<A>,46,2021-02-07T13:06:09-05:00[America/New_York],2021-02-07T13:06:55-05:00[America/New_York],Yes,2021-02-07,47169,Sunday
1808,B,12,2021-02-07T13:06:55-05:00[America/New_York],2021-02-07T13:07:07-05:00[America/New_York],Yes,2021-02-07,47215,Sunday
1808,C,22,2021-02-07T13:07:07-05:00[America/New_York],2021-02-07T13:07:29-05:00[America/New_York],Yes,2021-02-07,47227,Sunday
1808,<A>,60,2021-02-07T13:07:29-05:00[America/New_York],2021-02-07T13:08:29-05:00[America/New_York],Yes,2021-02-07,47249,Sunday
1808,B,11,2021-02-07T13:08:29-05:00[America/New_York],2021-02-07T13:08:40-05:00[America/New_York],Yes,2021-02-07,47309,Sunday
1808,C,23,2021-02-07T13:08:40-05:00[America/New_York],2021-02-07T13:09:03-05:00[America/New_York],Yes,2021-02-07,47320,Sunday
1808,<A>,76,2021-02-07T13:09:03-05:00[America/New_York],2021-02-07T13:10:19-05:00[America/New_York],NA,2021-02-07,47343,Sunday
1808,C,26,2021-02-07T13:10:19-05:00[America/New_York],2021-02-07T13:10:45-05:00[America/New_York],Yes,2021-02-07,47419,Sunday
1808,<A>,59,2021-02-07T13:10:45-05:00[America/New_York],2021-02-07T13:11:44-05:00[America/New_York],Yes,2021-02-07,47445,Sunday
1808,B,9,2021-02-07T13:11:44-05:00[America/New_York],2021-02-07T13:11:53-05:00[America/New_York],Yes,2021-02-07,47504,Sunday
1808,C,33,2021-02-07T13:11:53-05:00[America/New_York],2021-02-07T13:12:26-05:00[America/New_York],Yes,2021-02-07,47513,Sunday
1808,<A>,47,2021-02-07T13:12:26-05:00[America/New_York],2021-02-07T13:13:13-05:00[America/New_York],Yes,2021-02-07,47546,Sunday
1808,C,27,2021-02-07T13:13:13-05:00[America/New_York],2021-02-07T13:13:40-05:00[America/New_York],Yes,2021-02-07,47593,Sunday
1808,<A>,52,2021-02-07T13:13:40-05:00[America/New_York],2021-02-07T13:14:32-05:00[America/New_York],Yes,2021-02-07,47620,Sunday
1808,B,12,2021-02-07T13:14:32-05:00[America/New_York],2021-02-07T13:14:44-05:00[America/New_York],Yes,2021-02-07,47672,Sunday
1808,C,33,2021-02-07T13:14:44-05:00[America/New_York],2021-02-07T13:15:17-05:00[America/New_York],Yes,2021-02-07,47684,Sunday
1808,<A>,73,2021-02-07T13:15:17-05:00[America/New_York],2021-02-07T13:16:30-05:00[America/New_York],NA,2021-02-07,47717,Sunday
1808,C,35,2021-02-07T13:16:30-05:00[America/New_York],2021-02-07T13:17:05-05:00[America/New_York],Yes,2021-02-07,47790,Sunday
1808,<A>,54,2021-02-07T13:17:05-05:00[America/New_York],2021-02-07T13:17:59-05:00[America/New_York],Yes,2021-02-07,47825,Sunday
1808,B,10,2021-02-07T13:17:59-05:00[America/New_York],2021-02-07T13:18:09-05:00[America/New_York],Yes,2021-02-07,47879,Sunday
1808,C,30,2021-02-07T13:18:09-05:00[America/New_York],2021-02-07T13:18:39-05:00[America/New_York],Yes,2021-02-07,47889,Sunday
1808,<A>,64,2021-02-07T13:18:39-05:00[America/New_York],2021-02-07T13:19:43-05:00[America/New_York],NA,2021-02-07,47919,Sunday
1808,B,9,2021-02-07T13:19:43-05:00[America/New_York],2021-02-07T13:19:52-05:00[America/New_York],Yes,2021-02-07,47983,Sunday
1808,C,30,2021-02-07T13:19:52-05:00[America/New_York],2021-02-07T13:20:22-05:00[America/New_York],Yes,2021-02-07,47992,Sunday
1808,<A>,47,2021-02-07T13:20:22-05:00[America/New_York],2021-02-07T13:21:09-05:00[America/New_York],Yes,2021-02-07,48022,Sunday
1808,B,12,2021-02-07T13:21:09-05:00[America/New_York],2021-02-07T13:21:21-05:00[America/New_York],Yes,2021-02-07,48069,Sunday
1808,C,22,2021-02-07T13:21:21-05:00[America/New_York],2021-02-07T13:21:43-05:00[America/New_York],Yes,2021-02-07,48081,Sunday
1808,<A>,66,2021-02-07T13:21:43-05:00[America/New_York],2021-02-07T13:22:49-05:00[America/New_York],NA,2021-02-07,48103,Sunday
1808,B,9,2021-02-07T13:22:49-05:00[America/New_York],2021-02-07T13:22:58-05:00[America/New_York],Yes,2021-02-07,48169,Sunday
1808,C,22,2021-02-07T13:22:58-05:00[America/New_York],2021-02-07T13:23:20-05:00[America/New_York],Yes,2021-02-07,48178,Sunday
1808,<A>,47,2021-02-07T13:23:20-05:00[America/New_York],2021-02-07T13:24:07-05:00[America/New_York],Yes,2021-02-07,48200,Sunday
1808,C,27,2021-02-07T13:24:07-05:00[America/New_York],2021-02-07T13:24:34-05:00[America/New_York],Yes,2021-02-07,48247,Sunday
1808,<A>,54,2021-02-07T13:24:34-05:00[America/New_York],2021-02-07T13:25:28-05:00[America/New_York],Yes,2021-02-07,48274,Sunday
1808,B,11,2021-02-07T13:25:28-05:00[America/New_York],2021-02-07T13:25:39-05:00[America/New_York],Yes,2021-02-07,48328,Sunday
1808,C,32,2021-02-07T13:25:39-05:00[America/New_York],2021-02-07T13:26:11-05:00[America/New_York],Yes,2021-02-07,48339,Sunday
1808,<A>,73,2021-02-07T13:26:11-05:00[America/New_York],2021-02-07T13:27:24-05:00[America/New_York],NA,2021-02-07,48371,Sunday
1808,B,9,2021-02-07T13:27:24-05:00[America/New_York],2021-02-07T13:27:33-05:00[America/New_York],Yes,2021-02-07,48444,Sunday
1808,C,39,2021-02-07T13:27:33-05:00[America/New_York],2021-02-07T13:28:12-05:00[America/New_York],NA,2021-02-07,48453,Sunday
1808,<A>,52,2021-02-07T13:28:12-05:00[America/New_York],2021-02-07T13:29:04-05:00[America/New_York],NA,2021-02-07,48492,Sunday
1808,B,9,2021-02-07T13:29:04-05:00[America/New_York],2021-02-07T13:29:13-05:00[America/New_York],Yes,2021-02-07,48544,Sunday
1808,C,29,2021-02-07T13:29:13-05:00[America/New_York],2021-02-07T13:29:42-05:00[America/New_York],Yes,2021-02-07,48553,Sunday
1808,<A>,68,2021-02-07T13:29:42-05:00[America/New_York],2021-02-07T13:30:50-05:00[America/New_York],NA,2021-02-07,48582,Sunday
1808,B,9,2021-02-07T13:30:50-05:00[America/New_York],2021-02-07T13:30:59-05:00[America/New_York],Yes,2021-02-07,48650,Sunday
1808,C,27,2021-02-07T13:30:59-05:00[America/New_York],2021-02-07T13:31:26-05:00[America/New_York],Yes,2021-02-07,48659,Sunday
1808,<A>,45,2021-02-07T13:31:26-05:00[America/New_York],2021-02-07T13:32:11-05:00[America/New_York],Yes,2021-02-07,48686,Sunday
1808,B,9,2021-02-07T13:32:11-05:00[America/New_York],2021-02-07T13:32:20-05:00[America/New_York],Yes,2021-02-07,48731,Sunday
1808,C,27,2021-02-07T13:32:20-05:00[America/New_York],2021-02-07T13:32:47-05:00[America/New_York],Yes,2021-02-07,48740,Sunday
1808,<A>,54,2021-02-07T13:32:47-05:00[America/New_York],2021-02-07T13:33:41-05:00[America/New_York],Yes,2021-02-07,48767,Sunday
1808,B,9,2021-02-07T13:33:41-05:00[America/New_York],2021-02-07T13:33:50-05:00[America/New_York],Yes,2021-02-07,48821,Sunday
1808,C,27,2021-02-07T13:33:50-05:00[America/New_York],2021-02-07T13:34:17-05:00[America/New_York],Yes,2021-02-07,48830,Sunday
1808,<A>,67,2021-02-07T13:34:17-05:00[America/New_York],2021-02-07T13:35:24-05:00[America/New_York],NA,2021-02-07,48857,Sunday
1808,C,25,2021-02-07T13:35:24-05:00[America/New_York],2021-02-07T13:35:49-05:00[America/New_York],Yes,2021-02-07,48924,Sunday
1808,<A>,63,2021-02-07T13:35:49-05:00[America/New_York],2021-02-07T13:36:52-05:00[America/New_York],NA,2021-02-07,48949,Sunday
1808,C,41,2021-02-07T13:36:52-05:00[America/New_York],2021-02-07T13:37:33-05:00[America/New_York],Yes,2021-02-07,49012,Sunday
1808,<A>,68,2021-02-07T13:37:33-05:00[America/New_York],2021-02-07T13:38:41-05:00[America/New_York],NA,2021-02-07,49053,Sunday
1808,C,22,2021-02-07T13:38:41-05:00[America/New_York],2021-02-07T13:39:03-05:00[America/New_York],Yes,2021-02-07,49121,Sunday
1808,<A>,49,2021-02-07T13:39:03-05:00[America/New_York],2021-02-07T13:39:52-05:00[America/New_York],Yes,2021-02-07,49143,Sunday
1808,C,24,2021-02-07T13:39:52-05:00[America/New_York],2021-02-07T13:40:16-05:00[America/New_York],Yes,2021-02-07,49192,Sunday
1808,<A>,44,2021-02-07T13:40:16-05:00[America/New_York],2021-02-07T13:41:00-05:00[America/New_York],NA,2021-02-07,49216,Sunday
1808,B,9,2021-02-07T13:41:00-05:00[America/New_York],2021-02-07T13:41:09-05:00[America/New_York],Yes,2021-02-07,49260,Sunday
1808,C,27,2021-02-07T13:41:09-05:00[America/New_York],2021-02-07T13:41:36-05:00[America/New_York],Yes,2021-02-07,49269,Sunday
1808,<A>,66,2021-02-07T13:41:36-05:00[America/New_York],2021-02-07T13:42:42-05:00[America/New_York],NA,2021-02-07,49296,Sunday
1808,C,27,2021-02-07T13:42:42-05:00[America/New_York],2021-02-07T13:43:09-05:00[America/New_York],Yes,2021-02-07,49362,Sunday
1808,<A>,56,2021-02-07T13:43:09-05:00[America/New_York],2021-02-07T13:44:05-05:00[America/New_York],Yes,2021-02-07,49389,Sunday
1808,B,14,2021-02-07T13:44:05-05:00[America/New_York],2021-02-07T13:44:19-05:00[America/New_York],NA,2021-02-07,49445,Sunday
1808,C,23,2021-02-07T13:44:19-05:00[America/New_York],2021-02-07T13:44:42-05:00[America/New_York],Yes,2021-02-07,49459,Sunday
1808,<A>,63,2021-02-07T13:44:42-05:00[America/New_York],2021-02-07T13:45:45-05:00[America/New_York],NA,2021-02-07,49482,Sunday
1808,B,9,2021-02-07T13:45:45-05:00[America/New_York],2021-02-07T13:45:54-05:00[America/New_York],Yes,2021-02-07,49545,Sunday
1808,C,25,2021-02-07T13:45:54-05:00[America/New_York],2021-02-07T13:46:19-05:00[America/New_York],Yes,2021-02-07,49554,Sunday
1808,<A>,45,2021-02-07T13:46:19-05:00[America/New_York],2021-02-07T13:47:04-05:00[America/New_York],Yes,2021-02-07,49579,Sunday
1808,B,9,2021-02-07T13:47:04-05:00[America/New_York],2021-02-07T13:47:13-05:00[America/New_York],Yes,2021-02-07,49624,Sunday
1808,C,27,2021-02-07T13:47:13-05:00[America/New_York],2021-02-07T13:47:40-05:00[America/New_York],Yes,2021-02-07,49633,Sunday
1808,<A>,53,2021-02-07T13:47:40-05:00[America/New_York],2021-02-07T13:48:33-05:00[America/New_York],Yes,2021-02-07,49660,Sunday
1808,C,29,2021-02-07T13:48:33-05:00[America/New_York],2021-02-07T13:49:02-05:00[America/New_York],Yes,2021-02-07,49713,Sunday
1808,<A>,69,2021-02-07T13:49:02-05:00[America/New_York],2021-02-07T13:50:11-05:00[America/New_York],Yes,2021-02-07,49742,Sunday
1808,B,9,2021-02-07T13:50:11-05:00[America/New_York],2021-02-07T13:50:20-05:00[America/New_York],Yes,2021-02-07,49811,Sunday
1808,C,27,2021-02-07T13:50:20-05:00[America/New_York],2021-02-07T13:50:47-05:00[America/New_York],Yes,2021-02-07,49820,Sunday
1808,<A>,75,2021-02-07T13:50:47-05:00[America/New_York],2021-02-07T13:52:02-05:00[America/New_York],NA,2021-02-07,49847,Sunday
1808,C,26,2021-02-07T13:52:02-05:00[America/New_York],2021-02-07T13:52:28-05:00[America/New_York],Yes,2021-02-07,49922,Sunday
1808,<A>,94,2021-02-07T13:52:28-05:00[America/New_York],2021-02-07T13:54:02-05:00[America/New_York],NA,2021-02-07,49948,Sunday
1808,C,25,2021-02-07T13:54:02-05:00[America/New_York],2021-02-07T13:54:27-05:00[America/New_York],Yes,2021-02-07,50042,Sunday
1808,<A>,54,2021-02-07T13:54:27-05:00[America/New_York],2021-02-07T13:55:21-05:00[America/New_York],Yes,2021-02-07,50067,Sunday
1808,C,25,2021-02-07T13:55:21-05:00[America/New_York],2021-02-07T13:55:46-05:00[America/New_York],Yes,2021-02-07,50121,Sunday
1808,<A>,51,2021-02-07T13:55:46-05:00[America/New_York],2021-02-07T13:56:37-05:00[America/New_York],Yes,2021-02-07,50146,Sunday
1808,B,12,2021-02-07T13:56:37-05:00[America/New_York],2021-02-07T13:56:49-05:00[America/New_York],Yes,2021-02-07,50197,Sunday
1808,C,28,2021-02-07T13:56:49-05:00[America/New_York],2021-02-07T13:57:17-05:00[America/New_York],Yes,2021-02-07,50209,Sunday
1808,<A>,59,2021-02-07T13:57:17-05:00[America/New_York],2021-02-07T13:58:16-05:00[America/New_York],NA,2021-02-07,50237,Sunday
1808,B,9,2021-02-07T13:58:16-05:00[America/New_York],2021-02-07T13:58:25-05:00[America/New_York],Yes,2021-02-07,50296,Sunday
1808,C,23,2021-02-07T13:58:25-05:00[America/New_York],2021-02-07T13:58:48-05:00[America/New_York],Yes,2021-02-07,50305,Sunday
1808,<A>,50,2021-02-07T13:58:48-05:00[America/New_York],2021-02-07T13:59:38-05:00[America/New_York],Yes,2021-02-07,50328,Sunday
1808,B,12,2021-02-07T13:59:38-05:00[America/New_York],2021-02-07T13:59:50-05:00[America/New_York],Yes,2021-02-07,50378,Sunday
1808,C,24,2021-02-07T13:59:50-05:00[America/New_York],2021-02-07T14:00:14-05:00[America/New_York],Yes,2021-02-07,50390,Sunday
1808,<A>,69,2021-02-07T14:00:14-05:00[America/New_York],2021-02-07T14:01:23-05:00[America/New_York],NA,2021-02-07,50414,Sunday
1808,C,26,2021-02-07T14:01:23-05:00[America/New_York],2021-02-07T14:01:49-05:00[America/New_York],Yes,2021-02-07,50483,Sunday
1808,<A>,74,2021-02-07T14:01:49-05:00[America/New_York],2021-02-07T14:03:03-05:00[America/New_York],NA,2021-02-07,50509,Sunday
1808,C,28,2021-02-07T14:03:03-05:00[America/New_York],2021-02-07T14:03:31-05:00[America/New_York],Yes,2021-02-07,50583,Sunday
1808,<A>,72,2021-02-07T14:03:31-05:00[America/New_York],2021-02-07T14:04:43-05:00[America/New_York],NA,2021-02-07,50611,Sunday
1808,B,16,2021-02-07T14:04:43-05:00[America/New_York],2021-02-07T14:04:59-05:00[America/New_York],Yes,2021-02-07,50683,Sunday
1808,C,25,2021-02-07T14:04:59-05:00[America/New_York],2021-02-07T14:05:24-05:00[America/New_York],Yes,2021-02-07,50699,Sunday
1808,<A>,77,2021-02-07T14:05:24-05:00[America/New_York],2021-02-07T14:06:41-05:00[America/New_York],NA,2021-02-07,50724,Sunday
1808,C,26,2021-02-07T14:06:41-05:00[America/New_York],2021-02-07T14:07:07-05:00[America/New_York],Yes,2021-02-07,50801,Sunday
1808,<A>,48,2021-02-07T14:07:07-05:00[America/New_York],2021-02-07T14:07:55-05:00[America/New_York],Yes,2021-02-07,50827,Sunday
1808,B,11,2021-02-07T14:07:55-05:00[America/New_York],2021-02-07T14:08:06-05:00[America/New_York],Yes,2021-02-07,50875,Sunday
1808,C,22,2021-02-07T14:08:06-05:00[America/New_York],2021-02-07T14:08:28-05:00[America/New_York],Yes,2021-02-07,50886,Sunday
1808,<A>,44,2021-02-07T14:08:28-05:00[America/New_York],2021-02-07T14:09:12-05:00[America/New_York],Yes,2021-02-07,50908,Sunday
1808,B,14,2021-02-07T14:09:12-05:00[America/New_York],2021-02-07T14:09:26-05:00[America/New_York],NA,2021-02-07,50952,Sunday
1808,C,22,2021-02-07T14:09:26-05:00[America/New_York],2021-02-07T14:09:48-05:00[America/New_York],Yes,2021-02-07,50966,Sunday
1808,<A>,57,2021-02-07T14:09:48-05:00[America/New_York],2021-02-07T14:10:45-05:00[America/New_York],Yes,2021-02-07,50988,Sunday
1808,B,10,2021-02-07T14:10:45-05:00[America/New_York],2021-02-07T14:10:55-05:00[America/New_York],Yes,2021-02-07,51045,Sunday
1808,C,26,2021-02-07T14:10:55-05:00[America/New_York],2021-02-07T14:11:21-05:00[America/New_York],Yes,2021-02-07,51055,Sunday
1808,<A>,49,2021-02-07T14:11:21-05:00[America/New_York],2021-02-07T14:12:10-05:00[America/New_York],Yes,2021-02-07,51081,Sunday
1808,C,32,2021-02-07T14:12:10-05:00[America/New_York],2021-02-07T14:12:42-05:00[America/New_York],Yes,2021-02-07,51130,Sunday
1808,<A>,83,2021-02-07T14:12:42-05:00[America/New_York],2021-02-07T14:14:05-05:00[America/New_York],NA,2021-02-07,51162,Sunday
1808,B,14,2021-02-07T14:14:05-05:00[America/New_York],2021-02-07T14:14:19-05:00[America/New_York],NA,2021-02-07,51245,Sunday
1808,C,24,2021-02-07T14:14:19-05:00[America/New_York],2021-02-07T14:14:43-05:00[America/New_York],Yes,2021-02-07,51259,Sunday
1808,<A>,60,2021-02-07T14:14:43-05:00[America/New_York],2021-02-07T14:15:43-05:00[America/New_York],Yes,2021-02-07,51283,Sunday
1808,B,13,2021-02-07T14:15:43-05:00[America/New_York],2021-02-07T14:15:56-05:00[America/New_York],Yes,2021-02-07,51343,Sunday
1808,C,32,2021-02-07T14:15:56-05:00[America/New_York],2021-02-07T14:16:28-05:00[America/New_York],Yes,2021-02-07,51356,Sunday
1808,<A>,55,2021-02-07T14:16:28-05:00[America/New_York],2021-02-07T14:17:23-05:00[America/New_York],NA,2021-02-07,51388,Sunday
1808,B,9,2021-02-07T14:17:23-05:00[America/New_York],2021-02-07T14:17:32-05:00[America/New_York],Yes,2021-02-07,51443,Sunday
1808,C,30,2021-02-07T14:17:32-05:00[America/New_York],2021-02-07T14:18:02-05:00[America/New_York],Yes,2021-02-07,51452,Sunday
1808,<A>,54,2021-02-07T14:18:02-05:00[America/New_York],2021-02-07T14:18:56-05:00[America/New_York],Yes,2021-02-07,51482,Sunday
1808,B,9,2021-02-07T14:18:56-05:00[America/New_York],2021-02-07T14:19:05-05:00[America/New_York],Yes,2021-02-07,51536,Sunday
1808,C,30,2021-02-07T14:19:05-05:00[America/New_York],2021-02-07T14:19:35-05:00[America/New_York],Yes,2021-02-07,51545,Sunday
1808,<A>,61,2021-02-07T14:19:35-05:00[America/New_York],2021-02-07T14:20:36-05:00[America/New_York],NA,2021-02-07,51575,Sunday
1808,B,10,2021-02-07T14:20:36-05:00[America/New_York],2021-02-07T14:20:46-05:00[America/New_York],Yes,2021-02-07,51636,Sunday
1808,C,29,2021-02-07T14:20:46-05:00[America/New_York],2021-02-07T14:21:15-05:00[America/New_York],Yes,2021-02-07,51646,Sunday
1808,<A>,48,2021-02-07T14:21:15-05:00[America/New_York],2021-02-07T14:22:03-05:00[America/New_York],Yes,2021-02-07,51675,Sunday
1808,B,9,2021-02-07T14:22:03-05:00[America/New_York],2021-02-07T14:22:12-05:00[America/New_York],Yes,2021-02-07,51723,Sunday
1808,C,23,2021-02-07T14:22:12-05:00[America/New_York],2021-02-07T14:22:35-05:00[America/New_York],Yes,2021-02-07,51732,Sunday
1808,<A>,61,2021-02-07T14:22:35-05:00[America/New_York],2021-02-07T14:23:36-05:00[America/New_York],Yes,2021-02-07,51755,Sunday
1808,B,11,2021-02-07T14:23:36-05:00[America/New_York],2021-02-07T14:23:47-05:00[America/New_York],Yes,2021-02-07,51816,Sunday
1808,C,34,2021-02-07T14:23:47-05:00[America/New_York],2021-02-07T14:24:21-05:00[America/New_York],Yes,2021-02-07,51827,Sunday
1808,<A>,71,2021-02-07T14:24:21-05:00[America/New_York],2021-02-07T14:25:32-05:00[America/New_York],NA,2021-02-07,51861,Sunday
1808,C,30,2021-02-07T14:25:32-05:00[America/New_York],2021-02-07T14:26:02-05:00[America/New_York],Yes,2021-02-07,51932,Sunday
1808,<A>,59,2021-02-07T14:26:02-05:00[America/New_York],2021-02-07T14:27:01-05:00[America/New_York],Yes,2021-02-07,51962,Sunday
1808,B,9,2021-02-07T14:27:01-05:00[America/New_York],2021-02-07T14:27:10-05:00[America/New_York],Yes,2021-02-07,52021,Sunday
1808,C,28,2021-02-07T14:27:10-05:00[America/New_York],2021-02-07T14:27:38-05:00[America/New_York],Yes,2021-02-07,52030,Sunday
1808,<A>,56,2021-02-07T14:27:38-05:00[America/New_York],2021-02-07T14:28:34-05:00[America/New_York],Yes,2021-02-07,52058,Sunday
1808,B,10,2021-02-07T14:28:34-05:00[America/New_York],2021-02-07T14:28:44-05:00[America/New_York],Yes,2021-02-07,52114,Sunday
1808,C,38,2021-02-07T14:28:44-05:00[America/New_York],2021-02-07T14:29:22-05:00[America/New_York],NA,2021-02-07,52124,Sunday
1808,<A>,72,2021-02-07T14:29:22-05:00[America/New_York],2021-02-07T14:30:34-05:00[America/New_York],NA,2021-02-07,52162,Sunday
1808,C,23,2021-02-07T14:30:34-05:00[America/New_York],2021-02-07T14:30:57-05:00[America/New_York],Yes,2021-02-07,52234,Sunday
1808,<A>,72,2021-02-07T14:30:57-05:00[America/New_York],2021-02-07T14:32:09-05:00[America/New_York],Yes,2021-02-07,52257,Sunday
1808,B,9,2021-02-07T14:32:09-05:00[America/New_York],2021-02-07T14:32:18-05:00[America/New_York],Yes,2021-02-07,52329,Sunday
1808,C,39,2021-02-07T14:32:18-05:00[America/New_York],2021-02-07T14:32:57-05:00[America/New_York],NA,2021-02-07,52338,Sunday
1808,<A>,52,2021-02-07T14:32:57-05:00[America/New_York],2021-02-07T14:33:49-05:00[America/New_York],NA,2021-02-07,52377,Sunday
1808,B,9,2021-02-07T14:33:49-05:00[America/New_York],2021-02-07T14:33:58-05:00[America/New_York],Yes,2021-02-07,52429,Sunday
1808,C,33,2021-02-07T14:33:58-05:00[America/New_York],2021-02-07T14:34:31-05:00[America/New_York],Yes,2021-02-07,52438,Sunday
1808,<A>,58,2021-02-07T14:34:31-05:00[America/New_York],2021-02-07T14:35:29-05:00[America/New_York],NA,2021-02-07,52471,Sunday
1808,B,13,2021-02-07T14:35:29-05:00[America/New_York],2021-02-07T14:35:42-05:00[America/New_York],Yes,2021-02-07,52529,Sunday
1808,C,35,2021-02-07T14:35:42-05:00[America/New_York],2021-02-07T14:36:17-05:00[America/New_York],NA,2021-02-07,52542,Sunday
1808,<A>,66,2021-02-07T14:36:17-05:00[America/New_York],2021-02-07T14:37:23-05:00[America/New_York],NA,2021-02-07,52577,Sunday
1808,C,31,2021-02-07T14:37:23-05:00[America/New_York],2021-02-07T14:37:54-05:00[America/New_York],Yes,2021-02-07,52643,Sunday
1808,<A>,106,2021-02-07T14:37:54-05:00[America/New_York],2021-02-07T14:39:40-05:00[America/New_York],NA,2021-02-07,52674,Sunday
1808,C,33,2021-02-07T14:39:40-05:00[America/New_York],2021-02-07T14:40:13-05:00[America/New_York],Yes,2021-02-07,52780,Sunday
1808,<A>,63,2021-02-07T14:40:13-05:00[America/New_York],2021-02-07T14:41:16-05:00[America/New_York],Yes,2021-02-07,52813,Sunday
1808,B,10,2021-02-07T14:41:16-05:00[America/New_York],2021-02-07T14:41:26-05:00[America/New_York],Yes,2021-02-07,52876,Sunday
1808,C,31,2021-02-07T14:41:26-05:00[America/New_York],2021-02-07T14:41:57-05:00[America/New_York],Yes,2021-02-07,52886,Sunday
1808,<A>,71,2021-02-07T14:41:57-05:00[America/New_York],2021-02-07T14:43:08-05:00[America/New_York],NA,2021-02-07,52917,Sunday
1808,C,27,2021-02-07T14:43:08-05:00[America/New_York],2021-02-07T14:43:35-05:00[America/New_York],Yes,2021-02-07,52988,Sunday
1808,<A>,75,2021-02-07T14:43:35-05:00[America/New_York],2021-02-07T14:44:50-05:00[America/New_York],NA,2021-02-07,53015,Sunday
1808,C,27,2021-02-07T14:44:50-05:00[America/New_York],2021-02-07T14:45:17-05:00[America/New_York],Yes,2021-02-07,53090,Sunday
1808,<A>,49,2021-02-07T14:45:17-05:00[America/New_York],2021-02-07T14:46:06-05:00[America/New_York],Yes,2021-02-07,53117,Sunday
1808,C,27,2021-02-07T14:46:06-05:00[America/New_York],2021-02-07T14:46:33-05:00[America/New_York],Yes,2021-02-07,53166,Sunday
1808,<A>,53,2021-02-07T14:46:33-05:00[America/New_York],2021-02-07T14:47:26-05:00[America/New_York],Yes,2021-02-07,53193,Sunday
1808,B,12,2021-02-07T14:47:26-05:00[America/New_York],2021-02-07T14:47:38-05:00[America/New_York],Yes,2021-02-07,53246,Sunday
1808,C,22,2021-02-07T14:47:38-05:00[America/New_York],2021-02-07T14:48:00-05:00[America/New_York],Yes,2021-02-07,53258,Sunday
1808,<A>,67,2021-02-07T14:48:00-05:00[America/New_York],2021-02-07T14:49:07-05:00[America/New_York],NA,2021-02-07,53280,Sunday
1808,C,36,2021-02-07T14:49:07-05:00[America/New_York],2021-02-07T14:49:43-05:00[America/New_York],Yes,2021-02-07,53347,Sunday
1808,<A>,70,2021-02-07T14:49:43-05:00[America/New_York],2021-02-07T14:50:53-05:00[America/New_York],NA,2021-02-07,53383,Sunday
1808,C,31,2021-02-07T14:50:53-05:00[America/New_York],2021-02-07T14:51:24-05:00[America/New_York],Yes,2021-02-07,53453,Sunday
1808,<A>,49,2021-02-07T14:51:24-05:00[America/New_York],2021-02-07T14:52:13-05:00[America/New_York],Yes,2021-02-07,53484,Sunday
1808,B,11,2021-02-07T14:52:13-05:00[America/New_York],2021-02-07T14:52:24-05:00[America/New_York],Yes,2021-02-07,53533,Sunday
1808,C,23,2021-02-07T14:52:24-05:00[America/New_York],2021-02-07T14:52:47-05:00[America/New_York],Yes,2021-02-07,53544,Sunday
1808,<A>,68,2021-02-07T14:52:47-05:00[America/New_York],2021-02-07T14:53:55-05:00[America/New_York],NA,2021-02-07,53567,Sunday
1808,C,40,2021-02-07T14:53:55-05:00[America/New_York],2021-02-07T14:54:35-05:00[America/New_York],Yes,2021-02-07,53635,Sunday
1808,<A>,63,2021-02-07T14:54:35-05:00[America/New_York],2021-02-07T14:55:38-05:00[America/New_York],Yes,2021-02-07,53675,Sunday
1808,B,13,2021-02-07T14:55:38-05:00[America/New_York],2021-02-07T14:55:51-05:00[America/New_York],Yes,2021-02-07,53738,Sunday
1808,C,29,2021-02-07T14:55:51-05:00[America/New_York],2021-02-07T14:56:20-05:00[America/New_York],Yes,2021-02-07,53751,Sunday
1808,<A>,56,2021-02-07T14:56:20-05:00[America/New_York],2021-02-07T14:57:16-05:00[America/New_York],Yes,2021-02-07,53780,Sunday
1808,B,9,2021-02-07T14:57:16-05:00[America/New_York],2021-02-07T14:57:25-05:00[America/New_York],Yes,2021-02-07,53836,Sunday
1808,C,38,2021-02-07T14:57:25-05:00[America/New_York],2021-02-07T14:58:03-05:00[America/New_York],NA,2021-02-07,53845,Sunday
1808,<A>,52,2021-02-07T14:58:03-05:00[America/New_York],2021-02-07T14:58:55-05:00[America/New_York],NA,2021-02-07,53883,Sunday
1808,B,9,2021-02-07T14:58:55-05:00[America/New_York],2021-02-07T14:59:04-05:00[America/New_York],Yes,2021-02-07,53935,Sunday
1808,C,30,2021-02-07T14:59:04-05:00[America/New_York],2021-02-07T14:59:34-05:00[America/New_York],Yes,2021-02-07,53944,Sunday
1808,<A>,61,2021-02-07T14:59:34-05:00[America/New_York],2021-02-07T15:00:35-05:00[America/New_York],NA,2021-02-07,53974,Sunday
1808,C,26,2021-02-07T15:00:35-05:00[America/New_York],2021-02-07T15:01:01-05:00[America/New_York],Yes,2021-02-07,54035,Sunday
1808,<A>,51,2021-02-07T15:01:01-05:00[America/New_York],2021-02-07T15:01:52-05:00[America/New_York],Yes,2021-02-07,54061,Sunday
1808,C,24,2021-02-07T15:01:52-05:00[America/New_York],2021-02-07T15:02:16-05:00[America/New_York],Yes,2021-02-07,54112,Sunday
1808,<A>,90,2021-02-07T15:02:16-05:00[America/New_York],2021-02-07T15:03:46-05:00[America/New_York],Yes,2021-02-07,54136,Sunday
1808,C,29,2021-02-07T15:03:46-05:00[America/New_York],2021-02-07T15:04:15-05:00[America/New_York],Yes,2021-02-07,54226,Sunday
1808,<A>,74,2021-02-07T15:04:15-05:00[America/New_York],2021-02-07T15:05:29-05:00[America/New_York],Yes,2021-02-07,54255,Sunday
1808,B,9,2021-02-07T15:05:29-05:00[America/New_York],2021-02-07T15:05:38-05:00[America/New_York],Yes,2021-02-07,54329,Sunday
1808,C,29,2021-02-07T15:05:38-05:00[America/New_York],2021-02-07T15:06:07-05:00[America/New_York],Yes,2021-02-07,54338,Sunday
1808,<A>,68,2021-02-07T15:06:07-05:00[America/New_York],2021-02-07T15:07:15-05:00[America/New_York],NA,2021-02-07,54367,Sunday
1808,C,25,2021-02-07T15:07:15-05:00[America/New_York],2021-02-07T15:07:40-05:00[America/New_York],Yes,2021-02-07,54435,Sunday
1808,<A>,74,2021-02-07T15:07:40-05:00[America/New_York],2021-02-07T15:08:54-05:00[America/New_York],NA,2021-02-07,54460,Sunday
1808,B,10,2021-02-07T15:08:54-05:00[America/New_York],2021-02-07T15:09:04-05:00[America/New_York],Yes,2021-02-07,54534,Sunday
1808,C,23,2021-02-07T15:09:04-05:00[America/New_York],2021-02-07T15:09:27-05:00[America/New_York],Yes,2021-02-07,54544,Sunday
1808,<A>,115,2021-02-07T15:09:27-05:00[America/New_York],2021-02-07T15:11:22-05:00[America/New_York],NA,2021-02-07,54567,Sunday
1808,C,24,2021-02-07T15:11:22-05:00[America/New_York],2021-02-07T15:11:46-05:00[America/New_York],Yes,2021-02-07,54682,Sunday
1808,<A>,58,2021-02-07T15:11:46-05:00[America/New_York],2021-02-07T15:12:44-05:00[America/New_York],Yes,2021-02-07,54706,Sunday
1808,C,24,2021-02-07T15:12:44-05:00[America/New_York],2021-02-07T15:13:08-05:00[America/New_York],Yes,2021-02-07,54764,Sunday
1808,<A>,77,2021-02-07T15:13:08-05:00[America/New_York],2021-02-07T15:14:25-05:00[America/New_York],Yes,2021-02-07,54788,Sunday
1808,C,41,2021-02-07T15:14:25-05:00[America/New_York],2021-02-07T15:15:06-05:00[America/New_York],Yes,2021-02-07,54865,Sunday
1808,<A>,76,2021-02-07T15:15:06-05:00[America/New_York],2021-02-07T15:16:22-05:00[America/New_York],NA,2021-02-07,54906,Sunday
1808,B,9,2021-02-07T15:16:22-05:00[America/New_York],2021-02-07T15:16:31-05:00[America/New_York],Yes,2021-02-07,54982,Sunday
1808,C,23,2021-02-07T15:16:31-05:00[America/New_York],2021-02-07T15:16:54-05:00[America/New_York],Yes,2021-02-07,54991,Sunday
1808,<A>,54,2021-02-07T15:16:54-05:00[America/New_York],2021-02-07T15:17:48-05:00[America/New_York],Yes,2021-02-07,55014,Sunday
1808,C,28,2021-02-07T15:17:48-05:00[America/New_York],2021-02-07T15:18:16-05:00[America/New_York],Yes,2021-02-07,55068,Sunday
1808,<A>,74,2021-02-07T15:18:16-05:00[America/New_York],2021-02-07T15:19:30-05:00[America/New_York],Yes,2021-02-07,55096,Sunday
1808,C,28,2021-02-07T15:19:30-05:00[America/New_York],2021-02-07T15:19:58-05:00[America/New_York],Yes,2021-02-07,55170,Sunday
1808,<A>,84,2021-02-07T15:19:58-05:00[America/New_York],2021-02-07T15:21:22-05:00[America/New_York],NA,2021-02-07,55198,Sunday
1808,B,12,2021-02-07T15:21:22-05:00[America/New_York],2021-02-07T15:21:34-05:00[America/New_York],Yes,2021-02-07,55282,Sunday
1808,C,22,2021-02-07T15:21:34-05:00[America/New_York],2021-02-07T15:21:56-05:00[America/New_York],Yes,2021-02-07,55294,Sunday
1808,<A>,75,2021-02-07T15:21:56-05:00[America/New_York],2021-02-07T15:23:11-05:00[America/New_York],NA,2021-02-07,55316,Sunday
1808,C,33,2021-02-07T15:23:11-05:00[America/New_York],2021-02-07T15:23:44-05:00[America/New_York],Yes,2021-02-07,55391,Sunday
1808,<A>,54,2021-02-07T15:23:44-05:00[America/New_York],2021-02-07T15:24:38-05:00[America/New_York],Yes,2021-02-07,55424,Sunday
1808,B,13,2021-02-07T15:24:38-05:00[America/New_York],2021-02-07T15:24:51-05:00[America/New_York],Yes,2021-02-07,55478,Sunday
1808,C,33,2021-02-07T15:24:51-05:00[America/New_York],2021-02-07T15:25:24-05:00[America/New_York],Yes,2021-02-07,55491,Sunday
1808,<A>,54,2021-02-07T15:25:24-05:00[America/New_York],2021-02-07T15:26:18-05:00[America/New_York],NA,2021-02-07,55524,Sunday
1808,B,10,2021-02-07T15:26:18-05:00[America/New_York],2021-02-07T15:26:28-05:00[America/New_York],Yes,2021-02-07,55578,Sunday
1808,C,24,2021-02-07T15:26:28-05:00[America/New_York],2021-02-07T15:26:52-05:00[America/New_York],Yes,2021-02-07,55588,Sunday
1808,<A>,66,2021-02-07T15:26:52-05:00[America/New_York],2021-02-07T15:27:58-05:00[America/New_York],NA,2021-02-07,55612,Sunday
1808,B,11,2021-02-07T15:27:58-05:00[America/New_York],2021-02-07T15:28:09-05:00[America/New_York],Yes,2021-02-07,55678,Sunday
1808,C,25,2021-02-07T15:28:09-05:00[America/New_York],2021-02-07T15:28:34-05:00[America/New_York],Yes,2021-02-07,55689,Sunday
1808,<A>,45,2021-02-07T15:28:34-05:00[America/New_York],2021-02-07T15:29:19-05:00[America/New_York],Yes,2021-02-07,55714,Sunday
1808,B,9,2021-02-07T15:29:19-05:00[America/New_York],2021-02-07T15:29:28-05:00[America/New_York],Yes,2021-02-07,55759,Sunday
1808,C,26,2021-02-07T15:29:28-05:00[America/New_York],2021-02-07T15:29:54-05:00[America/New_York],Yes,2021-02-07,55768,Sunday
1808,<A>,67,2021-02-07T15:29:54-05:00[America/New_York],2021-02-07T15:31:01-05:00[America/New_York],NA,2021-02-07,55794,Sunday
1808,C,35,2021-02-07T15:31:01-05:00[America/New_York],2021-02-07T15:31:36-05:00[America/New_York],Yes,2021-02-07,55861,Sunday
1808,<A>,63,2021-02-07T15:31:36-05:00[America/New_York],2021-02-07T15:32:39-05:00[America/New_York],Yes,2021-02-07,55896,Sunday
1808,B,9,2021-02-07T15:32:39-05:00[America/New_York],2021-02-07T15:32:48-05:00[America/New_York],Yes,2021-02-07,55959,Sunday
1808,C,35,2021-02-07T15:32:48-05:00[America/New_York],2021-02-07T15:33:23-05:00[America/New_York],Yes,2021-02-07,55968,Sunday
1808,<A>,56,2021-02-07T15:33:23-05:00[America/New_York],2021-02-07T15:34:19-05:00[America/New_York],NA,2021-02-07,56003,Sunday
1808,B,11,2021-02-07T15:34:19-05:00[America/New_York],2021-02-07T15:34:30-05:00[America/New_York],Yes,2021-02-07,56059,Sunday
1808,C,34,2021-02-07T15:34:30-05:00[America/New_York],2021-02-07T15:35:04-05:00[America/New_York],Yes,2021-02-07,56070,Sunday
1808,<A>,74,2021-02-07T15:35:04-05:00[America/New_York],2021-02-07T15:36:18-05:00[America/New_York],NA,2021-02-07,56104,Sunday
1808,C,23,2021-02-07T15:36:18-05:00[America/New_York],2021-02-07T15:36:41-05:00[America/New_York],Yes,2021-02-07,56178,Sunday
1808,<A>,65,2021-02-07T15:36:41-05:00[America/New_York],2021-02-07T15:37:46-05:00[America/New_York],Yes,2021-02-07,56201,Sunday
1808,B,9,2021-02-07T15:37:46-05:00[America/New_York],2021-02-07T15:37:55-05:00[America/New_York],Yes,2021-02-07,56266,Sunday
1808,C,28,2021-02-07T15:37:55-05:00[America/New_York],2021-02-07T15:38:23-05:00[America/New_York],Yes,2021-02-07,56275,Sunday
1808,<A>,63,2021-02-07T15:38:23-05:00[America/New_York],2021-02-07T15:39:26-05:00[America/New_York],NA,2021-02-07,56303,Sunday
1808,C,44,2021-02-07T15:39:26-05:00[America/New_York],2021-02-07T15:40:10-05:00[America/New_York],Yes,2021-02-07,56366,Sunday
1808,<A>,64,2021-02-07T15:40:10-05:00[America/New_York],2021-02-07T15:41:14-05:00[America/New_York],NA,2021-02-07,56410,Sunday
1808,C,36,2021-02-07T15:41:14-05:00[America/New_York],2021-02-07T15:41:50-05:00[America/New_York],Yes,2021-02-07,56474,Sunday
1808,<A>,64,2021-02-07T15:41:50-05:00[America/New_York],2021-02-07T15:42:54-05:00[America/New_York],NA,2021-02-07,56510,Sunday
1808,C,28,2021-02-07T15:42:54-05:00[America/New_York],2021-02-07T15:43:22-05:00[America/New_York],Yes,2021-02-07,56574,Sunday
1808,<A>,68,2021-02-07T15:43:22-05:00[America/New_York],2021-02-07T15:44:30-05:00[America/New_York],Yes,2021-02-07,56602,Sunday
1808,C,32,2021-02-07T15:44:30-05:00[America/New_York],2021-02-07T15:45:02-05:00[America/New_York],Yes,2021-02-07,56670,Sunday
1808,<A>,67,2021-02-07T15:45:02-05:00[America/New_York],2021-02-07T15:46:09-05:00[America/New_York],Yes,2021-02-07,56702,Sunday
1808,B,14,2021-02-07T15:46:09-05:00[America/New_York],2021-02-07T15:46:23-05:00[America/New_York],NA,2021-02-07,56769,Sunday
1808,C,34,2021-02-07T15:46:23-05:00[America/New_York],2021-02-07T15:46:57-05:00[America/New_York],NA,2021-02-07,56783,Sunday
1808,<A>,52,2021-02-07T15:46:57-05:00[America/New_York],2021-02-07T15:47:49-05:00[America/New_York],NA,2021-02-07,56817,Sunday
1808,B,11,2021-02-07T15:47:49-05:00[America/New_York],2021-02-07T15:48:00-05:00[America/New_York],Yes,2021-02-07,56869,Sunday
1808,C,33,2021-02-07T15:48:00-05:00[America/New_York],2021-02-07T15:48:33-05:00[America/New_York],Yes,2021-02-07,56880,Sunday
1808,<A>,69,2021-02-07T15:48:33-05:00[America/New_York],2021-02-07T15:49:42-05:00[America/New_York],NA,2021-02-07,56913,Sunday
1808,C,29,2021-02-07T15:49:42-05:00[America/New_York],2021-02-07T15:50:11-05:00[America/New_York],Yes,2021-02-07,56982,Sunday
1808,<A>,71,2021-02-07T15:50:11-05:00[America/New_York],2021-02-07T15:51:22-05:00[America/New_York],NA,2021-02-07,57011,Sunday
1808,B,10,2021-02-07T15:51:22-05:00[America/New_York],2021-02-07T15:51:32-05:00[America/New_York],Yes,2021-02-07,57082,Sunday
1808,C,27,2021-02-07T15:51:32-05:00[America/New_York],2021-02-07T15:51:59-05:00[America/New_York],Yes,2021-02-07,57092,Sunday
1808,<A>,55,2021-02-07T15:51:59-05:00[America/New_York],2021-02-07T15:52:54-05:00[America/New_York],Yes,2021-02-07,57119,Sunday
1808,C,37,2021-02-07T15:52:54-05:00[America/New_York],2021-02-07T15:53:31-05:00[America/New_York],Yes,2021-02-07,57174,Sunday
1808,<A>,58,2021-02-07T15:53:31-05:00[America/New_York],2021-02-07T15:54:29-05:00[America/New_York],NA,2021-02-07,57211,Sunday
1808,B,10,2021-02-07T15:54:29-05:00[America/New_York],2021-02-07T15:54:39-05:00[America/New_York],Yes,2021-02-07,57269,Sunday
1808,C,22,2021-02-07T15:54:39-05:00[America/New_York],2021-02-07T15:55:01-05:00[America/New_York],Yes,2021-02-07,57279,Sunday
1808,<A>,57,2021-02-07T15:55:01-05:00[America/New_York],2021-02-07T15:55:58-05:00[America/New_York],Yes,2021-02-07,57301,Sunday
1808,C,26,2021-02-07T15:55:58-05:00[America/New_York],2021-02-07T15:56:24-05:00[America/New_York],Yes,2021-02-07,57358,Sunday
1808,<A>,67,2021-02-07T15:56:24-05:00[America/New_York],2021-02-07T15:57:31-05:00[America/New_York],Yes,2021-02-07,57384,Sunday
1808,B,12,2021-02-07T15:57:31-05:00[America/New_York],2021-02-07T15:57:43-05:00[America/New_York],Yes,2021-02-07,57451,Sunday
1808,C,29,2021-02-07T15:57:43-05:00[America/New_York],2021-02-07T15:58:12-05:00[America/New_York],Yes,2021-02-07,57463,Sunday
1808,<A>,58,2021-02-07T15:58:12-05:00[America/New_York],2021-02-07T15:59:10-05:00[America/New_York],NA,2021-02-07,57492,Sunday
1808,B,9,2021-02-07T15:59:10-05:00[America/New_York],2021-02-07T15:59:19-05:00[America/New_York],Yes,2021-02-07,57550,Sunday
1808,C,25,2021-02-07T15:59:19-05:00[America/New_York],2021-02-07T15:59:44-05:00[America/New_York],Yes,2021-02-07,57559,Sunday
1808,<A>,59,2021-02-07T15:59:44-05:00[America/New_York],2021-02-07T16:00:43-05:00[America/New_York],Yes,2021-02-07,57584,Sunday
1808,B,9,2021-02-07T16:00:43-05:00[America/New_York],2021-02-07T16:00:52-05:00[America/New_York],Yes,2021-02-07,57643,Sunday
1808,C,29,2021-02-07T16:00:52-05:00[America/New_York],2021-02-07T16:01:21-05:00[America/New_York],Yes,2021-02-07,57652,Sunday
1808,<A>,71,2021-02-07T16:01:21-05:00[America/New_York],2021-02-07T16:02:32-05:00[America/New_York],NA,2021-02-07,57681,Sunday
1808,C,27,2021-02-07T16:02:32-05:00[America/New_York],2021-02-07T16:02:59-05:00[America/New_York],Yes,2021-02-07,57752,Sunday
1808,<A>,67,2021-02-07T16:02:59-05:00[America/New_York],2021-02-07T16:04:06-05:00[America/New_York],Yes,2021-02-07,57779,Sunday
1808,C,25,2021-02-07T16:04:06-05:00[America/New_York],2021-02-07T16:04:31-05:00[America/New_York],Yes,2021-02-07,57846,Sunday
1808,<A>,67,2021-02-07T16:04:31-05:00[America/New_York],2021-02-07T16:05:38-05:00[America/New_York],Yes,2021-02-07,57871,Sunday
1808,B,9,2021-02-07T16:05:38-05:00[America/New_York],2021-02-07T16:05:47-05:00[America/New_York],Yes,2021-02-07,57938,Sunday
1808,C,31,2021-02-07T16:05:47-05:00[America/New_York],2021-02-07T16:06:18-05:00[America/New_York],Yes,2021-02-07,57947,Sunday
1808,<A>,60,2021-02-07T16:06:18-05:00[America/New_York],2021-02-07T16:07:18-05:00[America/New_York],NA,2021-02-07,57978,Sunday
1808,B,9,2021-02-07T16:07:18-05:00[America/New_York],2021-02-07T16:07:27-05:00[America/New_York],Yes,2021-02-07,58038,Sunday
1808,C,35,2021-02-07T16:07:27-05:00[America/New_York],2021-02-07T16:08:02-05:00[America/New_York],Yes,2021-02-07,58047,Sunday
1808,<A>,79,2021-02-07T16:08:02-05:00[America/New_York],2021-02-07T16:09:21-05:00[America/New_York],NA,2021-02-07,58082,Sunday
1808,C,36,2021-02-07T16:09:21-05:00[America/New_York],2021-02-07T16:09:57-05:00[America/New_York],Yes,2021-02-07,58161,Sunday
1808,<A>,66,2021-02-07T16:09:57-05:00[America/New_York],2021-02-07T16:11:03-05:00[America/New_York],NA,2021-02-07,58197,Sunday
1808,B,9,2021-02-07T16:11:03-05:00[America/New_York],2021-02-07T16:11:12-05:00[America/New_York],Yes,2021-02-07,58263,Sunday
1808,C,32,2021-02-07T16:11:12-05:00[America/New_York],2021-02-07T16:11:44-05:00[America/New_York],Yes,2021-02-07,58272,Sunday
1808,<A>,65,2021-02-07T16:11:44-05:00[America/New_York],2021-02-07T16:12:49-05:00[America/New_York],NA,2021-02-07,58304,Sunday
1808,B,9,2021-02-07T16:12:49-05:00[America/New_York],2021-02-07T16:12:58-05:00[America/New_York],Yes,2021-02-07,58369,Sunday
1808,C,38,2021-02-07T16:12:58-05:00[America/New_York],2021-02-07T16:13:36-05:00[America/New_York],NA,2021-02-07,58378,Sunday
1808,<A>,53,2021-02-07T16:13:36-05:00[America/New_York],2021-02-07T16:14:29-05:00[America/New_York],NA,2021-02-07,58416,Sunday
1808,B,10,2021-02-07T16:14:29-05:00[America/New_York],2021-02-07T16:14:39-05:00[America/New_York],Yes,2021-02-07,58469,Sunday
1808,C,35,2021-02-07T16:14:39-05:00[America/New_York],2021-02-07T16:15:14-05:00[America/New_York],Yes,2021-02-07,58479,Sunday
1808,<A>,55,2021-02-07T16:15:14-05:00[America/New_York],2021-02-07T16:16:09-05:00[America/New_York],NA,2021-02-07,58514,Sunday
1808,B,9,2021-02-07T16:16:09-05:00[America/New_York],2021-02-07T16:16:18-05:00[America/New_York],Yes,2021-02-07,58569,Sunday
1808,C,37,2021-02-07T16:16:18-05:00[America/New_York],2021-02-07T16:16:55-05:00[America/New_York],Yes,2021-02-07,58578,Sunday
1808,<A>,64,2021-02-07T16:16:55-05:00[America/New_York],2021-02-07T16:17:59-05:00[America/New_York],NA,2021-02-07,58615,Sunday
1808,B,12,2021-02-07T16:17:59-05:00[America/New_York],2021-02-07T16:18:11-05:00[America/New_York],Yes,2021-02-07,58679,Sunday
1808,C,36,2021-02-07T16:18:11-05:00[America/New_York],2021-02-07T16:18:47-05:00[America/New_York],NA,2021-02-07,58691,Sunday
1808,<A>,52,2021-02-07T16:18:47-05:00[America/New_York],2021-02-07T16:19:39-05:00[America/New_York],NA,2021-02-07,58727,Sunday
1808,B,14,2021-02-07T16:19:39-05:00[America/New_York],2021-02-07T16:19:53-05:00[America/New_York],NA,2021-02-07,58779,Sunday
1808,C,24,2021-02-07T16:19:53-05:00[America/New_York],2021-02-07T16:20:17-05:00[America/New_York],Yes,2021-02-07,58793,Sunday
1808,<A>,48,2021-02-07T16:20:17-05:00[America/New_York],2021-02-07T16:21:05-05:00[America/New_York],Yes,2021-02-07,58817,Sunday
1808,B,12,2021-02-07T16:21:05-05:00[America/New_York],2021-02-07T16:21:17-05:00[America/New_York],Yes,2021-02-07,58865,Sunday
1808,C,30,2021-02-07T16:21:17-05:00[America/New_York],2021-02-07T16:21:47-05:00[America/New_York],Yes,2021-02-07,58877,Sunday
1808,<A>,73,2021-02-07T16:21:47-05:00[America/New_York],2021-02-07T16:23:00-05:00[America/New_York],NA,2021-02-07,58907,Sunday
1808,C,37,2021-02-07T16:23:00-05:00[America/New_York],2021-02-07T16:23:37-05:00[America/New_York],Yes,2021-02-07,58980,Sunday
1808,<A>,56,2021-02-07T16:23:37-05:00[America/New_York],2021-02-07T16:24:33-05:00[America/New_York],Yes,2021-02-07,59017,Sunday
1808,B,10,2021-02-07T16:24:33-05:00[America/New_York],2021-02-07T16:24:43-05:00[America/New_York],Yes,2021-02-07,59073,Sunday
1808,C,30,2021-02-07T16:24:43-05:00[America/New_York],2021-02-07T16:25:13-05:00[America/New_York],Yes,2021-02-07,59083,Sunday
1808,<A>,62,2021-02-07T16:25:13-05:00[America/New_York],2021-02-07T16:26:15-05:00[America/New_York],NA,2021-02-07,59113,Sunday
1808,B,9,2021-02-07T16:26:15-05:00[America/New_York],2021-02-07T16:26:24-05:00[America/New_York],Yes,2021-02-07,59175,Sunday
1808,C,30,2021-02-07T16:26:24-05:00[America/New_York],2021-02-07T16:26:54-05:00[America/New_York],Yes,2021-02-07,59184,Sunday
1808,<A>,72,2021-02-07T16:26:54-05:00[America/New_York],2021-02-07T16:28:06-05:00[America/New_York],NA,2021-02-07,59214,Sunday
1808,B,9,2021-02-07T16:28:06-05:00[America/New_York],2021-02-07T16:28:15-05:00[America/New_York],Yes,2021-02-07,59286,Sunday
1808,C,39,2021-02-07T16:28:15-05:00[America/New_York],2021-02-07T16:28:54-05:00[America/New_York],NA,2021-02-07,59295,Sunday
1808,<A>,59,2021-02-07T16:28:54-05:00[America/New_York],2021-02-07T16:29:53-05:00[America/New_York],NA,2021-02-07,59334,Sunday
1808,C,22,2021-02-07T16:29:53-05:00[America/New_York],2021-02-07T16:30:15-05:00[America/New_York],Yes,2021-02-07,59393,Sunday
1808,<A>,66,2021-02-07T16:30:15-05:00[America/New_York],2021-02-07T16:31:21-05:00[America/New_York],Yes,2021-02-07,59415,Sunday
1808,B,9,2021-02-07T16:31:21-05:00[America/New_York],2021-02-07T16:31:30-05:00[America/New_York],Yes,2021-02-07,59481,Sunday
1808,C,32,2021-02-07T16:31:30-05:00[America/New_York],2021-02-07T16:32:02-05:00[America/New_York],Yes,2021-02-07,59490,Sunday
1808,<A>,59,2021-02-07T16:32:02-05:00[America/New_York],2021-02-07T16:33:01-05:00[America/New_York],NA,2021-02-07,59522,Sunday
1808,B,14,2021-02-07T16:33:01-05:00[America/New_York],2021-02-07T16:33:15-05:00[America/New_York],NA,2021-02-07,59581,Sunday
1808,C,34,2021-02-07T16:33:15-05:00[America/New_York],2021-02-07T16:33:49-05:00[America/New_York],NA,2021-02-07,59595,Sunday
1808,<A>,65,2021-02-07T16:33:49-05:00[America/New_York],2021-02-07T16:34:54-05:00[America/New_York],NA,2021-02-07,59629,Sunday
1808,B,9,2021-02-07T16:34:54-05:00[America/New_York],2021-02-07T16:35:03-05:00[America/New_York],Yes,2021-02-07,59694,Sunday
1808,C,28,2021-02-07T16:35:03-05:00[America/New_York],2021-02-07T16:35:31-05:00[America/New_York],Yes,2021-02-07,59703,Sunday
1808,<A>,65,2021-02-07T16:35:31-05:00[America/New_York],2021-02-07T16:36:36-05:00[America/New_York],NA,2021-02-07,59731,Sunday
1808,B,9,2021-02-07T16:36:36-05:00[America/New_York],2021-02-07T16:36:45-05:00[America/New_York],Yes,2021-02-07,59796,Sunday
1808,C,38,2021-02-07T16:36:45-05:00[America/New_York],2021-02-07T16:37:23-05:00[America/New_York],Yes,2021-02-07,59805,Sunday
1808,<A>,70,2021-02-07T16:37:23-05:00[America/New_York],2021-02-07T16:38:33-05:00[America/New_York],NA,2021-02-07,59843,Sunday
1808,C,23,2021-02-07T16:38:33-05:00[America/New_York],2021-02-07T16:38:56-05:00[America/New_York],Yes,2021-02-07,59913,Sunday
1808,<A>,52,2021-02-07T16:38:56-05:00[America/New_York],2021-02-07T16:39:48-05:00[America/New_York],Yes,2021-02-07,59936,Sunday
1808,B,10,2021-02-07T16:39:48-05:00[America/New_York],2021-02-07T16:39:58-05:00[America/New_York],Yes,2021-02-07,59988,Sunday
1808,C,39,2021-02-07T16:39:58-05:00[America/New_York],2021-02-07T16:40:37-05:00[America/New_York],NA,2021-02-07,59998,Sunday
1808,<A>,50,2021-02-07T16:40:37-05:00[America/New_York],2021-02-07T16:41:27-05:00[America/New_York],NA,2021-02-07,60037,Sunday
1808,B,12,2021-02-07T16:41:27-05:00[America/New_York],2021-02-07T16:41:39-05:00[America/New_York],Yes,2021-02-07,60087,Sunday
1808,C,33,2021-02-07T16:41:39-05:00[America/New_York],2021-02-07T16:42:12-05:00[America/New_York],Yes,2021-02-07,60099,Sunday
1808,<A>,55,2021-02-07T16:42:12-05:00[America/New_York],2021-02-07T16:43:07-05:00[America/New_York],NA,2021-02-07,60132,Sunday
1808,B,9,2021-02-07T16:43:07-05:00[America/New_York],2021-02-07T16:43:16-05:00[America/New_York],Yes,2021-02-07,60187,Sunday
1808,C,23,2021-02-07T16:43:16-05:00[America/New_York],2021-02-07T16:43:39-05:00[America/New_York],Yes,2021-02-07,60196,Sunday
1808,<A>,68,2021-02-07T16:43:39-05:00[America/New_York],2021-02-07T16:44:47-05:00[America/New_York],NA,2021-02-07,60219,Sunday
1808,B,12,2021-02-07T16:44:47-05:00[America/New_York],2021-02-07T16:44:59-05:00[America/New_York],Yes,2021-02-07,60287,Sunday
1808,C,29,2021-02-07T16:44:59-05:00[America/New_York],2021-02-07T16:45:28-05:00[America/New_York],Yes,2021-02-07,60299,Sunday
1808,<A>,61,2021-02-07T16:45:28-05:00[America/New_York],2021-02-07T16:46:29-05:00[America/New_York],NA,2021-02-07,60328,Sunday
1808,B,10,2021-02-07T16:46:29-05:00[America/New_York],2021-02-07T16:46:39-05:00[America/New_York],Yes,2021-02-07,60389,Sunday
1808,C,36,2021-02-07T16:46:39-05:00[America/New_York],2021-02-07T16:47:15-05:00[America/New_York],NA,2021-02-07,60399,Sunday
1808,<A>,52,2021-02-07T16:47:15-05:00[America/New_York],2021-02-07T16:48:07-05:00[America/New_York],NA,2021-02-07,60435,Sunday
1808,B,9,2021-02-07T16:48:07-05:00[America/New_York],2021-02-07T16:48:16-05:00[America/New_York],Yes,2021-02-07,60487,Sunday
1808,C,28,2021-02-07T16:48:16-05:00[America/New_York],2021-02-07T16:48:44-05:00[America/New_York],Yes,2021-02-07,60496,Sunday
1808,<A>,54,2021-02-07T16:48:44-05:00[America/New_York],2021-02-07T16:49:38-05:00[America/New_York],Yes,2021-02-07,60524,Sunday
1808,B,11,2021-02-07T16:49:38-05:00[America/New_York],2021-02-07T16:49:49-05:00[America/New_York],Yes,2021-02-07,60578,Sunday
1808,C,34,2021-02-07T16:49:49-05:00[America/New_York],2021-02-07T16:50:23-05:00[America/New_York],Yes,2021-02-07,60589,Sunday
1808,<A>,55,2021-02-07T16:50:23-05:00[America/New_York],2021-02-07T16:51:18-05:00[America/New_York],NA,2021-02-07,60623,Sunday
1808,B,12,2021-02-07T16:51:18-05:00[America/New_York],2021-02-07T16:51:30-05:00[America/New_York],Yes,2021-02-07,60678,Sunday
1808,C,34,2021-02-07T16:51:30-05:00[America/New_York],2021-02-07T16:52:04-05:00[America/New_York],Yes,2021-02-07,60690,Sunday
1808,<A>,63,2021-02-07T16:52:04-05:00[America/New_York],2021-02-07T16:53:07-05:00[America/New_York],Yes,2021-02-07,60724,Sunday
1808,B,11,2021-02-07T16:53:07-05:00[America/New_York],2021-02-07T16:53:18-05:00[America/New_York],Yes,2021-02-07,60787,Sunday
1808,C,29,2021-02-07T16:53:18-05:00[America/New_York],2021-02-07T16:53:47-05:00[America/New_York],Yes,2021-02-07,60798,Sunday
1808,<A>,57,2021-02-07T16:53:47-05:00[America/New_York],2021-02-07T16:54:44-05:00[America/New_York],Yes,2021-02-07,60827,Sunday
1808,B,9,2021-02-07T16:54:44-05:00[America/New_York],2021-02-07T16:54:53-05:00[America/New_York],Yes,2021-02-07,60884,Sunday
1808,C,27,2021-02-07T16:54:53-05:00[America/New_York],2021-02-07T16:55:20-05:00[America/New_York],Yes,2021-02-07,60893,Sunday
1808,<A>,64,2021-02-07T16:55:20-05:00[America/New_York],2021-02-07T16:56:24-05:00[America/New_York],NA,2021-02-07,60920,Sunday
1808,B,9,2021-02-07T16:56:24-05:00[America/New_York],2021-02-07T16:56:33-05:00[America/New_York],Yes,2021-02-07,60984,Sunday
1808,C,38,2021-02-07T16:56:33-05:00[America/New_York],2021-02-07T16:57:11-05:00[America/New_York],NA,2021-02-07,60993,Sunday
1808,<A>,53,2021-02-07T16:57:11-05:00[America/New_York],2021-02-07T16:58:04-05:00[America/New_York],NA,2021-02-07,61031,Sunday
1808,C,40,2021-02-07T16:58:04-05:00[America/New_York],2021-02-07T16:58:44-05:00[America/New_York],Yes,2021-02-07,61084,Sunday
1808,<A>,60,2021-02-07T16:58:44-05:00[America/New_York],2021-02-07T16:59:44-05:00[America/New_York],NA,2021-02-07,61124,Sunday
1808,B,12,2021-02-07T16:59:44-05:00[America/New_York],2021-02-07T16:59:56-05:00[America/New_York],Yes,2021-02-07,61184,Sunday
1808,C,35,2021-02-07T16:59:56-05:00[America/New_York],2021-02-07T17:00:31-05:00[America/New_York],NA,2021-02-07,61196,Sunday
1808,<A>,53,2021-02-07T17:00:31-05:00[America/New_York],2021-02-07T17:01:24-05:00[America/New_York],NA,2021-02-07,61231,Sunday
1808,B,10,2021-02-07T17:01:24-05:00[America/New_York],2021-02-07T17:01:34-05:00[America/New_York],Yes,2021-02-07,61284,Sunday
1808,C,26,2021-02-07T17:01:34-05:00[America/New_York],2021-02-07T17:02:00-05:00[America/New_York],Yes,2021-02-07,61294,Sunday
1808,<A>,94,2021-02-07T17:02:00-05:00[America/New_York],2021-02-07T17:03:34-05:00[America/New_York],NA,2021-02-07,61320,Sunday
1808,B,9,2021-02-07T17:03:34-05:00[America/New_York],2021-02-07T17:03:43-05:00[America/New_York],Yes,2021-02-07,61414,Sunday
1808,C,33,2021-02-07T17:03:43-05:00[America/New_York],2021-02-07T17:04:16-05:00[America/New_York],Yes,2021-02-07,61423,Sunday
1808,<A>,66,2021-02-07T17:04:16-05:00[America/New_York],2021-02-07T17:05:22-05:00[America/New_York],NA,2021-02-07,61456,Sunday
1808,B,11,2021-02-07T17:05:22-05:00[America/New_York],2021-02-07T17:05:33-05:00[America/New_York],Yes,2021-02-07,61522,Sunday
1808,C,36,2021-02-07T17:05:33-05:00[America/New_York],2021-02-07T17:06:09-05:00[America/New_York],Yes,2021-02-07,61533,Sunday
1808,<A>,77,2021-02-07T17:06:09-05:00[America/New_York],2021-02-07T17:07:26-05:00[America/New_York],NA,2021-02-07,61569,Sunday
1808,B,9,2021-02-07T17:07:26-05:00[America/New_York],2021-02-07T17:07:35-05:00[America/New_York],Yes,2021-02-07,61646,Sunday
1808,C,26,2021-02-07T17:07:35-05:00[America/New_York],2021-02-07T17:08:01-05:00[America/New_York],Yes,2021-02-07,61655,Sunday
1808,<A>,102,2021-02-07T17:08:01-05:00[America/New_York],2021-02-07T17:09:43-05:00[America/New_York],NA,2021-02-07,61681,Sunday
1808,B,11,2021-02-07T17:09:43-05:00[America/New_York],2021-02-07T17:09:54-05:00[America/New_York],Yes,2021-02-07,61783,Sunday
1808,C,36,2021-02-07T17:09:54-05:00[America/New_York],2021-02-07T17:10:30-05:00[America/New_York],Yes,2021-02-07,61794,Sunday
1808,<A>,64,2021-02-07T17:10:30-05:00[America/New_York],2021-02-07T17:11:34-05:00[America/New_York],NA,2021-02-07,61830,Sunday
1808,B,9,2021-02-07T17:11:34-05:00[America/New_York],2021-02-07T17:11:43-05:00[America/New_York],Yes,2021-02-07,61894,Sunday
1808,C,31,2021-02-07T17:11:43-05:00[America/New_York],2021-02-07T17:12:14-05:00[America/New_York],Yes,2021-02-07,61903,Sunday
1808,<A>,58,2021-02-07T17:12:14-05:00[America/New_York],2021-02-07T17:13:12-05:00[America/New_York],NA,2021-02-07,61934,Sunday
1808,B,10,2021-02-07T17:13:12-05:00[America/New_York],2021-02-07T17:13:22-05:00[America/New_York],Yes,2021-02-07,61992,Sunday
1808,C,40,2021-02-07T17:13:22-05:00[America/New_York],2021-02-07T17:14:02-05:00[America/New_York],Yes,2021-02-07,62002,Sunday
1808,<A>,63,2021-02-07T17:14:02-05:00[America/New_York],2021-02-07T17:15:05-05:00[America/New_York],NA,2021-02-07,62042,Sunday
1808,B,14,2021-02-07T17:15:05-05:00[America/New_York],2021-02-07T17:15:19-05:00[America/New_York],Yes,2021-02-07,62105,Sunday
1808,C,34,2021-02-07T17:15:19-05:00[America/New_York],2021-02-07T17:15:53-05:00[America/New_York],Yes,2021-02-07,62119,Sunday
1808,<A>,86,2021-02-07T17:15:53-05:00[America/New_York],2021-02-07T17:17:19-05:00[America/New_York],NA,2021-02-07,62153,Sunday
1808,C,48,2021-02-07T17:17:19-05:00[America/New_York],2021-02-07T17:18:07-05:00[America/New_York],Yes,2021-02-07,62239,Sunday
1808,<A>,75,2021-02-07T17:18:07-05:00[America/New_York],2021-02-07T17:19:22-05:00[America/New_York],NA,2021-02-07,62287,Sunday
1808,B,9,2021-02-07T17:19:22-05:00[America/New_York],2021-02-07T17:19:31-05:00[America/New_York],Yes,2021-02-07,62362,Sunday
1808,C,36,2021-02-07T17:19:31-05:00[America/New_York],2021-02-07T17:20:07-05:00[America/New_York],Yes,2021-02-07,62371,Sunday
1808,<A>,85,2021-02-07T17:20:07-05:00[America/New_York],2021-02-07T17:21:32-05:00[America/New_York],NA,2021-02-07,62407,Sunday
1808,C,25,2021-02-07T17:21:32-05:00[America/New_York],2021-02-07T17:21:57-05:00[America/New_York],Yes,2021-02-07,62492,Sunday
1808,<A>,104,2021-02-07T17:21:57-05:00[America/New_York],2021-02-07T17:23:41-05:00[America/New_York],NA,2021-02-07,62517,Sunday
1808,B,12,2021-02-07T17:23:41-05:00[America/New_York],2021-02-07T17:23:53-05:00[America/New_York],Yes,2021-02-07,62621,Sunday
1808,C,43,2021-02-07T17:23:53-05:00[America/New_York],2021-02-07T17:24:36-05:00[America/New_York],Yes,2021-02-07,62633,Sunday
1808,<A>,73,2021-02-07T17:24:36-05:00[America/New_York],2021-02-07T17:25:49-05:00[America/New_York],NA,2021-02-07,62676,Sunday
1808,B,9,2021-02-07T17:25:49-05:00[America/New_York],2021-02-07T17:25:58-05:00[America/New_York],Yes,2021-02-07,62749,Sunday
1808,C,30,2021-02-07T17:25:58-05:00[America/New_York],2021-02-07T17:26:28-05:00[America/New_York],Yes,2021-02-07,62758,Sunday
1808,<A>,70,2021-02-07T17:26:28-05:00[America/New_York],2021-02-07T17:27:38-05:00[America/New_York],NA,2021-02-07,62788,Sunday
1808,B,9,2021-02-07T17:27:38-05:00[America/New_York],2021-02-07T17:27:47-05:00[America/New_York],Yes,2021-02-07,62858,Sunday
1808,C,37,2021-02-07T17:27:47-05:00[America/New_York],2021-02-07T17:28:24-05:00[America/New_York],Yes,2021-02-07,62867,Sunday
1808,<A>,59,2021-02-07T17:28:24-05:00[America/New_York],2021-02-07T17:29:23-05:00[America/New_York],NA,2021-02-07,62904,Sunday
1808,B,15,2021-02-07T17:29:23-05:00[America/New_York],2021-02-07T17:29:38-05:00[America/New_York],NA,2021-02-07,62963,Sunday
1808,C,34,2021-02-07T17:29:38-05:00[America/New_York],2021-02-07T17:30:12-05:00[America/New_York],Yes,2021-02-07,62978,Sunday
1808,<A>,66,2021-02-07T17:30:12-05:00[America/New_York],2021-02-07T17:31:18-05:00[America/New_York],NA,2021-02-07,63012,Sunday
1808,C,35,2021-02-07T17:31:18-05:00[America/New_York],2021-02-07T17:31:53-05:00[America/New_York],Yes,2021-02-07,63078,Sunday
1808,<A>,73,2021-02-07T17:31:53-05:00[America/New_York],2021-02-07T17:33:06-05:00[America/New_York],NA,2021-02-07,63113,Sunday
1808,B,9,2021-02-07T17:33:06-05:00[America/New_York],2021-02-07T17:33:15-05:00[America/New_York],Yes,2021-02-07,63186,Sunday
1808,C,30,2021-02-07T17:33:15-05:00[America/New_York],2021-02-07T17:33:45-05:00[America/New_York],Yes,2021-02-07,63195,Sunday
1808,<A>,70,2021-02-07T17:33:45-05:00[America/New_York],2021-02-07T17:34:55-05:00[America/New_York],NA,2021-02-07,63225,Sunday
1808,B,13,2021-02-07T17:34:55-05:00[America/New_York],2021-02-07T17:35:08-05:00[America/New_York],Yes,2021-02-07,63295,Sunday
1808,C,26,2021-02-07T17:35:08-05:00[America/New_York],2021-02-07T17:35:34-05:00[America/New_York],Yes,2021-02-07,63308,Sunday
1808,<A>,67,2021-02-07T17:35:34-05:00[America/New_York],2021-02-07T17:36:41-05:00[America/New_York],NA,2021-02-07,63334,Sunday
1808,B,15,2021-02-07T17:36:41-05:00[America/New_York],2021-02-07T17:36:56-05:00[America/New_York],NA,2021-02-07,63401,Sunday
1808,C,31,2021-02-07T17:36:56-05:00[America/New_York],2021-02-07T17:37:27-05:00[America/New_York],Yes,2021-02-07,63416,Sunday
1808,<A>,62,2021-02-07T17:37:27-05:00[America/New_York],2021-02-07T17:38:29-05:00[America/New_York],NA,2021-02-07,63447,Sunday
1808,B,10,2021-02-07T17:38:29-05:00[America/New_York],2021-02-07T17:38:39-05:00[America/New_York],Yes,2021-02-07,63509,Sunday
1808,C,37,2021-02-07T17:38:39-05:00[America/New_York],2021-02-07T17:39:16-05:00[America/New_York],Yes,2021-02-07,63519,Sunday
1808,<A>,60,2021-02-07T17:39:16-05:00[America/New_York],2021-02-07T17:40:16-05:00[America/New_York],NA,2021-02-07,63556,Sunday
1808,B,11,2021-02-07T17:40:16-05:00[America/New_York],2021-02-07T17:40:27-05:00[America/New_York],Yes,2021-02-07,63616,Sunday
1808,C,26,2021-02-07T17:40:27-05:00[America/New_York],2021-02-07T17:40:53-05:00[America/New_York],Yes,2021-02-07,63627,Sunday
1808,<A>,44,2021-02-07T17:40:53-05:00[America/New_York],2021-02-07T17:41:37-05:00[America/New_York],NA,2021-02-07,63653,Sunday
1808,B,9,2021-02-07T17:41:37-05:00[America/New_York],2021-02-07T17:41:46-05:00[America/New_York],Yes,2021-02-07,63697,Sunday
1808,C,30,2021-02-07T17:41:46-05:00[America/New_York],2021-02-07T17:42:16-05:00[America/New_York],Yes,2021-02-07,63706,Sunday
1808,<A>,67,2021-02-07T17:42:16-05:00[America/New_York],2021-02-07T17:43:23-05:00[America/New_York],NA,2021-02-07,63736,Sunday
1808,B,11,2021-02-07T17:43:23-05:00[America/New_York],2021-02-07T17:43:34-05:00[America/New_York],Yes,2021-02-07,63803,Sunday
1808,C,32,2021-02-07T17:43:34-05:00[America/New_York],2021-02-07T17:44:06-05:00[America/New_York],Yes,2021-02-07,63814,Sunday
1808,<A>,64,2021-02-07T17:44:06-05:00[America/New_York],2021-02-07T17:45:10-05:00[America/New_York],NA,2021-02-07,63846,Sunday
1808,B,11,2021-02-07T17:45:10-05:00[America/New_York],2021-02-07T17:45:21-05:00[America/New_York],Yes,2021-02-07,63910,Sunday
1808,C,33,2021-02-07T17:45:21-05:00[America/New_York],2021-02-07T17:45:54-05:00[America/New_York],Yes,2021-02-07,63921,Sunday
1808,<A>,67,2021-02-07T17:45:54-05:00[America/New_York],2021-02-07T17:47:01-05:00[America/New_York],NA,2021-02-07,63954,Sunday
1808,B,10,2021-02-07T17:47:01-05:00[America/New_York],2021-02-07T17:47:11-05:00[America/New_York],Yes,2021-02-07,64021,Sunday
1808,C,30,2021-02-07T17:47:11-05:00[America/New_York],2021-02-07T17:47:41-05:00[America/New_York],Yes,2021-02-07,64031,Sunday
1808,<A>,86,2021-02-07T17:47:41-05:00[America/New_York],2021-02-07T17:49:07-05:00[America/New_York],NA,2021-02-07,64061,Sunday
1808,B,15,2021-02-07T17:49:07-05:00[America/New_York],2021-02-07T17:49:22-05:00[America/New_York],NA,2021-02-07,64147,Sunday
1808,C,30,2021-02-07T17:49:22-05:00[America/New_York],2021-02-07T17:49:52-05:00[America/New_York],Yes,2021-02-07,64162,Sunday
1808,<A>,68,2021-02-07T17:49:52-05:00[America/New_York],2021-02-07T17:51:00-05:00[America/New_York],NA,2021-02-07,64192,Sunday
1808,C,34,2021-02-07T17:51:00-05:00[America/New_York],2021-02-07T17:51:34-05:00[America/New_York],Yes,2021-02-07,64260,Sunday
1808,<A>,67,2021-02-07T17:51:34-05:00[America/New_York],2021-02-07T17:52:41-05:00[America/New_York],NA,2021-02-07,64294,Sunday
1808,C,25,2021-02-07T17:52:41-05:00[America/New_York],2021-02-07T17:53:06-05:00[America/New_York],Yes,2021-02-07,64361,Sunday
1808,<A>,71,2021-02-07T17:53:06-05:00[America/New_York],2021-02-07T17:54:17-05:00[America/New_York],Yes,2021-02-07,64386,Sunday
1808,C,37,2021-02-07T17:54:17-05:00[America/New_York],2021-02-07T17:54:54-05:00[America/New_York],Yes,2021-02-07,64457,Sunday
1808,<A>,81,2021-02-07T17:54:54-05:00[America/New_York],2021-02-07T17:56:15-05:00[America/New_York],NA,2021-02-07,64494,Sunday
1808,C,30,2021-02-07T17:56:15-05:00[America/New_York],2021-02-07T17:56:45-05:00[America/New_York],Yes,2021-02-07,64575,Sunday
1808,<A>,50,2021-02-07T17:56:45-05:00[America/New_York],2021-02-07T17:57:35-05:00[America/New_York],Yes,2021-02-07,64605,Sunday
1808,C,33,2021-02-07T17:57:35-05:00[America/New_York],2021-02-07T17:58:08-05:00[America/New_York],Yes,2021-02-07,64655,Sunday
1808,<A>,70,2021-02-07T17:58:08-05:00[America/New_York],2021-02-07T17:59:18-05:00[America/New_York],Yes,2021-02-07,64688,Sunday
1808,C,29,2021-02-07T17:59:18-05:00[America/New_York],2021-02-07T17:59:47-05:00[America/New_York],Yes,2021-02-07,64758,Sunday
1808,<A>,53,2021-02-07T17:59:47-05:00[America/New_York],2021-02-07T18:00:40-05:00[America/New_York],Yes,2021-02-07,64787,Sunday
1808,C,40,2021-02-07T18:00:40-05:00[America/New_York],2021-02-07T18:01:20-05:00[America/New_York],Yes,2021-02-07,64840,Sunday
1808,<A>,70,2021-02-07T18:01:20-05:00[America/New_York],2021-02-07T18:02:30-05:00[America/New_York],Yes,2021-02-07,64880,Sunday
1808,B,9,2021-02-07T18:02:30-05:00[America/New_York],2021-02-07T18:02:39-05:00[America/New_York],Yes,2021-02-07,64950,Sunday
1808,C,33,2021-02-07T18:02:39-05:00[America/New_York],2021-02-07T18:03:12-05:00[America/New_York],Yes,2021-02-07,64959,Sunday
1808,<A>,65,2021-02-07T18:03:12-05:00[America/New_York],2021-02-07T18:04:17-05:00[America/New_York],NA,2021-02-07,64992,Sunday
1808,C,26,2021-02-07T18:04:17-05:00[America/New_York],2021-02-07T18:04:43-05:00[America/New_York],Yes,2021-02-07,65057,Sunday
1808,<A>,68,2021-02-07T18:04:43-05:00[America/New_York],2021-02-07T18:05:51-05:00[America/New_York],Yes,2021-02-07,65083,Sunday
1808,B,9,2021-02-07T18:05:51-05:00[America/New_York],2021-02-07T18:06:00-05:00[America/New_York],Yes,2021-02-07,65151,Sunday
1808,C,33,2021-02-07T18:06:00-05:00[America/New_York],2021-02-07T18:06:33-05:00[America/New_York],Yes,2021-02-07,65160,Sunday
1808,<A>,70,2021-02-07T18:06:33-05:00[America/New_York],2021-02-07T18:07:43-05:00[America/New_York],NA,2021-02-07,65193,Sunday
1808,C,33,2021-02-07T18:07:43-05:00[America/New_York],2021-02-07T18:08:16-05:00[America/New_York],Yes,2021-02-07,65263,Sunday
1808,<A>,67,2021-02-07T18:08:16-05:00[America/New_York],2021-02-07T18:09:23-05:00[America/New_York],NA,2021-02-07,65296,Sunday
1808,B,9,2021-02-07T18:09:23-05:00[America/New_York],2021-02-07T18:09:32-05:00[America/New_York],Yes,2021-02-07,65363,Sunday
1808,C,30,2021-02-07T18:09:32-05:00[America/New_York],2021-02-07T18:10:02-05:00[America/New_York],Yes,2021-02-07,65372,Sunday
1808,<A>,68,2021-02-07T18:10:02-05:00[America/New_York],2021-02-07T18:11:10-05:00[America/New_York],NA,2021-02-07,65402,Sunday
1808,C,30,2021-02-07T18:11:10-05:00[America/New_York],2021-02-07T18:11:40-05:00[America/New_York],Yes,2021-02-07,65470,Sunday
1808,<A>,68,2021-02-07T18:11:40-05:00[America/New_York],2021-02-07T18:12:48-05:00[America/New_York],Yes,2021-02-07,65500,Sunday
1808,C,30,2021-02-07T18:12:48-05:00[America/New_York],2021-02-07T18:13:18-05:00[America/New_York],Yes,2021-02-07,65568,Sunday
1808,<A>,72,2021-02-07T18:13:18-05:00[America/New_York],2021-02-07T18:14:30-05:00[America/New_York],NA,2021-02-07,65598,Sunday
1808,B,11,2021-02-07T18:14:30-05:00[America/New_York],2021-02-07T18:14:41-05:00[America/New_York],Yes,2021-02-07,65670,Sunday
1808,C,28,2021-02-07T18:14:41-05:00[America/New_York],2021-02-07T18:15:09-05:00[America/New_York],Yes,2021-02-07,65681,Sunday
1808,<A>,84,2021-02-07T18:15:09-05:00[America/New_York],2021-02-07T18:16:33-05:00[America/New_York],NA,2021-02-07,65709,Sunday
1808,C,28,2021-02-07T18:16:33-05:00[America/New_York],2021-02-07T18:17:01-05:00[America/New_York],Yes,2021-02-07,65793,Sunday
1808,<A>,42,2021-02-07T18:17:01-05:00[America/New_York],2021-02-07T18:17:43-05:00[America/New_York],Yes,2021-02-07,65821,Sunday
1808,B,9,2021-02-07T18:17:43-05:00[America/New_York],2021-02-07T18:17:52-05:00[America/New_York],Yes,2021-02-07,65863,Sunday
1808,C,23,2021-02-07T18:17:52-05:00[America/New_York],2021-02-07T18:18:15-05:00[America/New_York],Yes,2021-02-07,65872,Sunday
1808,<A>,60,2021-02-07T18:18:15-05:00[America/New_York],2021-02-07T18:19:15-05:00[America/New_York],Yes,2021-02-07,65895,Sunday
1808,B,9,2021-02-07T18:19:15-05:00[America/New_York],2021-02-07T18:19:24-05:00[America/New_York],Yes,2021-02-07,65955,Sunday
1808,C,33,2021-02-07T18:19:24-05:00[America/New_York],2021-02-07T18:19:57-05:00[America/New_York],Yes,2021-02-07,65964,Sunday
1808,<A>,76,2021-02-07T18:19:57-05:00[America/New_York],2021-02-07T18:21:13-05:00[America/New_York],NA,2021-02-07,65997,Sunday
1808,C,42,2021-02-07T18:21:13-05:00[America/New_York],2021-02-07T18:21:55-05:00[America/New_York],Yes,2021-02-07,66073,Sunday
1808,<A>,55,2021-02-07T18:21:55-05:00[America/New_York],2021-02-07T18:22:50-05:00[America/New_York],Yes,2021-02-07,66115,Sunday
1808,B,10,2021-02-07T18:22:50-05:00[America/New_York],2021-02-07T18:23:00-05:00[America/New_York],Yes,2021-02-07,66170,Sunday
1808,C,36,2021-02-07T18:23:00-05:00[America/New_York],2021-02-07T18:23:36-05:00[America/New_York],Yes,2021-02-07,66180,Sunday
1808,<A>,69,2021-02-07T18:23:36-05:00[America/New_York],2021-02-07T18:24:45-05:00[America/New_York],NA,2021-02-07,66216,Sunday
1808,C,38,2021-02-07T18:24:45-05:00[America/New_York],2021-02-07T18:25:23-05:00[America/New_York],Yes,2021-02-07,66285,Sunday
1808,<A>,62,2021-02-07T18:25:23-05:00[America/New_York],2021-02-07T18:26:25-05:00[America/New_York],NA,2021-02-07,66323,Sunday
1808,B,9,2021-02-07T18:26:25-05:00[America/New_York],2021-02-07T18:26:34-05:00[America/New_York],Yes,2021-02-07,66385,Sunday
1808,C,36,2021-02-07T18:26:34-05:00[America/New_York],2021-02-07T18:27:10-05:00[America/New_York],Yes,2021-02-07,66394,Sunday
1808,<A>,70,2021-02-07T18:27:10-05:00[America/New_York],2021-02-07T18:28:20-05:00[America/New_York],NA,2021-02-07,66430,Sunday
1808,C,26,2021-02-07T18:28:20-05:00[America/New_York],2021-02-07T18:28:46-05:00[America/New_York],Yes,2021-02-07,66500,Sunday
1808,<A>,74,2021-02-07T18:28:46-05:00[America/New_York],2021-02-07T18:30:00-05:00[America/New_York],NA,2021-02-07,66526,Sunday
1808,B,14,2021-02-07T18:30:00-05:00[America/New_York],2021-02-07T18:30:14-05:00[America/New_York],NA,2021-02-07,66600,Sunday
1808,C,34,2021-02-07T18:30:14-05:00[America/New_York],2021-02-07T18:30:48-05:00[America/New_York],NA,2021-02-07,66614,Sunday
1808,<A>,45,2021-02-07T18:30:48-05:00[America/New_York],2021-02-07T18:31:33-05:00[America/New_York],NA,2021-02-07,66648,Sunday
1808,B,9,2021-02-07T18:31:33-05:00[America/New_York],2021-02-07T18:31:42-05:00[America/New_York],Yes,2021-02-07,66693,Sunday
1808,C,25,2021-02-07T18:31:42-05:00[America/New_York],2021-02-07T18:32:07-05:00[America/New_York],Yes,2021-02-07,66702,Sunday
1808,<A>,59,2021-02-07T18:32:07-05:00[America/New_York],2021-02-07T18:33:06-05:00[America/New_York],NA,2021-02-07,66727,Sunday
1808,B,9,2021-02-07T18:33:06-05:00[America/New_York],2021-02-07T18:33:15-05:00[America/New_York],Yes,2021-02-07,66786,Sunday
1808,C,28,2021-02-07T18:33:15-05:00[America/New_York],2021-02-07T18:33:43-05:00[America/New_York],Yes,2021-02-07,66795,Sunday
1808,<A>,80,2021-02-07T18:33:43-05:00[America/New_York],2021-02-07T18:35:03-05:00[America/New_York],NA,2021-02-07,66823,Sunday
1808,C,31,2021-02-07T18:35:03-05:00[America/New_York],2021-02-07T18:35:34-05:00[America/New_York],Yes,2021-02-07,66903,Sunday
1808,<A>,69,2021-02-07T18:35:34-05:00[America/New_York],2021-02-07T18:36:43-05:00[America/New_York],NA,2021-02-07,66934,Sunday
1808,C,36,2021-02-07T18:36:43-05:00[America/New_York],2021-02-07T18:37:19-05:00[America/New_York],Yes,2021-02-07,67003,Sunday
1808,<A>,71,2021-02-07T18:37:19-05:00[America/New_York],2021-02-07T18:38:30-05:00[America/New_York],NA,2021-02-07,67039,Sunday
1808,C,40,2021-02-07T18:38:30-05:00[America/New_York],2021-02-07T18:39:10-05:00[America/New_York],Yes,2021-02-07,67110,Sunday
1808,<A>,53,2021-02-07T18:39:10-05:00[America/New_York],2021-02-07T18:40:03-05:00[America/New_York],Yes,2021-02-07,67150,Sunday
1808,B,9,2021-02-07T18:40:03-05:00[America/New_York],2021-02-07T18:40:12-05:00[America/New_York],Yes,2021-02-07,67203,Sunday
1808,C,30,2021-02-07T18:40:12-05:00[America/New_York],2021-02-07T18:40:42-05:00[America/New_York],Yes,2021-02-07,67212,Sunday
1808,<A>,65,2021-02-07T18:40:42-05:00[America/New_York],2021-02-07T18:41:47-05:00[America/New_York],NA,2021-02-07,67242,Sunday
1808,C,27,2021-02-07T18:41:47-05:00[America/New_York],2021-02-07T18:42:14-05:00[America/New_York],Yes,2021-02-07,67307,Sunday
1808,<A>,54,2021-02-07T18:42:14-05:00[America/New_York],2021-02-07T18:43:08-05:00[America/New_York],Yes,2021-02-07,67334,Sunday
1808,B,14,2021-02-07T18:43:08-05:00[America/New_York],2021-02-07T18:43:22-05:00[America/New_York],NA,2021-02-07,67388,Sunday
1808,C,34,2021-02-07T18:43:22-05:00[America/New_York],2021-02-07T18:43:56-05:00[America/New_York],NA,2021-02-07,67402,Sunday
1808,<A>,62,2021-02-07T18:43:56-05:00[America/New_York],2021-02-07T18:44:58-05:00[America/New_York],NA,2021-02-07,67436,Sunday
1808,C,27,2021-02-07T18:44:58-05:00[America/New_York],2021-02-07T18:45:25-05:00[America/New_York],Yes,2021-02-07,67498,Sunday
1808,<A>,61,2021-02-07T18:45:25-05:00[America/New_York],2021-02-07T18:46:26-05:00[America/New_York],Yes,2021-02-07,67525,Sunday
1808,C,31,2021-02-07T18:46:26-05:00[America/New_York],2021-02-07T18:46:57-05:00[America/New_York],Yes,2021-02-07,67586,Sunday
1808,<A>,81,2021-02-07T18:46:57-05:00[America/New_York],2021-02-07T18:48:18-05:00[America/New_York],NA,2021-02-07,67617,Sunday
1808,C,25,2021-02-07T18:48:18-05:00[America/New_York],2021-02-07T18:48:43-05:00[America/New_York],Yes,2021-02-07,67698,Sunday
1808,<A>,55,2021-02-07T18:48:43-05:00[America/New_York],2021-02-07T18:49:38-05:00[America/New_York],Yes,2021-02-07,67723,Sunday
1808,C,36,2021-02-07T18:49:38-05:00[America/New_York],2021-02-07T18:50:14-05:00[America/New_York],Yes,2021-02-07,67778,Sunday
1808,<A>,66,2021-02-07T18:50:14-05:00[America/New_York],2021-02-07T18:51:20-05:00[America/New_York],Yes,2021-02-07,67814,Sunday
1808,C,25,2021-02-07T18:51:20-05:00[America/New_York],2021-02-07T18:51:45-05:00[America/New_York],Yes,2021-02-07,67880,Sunday
1808,<A>,59,2021-02-07T18:51:45-05:00[America/New_York],2021-02-07T18:52:44-05:00[America/New_York],Yes,2021-02-07,67905,Sunday
1808,B,9,2021-02-07T18:52:44-05:00[America/New_York],2021-02-07T18:52:53-05:00[America/New_York],Yes,2021-02-07,67964,Sunday
1808,C,27,2021-02-07T18:52:53-05:00[America/New_York],2021-02-07T18:53:20-05:00[America/New_York],Yes,2021-02-07,67973,Sunday
1808,<A>,54,2021-02-07T18:53:20-05:00[America/New_York],2021-02-07T18:54:14-05:00[America/New_York],Yes,2021-02-07,68000,Sunday
1808,B,9,2021-02-07T18:54:14-05:00[America/New_York],2021-02-07T18:54:23-05:00[America/New_York],Yes,2021-02-07,68054,Sunday
1808,C,23,2021-02-07T18:54:23-05:00[America/New_York],2021-02-07T18:54:46-05:00[America/New_York],Yes,2021-02-07,68063,Sunday
1808,<A>,63,2021-02-07T18:54:46-05:00[America/New_York],2021-02-07T18:55:49-05:00[America/New_York],Yes,2021-02-07,68086,Sunday
1808,B,11,2021-02-07T18:55:49-05:00[America/New_York],2021-02-07T18:56:00-05:00[America/New_York],Yes,2021-02-07,68149,Sunday
1808,C,31,2021-02-07T18:56:00-05:00[America/New_York],2021-02-07T18:56:31-05:00[America/New_York],Yes,2021-02-07,68160,Sunday
1808,<A>,67,2021-02-07T18:56:31-05:00[America/New_York],2021-02-07T18:57:38-05:00[America/New_York],NA,2021-02-07,68191,Sunday
1808,C,24,2021-02-07T18:57:38-05:00[America/New_York],2021-02-07T18:58:02-05:00[America/New_York],Yes,2021-02-07,68258,Sunday
1808,<A>,86,2021-02-07T18:58:02-05:00[America/New_York],2021-02-07T18:59:28-05:00[America/New_York],NA,2021-02-07,68282,Sunday
1808,C,32,2021-02-07T18:59:28-05:00[America/New_York],2021-02-07T19:00:00-05:00[America/New_York],Yes,2021-02-07,68368,Sunday
1808,<A>,68,2021-02-07T19:00:00-05:00[America/New_York],2021-02-07T19:01:08-05:00[America/New_York],NA,2021-02-07,68400,Sunday
1808,C,25,2021-02-07T19:01:08-05:00[America/New_York],2021-02-07T19:01:33-05:00[America/New_York],Yes,2021-02-07,68468,Sunday
1808,<A>,46,2021-02-07T19:01:33-05:00[America/New_York],2021-02-07T19:02:19-05:00[America/New_York],Yes,2021-02-07,68493,Sunday
1808,C,27,2021-02-07T19:02:19-05:00[America/New_York],2021-02-07T19:02:46-05:00[America/New_York],Yes,2021-02-07,68539,Sunday
1808,<A>,63,2021-02-07T19:02:46-05:00[America/New_York],2021-02-07T19:03:49-05:00[America/New_York],NA,2021-02-07,68566,Sunday
1808,C,32,2021-02-07T19:03:49-05:00[America/New_York],2021-02-07T19:04:21-05:00[America/New_York],Yes,2021-02-07,68629,Sunday
1808,<A>,79,2021-02-07T19:04:21-05:00[America/New_York],2021-02-07T19:05:40-05:00[America/New_York],NA,2021-02-07,68661,Sunday
1808,C,27,2021-02-07T19:05:40-05:00[America/New_York],2021-02-07T19:06:07-05:00[America/New_York],Yes,2021-02-07,68740,Sunday
1808,<A>,47,2021-02-07T19:06:07-05:00[America/New_York],2021-02-07T19:06:54-05:00[America/New_York],Yes,2021-02-07,68767,Sunday
1808,C,28,2021-02-07T19:06:54-05:00[America/New_York],2021-02-07T19:07:22-05:00[America/New_York],Yes,2021-02-07,68814,Sunday
1808,<A>,61,2021-02-07T19:07:22-05:00[America/New_York],2021-02-07T19:08:23-05:00[America/New_York],Yes,2021-02-07,68842,Sunday
1808,B,13,2021-02-07T19:08:23-05:00[America/New_York],2021-02-07T19:08:36-05:00[America/New_York],NA,2021-02-07,68903,Sunday
1808,C,28,2021-02-07T19:08:36-05:00[America/New_York],2021-02-07T19:09:04-05:00[America/New_York],Yes,2021-02-07,68916,Sunday
1808,<A>,65,2021-02-07T19:09:04-05:00[America/New_York],2021-02-07T19:10:09-05:00[America/New_York],NA,2021-02-07,68944,Sunday
1808,B,9,2021-02-07T19:10:09-05:00[America/New_York],2021-02-07T19:10:18-05:00[America/New_York],Yes,2021-02-07,69009,Sunday
1808,C,30,2021-02-07T19:10:18-05:00[America/New_York],2021-02-07T19:10:48-05:00[America/New_York],Yes,2021-02-07,69018,Sunday
1808,<A>,73,2021-02-07T19:10:48-05:00[America/New_York],2021-02-07T19:12:01-05:00[America/New_York],NA,2021-02-07,69048,Sunday
1808,B,11,2021-02-07T19:12:01-05:00[America/New_York],2021-02-07T19:12:12-05:00[America/New_York],Yes,2021-02-07,69121,Sunday
1808,C,25,2021-02-07T19:12:12-05:00[America/New_York],2021-02-07T19:12:37-05:00[America/New_York],Yes,2021-02-07,69132,Sunday
1808,<A>,70,2021-02-07T19:12:37-05:00[America/New_York],2021-02-07T19:13:47-05:00[America/New_York],NA,2021-02-07,69157,Sunday
1808,C,26,2021-02-07T19:13:47-05:00[America/New_York],2021-02-07T19:14:13-05:00[America/New_York],Yes,2021-02-07,69227,Sunday
1808,<A>,53,2021-02-07T19:14:13-05:00[America/New_York],2021-02-07T19:15:06-05:00[America/New_York],Yes,2021-02-07,69253,Sunday
1808,C,28,2021-02-07T19:15:06-05:00[America/New_York],2021-02-07T19:15:34-05:00[America/New_York],Yes,2021-02-07,69306,Sunday
1808,<A>,56,2021-02-07T19:15:34-05:00[America/New_York],2021-02-07T19:16:30-05:00[America/New_York],Yes,2021-02-07,69334,Sunday
1808,C,32,2021-02-07T19:16:30-05:00[America/New_York],2021-02-07T19:17:02-05:00[America/New_York],Yes,2021-02-07,69390,Sunday
1808,<A>,47,2021-02-07T19:17:02-05:00[America/New_York],2021-02-07T19:17:49-05:00[America/New_York],NA,2021-02-07,69422,Sunday
1808,B,9,2021-02-07T19:17:49-05:00[America/New_York],2021-02-07T19:17:58-05:00[America/New_York],Yes,2021-02-07,69469,Sunday
1808,C,24,2021-02-07T19:17:58-05:00[America/New_York],2021-02-07T19:18:22-05:00[America/New_York],Yes,2021-02-07,69478,Sunday
1808,<A>,88,2021-02-07T19:18:22-05:00[America/New_York],2021-02-07T19:19:50-05:00[America/New_York],NA,2021-02-07,69502,Sunday
1808,B,9,2021-02-07T19:19:50-05:00[America/New_York],2021-02-07T19:19:59-05:00[America/New_York],Yes,2021-02-07,69590,Sunday
1808,C,31,2021-02-07T19:19:59-05:00[America/New_York],2021-02-07T19:20:30-05:00[America/New_York],Yes,2021-02-07,69599,Sunday
1808,<A>,60,2021-02-07T19:20:30-05:00[America/New_York],2021-02-07T19:21:30-05:00[America/New_York],NA,2021-02-07,69630,Sunday
1808,B,9,2021-02-07T19:21:30-05:00[America/New_York],2021-02-07T19:21:39-05:00[America/New_York],Yes,2021-02-07,69690,Sunday
1808,C,23,2021-02-07T19:21:39-05:00[America/New_York],2021-02-07T19:22:02-05:00[America/New_York],Yes,2021-02-07,69699,Sunday
1808,<A>,54,2021-02-07T19:22:02-05:00[America/New_York],2021-02-07T19:22:56-05:00[America/New_York],Yes,2021-02-07,69722,Sunday
1808,B,11,2021-02-07T19:22:56-05:00[America/New_York],2021-02-07T19:23:07-05:00[America/New_York],Yes,2021-02-07,69776,Sunday
1808,C,28,2021-02-07T19:23:07-05:00[America/New_York],2021-02-07T19:23:35-05:00[America/New_York],Yes,2021-02-07,69787,Sunday
1808,<A>,72,2021-02-07T19:23:35-05:00[America/New_York],2021-02-07T19:24:47-05:00[America/New_York],NA,2021-02-07,69815,Sunday
1808,C,28,2021-02-07T19:24:47-05:00[America/New_York],2021-02-07T19:25:15-05:00[America/New_York],Yes,2021-02-07,69887,Sunday
1808,<A>,72,2021-02-07T19:25:15-05:00[America/New_York],2021-02-07T19:26:27-05:00[America/New_York],NA,2021-02-07,69915,Sunday
1808,B,14,2021-02-07T19:26:27-05:00[America/New_York],2021-02-07T19:26:41-05:00[America/New_York],NA,2021-02-07,69987,Sunday
1808,C,22,2021-02-07T19:26:41-05:00[America/New_York],2021-02-07T19:27:03-05:00[America/New_York],Yes,2021-02-07,70001,Sunday
1808,<A>,53,2021-02-07T19:27:03-05:00[America/New_York],2021-02-07T19:27:56-05:00[America/New_York],Yes,2021-02-07,70023,Sunday
1808,B,9,2021-02-07T19:27:56-05:00[America/New_York],2021-02-07T19:28:05-05:00[America/New_York],Yes,2021-02-07,70076,Sunday
1808,C,23,2021-02-07T19:28:05-05:00[America/New_York],2021-02-07T19:28:28-05:00[America/New_York],Yes,2021-02-07,70085,Sunday
1808,<A>,68,2021-02-07T19:28:28-05:00[America/New_York],2021-02-07T19:29:36-05:00[America/New_York],NA,2021-02-07,70108,Sunday
1808,C,27,2021-02-07T19:29:36-05:00[America/New_York],2021-02-07T19:30:03-05:00[America/New_York],Yes,2021-02-07,70176,Sunday
1808,<A>,69,2021-02-07T19:30:03-05:00[America/New_York],2021-02-07T19:31:12-05:00[America/New_York],Yes,2021-02-07,70203,Sunday
1808,B,9,2021-02-07T19:31:12-05:00[America/New_York],2021-02-07T19:31:21-05:00[America/New_York],Yes,2021-02-07,70272,Sunday
1808,C,26,2021-02-07T19:31:21-05:00[America/New_York],2021-02-07T19:31:47-05:00[America/New_York],Yes,2021-02-07,70281,Sunday
1808,<A>,67,2021-02-07T19:31:47-05:00[America/New_York],2021-02-07T19:32:54-05:00[America/New_York],NA,2021-02-07,70307,Sunday
1808,B,11,2021-02-07T19:32:54-05:00[America/New_York],2021-02-07T19:33:05-05:00[America/New_York],Yes,2021-02-07,70374,Sunday
1808,C,28,2021-02-07T19:33:05-05:00[America/New_York],2021-02-07T19:33:33-05:00[America/New_York],Yes,2021-02-07,70385,Sunday
1808,<A>,73,2021-02-07T19:33:33-05:00[America/New_York],2021-02-07T19:34:46-05:00[America/New_York],NA,2021-02-07,70413,Sunday
1808,C,23,2021-02-07T19:34:46-05:00[America/New_York],2021-02-07T19:35:09-05:00[America/New_York],Yes,2021-02-07,70486,Sunday
1808,<A>,40,2021-02-07T19:35:09-05:00[America/New_York],2021-02-07T19:35:49-05:00[America/New_York],Yes,2021-02-07,70509,Sunday
1808,C,24,2021-02-07T19:35:49-05:00[America/New_York],2021-02-07T19:36:13-05:00[America/New_York],Yes,2021-02-07,70549,Sunday
1808,<A>,47,2021-02-07T19:36:13-05:00[America/New_York],2021-02-07T19:37:00-05:00[America/New_York],NA,2021-02-07,70573,Sunday
1808,C,24,2021-02-07T19:37:00-05:00[America/New_York],2021-02-07T19:37:24-05:00[America/New_York],Yes,2021-02-07,70620,Sunday
1808,<A>,74,2021-02-07T19:37:24-05:00[America/New_York],2021-02-07T19:38:38-05:00[America/New_York],Yes,2021-02-07,70644,Sunday
1808,C,26,2021-02-07T19:38:38-05:00[America/New_York],2021-02-07T19:39:04-05:00[America/New_York],Yes,2021-02-07,70718,Sunday
1808,<A>,78,2021-02-07T19:39:04-05:00[America/New_York],2021-02-07T19:40:22-05:00[America/New_York],NA,2021-02-07,70744,Sunday
1808,C,33,2021-02-07T19:40:22-05:00[America/New_York],2021-02-07T19:40:55-05:00[America/New_York],Yes,2021-02-07,70822,Sunday
1808,<A>,67,2021-02-07T19:40:55-05:00[America/New_York],2021-02-07T19:42:02-05:00[America/New_York],NA,2021-02-07,70855,Sunday
1808,C,38,2021-02-07T19:42:02-05:00[America/New_York],2021-02-07T19:42:40-05:00[America/New_York],Yes,2021-02-07,70922,Sunday
1808,<A>,44,2021-02-07T19:42:40-05:00[America/New_York],2021-02-07T19:43:24-05:00[America/New_York],Yes,2021-02-07,70960,Sunday
1808,B,12,2021-02-07T19:43:24-05:00[America/New_York],2021-02-07T19:43:36-05:00[America/New_York],Yes,2021-02-07,71004,Sunday
1808,C,26,2021-02-07T19:43:36-05:00[America/New_York],2021-02-07T19:44:02-05:00[America/New_York],Yes,2021-02-07,71016,Sunday
1808,<A>,68,2021-02-07T19:44:02-05:00[America/New_York],2021-02-07T19:45:10-05:00[America/New_York],NA,2021-02-07,71042,Sunday
1808,C,22,2021-02-07T19:45:10-05:00[America/New_York],2021-02-07T19:45:32-05:00[America/New_York],Yes,2021-02-07,71110,Sunday
1808,<A>,69,2021-02-07T19:45:32-05:00[America/New_York],2021-02-07T19:46:41-05:00[America/New_York],Yes,2021-02-07,71132,Sunday
1808,B,9,2021-02-07T19:46:41-05:00[America/New_York],2021-02-07T19:46:50-05:00[America/New_York],Yes,2021-02-07,71201,Sunday
1808,C,38,2021-02-07T19:46:50-05:00[America/New_York],2021-02-07T19:47:28-05:00[America/New_York],NA,2021-02-07,71210,Sunday
1808,<A>,64,2021-02-07T19:47:28-05:00[America/New_York],2021-02-07T19:48:32-05:00[America/New_York],NA,2021-02-07,71248,Sunday
1808,C,24,2021-02-07T19:48:32-05:00[America/New_York],2021-02-07T19:48:56-05:00[America/New_York],Yes,2021-02-07,71312,Sunday
1808,<A>,69,2021-02-07T19:48:56-05:00[America/New_York],2021-02-07T19:50:05-05:00[America/New_York],Yes,2021-02-07,71336,Sunday
1808,C,30,2021-02-07T19:50:05-05:00[America/New_York],2021-02-07T19:50:35-05:00[America/New_York],Yes,2021-02-07,71405,Sunday
1808,<A>,83,2021-02-07T19:50:35-05:00[America/New_York],2021-02-07T19:51:58-05:00[America/New_York],NA,2021-02-07,71435,Sunday
1808,C,23,2021-02-07T19:51:58-05:00[America/New_York],2021-02-07T19:52:21-05:00[America/New_York],Yes,2021-02-07,71518,Sunday
1808,<A>,76,2021-02-07T19:52:21-05:00[America/New_York],2021-02-07T19:53:37-05:00[America/New_York],NA,2021-02-07,71541,Sunday
1808,C,28,2021-02-07T19:53:37-05:00[America/New_York],2021-02-07T19:54:05-05:00[America/New_York],Yes,2021-02-07,71617,Sunday
1808,<A>,64,2021-02-07T19:54:05-05:00[America/New_York],2021-02-07T19:55:09-05:00[America/New_York],Yes,2021-02-07,71645,Sunday
1808,C,30,2021-02-07T19:55:09-05:00[America/New_York],2021-02-07T19:55:39-05:00[America/New_York],Yes,2021-02-07,71709,Sunday
1808,<A>,69,2021-02-07T19:55:39-05:00[America/New_York],2021-02-07T19:56:48-05:00[America/New_York],Yes,2021-02-07,71739,Sunday
1808,C,36,2021-02-07T19:56:48-05:00[America/New_York],2021-02-07T19:57:24-05:00[America/New_York],Yes,2021-02-07,71808,Sunday
1808,<A>,78,2021-02-07T19:57:24-05:00[America/New_York],2021-02-07T19:58:42-05:00[America/New_York],NA,2021-02-07,71844,Sunday
1808,B,9,2021-02-07T19:58:42-05:00[America/New_York],2021-02-07T19:58:51-05:00[America/New_York],Yes,2021-02-07,71922,Sunday
1808,C,34,2021-02-07T19:58:51-05:00[America/New_York],2021-02-07T19:59:25-05:00[America/New_York],Yes,2021-02-07,71931,Sunday
1808,<A>,64,2021-02-07T19:59:25-05:00[America/New_York],2021-02-07T20:00:29-05:00[America/New_York],NA,2021-02-07,71965,Sunday
1808,B,9,2021-02-07T20:00:29-05:00[America/New_York],2021-02-07T20:00:38-05:00[America/New_York],Yes,2021-02-07,72029,Sunday
1808,C,25,2021-02-07T20:00:38-05:00[America/New_York],2021-02-07T20:01:03-05:00[America/New_York],Yes,2021-02-07,72038,Sunday
1808,<A>,76,2021-02-07T20:01:03-05:00[America/New_York],2021-02-07T20:02:19-05:00[America/New_York],NA,2021-02-07,72063,Sunday
1808,C,22,2021-02-07T20:02:19-05:00[America/New_York],2021-02-07T20:02:41-05:00[America/New_York],Yes,2021-02-07,72139,Sunday
1808,<A>,47,2021-02-07T20:02:41-05:00[America/New_York],2021-02-07T20:03:28-05:00[America/New_York],Yes,2021-02-07,72161,Sunday
1808,C,25,2021-02-07T20:03:28-05:00[America/New_York],2021-02-07T20:03:53-05:00[America/New_York],Yes,2021-02-07,72208,Sunday
1808,<A>,71,2021-02-07T20:03:53-05:00[America/New_York],2021-02-07T20:05:04-05:00[America/New_York],NA,2021-02-07,72233,Sunday
1808,C,33,2021-02-07T20:05:04-05:00[America/New_York],2021-02-07T20:05:37-05:00[America/New_York],Yes,2021-02-07,72304,Sunday
1808,<A>,120,2021-02-07T20:05:37-05:00[America/New_York],2021-02-07T20:07:37-05:00[America/New_York],NA,2021-02-07,72337,Sunday
1808,C,26,2021-02-07T20:07:37-05:00[America/New_York],2021-02-07T20:08:03-05:00[America/New_York],Yes,2021-02-07,72457,Sunday
1808,<A>,49,2021-02-07T20:08:03-05:00[America/New_York],2021-02-07T20:08:52-05:00[America/New_York],Yes,2021-02-07,72483,Sunday
1808,B,9,2021-02-07T20:08:52-05:00[America/New_York],2021-02-07T20:09:01-05:00[America/New_York],Yes,2021-02-07,72532,Sunday
1808,C,30,2021-02-07T20:09:01-05:00[America/New_York],2021-02-07T20:09:31-05:00[America/New_York],Yes,2021-02-07,72541,Sunday
1808,<A>,51,2021-02-07T20:09:31-05:00[America/New_York],2021-02-07T20:10:22-05:00[America/New_York],Yes,2021-02-07,72571,Sunday
1808,B,11,2021-02-07T20:10:22-05:00[America/New_York],2021-02-07T20:10:33-05:00[America/New_York],Yes,2021-02-07,72622,Sunday
1808,C,26,2021-02-07T20:10:33-05:00[America/New_York],2021-02-07T20:10:59-05:00[America/New_York],Yes,2021-02-07,72633,Sunday
1808,<A>,70,2021-02-07T20:10:59-05:00[America/New_York],2021-02-07T20:12:09-05:00[America/New_York],NA,2021-02-07,72659,Sunday
1808,C,28,2021-02-07T20:12:09-05:00[America/New_York],2021-02-07T20:12:37-05:00[America/New_York],Yes,2021-02-07,72729,Sunday
1808,<A>,72,2021-02-07T20:12:37-05:00[America/New_York],2021-02-07T20:13:49-05:00[America/New_York],NA,2021-02-07,72757,Sunday
1808,B,10,2021-02-07T20:13:49-05:00[America/New_York],2021-02-07T20:13:59-05:00[America/New_York],Yes,2021-02-07,72829,Sunday
1808,C,27,2021-02-07T20:13:59-05:00[America/New_York],2021-02-07T20:14:26-05:00[America/New_York],Yes,2021-02-07,72839,Sunday
1808,<A>,91,2021-02-07T20:14:26-05:00[America/New_York],2021-02-07T20:15:57-05:00[America/New_York],NA,2021-02-07,72866,Sunday
1808,C,26,2021-02-07T20:15:57-05:00[America/New_York],2021-02-07T20:16:23-05:00[America/New_York],Yes,2021-02-07,72957,Sunday
1808,<A>,74,2021-02-07T20:16:23-05:00[America/New_York],2021-02-07T20:17:37-05:00[America/New_York],NA,2021-02-07,72983,Sunday
1808,C,31,2021-02-07T20:17:37-05:00[America/New_York],2021-02-07T20:18:08-05:00[America/New_York],Yes,2021-02-07,73057,Sunday
1808,<A>,69,2021-02-07T20:18:08-05:00[America/New_York],2021-02-07T20:19:17-05:00[America/New_York],NA,2021-02-07,73088,Sunday
1808,B,10,2021-02-07T20:19:17-05:00[America/New_York],2021-02-07T20:19:27-05:00[America/New_York],Yes,2021-02-07,73157,Sunday
1808,C,24,2021-02-07T20:19:27-05:00[America/New_York],2021-02-07T20:19:51-05:00[America/New_York],Yes,2021-02-07,73167,Sunday
1808,<A>,70,2021-02-07T20:19:51-05:00[America/New_York],2021-02-07T20:21:01-05:00[America/New_York],NA,2021-02-07,73191,Sunday
1808,C,26,2021-02-07T20:21:01-05:00[America/New_York],2021-02-07T20:21:27-05:00[America/New_York],Yes,2021-02-07,73261,Sunday
1808,<A>,58,2021-02-07T20:21:27-05:00[America/New_York],2021-02-07T20:22:25-05:00[America/New_York],Yes,2021-02-07,73287,Sunday
1808,B,9,2021-02-07T20:22:25-05:00[America/New_York],2021-02-07T20:22:34-05:00[America/New_York],Yes,2021-02-07,73345,Sunday
1808,C,23,2021-02-07T20:22:34-05:00[America/New_York],2021-02-07T20:22:57-05:00[America/New_York],Yes,2021-02-07,73354,Sunday
1808,<A>,48,2021-02-07T20:22:57-05:00[America/New_York],2021-02-07T20:23:45-05:00[America/New_York],Yes,2021-02-07,73377,Sunday
1808,B,9,2021-02-07T20:23:45-05:00[America/New_York],2021-02-07T20:23:54-05:00[America/New_York],Yes,2021-02-07,73425,Sunday
1808,C,38,2021-02-07T20:23:54-05:00[America/New_York],2021-02-07T20:24:32-05:00[America/New_York],NA,2021-02-07,73434,Sunday
1808,<A>,64,2021-02-07T20:24:32-05:00[America/New_York],2021-02-07T20:25:36-05:00[America/New_York],NA,2021-02-07,73472,Sunday
1808,C,22,2021-02-07T20:25:36-05:00[America/New_York],2021-02-07T20:25:58-05:00[America/New_York],Yes,2021-02-07,73536,Sunday
1808,<A>,49,2021-02-07T20:25:58-05:00[America/New_York],2021-02-07T20:26:47-05:00[America/New_York],Yes,2021-02-07,73558,Sunday
1808,C,24,2021-02-07T20:26:47-05:00[America/New_York],2021-02-07T20:27:11-05:00[America/New_York],Yes,2021-02-07,73607,Sunday
1808,<A>,40,2021-02-07T20:27:11-05:00[America/New_York],2021-02-07T20:27:51-05:00[America/New_York],Yes,2021-02-07,73631,Sunday
1808,C,25,2021-02-07T20:27:51-05:00[America/New_York],2021-02-07T20:28:16-05:00[America/New_York],Yes,2021-02-07,73671,Sunday
1808,<A>,85,2021-02-07T20:28:16-05:00[America/New_York],2021-02-07T20:29:41-05:00[America/New_York],NA,2021-02-07,73696,Sunday
1808,C,27,2021-02-07T20:29:41-05:00[America/New_York],2021-02-07T20:30:08-05:00[America/New_York],Yes,2021-02-07,73781,Sunday
1808,<A>,46,2021-02-07T20:30:08-05:00[America/New_York],2021-02-07T20:30:54-05:00[America/New_York],Yes,2021-02-07,73808,Sunday
1808,B,9,2021-02-07T20:30:54-05:00[America/New_York],2021-02-07T20:31:03-05:00[America/New_York],Yes,2021-02-07,73854,Sunday
1808,C,28,2021-02-07T20:31:03-05:00[America/New_York],2021-02-07T20:31:31-05:00[America/New_York],Yes,2021-02-07,73863,Sunday
1808,<A>,71,2021-02-07T20:31:31-05:00[America/New_York],2021-02-07T20:32:42-05:00[America/New_York],NA,2021-02-07,73891,Sunday
1808,C,22,2021-02-07T20:32:42-05:00[America/New_York],2021-02-07T20:33:04-05:00[America/New_York],Yes,2021-02-07,73962,Sunday
1808,<A>,59,2021-02-07T20:33:04-05:00[America/New_York],2021-02-07T20:34:03-05:00[America/New_York],Yes,2021-02-07,73984,Sunday
1808,C,27,2021-02-07T20:34:03-05:00[America/New_York],2021-02-07T20:34:30-05:00[America/New_York],Yes,2021-02-07,74043,Sunday
1808,<A>,80,2021-02-07T20:34:30-05:00[America/New_York],2021-02-07T20:35:50-05:00[America/New_York],Yes,2021-02-07,74070,Sunday
1808,B,11,2021-02-07T20:35:50-05:00[America/New_York],2021-02-07T20:36:01-05:00[America/New_York],Yes,2021-02-07,74150,Sunday
1808,C,25,2021-02-07T20:36:01-05:00[America/New_York],2021-02-07T20:36:26-05:00[America/New_York],Yes,2021-02-07,74161,Sunday
1808,<A>,66,2021-02-07T20:36:26-05:00[America/New_York],2021-02-07T20:37:32-05:00[America/New_York],NA,2021-02-07,74186,Sunday
1808,C,26,2021-02-07T20:37:32-05:00[America/New_York],2021-02-07T20:37:58-05:00[America/New_York],Yes,2021-02-07,74252,Sunday
1808,<A>,39,2021-02-07T20:37:58-05:00[America/New_York],2021-02-07T20:38:37-05:00[America/New_York],Yes,2021-02-07,74278,Sunday
1808,B,10,2021-02-07T20:38:37-05:00[America/New_York],2021-02-07T20:38:47-05:00[America/New_York],Yes,2021-02-07,74317,Sunday
1808,C,22,2021-02-07T20:38:47-05:00[America/New_York],2021-02-07T20:39:09-05:00[America/New_York],Yes,2021-02-07,74327,Sunday
1808,<A>,48,2021-02-07T20:39:09-05:00[America/New_York],2021-02-07T20:39:57-05:00[America/New_York],Yes,2021-02-07,74349,Sunday
1808,B,10,2021-02-07T20:39:57-05:00[America/New_York],2021-02-07T20:40:07-05:00[America/New_York],Yes,2021-02-07,74397,Sunday
1808,C,28,2021-02-07T20:40:07-05:00[America/New_York],2021-02-07T20:40:35-05:00[America/New_York],Yes,2021-02-07,74407,Sunday
1808,<A>,80,2021-02-07T20:40:35-05:00[America/New_York],2021-02-07T20:41:55-05:00[America/New_York],NA,2021-02-07,74435,Sunday
1808,C,26,2021-02-07T20:41:55-05:00[America/New_York],2021-02-07T20:42:21-05:00[America/New_York],Yes,2021-02-07,74515,Sunday
1808,<A>,45,2021-02-07T20:42:21-05:00[America/New_York],2021-02-07T20:43:06-05:00[America/New_York],Yes,2021-02-07,74541,Sunday
1808,C,28,2021-02-07T20:43:06-05:00[America/New_York],2021-02-07T20:43:34-05:00[America/New_York],Yes,2021-02-07,74586,Sunday
1808,<A>,50,2021-02-07T20:43:34-05:00[America/New_York],2021-02-07T20:44:24-05:00[America/New_York],NA,2021-02-07,74614,Sunday
1808,B,9,2021-02-07T20:44:24-05:00[America/New_York],2021-02-07T20:44:33-05:00[America/New_York],Yes,2021-02-07,74664,Sunday
1808,C,26,2021-02-07T20:44:33-05:00[America/New_York],2021-02-07T20:44:59-05:00[America/New_York],Yes,2021-02-07,74673,Sunday
1808,<A>,81,2021-02-07T20:44:59-05:00[America/New_York],2021-02-07T20:46:20-05:00[America/New_York],NA,2021-02-07,74699,Sunday
1808,C,23,2021-02-07T20:46:20-05:00[America/New_York],2021-02-07T20:46:43-05:00[America/New_York],Yes,2021-02-07,74780,Sunday
1808,<A>,50,2021-02-07T20:46:43-05:00[America/New_York],2021-02-07T20:47:33-05:00[America/New_York],Yes,2021-02-07,74803,Sunday
1808,C,26,2021-02-07T20:47:33-05:00[America/New_York],2021-02-07T20:47:59-05:00[America/New_York],Yes,2021-02-07,74853,Sunday
1808,<A>,83,2021-02-07T20:47:59-05:00[America/New_York],2021-02-07T20:49:22-05:00[America/New_York],NA,2021-02-07,74879,Sunday
1808,C,33,2021-02-07T20:49:22-05:00[America/New_York],2021-02-07T20:49:55-05:00[America/New_York],Yes,2021-02-07,74962,Sunday
1808,<A>,71,2021-02-07T20:49:55-05:00[America/New_York],2021-02-07T20:51:06-05:00[America/New_York],NA,2021-02-07,74995,Sunday
1808,C,32,2021-02-07T20:51:06-05:00[America/New_York],2021-02-07T20:51:38-05:00[America/New_York],Yes,2021-02-07,75066,Sunday
1808,<A>,47,2021-02-07T20:51:38-05:00[America/New_York],2021-02-07T20:52:25-05:00[America/New_York],Yes,2021-02-07,75098,Sunday
1808,B,9,2021-02-07T20:52:25-05:00[America/New_York],2021-02-07T20:52:34-05:00[America/New_York],Yes,2021-02-07,75145,Sunday
1808,C,23,2021-02-07T20:52:34-05:00[America/New_York],2021-02-07T20:52:57-05:00[America/New_York],Yes,2021-02-07,75154,Sunday
1808,<A>,71,2021-02-07T20:52:57-05:00[America/New_York],2021-02-07T20:54:08-05:00[America/New_York],NA,2021-02-07,75177,Sunday
1808,B,9,2021-02-07T20:54:08-05:00[America/New_York],2021-02-07T20:54:17-05:00[America/New_York],Yes,2021-02-07,75248,Sunday
1808,C,23,2021-02-07T20:54:17-05:00[America/New_York],2021-02-07T20:54:40-05:00[America/New_York],Yes,2021-02-07,75257,Sunday
1808,<A>,47,2021-02-07T20:54:40-05:00[America/New_York],2021-02-07T20:55:27-05:00[America/New_York],Yes,2021-02-07,75280,Sunday
1808,B,9,2021-02-07T20:55:27-05:00[America/New_York],2021-02-07T20:55:36-05:00[America/New_York],Yes,2021-02-07,75327,Sunday
1808,C,24,2021-02-07T20:55:36-05:00[America/New_York],2021-02-07T20:56:00-05:00[America/New_York],Yes,2021-02-07,75336,Sunday
1808,<A>,73,2021-02-07T20:56:00-05:00[America/New_York],2021-02-07T20:57:13-05:00[America/New_York],NA,2021-02-07,75360,Sunday
1808,C,28,2021-02-07T20:57:13-05:00[America/New_York],2021-02-07T20:57:41-05:00[America/New_York],Yes,2021-02-07,75433,Sunday
1808,<A>,44,2021-02-07T20:57:41-05:00[America/New_York],2021-02-07T20:58:25-05:00[America/New_York],Yes,2021-02-07,75461,Sunday
1808,C,22,2021-02-07T20:58:25-05:00[America/New_York],2021-02-07T20:58:47-05:00[America/New_York],Yes,2021-02-07,75505,Sunday
1808,<A>,80,2021-02-07T20:58:47-05:00[America/New_York],2021-02-07T21:00:07-05:00[America/New_York],NA,2021-02-07,75527,Sunday
1808,C,33,2021-02-07T21:00:07-05:00[America/New_York],2021-02-07T21:00:40-05:00[America/New_York],Yes,2021-02-07,75607,Sunday
1808,<A>,56,2021-02-07T21:00:40-05:00[America/New_York],2021-02-07T21:01:36-05:00[America/New_York],Yes,2021-02-07,75640,Sunday
1808,B,11,2021-02-07T21:01:36-05:00[America/New_York],2021-02-07T21:01:47-05:00[America/New_York],Yes,2021-02-07,75696,Sunday
1808,C,22,2021-02-07T21:01:47-05:00[America/New_York],2021-02-07T21:02:09-05:00[America/New_York],Yes,2021-02-07,75707,Sunday
1808,<A>,69,2021-02-07T21:02:09-05:00[America/New_York],2021-02-07T21:03:18-05:00[America/New_York],NA,2021-02-07,75729,Sunday
1808,C,22,2021-02-07T21:03:18-05:00[America/New_York],2021-02-07T21:03:40-05:00[America/New_York],Yes,2021-02-07,75798,Sunday
1808,<A>,51,2021-02-07T21:03:40-05:00[America/New_York],2021-02-07T21:04:31-05:00[America/New_York],Yes,2021-02-07,75820,Sunday
1808,B,9,2021-02-07T21:04:31-05:00[America/New_York],2021-02-07T21:04:40-05:00[America/New_York],Yes,2021-02-07,75871,Sunday
1808,C,23,2021-02-07T21:04:40-05:00[America/New_York],2021-02-07T21:05:03-05:00[America/New_York],Yes,2021-02-07,75880,Sunday
1808,<A>,74,2021-02-07T21:05:03-05:00[America/New_York],2021-02-07T21:06:17-05:00[America/New_York],NA,2021-02-07,75903,Sunday
1808,C,23,2021-02-07T21:06:17-05:00[America/New_York],2021-02-07T21:06:40-05:00[America/New_York],Yes,2021-02-07,75977,Sunday
1808,<A>,156,2021-02-07T21:06:40-05:00[America/New_York],2021-02-07T21:09:16-05:00[America/New_York],NA,2021-02-07,76000,Sunday
1808,C,24,2021-02-07T21:09:16-05:00[America/New_York],2021-02-07T21:09:40-05:00[America/New_York],Yes,2021-02-07,76156,Sunday
1808,<A>,71,2021-02-07T21:09:40-05:00[America/New_York],2021-02-07T21:10:51-05:00[America/New_York],NA,2021-02-07,76180,Sunday
1808,B,9,2021-02-07T21:10:51-05:00[America/New_York],2021-02-07T21:11:00-05:00[America/New_York],Yes,2021-02-07,76251,Sunday
1808,C,23,2021-02-07T21:11:00-05:00[America/New_York],2021-02-07T21:11:23-05:00[America/New_York],Yes,2021-02-07,76260,Sunday
1808,<A>,50,2021-02-07T21:11:23-05:00[America/New_York],2021-02-07T21:12:13-05:00[America/New_York],Yes,2021-02-07,76283,Sunday
1808,B,9,2021-02-07T21:12:13-05:00[America/New_York],2021-02-07T21:12:22-05:00[America/New_York],Yes,2021-02-07,76333,Sunday
1808,C,23,2021-02-07T21:12:22-05:00[America/New_York],2021-02-07T21:12:45-05:00[America/New_York],Yes,2021-02-07,76342,Sunday
1808,<A>,69,2021-02-07T21:12:45-05:00[America/New_York],2021-02-07T21:13:54-05:00[America/New_York],NA,2021-02-07,76365,Sunday
1808,C,31,2021-02-07T21:13:54-05:00[America/New_York],2021-02-07T21:14:25-05:00[America/New_York],Yes,2021-02-07,76434,Sunday
1808,<A>,71,2021-02-07T21:14:25-05:00[America/New_York],2021-02-07T21:15:36-05:00[America/New_York],NA,2021-02-07,76465,Sunday
1808,C,23,2021-02-07T21:15:36-05:00[America/New_York],2021-02-07T21:15:59-05:00[America/New_York],Yes,2021-02-07,76536,Sunday
1808,<A>,79,2021-02-07T21:15:59-05:00[America/New_York],2021-02-07T21:17:18-05:00[America/New_York],NA,2021-02-07,76559,Sunday
1808,C,34,2021-02-07T21:17:18-05:00[America/New_York],2021-02-07T21:17:52-05:00[America/New_York],Yes,2021-02-07,76638,Sunday
1808,<A>,74,2021-02-07T21:17:52-05:00[America/New_York],2021-02-07T21:19:06-05:00[America/New_York],NA,2021-02-07,76672,Sunday
1808,C,22,2021-02-07T21:19:06-05:00[America/New_York],2021-02-07T21:19:28-05:00[America/New_York],Yes,2021-02-07,76746,Sunday
1808,<A>,79,2021-02-07T21:19:28-05:00[America/New_York],2021-02-07T21:20:47-05:00[America/New_York],NA,2021-02-07,76768,Sunday
1808,C,27,2021-02-07T21:20:47-05:00[America/New_York],2021-02-07T21:21:14-05:00[America/New_York],Yes,2021-02-07,76847,Sunday
1808,<A>,68,2021-02-07T21:21:14-05:00[America/New_York],2021-02-07T21:22:22-05:00[America/New_York],NA,2021-02-07,76874,Sunday
1808,C,27,2021-02-07T21:22:22-05:00[America/New_York],2021-02-07T21:22:49-05:00[America/New_York],Yes,2021-02-07,76942,Sunday
1808,<A>,47,2021-02-07T21:22:49-05:00[America/New_York],2021-02-07T21:23:36-05:00[America/New_York],Yes,2021-02-07,76969,Sunday
1808,C,29,2021-02-07T21:23:36-05:00[America/New_York],2021-02-07T21:24:05-05:00[America/New_York],Yes,2021-02-07,77016,Sunday
1808,<A>,64,2021-02-07T21:24:05-05:00[America/New_York],2021-02-07T21:25:09-05:00[America/New_York],Yes,2021-02-07,77045,Sunday
1808,C,24,2021-02-07T21:25:09-05:00[America/New_York],2021-02-07T21:25:33-05:00[America/New_York],Yes,2021-02-07,77109,Sunday
1808,<A>,86,2021-02-07T21:25:33-05:00[America/New_York],2021-02-07T21:26:59-05:00[America/New_York],Yes,2021-02-07,77133,Sunday
1808,B,9,2021-02-07T21:26:59-05:00[America/New_York],2021-02-07T21:27:08-05:00[America/New_York],Yes,2021-02-07,77219,Sunday
1808,C,22,2021-02-07T21:27:08-05:00[America/New_York],2021-02-07T21:27:30-05:00[America/New_York],Yes,2021-02-07,77228,Sunday
1808,<A>,92,2021-02-07T21:27:30-05:00[America/New_York],2021-02-07T21:29:02-05:00[America/New_York],NA,2021-02-07,77250,Sunday
1808,C,23,2021-02-07T21:29:02-05:00[America/New_York],2021-02-07T21:29:25-05:00[America/New_York],Yes,2021-02-07,77342,Sunday
1808,<A>,72,2021-02-07T21:29:25-05:00[America/New_York],2021-02-07T21:30:37-05:00[America/New_York],NA,2021-02-07,77365,Sunday
1808,B,10,2021-02-07T21:30:37-05:00[America/New_York],2021-02-07T21:30:47-05:00[America/New_York],Yes,2021-02-07,77437,Sunday
1808,C,26,2021-02-07T21:30:47-05:00[America/New_York],2021-02-07T21:31:13-05:00[America/New_York],Yes,2021-02-07,77447,Sunday
1808,<A>,79,2021-02-07T21:31:13-05:00[America/New_York],2021-02-07T21:32:32-05:00[America/New_York],NA,2021-02-07,77473,Sunday
1808,C,27,2021-02-07T21:32:32-05:00[America/New_York],2021-02-07T21:32:59-05:00[America/New_York],Yes,2021-02-07,77552,Sunday
1808,<A>,80,2021-02-07T21:32:59-05:00[America/New_York],2021-02-07T21:34:19-05:00[America/New_York],NA,2021-02-07,77579,Sunday
1808,C,27,2021-02-07T21:34:19-05:00[America/New_York],2021-02-07T21:34:46-05:00[America/New_York],Yes,2021-02-07,77659,Sunday
1808,<A>,77,2021-02-07T21:34:46-05:00[America/New_York],2021-02-07T21:36:03-05:00[America/New_York],NA,2021-02-07,77686,Sunday
1808,B,9,2021-02-07T21:36:03-05:00[America/New_York],2021-02-07T21:36:12-05:00[America/New_York],Yes,2021-02-07,77763,Sunday
1808,C,25,2021-02-07T21:36:12-05:00[America/New_York],2021-02-07T21:36:37-05:00[America/New_York],Yes,2021-02-07,77772,Sunday
1808,<A>,43,2021-02-07T21:36:37-05:00[America/New_York],2021-02-07T21:37:20-05:00[America/New_York],Yes,2021-02-07,77797,Sunday
1808,B,9,2021-02-07T21:37:20-05:00[America/New_York],2021-02-07T21:37:29-05:00[America/New_York],Yes,2021-02-07,77840,Sunday
1808,C,26,2021-02-07T21:37:29-05:00[America/New_York],2021-02-07T21:37:55-05:00[America/New_York],Yes,2021-02-07,77849,Sunday
1808,<A>,69,2021-02-07T21:37:55-05:00[America/New_York],2021-02-07T21:39:04-05:00[America/New_York],NA,2021-02-07,77875,Sunday
1808,C,27,2021-02-07T21:39:04-05:00[America/New_York],2021-02-07T21:39:31-05:00[America/New_York],Yes,2021-02-07,77944,Sunday
1808,<A>,68,2021-02-07T21:39:31-05:00[America/New_York],2021-02-07T21:40:39-05:00[America/New_York],NA,2021-02-07,77971,Sunday
1808,B,12,2021-02-07T21:40:39-05:00[America/New_York],2021-02-07T21:40:51-05:00[America/New_York],NA,2021-02-07,78039,Sunday
1808,C,25,2021-02-07T21:40:51-05:00[America/New_York],2021-02-07T21:41:16-05:00[America/New_York],Yes,2021-02-07,78051,Sunday
1808,<A>,44,2021-02-07T21:41:16-05:00[America/New_York],2021-02-07T21:42:00-05:00[America/New_York],Yes,2021-02-07,78076,Sunday
1808,B,10,2021-02-07T21:42:00-05:00[America/New_York],2021-02-07T21:42:10-05:00[America/New_York],Yes,2021-02-07,78120,Sunday
1808,C,23,2021-02-07T21:42:10-05:00[America/New_York],2021-02-07T21:42:33-05:00[America/New_York],Yes,2021-02-07,78130,Sunday
1808,<A>,71,2021-02-07T21:42:33-05:00[America/New_York],2021-02-07T21:43:44-05:00[America/New_York],NA,2021-02-07,78153,Sunday
1808,C,24,2021-02-07T21:43:44-05:00[America/New_York],2021-02-07T21:44:08-05:00[America/New_York],Yes,2021-02-07,78224,Sunday
1808,<A>,95,2021-02-07T21:44:08-05:00[America/New_York],2021-02-07T21:45:43-05:00[America/New_York],NA,2021-02-07,78248,Sunday
1808,C,27,2021-02-07T21:45:43-05:00[America/New_York],2021-02-07T21:46:10-05:00[America/New_York],Yes,2021-02-07,78343,Sunday
1808,<A>,73,2021-02-07T21:46:10-05:00[America/New_York],2021-02-07T21:47:23-05:00[America/New_York],NA,2021-02-07,78370,Sunday
1808,B,9,2021-02-07T21:47:23-05:00[America/New_York],2021-02-07T21:47:32-05:00[America/New_York],Yes,2021-02-07,78443,Sunday
1808,C,25,2021-02-07T21:47:32-05:00[America/New_York],2021-02-07T21:47:57-05:00[America/New_York],Yes,2021-02-07,78452,Sunday
1808,<A>,59,2021-02-07T21:47:57-05:00[America/New_York],2021-02-07T21:48:56-05:00[America/New_York],Yes,2021-02-07,78477,Sunday
1808,B,13,2021-02-07T21:48:56-05:00[America/New_York],2021-02-07T21:49:09-05:00[America/New_York],NA,2021-02-07,78536,Sunday
1808,C,30,2021-02-07T21:49:09-05:00[America/New_York],2021-02-07T21:49:39-05:00[America/New_York],Yes,2021-02-07,78549,Sunday
1808,<A>,66,2021-02-07T21:49:39-05:00[America/New_York],2021-02-07T21:50:45-05:00[America/New_York],NA,2021-02-07,78579,Sunday
1808,B,10,2021-02-07T21:50:45-05:00[America/New_York],2021-02-07T21:50:55-05:00[America/New_York],Yes,2021-02-07,78645,Sunday
1808,C,25,2021-02-07T21:50:55-05:00[America/New_York],2021-02-07T21:51:20-05:00[America/New_York],Yes,2021-02-07,78655,Sunday
1808,<A>,68,2021-02-07T21:51:20-05:00[America/New_York],2021-02-07T21:52:28-05:00[America/New_York],NA,2021-02-07,78680,Sunday
1808,C,30,2021-02-07T21:52:28-05:00[America/New_York],2021-02-07T21:52:58-05:00[America/New_York],Yes,2021-02-07,78748,Sunday
1808,<A>,44,2021-02-07T21:52:58-05:00[America/New_York],2021-02-07T21:53:42-05:00[America/New_York],Yes,2021-02-07,78778,Sunday
1808,C,24,2021-02-07T21:53:42-05:00[America/New_York],2021-02-07T21:54:06-05:00[America/New_York],Yes,2021-02-07,78822,Sunday
1808,<A>,45,2021-02-07T21:54:06-05:00[America/New_York],2021-02-07T21:54:51-05:00[America/New_York],Yes,2021-02-07,78846,Sunday
1808,B,9,2021-02-07T21:54:51-05:00[America/New_York],2021-02-07T21:55:00-05:00[America/New_York],Yes,2021-02-07,78891,Sunday
1808,C,25,2021-02-07T21:55:00-05:00[America/New_York],2021-02-07T21:55:25-05:00[America/New_York],Yes,2021-02-07,78900,Sunday
1808,<A>,44,2021-02-07T21:55:25-05:00[America/New_York],2021-02-07T21:56:09-05:00[America/New_York],Yes,2021-02-07,78925,Sunday
1808,B,11,2021-02-07T21:56:09-05:00[America/New_York],2021-02-07T21:56:20-05:00[America/New_York],Yes,2021-02-07,78969,Sunday
1808,C,27,2021-02-07T21:56:20-05:00[America/New_York],2021-02-07T21:56:47-05:00[America/New_York],Yes,2021-02-07,78980,Sunday
1808,<A>,80,2021-02-07T21:56:47-05:00[America/New_York],2021-02-07T21:58:07-05:00[America/New_York],NA,2021-02-07,79007,Sunday
1808,C,23,2021-02-07T21:58:07-05:00[America/New_York],2021-02-07T21:58:30-05:00[America/New_York],Yes,2021-02-07,79087,Sunday
1808,<A>,46,2021-02-07T21:58:30-05:00[America/New_York],2021-02-07T21:59:16-05:00[America/New_York],Yes,2021-02-07,79110,Sunday
1808,C,28,2021-02-07T21:59:16-05:00[America/New_York],2021-02-07T21:59:44-05:00[America/New_York],Yes,2021-02-07,79156,Sunday
1808,<A>,69,2021-02-07T21:59:44-05:00[America/New_York],2021-02-07T22:00:53-05:00[America/New_York],Yes,2021-02-07,79184,Sunday
1808,C,23,2021-02-07T22:00:53-05:00[America/New_York],2021-02-07T22:01:16-05:00[America/New_York],Yes,2021-02-07,79253,Sunday
1808,<A>,45,2021-02-07T22:01:16-05:00[America/New_York],2021-02-07T22:02:01-05:00[America/New_York],NA,2021-02-07,79276,Sunday
1808,B,9,2021-02-07T22:02:01-05:00[America/New_York],2021-02-07T22:02:10-05:00[America/New_York],Yes,2021-02-07,79321,Sunday
1808,C,27,2021-02-07T22:02:10-05:00[America/New_York],2021-02-07T22:02:37-05:00[America/New_York],Yes,2021-02-07,79330,Sunday
1808,<A>,69,2021-02-07T22:02:37-05:00[America/New_York],2021-02-07T22:03:46-05:00[America/New_York],NA,2021-02-07,79357,Sunday
1808,C,33,2021-02-07T22:03:46-05:00[America/New_York],2021-02-07T22:04:19-05:00[America/New_York],Yes,2021-02-07,79426,Sunday
1808,<A>,80,2021-02-07T22:04:19-05:00[America/New_York],2021-02-07T22:05:39-05:00[America/New_York],NA,2021-02-07,79459,Sunday
1808,C,31,2021-02-07T22:05:39-05:00[America/New_York],2021-02-07T22:06:10-05:00[America/New_York],Yes,2021-02-07,79539,Sunday
1808,<A>,232,2021-02-07T22:06:10-05:00[America/New_York],2021-02-07T22:10:02-05:00[America/New_York],NA,2021-02-07,79570,Sunday
1808,C,24,2021-02-07T22:10:02-05:00[America/New_York],2021-02-07T22:10:26-05:00[America/New_York],Yes,2021-02-07,79802,Sunday
1808,<A>,47,2021-02-07T22:10:26-05:00[America/New_York],2021-02-07T22:11:13-05:00[America/New_York],Yes,2021-02-07,79826,Sunday
1808,C,22,2021-02-07T22:11:13-05:00[America/New_York],2021-02-07T22:11:35-05:00[America/New_York],Yes,2021-02-07,79873,Sunday
1808,<A>,38,2021-02-07T22:11:35-05:00[America/New_York],2021-02-07T22:12:13-05:00[America/New_York],Yes,2021-02-07,79895,Sunday
1808,B,9,2021-02-07T22:12:13-05:00[America/New_York],2021-02-07T22:12:22-05:00[America/New_York],Yes,2021-02-07,79933,Sunday
1808,C,23,2021-02-07T22:12:22-05:00[America/New_York],2021-02-07T22:12:45-05:00[America/New_York],Yes,2021-02-07,79942,Sunday
1808,<A>,70,2021-02-07T22:12:45-05:00[America/New_York],2021-02-07T22:13:55-05:00[America/New_York],NA,2021-02-07,79965,Sunday
1808,B,9,2021-02-07T22:13:55-05:00[America/New_York],2021-02-07T22:14:04-05:00[America/New_York],Yes,2021-02-07,80035,Sunday
1808,C,22,2021-02-07T22:14:04-05:00[America/New_York],2021-02-07T22:14:26-05:00[America/New_York],Yes,2021-02-07,80044,Sunday
1808,<A>,70,2021-02-07T22:14:26-05:00[America/New_York],2021-02-07T22:15:36-05:00[America/New_York],NA,2021-02-07,80066,Sunday
1808,C,26,2021-02-07T22:15:36-05:00[America/New_York],2021-02-07T22:16:02-05:00[America/New_York],Yes,2021-02-07,80136,Sunday
1808,<A>,69,2021-02-07T22:16:02-05:00[America/New_York],2021-02-07T22:17:11-05:00[America/New_York],NA,2021-02-07,80162,Sunday
1808,C,26,2021-02-07T22:17:11-05:00[America/New_York],2021-02-07T22:17:37-05:00[America/New_York],Yes,2021-02-07,80231,Sunday
1808,<A>,55,2021-02-07T22:17:37-05:00[America/New_York],2021-02-07T22:18:32-05:00[America/New_York],Yes,2021-02-07,80257,Sunday
1808,B,9,2021-02-07T22:18:32-05:00[America/New_York],2021-02-07T22:18:41-05:00[America/New_York],Yes,2021-02-07,80312,Sunday
1808,C,27,2021-02-07T22:18:41-05:00[America/New_York],2021-02-07T22:19:08-05:00[America/New_York],Yes,2021-02-07,80321,Sunday
1808,<A>,56,2021-02-07T22:19:08-05:00[America/New_York],2021-02-07T22:20:04-05:00[America/New_York],Yes,2021-02-07,80348,Sunday
1808,B,9,2021-02-07T22:20:04-05:00[America/New_York],2021-02-07T22:20:13-05:00[America/New_York],Yes,2021-02-07,80404,Sunday
1808,C,22,2021-02-07T22:20:13-05:00[America/New_York],2021-02-07T22:20:35-05:00[America/New_York],Yes,2021-02-07,80413,Sunday
1808,<A>,42,2021-02-07T22:20:35-05:00[America/New_York],2021-02-07T22:21:17-05:00[America/New_York],Yes,2021-02-07,80435,Sunday
1808,B,9,2021-02-07T22:21:17-05:00[America/New_York],2021-02-07T22:21:26-05:00[America/New_York],Yes,2021-02-07,80477,Sunday
1808,C,37,2021-02-07T22:21:26-05:00[America/New_York],2021-02-07T22:22:03-05:00[America/New_York],Yes,2021-02-07,80486,Sunday
1808,<A>,83,2021-02-07T22:22:03-05:00[America/New_York],2021-02-07T22:23:26-05:00[America/New_York],NA,2021-02-07,80523,Sunday
1808,C,22,2021-02-07T22:23:26-05:00[America/New_York],2021-02-07T22:23:48-05:00[America/New_York],Yes,2021-02-07,80606,Sunday
1808,<A>,41,2021-02-07T22:23:48-05:00[America/New_York],2021-02-07T22:24:29-05:00[America/New_York],Yes,2021-02-07,80628,Sunday
1808,B,9,2021-02-07T22:24:29-05:00[America/New_York],2021-02-07T22:24:38-05:00[America/New_York],Yes,2021-02-07,80669,Sunday
1808,C,24,2021-02-07T22:24:38-05:00[America/New_York],2021-02-07T22:25:02-05:00[America/New_York],Yes,2021-02-07,80678,Sunday
1808,<A>,66,2021-02-07T22:25:02-05:00[America/New_York],2021-02-07T22:26:08-05:00[America/New_York],NA,2021-02-07,80702,Sunday
1808,B,10,2021-02-07T22:26:08-05:00[America/New_York],2021-02-07T22:26:18-05:00[America/New_York],Yes,2021-02-07,80768,Sunday
1808,C,22,2021-02-07T22:26:18-05:00[America/New_York],2021-02-07T22:26:40-05:00[America/New_York],Yes,2021-02-07,80778,Sunday
1808,<A>,70,2021-02-07T22:26:40-05:00[America/New_York],2021-02-07T22:27:50-05:00[America/New_York],NA,2021-02-07,80800,Sunday
1808,C,29,2021-02-07T22:27:50-05:00[America/New_York],2021-02-07T22:28:19-05:00[America/New_York],Yes,2021-02-07,80870,Sunday
1808,<A>,56,2021-02-07T22:28:19-05:00[America/New_York],2021-02-07T22:29:15-05:00[America/New_York],Yes,2021-02-07,80899,Sunday
1808,B,9,2021-02-07T22:29:15-05:00[America/New_York],2021-02-07T22:29:24-05:00[America/New_York],Yes,2021-02-07,80955,Sunday
1808,C,25,2021-02-07T22:29:24-05:00[America/New_York],2021-02-07T22:29:49-05:00[America/New_York],Yes,2021-02-07,80964,Sunday
1808,<A>,49,2021-02-07T22:29:49-05:00[America/New_York],2021-02-07T22:30:38-05:00[America/New_York],Yes,2021-02-07,80989,Sunday
1808,B,10,2021-02-07T22:30:38-05:00[America/New_York],2021-02-07T22:30:48-05:00[America/New_York],Yes,2021-02-07,81038,Sunday
1808,C,26,2021-02-07T22:30:48-05:00[America/New_York],2021-02-07T22:31:14-05:00[America/New_York],Yes,2021-02-07,81048,Sunday
1808,<A>,107,2021-02-07T22:31:14-05:00[America/New_York],2021-02-07T22:33:01-05:00[America/New_York],NA,2021-02-07,81074,Sunday
1808,C,32,2021-02-07T22:33:01-05:00[America/New_York],2021-02-07T22:33:33-05:00[America/New_York],Yes,2021-02-07,81181,Sunday
1808,<A>,47,2021-02-07T22:33:33-05:00[America/New_York],2021-02-07T22:34:20-05:00[America/New_York],Yes,2021-02-07,81213,Sunday
1808,B,9,2021-02-07T22:34:20-05:00[America/New_York],2021-02-07T22:34:29-05:00[America/New_York],Yes,2021-02-07,81260,Sunday
1808,C,26,2021-02-07T22:34:29-05:00[America/New_York],2021-02-07T22:34:55-05:00[America/New_York],Yes,2021-02-07,81269,Sunday
1808,<A>,58,2021-02-07T22:34:55-05:00[America/New_York],2021-02-07T22:35:53-05:00[America/New_York],Yes,2021-02-07,81295,Sunday
1808,B,9,2021-02-07T22:35:53-05:00[America/New_York],2021-02-07T22:36:02-05:00[America/New_York],Yes,2021-02-07,81353,Sunday
1808,C,29,2021-02-07T22:36:02-05:00[America/New_York],2021-02-07T22:36:31-05:00[America/New_York],Yes,2021-02-07,81362,Sunday
1808,<A>,67,2021-02-07T22:36:31-05:00[America/New_York],2021-02-07T22:37:38-05:00[America/New_York],NA,2021-02-07,81391,Sunday
1808,C,38,2021-02-07T22:37:38-05:00[America/New_York],2021-02-07T22:38:16-05:00[America/New_York],Yes,2021-02-07,81458,Sunday
1808,<A>,68,2021-02-07T22:38:16-05:00[America/New_York],2021-02-07T22:39:24-05:00[America/New_York],NA,2021-02-07,81496,Sunday
1808,C,24,2021-02-07T22:39:24-05:00[America/New_York],2021-02-07T22:39:48-05:00[America/New_York],Yes,2021-02-07,81564,Sunday
1808,<A>,72,2021-02-07T22:39:48-05:00[America/New_York],2021-02-07T22:41:00-05:00[America/New_York],NA,2021-02-07,81588,Sunday
1808,C,31,2021-02-07T22:41:00-05:00[America/New_York],2021-02-07T22:41:31-05:00[America/New_York],Yes,2021-02-07,81660,Sunday
1808,<A>,53,2021-02-07T22:41:31-05:00[America/New_York],2021-02-07T22:42:24-05:00[America/New_York],Yes,2021-02-07,81691,Sunday
1808,B,9,2021-02-07T22:42:24-05:00[America/New_York],2021-02-07T22:42:33-05:00[America/New_York],Yes,2021-02-07,81744,Sunday
1808,C,27,2021-02-07T22:42:33-05:00[America/New_York],2021-02-07T22:43:00-05:00[America/New_York],Yes,2021-02-07,81753,Sunday
1808,<A>,71,2021-02-07T22:43:00-05:00[America/New_York],2021-02-07T22:44:11-05:00[America/New_York],NA,2021-02-07,81780,Sunday
1808,C,24,2021-02-07T22:44:11-05:00[America/New_York],2021-02-07T22:44:35-05:00[America/New_York],Yes,2021-02-07,81851,Sunday
1808,<A>,77,2021-02-07T22:44:35-05:00[America/New_York],2021-02-07T22:45:52-05:00[America/New_York],Yes,2021-02-07,81875,Sunday
1808,C,23,2021-02-07T22:45:52-05:00[America/New_York],2021-02-07T22:46:15-05:00[America/New_York],Yes,2021-02-07,81952,Sunday
1808,<A>,44,2021-02-07T22:46:15-05:00[America/New_York],2021-02-07T22:46:59-05:00[America/New_York],Yes,2021-02-07,81975,Sunday
1808,B,9,2021-02-07T22:46:59-05:00[America/New_York],2021-02-07T22:47:08-05:00[America/New_York],Yes,2021-02-07,82019,Sunday
1808,C,32,2021-02-07T22:47:08-05:00[America/New_York],2021-02-07T22:47:40-05:00[America/New_York],Yes,2021-02-07,82028,Sunday
1808,<A>,69,2021-02-07T22:47:40-05:00[America/New_York],2021-02-07T22:48:49-05:00[America/New_York],NA,2021-02-07,82060,Sunday
1808,C,27,2021-02-07T22:48:49-05:00[America/New_York],2021-02-07T22:49:16-05:00[America/New_York],Yes,2021-02-07,82129,Sunday
1808,<A>,44,2021-02-07T22:49:16-05:00[America/New_York],2021-02-07T22:50:00-05:00[America/New_York],Yes,2021-02-07,82156,Sunday
1808,C,27,2021-02-07T22:50:00-05:00[America/New_York],2021-02-07T22:50:27-05:00[America/New_York],Yes,2021-02-07,82200,Sunday
1808,<A>,59,2021-02-07T22:50:27-05:00[America/New_York],2021-02-07T22:51:26-05:00[America/New_York],NA,2021-02-07,82227,Sunday
1808,B,11,2021-02-07T22:51:26-05:00[America/New_York],2021-02-07T22:51:37-05:00[America/New_York],Yes,2021-02-07,82286,Sunday
1808,C,25,2021-02-07T22:51:37-05:00[America/New_York],2021-02-07T22:52:02-05:00[America/New_York],Yes,2021-02-07,82297,Sunday
1808,<A>,95,2021-02-07T22:52:02-05:00[America/New_York],2021-02-07T22:53:37-05:00[America/New_York],NA,2021-02-07,82322,Sunday
1808,C,24,2021-02-07T22:53:37-05:00[America/New_York],2021-02-07T22:54:01-05:00[America/New_York],Yes,2021-02-07,82417,Sunday
1808,<A>,67,2021-02-07T22:54:01-05:00[America/New_York],2021-02-07T22:55:08-05:00[America/New_York],NA,2021-02-07,82441,Sunday
1808,B,9,2021-02-07T22:55:08-05:00[America/New_York],2021-02-07T22:55:17-05:00[America/New_York],Yes,2021-02-07,82508,Sunday
1808,C,28,2021-02-07T22:55:17-05:00[America/New_York],2021-02-07T22:55:45-05:00[America/New_York],Yes,2021-02-07,82517,Sunday
1808,<A>,60,2021-02-07T22:55:45-05:00[America/New_York],2021-02-07T22:56:45-05:00[America/New_York],Yes,2021-02-07,82545,Sunday
1808,B,9,2021-02-07T22:56:45-05:00[America/New_York],2021-02-07T22:56:54-05:00[America/New_York],Yes,2021-02-07,82605,Sunday
1808,C,23,2021-02-07T22:56:54-05:00[America/New_York],2021-02-07T22:57:17-05:00[America/New_York],Yes,2021-02-07,82614,Sunday
1808,<A>,50,2021-02-07T22:57:17-05:00[America/New_York],2021-02-07T22:58:07-05:00[America/New_York],Yes,2021-02-07,82637,Sunday
1808,B,14,2021-02-07T22:58:07-05:00[America/New_York],2021-02-07T22:58:21-05:00[America/New_York],NA,2021-02-07,82687,Sunday
1808,C,25,2021-02-07T22:58:21-05:00[America/New_York],2021-02-07T22:58:46-05:00[America/New_York],Yes,2021-02-07,82701,Sunday
1808,<A>,82,2021-02-07T22:58:46-05:00[America/New_York],2021-02-07T23:00:08-05:00[America/New_York],NA,2021-02-07,82726,Sunday
1808,C,29,2021-02-07T23:00:08-05:00[America/New_York],2021-02-07T23:00:37-05:00[America/New_York],Yes,2021-02-07,82808,Sunday
1808,<A>,94,2021-02-07T23:00:37-05:00[America/New_York],2021-02-07T23:02:11-05:00[America/New_York],NA,2021-02-07,82837,Sunday
1808,C,26,2021-02-07T23:02:11-05:00[America/New_York],2021-02-07T23:02:37-05:00[America/New_York],Yes,2021-02-07,82931,Sunday
1808,<A>,74,2021-02-07T23:02:37-05:00[America/New_York],2021-02-07T23:03:51-05:00[America/New_York],NA,2021-02-07,82957,Sunday
1808,B,10,2021-02-07T23:03:51-05:00[America/New_York],2021-02-07T23:04:01-05:00[America/New_York],Yes,2021-02-07,83031,Sunday
1808,C,33,2021-02-07T23:04:01-05:00[America/New_York],2021-02-07T23:04:34-05:00[America/New_York],Yes,2021-02-07,83041,Sunday
1808,<A>,68,2021-02-07T23:04:34-05:00[America/New_York],2021-02-07T23:05:42-05:00[America/New_York],NA,2021-02-07,83074,Sunday
1808,C,27,2021-02-07T23:05:42-05:00[America/New_York],2021-02-07T23:06:09-05:00[America/New_York],Yes,2021-02-07,83142,Sunday
1808,<A>,36,2021-02-07T23:06:09-05:00[America/New_York],2021-02-07T23:06:45-05:00[America/New_York],Yes,2021-02-07,83169,Sunday
1808,C,24,2021-02-07T23:06:45-05:00[America/New_York],2021-02-07T23:07:09-05:00[America/New_York],Yes,2021-02-07,83205,Sunday
1808,<A>,74,2021-02-07T23:07:09-05:00[America/New_York],2021-02-07T23:08:23-05:00[America/New_York],NA,2021-02-07,83229,Sunday
1808,B,9,2021-02-07T23:08:23-05:00[America/New_York],2021-02-07T23:08:32-05:00[America/New_York],Yes,2021-02-07,83303,Sunday
1808,C,31,2021-02-07T23:08:32-05:00[America/New_York],2021-02-07T23:09:03-05:00[America/New_York],Yes,2021-02-07,83312,Sunday
1808,<A>,73,2021-02-07T23:09:03-05:00[America/New_York],2021-02-07T23:10:16-05:00[America/New_York],NA,2021-02-07,83343,Sunday
1808,C,27,2021-02-07T23:10:16-05:00[America/New_York],2021-02-07T23:10:43-05:00[America/New_York],Yes,2021-02-07,83416,Sunday
1808,<A>,46,2021-02-07T23:10:43-05:00[America/New_York],2021-02-07T23:11:29-05:00[America/New_York],Yes,2021-02-07,83443,Sunday
1808,C,26,2021-02-07T23:11:29-05:00[America/New_York],2021-02-07T23:11:55-05:00[America/New_York],Yes,2021-02-07,83489,Sunday
1808,<A>,45,2021-02-07T23:11:55-05:00[America/New_York],2021-02-07T23:12:40-05:00[America/New_York],Yes,2021-02-07,83515,Sunday
1808,C,25,2021-02-07T23:12:40-05:00[America/New_York],2021-02-07T23:13:05-05:00[America/New_York],Yes,2021-02-07,83560,Sunday
1808,<A>,51,2021-02-07T23:13:05-05:00[America/New_York],2021-02-07T23:13:56-05:00[America/New_York],Yes,2021-02-07,83585,Sunday
1808,C,29,2021-02-07T23:13:56-05:00[America/New_York],2021-02-07T23:14:25-05:00[America/New_York],Yes,2021-02-07,83636,Sunday
1808,<A>,44,2021-02-07T23:14:25-05:00[America/New_York],2021-02-07T23:15:09-05:00[America/New_York],Yes,2021-02-07,83665,Sunday
1808,B,9,2021-02-07T23:15:09-05:00[America/New_York],2021-02-07T23:15:18-05:00[America/New_York],Yes,2021-02-07,83709,Sunday
1808,C,23,2021-02-07T23:15:18-05:00[America/New_York],2021-02-07T23:15:41-05:00[America/New_York],Yes,2021-02-07,83718,Sunday
1808,<A>,66,2021-02-07T23:15:41-05:00[America/New_York],2021-02-07T23:16:47-05:00[America/New_York],Yes,2021-02-07,83741,Sunday
1808,B,9,2021-02-07T23:16:47-05:00[America/New_York],2021-02-07T23:16:56-05:00[America/New_York],Yes,2021-02-07,83807,Sunday
1808,C,29,2021-02-07T23:16:56-05:00[America/New_York],2021-02-07T23:17:25-05:00[America/New_York],Yes,2021-02-07,83816,Sunday
1808,<A>,89,2021-02-07T23:17:25-05:00[America/New_York],2021-02-07T23:18:54-05:00[America/New_York],NA,2021-02-07,83845,Sunday
1808,C,30,2021-02-07T23:18:54-05:00[America/New_York],2021-02-07T23:19:24-05:00[America/New_York],Yes,2021-02-07,83934,Sunday
1808,<A>,68,2021-02-07T23:19:24-05:00[America/New_York],2021-02-07T23:20:32-05:00[America/New_York],Yes,2021-02-07,83964,Sunday
1808,C,25,2021-02-07T23:20:32-05:00[America/New_York],2021-02-07T23:20:57-05:00[America/New_York],Yes,2021-02-07,84032,Sunday
1808,<A>,40,2021-02-07T23:20:57-05:00[America/New_York],2021-02-07T23:21:37-05:00[America/New_York],Yes,2021-02-07,84057,Sunday
1808,C,25,2021-02-07T23:21:37-05:00[America/New_York],2021-02-07T23:22:02-05:00[America/New_York],Yes,2021-02-07,84097,Sunday
1808,<A>,107,2021-02-07T23:22:02-05:00[America/New_York],2021-02-07T23:23:49-05:00[America/New_York],NA,2021-02-07,84122,Sunday
1808,B,9,2021-02-07T23:23:49-05:00[America/New_York],2021-02-07T23:23:58-05:00[America/New_York],Yes,2021-02-07,84229,Sunday
1808,C,23,2021-02-07T23:23:58-05:00[America/New_York],2021-02-07T23:24:21-05:00[America/New_York],Yes,2021-02-07,84238,Sunday
1808,<A>,68,2021-02-07T23:24:21-05:00[America/New_York],2021-02-07T23:25:29-05:00[America/New_York],NA,2021-02-07,84261,Sunday
1808,C,35,2021-02-07T23:25:29-05:00[America/New_York],2021-02-07T23:26:04-05:00[America/New_York],Yes,2021-02-07,84329,Sunday
1808,<A>,216,2021-02-07T23:26:04-05:00[America/New_York],2021-02-07T23:29:40-05:00[America/New_York],NA,2021-02-07,84364,Sunday
1808,C,22,2021-02-07T23:29:40-05:00[America/New_York],2021-02-07T23:30:02-05:00[America/New_York],Yes,2021-02-07,84580,Sunday
1808,<A>,44,2021-02-07T23:30:02-05:00[America/New_York],2021-02-07T23:30:46-05:00[America/New_York],Yes,2021-02-07,84602,Sunday
1808,C,22,2021-02-07T23:30:46-05:00[America/New_York],2021-02-07T23:31:08-05:00[America/New_York],Yes,2021-02-07,84646,Sunday
1808,<A>,72,2021-02-07T23:31:08-05:00[America/New_York],2021-02-07T23:32:20-05:00[America/New_York],NA,2021-02-07,84668,Sunday
1808,C,27,2021-02-07T23:32:20-05:00[America/New_York],2021-02-07T23:32:47-05:00[America/New_York],Yes,2021-02-07,84740,Sunday
1808,<A>,72,2021-02-07T23:32:47-05:00[America/New_York],2021-02-07T23:33:59-05:00[America/New_York],NA,2021-02-07,84767,Sunday
1808,C,33,2021-02-07T23:33:59-05:00[America/New_York],2021-02-07T23:34:32-05:00[America/New_York],Yes,2021-02-07,84839,Sunday
1808,<A>,109,2021-02-07T23:34:32-05:00[America/New_York],2021-02-07T23:36:21-05:00[America/New_York],NA,2021-02-07,84872,Sunday
1808,C,26,2021-02-07T23:36:21-05:00[America/New_York],2021-02-07T23:36:47-05:00[America/New_York],Yes,2021-02-07,84981,Sunday
1808,<A>,102,2021-02-07T23:36:47-05:00[America/New_York],2021-02-07T23:38:29-05:00[America/New_York],NA,2021-02-07,85007,Sunday
1808,C,33,2021-02-07T23:38:29-05:00[America/New_York],2021-02-07T23:39:02-05:00[America/New_York],Yes,2021-02-07,85109,Sunday
1808,<A>,44,2021-02-07T23:39:02-05:00[America/New_York],2021-02-07T23:39:46-05:00[America/New_York],Yes,2021-02-07,85142,Sunday
1808,C,28,2021-02-07T23:39:46-05:00[America/New_York],2021-02-07T23:40:14-05:00[America/New_York],Yes,2021-02-07,85186,Sunday
1808,<A>,71,2021-02-07T23:40:14-05:00[America/New_York],2021-02-07T23:41:25-05:00[America/New_York],Yes,2021-02-07,85214,Sunday
1808,B,13,2021-02-07T23:41:25-05:00[America/New_York],2021-02-07T23:41:38-05:00[America/New_York],Yes,2021-02-07,85285,Sunday
1808,C,28,2021-02-07T23:41:38-05:00[America/New_York],2021-02-07T23:42:06-05:00[America/New_York],Yes,2021-02-07,85298,Sunday
1808,<A>,123,2021-02-07T23:42:06-05:00[America/New_York],2021-02-07T23:44:09-05:00[America/New_York],NA,2021-02-07,85326,Sunday
1808,C,32,2021-02-07T23:44:09-05:00[America/New_York],2021-02-07T23:44:41-05:00[America/New_York],Yes,2021-02-07,85449,Sunday
1808,<A>,64,2021-02-07T23:44:41-05:00[America/New_York],2021-02-07T23:45:45-05:00[America/New_York],Yes,2021-02-07,85481,Sunday
1808,B,9,2021-02-07T23:45:45-05:00[America/New_York],2021-02-07T23:45:54-05:00[America/New_York],Yes,2021-02-07,85545,Sunday
1808,C,23,2021-02-07T23:45:54-05:00[America/New_York],2021-02-07T23:46:17-05:00[America/New_York],Yes,2021-02-07,85554,Sunday
1808,<A>,46,2021-02-07T23:46:17-05:00[America/New_York],2021-02-07T23:47:03-05:00[America/New_York],Yes,2021-02-07,85577,Sunday
1808,B,9,2021-02-07T23:47:03-05:00[America/New_York],2021-02-07T23:47:12-05:00[America/New_York],Yes,2021-02-07,85623,Sunday
1808,C,25,2021-02-07T23:47:12-05:00[America/New_York],2021-02-07T23:47:37-05:00[America/New_York],Yes,2021-02-07,85632,Sunday
1808,<A>,69,2021-02-07T23:47:37-05:00[America/New_York],2021-02-07T23:48:46-05:00[America/New_York],NA,2021-02-07,85657,Sunday
1808,C,22,2021-02-07T23:48:46-05:00[America/New_York],2021-02-07T23:49:08-05:00[America/New_York],Yes,2021-02-07,85726,Sunday
1808,<A>,36,2021-02-07T23:49:08-05:00[America/New_York],2021-02-07T23:49:44-05:00[America/New_York],Yes,2021-02-07,85748,Sunday
1808,C,24,2021-02-07T23:49:44-05:00[America/New_York],2021-02-07T23:50:08-05:00[America/New_York],Yes,2021-02-07,85784,Sunday
1808,<A>,64,2021-02-07T23:50:08-05:00[America/New_York],2021-02-07T23:51:12-05:00[America/New_York],NA,2021-02-07,85808,Sunday
1808,C,22,2021-02-07T23:51:12-05:00[America/New_York],2021-02-07T23:51:34-05:00[America/New_York],Yes,2021-02-07,85872,Sunday
1808,<A>,68,2021-02-07T23:51:34-05:00[America/New_York],2021-02-07T23:52:42-05:00[America/New_York],Yes,2021-02-07,85894,Sunday
1808,C,26,2021-02-07T23:52:42-05:00[America/New_York],2021-02-07T23:53:08-05:00[America/New_York],Yes,2021-02-07,85962,Sunday
1808,<A>,74,2021-02-07T23:53:08-05:00[America/New_York],2021-02-07T23:54:22-05:00[America/New_York],NA,2021-02-07,85988,Sunday
1808,C,24,2021-02-07T23:54:22-05:00[America/New_York],2021-02-07T23:54:46-05:00[America/New_York],Yes,2021-02-07,86062,Sunday
1808,<A>,178,2021-02-07T23:54:46-05:00[America/New_York],2021-02-07T23:57:44-05:00[America/New_York],NA,2021-02-07,86086,Sunday
1808,C,22,2021-02-07T23:57:44-05:00[America/New_York],2021-02-07T23:58:06-05:00[America/New_York],Yes,2021-02-07,86264,Sunday
1808,<A>,65,2021-02-07T23:58:06-05:00[America/New_York],2021-02-07T23:59:11-05:00[America/New_York],Yes,2021-02-07,86286,Sunday
1808,C,22,2021-02-07T23:59:11-05:00[America/New_York],2021-02-07T23:59:33-05:00[America/New_York],Yes,2021-02-07,86351,Sunday
1808,<A>,26,2021-02-07T23:59:33-05:00[America/New_York],2021-02-07T23:59:59-05:00[America/New_York],NA,2021-02-07,86373,Sunday
1809,<A>,191,2021-02-07T00:00:33-05:00[America/New_York],2021-02-07T00:03:44-05:00[America/New_York],NA,2021-02-07,33,Sunday
1809,B,16,2021-02-07T00:03:44-05:00[America/New_York],2021-02-07T00:04:00-05:00[America/New_York],Yes,2021-02-07,224,Sunday
1809,<A>,59,2021-02-07T00:04:00-05:00[America/New_York],2021-02-07T00:04:59-05:00[America/New_York],Yes,2021-02-07,240,Sunday
1809,B,14,2021-02-07T00:04:59-05:00[America/New_York],2021-02-07T00:05:13-05:00[America/New_York],Yes,2021-02-07,299,Sunday
1809,<A>,119,2021-02-07T00:05:13-05:00[America/New_York],2021-02-07T00:07:12-05:00[America/New_York],NA,2021-02-07,313,Sunday
1809,B,14,2021-02-07T00:07:12-05:00[America/New_York],2021-02-07T00:07:26-05:00[America/New_York],Yes,2021-02-07,432,Sunday
1809,<A>,63,2021-02-07T00:07:26-05:00[America/New_York],2021-02-07T00:08:29-05:00[America/New_York],Yes,2021-02-07,446,Sunday
1809,B,18,2021-02-07T00:08:29-05:00[America/New_York],2021-02-07T00:08:47-05:00[America/New_York],Yes,2021-02-07,509,Sunday
1809,<A>,223,2021-02-07T00:08:47-05:00[America/New_York],2021-02-07T00:12:30-05:00[America/New_York],NA,2021-02-07,527,Sunday
1809,B,14,2021-02-07T00:12:30-05:00[America/New_York],2021-02-07T00:12:44-05:00[America/New_York],Yes,2021-02-07,750,Sunday
1809,<A>,174,2021-02-07T00:12:44-05:00[America/New_York],2021-02-07T00:15:38-05:00[America/New_York],NA,2021-02-07,764,Sunday
1809,B,14,2021-02-07T00:15:38-05:00[America/New_York],2021-02-07T00:15:52-05:00[America/New_York],Yes,2021-02-07,938,Sunday
1809,<A>,81,2021-02-07T00:15:52-05:00[America/New_York],2021-02-07T00:17:13-05:00[America/New_York],Yes,2021-02-07,952,Sunday
1809,B,14,2021-02-07T00:17:13-05:00[America/New_York],2021-02-07T00:17:27-05:00[America/New_York],Yes,2021-02-07,1033,Sunday
1809,<A>,67,2021-02-07T00:17:27-05:00[America/New_York],2021-02-07T00:18:34-05:00[America/New_York],Yes,2021-02-07,1047,Sunday
1809,B,14,2021-02-07T00:18:34-05:00[America/New_York],2021-02-07T00:18:48-05:00[America/New_York],Yes,2021-02-07,1114,Sunday
1809,<A>,167,2021-02-07T00:18:48-05:00[America/New_York],2021-02-07T00:21:35-05:00[America/New_York],Yes,2021-02-07,1128,Sunday
1809,B,14,2021-02-07T00:21:35-05:00[America/New_York],2021-02-07T00:21:49-05:00[America/New_York],Yes,2021-02-07,1295,Sunday
1809,<A>,218,2021-02-07T00:21:49-05:00[America/New_York],2021-02-07T00:25:27-05:00[America/New_York],NA,2021-02-07,1309,Sunday
1809,B,14,2021-02-07T00:25:27-05:00[America/New_York],2021-02-07T00:25:41-05:00[America/New_York],Yes,2021-02-07,1527,Sunday
1809,<A>,82,2021-02-07T00:25:41-05:00[America/New_York],2021-02-07T00:27:03-05:00[America/New_York],Yes,2021-02-07,1541,Sunday
1809,B,14,2021-02-07T00:27:03-05:00[America/New_York],2021-02-07T00:27:17-05:00[America/New_York],Yes,2021-02-07,1623,Sunday
1809,<A>,50,2021-02-07T00:27:17-05:00[America/New_York],2021-02-07T00:28:07-05:00[America/New_York],Yes,2021-02-07,1637,Sunday
1809,B,14,2021-02-07T00:28:07-05:00[America/New_York],2021-02-07T00:28:21-05:00[America/New_York],Yes,2021-02-07,1687,Sunday
1809,<A>,438,2021-02-07T00:28:21-05:00[America/New_York],2021-02-07T00:35:39-05:00[America/New_York],Yes,2021-02-07,1701,Sunday
1809,B,14,2021-02-07T00:35:39-05:00[America/New_York],2021-02-07T00:35:53-05:00[America/New_York],Yes,2021-02-07,2139,Sunday
1809,<A>,184,2021-02-07T00:35:53-05:00[America/New_York],2021-02-07T00:38:57-05:00[America/New_York],NA,2021-02-07,2153,Sunday
1809,B,16,2021-02-07T00:38:57-05:00[America/New_York],2021-02-07T00:39:13-05:00[America/New_York],Yes,2021-02-07,2337,Sunday
1809,<A>,164,2021-02-07T00:39:13-05:00[America/New_York],2021-02-07T00:41:57-05:00[America/New_York],Yes,2021-02-07,2353,Sunday
1809,B,15,2021-02-07T00:41:57-05:00[America/New_York],2021-02-07T00:42:12-05:00[America/New_York],Yes,2021-02-07,2517,Sunday
1809,<A>,81,2021-02-07T00:42:12-05:00[America/New_York],2021-02-07T00:43:33-05:00[America/New_York],NA,2021-02-07,2532,Sunday
1809,B,18,2021-02-07T00:43:33-05:00[America/New_York],2021-02-07T00:43:51-05:00[America/New_York],Yes,2021-02-07,2613,Sunday
1809,<A>,99,2021-02-07T00:43:51-05:00[America/New_York],2021-02-07T00:45:30-05:00[America/New_York],NA,2021-02-07,2631,Sunday
1809,B,19,2021-02-07T00:45:30-05:00[America/New_York],2021-02-07T00:45:49-05:00[America/New_York],Yes,2021-02-07,2730,Sunday
1809,<A>,91,2021-02-07T00:45:49-05:00[America/New_York],2021-02-07T00:47:20-05:00[America/New_York],NA,2021-02-07,2749,Sunday
1809,B,14,2021-02-07T00:47:20-05:00[America/New_York],2021-02-07T00:47:34-05:00[America/New_York],Yes,2021-02-07,2840,Sunday
1809,<A>,78,2021-02-07T00:47:34-05:00[America/New_York],2021-02-07T00:48:52-05:00[America/New_York],Yes,2021-02-07,2854,Sunday
1809,B,14,2021-02-07T00:48:52-05:00[America/New_York],2021-02-07T00:49:06-05:00[America/New_York],Yes,2021-02-07,2932,Sunday
1809,<A>,60,2021-02-07T00:49:06-05:00[America/New_York],2021-02-07T00:50:06-05:00[America/New_York],Yes,2021-02-07,2946,Sunday
1809,B,14,2021-02-07T00:50:06-05:00[America/New_York],2021-02-07T00:50:20-05:00[America/New_York],Yes,2021-02-07,3006,Sunday
1809,<A>,137,2021-02-07T00:50:20-05:00[America/New_York],2021-02-07T00:52:37-05:00[America/New_York],Yes,2021-02-07,3020,Sunday
1809,B,16,2021-02-07T00:52:37-05:00[America/New_York],2021-02-07T00:52:53-05:00[America/New_York],Yes,2021-02-07,3157,Sunday
1809,<A>,265,2021-02-07T00:52:53-05:00[America/New_York],2021-02-07T00:57:18-05:00[America/New_York],NA,2021-02-07,3173,Sunday
1809,B,16,2021-02-07T00:57:18-05:00[America/New_York],2021-02-07T00:57:34-05:00[America/New_York],Yes,2021-02-07,3438,Sunday
1809,<A>,45,2021-02-07T00:57:34-05:00[America/New_York],2021-02-07T00:58:19-05:00[America/New_York],Yes,2021-02-07,3454,Sunday
1809,B,18,2021-02-07T00:58:19-05:00[America/New_York],2021-02-07T00:58:37-05:00[America/New_York],Yes,2021-02-07,3499,Sunday
1809,<A>,55,2021-02-07T00:58:37-05:00[America/New_York],2021-02-07T00:59:32-05:00[America/New_York],Yes,2021-02-07,3517,Sunday
1809,B,14,2021-02-07T00:59:32-05:00[America/New_York],2021-02-07T00:59:46-05:00[America/New_York],Yes,2021-02-07,3572,Sunday
1809,<A>,59,2021-02-07T00:59:46-05:00[America/New_York],2021-02-07T01:00:45-05:00[America/New_York],Yes,2021-02-07,3586,Sunday
1809,B,14,2021-02-07T01:00:45-05:00[America/New_York],2021-02-07T01:00:59-05:00[America/New_York],Yes,2021-02-07,3645,Sunday
1809,<A>,357,2021-02-07T01:00:59-05:00[America/New_York],2021-02-07T01:06:56-05:00[America/New_York],NA,2021-02-07,3659,Sunday
1809,B,19,2021-02-07T01:06:56-05:00[America/New_York],2021-02-07T01:07:15-05:00[America/New_York],Yes,2021-02-07,4016,Sunday
1809,<A>,111,2021-02-07T01:07:15-05:00[America/New_York],2021-02-07T01:09:06-05:00[America/New_York],NA,2021-02-07,4035,Sunday
1809,B,14,2021-02-07T01:09:06-05:00[America/New_York],2021-02-07T01:09:20-05:00[America/New_York],Yes,2021-02-07,4146,Sunday
1809,<A>,441,2021-02-07T01:09:20-05:00[America/New_York],2021-02-07T01:16:41-05:00[America/New_York],Yes,2021-02-07,4160,Sunday
1809,B,14,2021-02-07T01:16:41-05:00[America/New_York],2021-02-07T01:16:55-05:00[America/New_York],Yes,2021-02-07,4601,Sunday
1809,<A>,226,2021-02-07T01:16:55-05:00[America/New_York],2021-02-07T01:20:41-05:00[America/New_York],NA,2021-02-07,4615,Sunday
1809,B,14,2021-02-07T01:20:41-05:00[America/New_York],2021-02-07T01:20:55-05:00[America/New_York],Yes,2021-02-07,4841,Sunday
1809,<A>,1213,2021-02-07T01:20:55-05:00[America/New_York],2021-02-07T01:41:08-05:00[America/New_York],NA,2021-02-07,4855,Sunday
1809,B,14,2021-02-07T01:41:08-05:00[America/New_York],2021-02-07T01:41:22-05:00[America/New_York],Yes,2021-02-07,6068,Sunday
1809,<A>,292,2021-02-07T01:41:22-05:00[America/New_York],2021-02-07T01:46:14-05:00[America/New_York],NA,2021-02-07,6082,Sunday
1809,B,16,2021-02-07T01:46:14-05:00[America/New_York],2021-02-07T01:46:30-05:00[America/New_York],Yes,2021-02-07,6374,Sunday
1809,<A>,173,2021-02-07T01:46:30-05:00[America/New_York],2021-02-07T01:49:23-05:00[America/New_York],NA,2021-02-07,6390,Sunday
1809,B,14,2021-02-07T01:49:23-05:00[America/New_York],2021-02-07T01:49:37-05:00[America/New_York],Yes,2021-02-07,6563,Sunday
1809,<A>,130,2021-02-07T01:49:37-05:00[America/New_York],2021-02-07T01:51:47-05:00[America/New_York],NA,2021-02-07,6577,Sunday
1809,B,14,2021-02-07T01:51:47-05:00[America/New_York],2021-02-07T01:52:01-05:00[America/New_York],Yes,2021-02-07,6707,Sunday
1809,<A>,782,2021-02-07T01:52:01-05:00[America/New_York],2021-02-07T02:05:03-05:00[America/New_York],NA,2021-02-07,6721,Sunday
1809,B,15,2021-02-07T02:05:03-05:00[America/New_York],2021-02-07T02:05:18-05:00[America/New_York],Yes,2021-02-07,7503,Sunday
1809,<A>,336,2021-02-07T02:05:18-05:00[America/New_York],2021-02-07T02:10:54-05:00[America/New_York],Yes,2021-02-07,7518,Sunday
1809,B,14,2021-02-07T02:10:54-05:00[America/New_York],2021-02-07T02:11:08-05:00[America/New_York],Yes,2021-02-07,7854,Sunday
1809,<A>,49,2021-02-07T02:11:08-05:00[America/New_York],2021-02-07T02:11:57-05:00[America/New_York],Yes,2021-02-07,7868,Sunday
1809,B,14,2021-02-07T02:11:57-05:00[America/New_York],2021-02-07T02:12:11-05:00[America/New_York],Yes,2021-02-07,7917,Sunday
1809,<A>,88,2021-02-07T02:12:11-05:00[America/New_York],2021-02-07T02:13:39-05:00[America/New_York],NA,2021-02-07,7931,Sunday
1809,B,14,2021-02-07T02:13:39-05:00[America/New_York],2021-02-07T02:13:53-05:00[America/New_York],Yes,2021-02-07,8019,Sunday
1809,<A>,93,2021-02-07T02:13:53-05:00[America/New_York],2021-02-07T02:15:26-05:00[America/New_York],NA,2021-02-07,8033,Sunday
1809,B,20,2021-02-07T02:15:26-05:00[America/New_York],2021-02-07T02:15:46-05:00[America/New_York],Yes,2021-02-07,8126,Sunday
1809,<A>,926,2021-02-07T02:15:46-05:00[America/New_York],2021-02-07T02:31:12-05:00[America/New_York],NA,2021-02-07,8146,Sunday
1809,B,14,2021-02-07T02:31:12-05:00[America/New_York],2021-02-07T02:31:26-05:00[America/New_York],Yes,2021-02-07,9072,Sunday
1809,<A>,709,2021-02-07T02:31:26-05:00[America/New_York],2021-02-07T02:43:15-05:00[America/New_York],Yes,2021-02-07,9086,Sunday
1809,B,18,2021-02-07T02:43:15-05:00[America/New_York],2021-02-07T02:43:33-05:00[America/New_York],Yes,2021-02-07,9795,Sunday
1809,<A>,541,2021-02-07T02:43:33-05:00[America/New_York],2021-02-07T02:52:34-05:00[America/New_York],Yes,2021-02-07,9813,Sunday
1809,B,14,2021-02-07T02:52:34-05:00[America/New_York],2021-02-07T02:52:48-05:00[America/New_York],Yes,2021-02-07,10354,Sunday
1809,<A>,333,2021-02-07T02:52:48-05:00[America/New_York],2021-02-07T02:58:21-05:00[America/New_York],Yes,2021-02-07,10368,Sunday
1809,B,14,2021-02-07T02:58:21-05:00[America/New_York],2021-02-07T02:58:35-05:00[America/New_York],Yes,2021-02-07,10701,Sunday
1809,<A>,645,2021-02-07T02:58:35-05:00[America/New_York],2021-02-07T03:09:20-05:00[America/New_York],NA,2021-02-07,10715,Sunday
1809,B,14,2021-02-07T03:09:20-05:00[America/New_York],2021-02-07T03:09:34-05:00[America/New_York],Yes,2021-02-07,11360,Sunday
1809,<A>,982,2021-02-07T03:09:34-05:00[America/New_York],2021-02-07T03:25:56-05:00[America/New_York],NA,2021-02-07,11374,Sunday
1809,B,16,2021-02-07T03:25:56-05:00[America/New_York],2021-02-07T03:26:12-05:00[America/New_York],Yes,2021-02-07,12356,Sunday
1809,<A>,451,2021-02-07T03:26:12-05:00[America/New_York],2021-02-07T03:33:43-05:00[America/New_York],NA,2021-02-07,12372,Sunday
1809,B,14,2021-02-07T03:33:43-05:00[America/New_York],2021-02-07T03:33:57-05:00[America/New_York],Yes,2021-02-07,12823,Sunday
1809,<A>,436,2021-02-07T03:33:57-05:00[America/New_York],2021-02-07T03:41:13-05:00[America/New_York],Yes,2021-02-07,12837,Sunday
1809,B,14,2021-02-07T03:41:13-05:00[America/New_York],2021-02-07T03:41:27-05:00[America/New_York],Yes,2021-02-07,13273,Sunday
1809,<A>,348,2021-02-07T03:41:27-05:00[America/New_York],2021-02-07T03:47:15-05:00[America/New_York],Yes,2021-02-07,13287,Sunday
1809,B,14,2021-02-07T03:47:15-05:00[America/New_York],2021-02-07T03:47:29-05:00[America/New_York],Yes,2021-02-07,13635,Sunday
1809,<A>,364,2021-02-07T03:47:29-05:00[America/New_York],2021-02-07T03:53:33-05:00[America/New_York],NA,2021-02-07,13649,Sunday
1809,B,19,2021-02-07T03:53:33-05:00[America/New_York],2021-02-07T03:53:52-05:00[America/New_York],Yes,2021-02-07,14013,Sunday
1809,<A>,139,2021-02-07T03:53:52-05:00[America/New_York],2021-02-07T03:56:11-05:00[America/New_York],Yes,2021-02-07,14032,Sunday
1809,B,15,2021-02-07T03:56:11-05:00[America/New_York],2021-02-07T03:56:26-05:00[America/New_York],Yes,2021-02-07,14171,Sunday
1809,<A>,85,2021-02-07T03:56:26-05:00[America/New_York],2021-02-07T03:57:51-05:00[America/New_York],NA,2021-02-07,14186,Sunday
1809,B,21,2021-02-07T03:57:51-05:00[America/New_York],2021-02-07T03:58:12-05:00[America/New_York],Yes,2021-02-07,14271,Sunday
1809,<A>,136,2021-02-07T03:58:12-05:00[America/New_York],2021-02-07T04:00:28-05:00[America/New_York],Yes,2021-02-07,14292,Sunday
1809,B,20,2021-02-07T04:00:28-05:00[America/New_York],2021-02-07T04:00:48-05:00[America/New_York],Yes,2021-02-07,14428,Sunday
1809,<A>,119,2021-02-07T04:00:48-05:00[America/New_York],2021-02-07T04:02:47-05:00[America/New_York],NA,2021-02-07,14448,Sunday
1809,B,20,2021-02-07T04:02:47-05:00[America/New_York],2021-02-07T04:03:07-05:00[America/New_York],Yes,2021-02-07,14567,Sunday
1809,<A>,141,2021-02-07T04:03:07-05:00[America/New_York],2021-02-07T04:05:28-05:00[America/New_York],Yes,2021-02-07,14587,Sunday
1809,B,14,2021-02-07T04:05:28-05:00[America/New_York],2021-02-07T04:05:42-05:00[America/New_York],Yes,2021-02-07,14728,Sunday
1809,<A>,403,2021-02-07T04:05:42-05:00[America/New_York],2021-02-07T04:12:25-05:00[America/New_York],NA,2021-02-07,14742,Sunday
1809,B,14,2021-02-07T04:12:25-05:00[America/New_York],2021-02-07T04:12:39-05:00[America/New_York],Yes,2021-02-07,15145,Sunday
1809,<A>,128,2021-02-07T04:12:39-05:00[America/New_York],2021-02-07T04:14:47-05:00[America/New_York],NA,2021-02-07,15159,Sunday
1809,B,23,2021-02-07T04:14:47-05:00[America/New_York],2021-02-07T04:15:10-05:00[America/New_York],NA,2021-02-07,15287,Sunday
1809,<A>,205,2021-02-07T04:15:10-05:00[America/New_York],2021-02-07T04:18:35-05:00[America/New_York],NA,2021-02-07,15310,Sunday
1809,B,15,2021-02-07T04:18:35-05:00[America/New_York],2021-02-07T04:18:50-05:00[America/New_York],Yes,2021-02-07,15515,Sunday
1809,<A>,70,2021-02-07T04:18:50-05:00[America/New_York],2021-02-07T04:20:00-05:00[America/New_York],Yes,2021-02-07,15530,Sunday
1809,B,24,2021-02-07T04:20:00-05:00[America/New_York],2021-02-07T04:20:24-05:00[America/New_York],NA,2021-02-07,15600,Sunday
1809,<A>,239,2021-02-07T04:20:24-05:00[America/New_York],2021-02-07T04:24:23-05:00[America/New_York],Yes,2021-02-07,15624,Sunday
1809,B,14,2021-02-07T04:24:23-05:00[America/New_York],2021-02-07T04:24:37-05:00[America/New_York],Yes,2021-02-07,15863,Sunday
1809,<A>,810,2021-02-07T04:24:37-05:00[America/New_York],2021-02-07T04:38:07-05:00[America/New_York],Yes,2021-02-07,15877,Sunday
1809,B,14,2021-02-07T04:38:07-05:00[America/New_York],2021-02-07T04:38:21-05:00[America/New_York],Yes,2021-02-07,16687,Sunday
1809,<A>,433,2021-02-07T04:38:21-05:00[America/New_York],2021-02-07T04:45:34-05:00[America/New_York],Yes,2021-02-07,16701,Sunday
1809,B,14,2021-02-07T04:45:34-05:00[America/New_York],2021-02-07T04:45:48-05:00[America/New_York],Yes,2021-02-07,17134,Sunday
1809,<A>,617,2021-02-07T04:45:48-05:00[America/New_York],2021-02-07T04:56:05-05:00[America/New_York],Yes,2021-02-07,17148,Sunday
1809,B,14,2021-02-07T04:56:05-05:00[America/New_York],2021-02-07T04:56:19-05:00[America/New_York],Yes,2021-02-07,17765,Sunday
1809,<A>,202,2021-02-07T04:56:19-05:00[America/New_York],2021-02-07T04:59:41-05:00[America/New_York],NA,2021-02-07,17779,Sunday
1809,B,14,2021-02-07T04:59:41-05:00[America/New_York],2021-02-07T04:59:55-05:00[America/New_York],Yes,2021-02-07,17981,Sunday
1809,<A>,748,2021-02-07T04:59:55-05:00[America/New_York],2021-02-07T05:12:23-05:00[America/New_York],NA,2021-02-07,17995,Sunday
1809,B,14,2021-02-07T05:12:23-05:00[America/New_York],2021-02-07T05:12:37-05:00[America/New_York],Yes,2021-02-07,18743,Sunday
1809,<A>,552,2021-02-07T05:12:37-05:00[America/New_York],2021-02-07T05:21:49-05:00[America/New_York],NA,2021-02-07,18757,Sunday
1809,B,14,2021-02-07T05:21:49-05:00[America/New_York],2021-02-07T05:22:03-05:00[America/New_York],Yes,2021-02-07,19309,Sunday
1809,<A>,81,2021-02-07T05:22:03-05:00[America/New_York],2021-02-07T05:23:24-05:00[America/New_York],NA,2021-02-07,19323,Sunday
1809,B,14,2021-02-07T05:23:24-05:00[America/New_York],2021-02-07T05:23:38-05:00[America/New_York],Yes,2021-02-07,19404,Sunday
1809,<A>,508,2021-02-07T05:23:38-05:00[America/New_York],2021-02-07T05:32:06-05:00[America/New_York],NA,2021-02-07,19418,Sunday
1809,B,14,2021-02-07T05:32:06-05:00[America/New_York],2021-02-07T05:32:20-05:00[America/New_York],Yes,2021-02-07,19926,Sunday
1809,<A>,155,2021-02-07T05:32:20-05:00[America/New_York],2021-02-07T05:34:55-05:00[America/New_York],Yes,2021-02-07,19940,Sunday
1809,B,14,2021-02-07T05:34:55-05:00[America/New_York],2021-02-07T05:35:09-05:00[America/New_York],Yes,2021-02-07,20095,Sunday
1809,<A>,848,2021-02-07T05:35:09-05:00[America/New_York],2021-02-07T05:49:17-05:00[America/New_York],NA,2021-02-07,20109,Sunday
1809,B,14,2021-02-07T05:49:17-05:00[America/New_York],2021-02-07T05:49:31-05:00[America/New_York],Yes,2021-02-07,20957,Sunday
1809,<A>,183,2021-02-07T05:49:31-05:00[America/New_York],2021-02-07T05:52:34-05:00[America/New_York],NA,2021-02-07,20971,Sunday
1809,B,14,2021-02-07T05:52:34-05:00[America/New_York],2021-02-07T05:52:48-05:00[America/New_York],Yes,2021-02-07,21154,Sunday
1809,<A>,646,2021-02-07T05:52:48-05:00[America/New_York],2021-02-07T06:03:34-05:00[America/New_York],NA,2021-02-07,21168,Sunday
1809,B,14,2021-02-07T06:03:34-05:00[America/New_York],2021-02-07T06:03:48-05:00[America/New_York],Yes,2021-02-07,21814,Sunday
1809,<A>,113,2021-02-07T06:03:48-05:00[America/New_York],2021-02-07T06:05:41-05:00[America/New_York],NA,2021-02-07,21828,Sunday
1809,B,14,2021-02-07T06:05:41-05:00[America/New_York],2021-02-07T06:05:55-05:00[America/New_York],Yes,2021-02-07,21941,Sunday
1809,<A>,71,2021-02-07T06:05:55-05:00[America/New_York],2021-02-07T06:07:06-05:00[America/New_York],Yes,2021-02-07,21955,Sunday
1809,B,14,2021-02-07T06:07:06-05:00[America/New_York],2021-02-07T06:07:20-05:00[America/New_York],Yes,2021-02-07,22026,Sunday
1809,<A>,94,2021-02-07T06:07:20-05:00[America/New_York],2021-02-07T06:08:54-05:00[America/New_York],NA,2021-02-07,22040,Sunday
1809,B,14,2021-02-07T06:08:54-05:00[America/New_York],2021-02-07T06:09:08-05:00[America/New_York],Yes,2021-02-07,22134,Sunday
1809,<A>,306,2021-02-07T06:09:08-05:00[America/New_York],2021-02-07T06:14:14-05:00[America/New_York],NA,2021-02-07,22148,Sunday
1809,B,14,2021-02-07T06:14:14-05:00[America/New_York],2021-02-07T06:14:28-05:00[America/New_York],Yes,2021-02-07,22454,Sunday
1809,<A>,248,2021-02-07T06:14:28-05:00[America/New_York],2021-02-07T06:18:36-05:00[America/New_York],Yes,2021-02-07,22468,Sunday
1809,B,14,2021-02-07T06:18:36-05:00[America/New_York],2021-02-07T06:18:50-05:00[America/New_York],Yes,2021-02-07,22716,Sunday
1809,<A>,183,2021-02-07T06:18:50-05:00[America/New_York],2021-02-07T06:21:53-05:00[America/New_York],NA,2021-02-07,22730,Sunday
1809,B,14,2021-02-07T06:21:53-05:00[America/New_York],2021-02-07T06:22:07-05:00[America/New_York],Yes,2021-02-07,22913,Sunday
1809,<A>,171,2021-02-07T06:22:07-05:00[America/New_York],2021-02-07T06:24:58-05:00[America/New_York],NA,2021-02-07,22927,Sunday
1809,B,17,2021-02-07T06:24:58-05:00[America/New_York],2021-02-07T06:25:15-05:00[America/New_York],Yes,2021-02-07,23098,Sunday
1809,<A>,123,2021-02-07T06:25:15-05:00[America/New_York],2021-02-07T06:27:18-05:00[America/New_York],NA,2021-02-07,23115,Sunday
1809,B,14,2021-02-07T06:27:18-05:00[America/New_York],2021-02-07T06:27:32-05:00[America/New_York],Yes,2021-02-07,23238,Sunday
1809,<A>,559,2021-02-07T06:27:32-05:00[America/New_York],2021-02-07T06:36:51-05:00[America/New_York],NA,2021-02-07,23252,Sunday
1809,B,14,2021-02-07T06:36:51-05:00[America/New_York],2021-02-07T06:37:05-05:00[America/New_York],Yes,2021-02-07,23811,Sunday
1809,<A>,148,2021-02-07T06:37:05-05:00[America/New_York],2021-02-07T06:39:33-05:00[America/New_York],NA,2021-02-07,23825,Sunday
1809,B,14,2021-02-07T06:39:33-05:00[America/New_York],2021-02-07T06:39:47-05:00[America/New_York],Yes,2021-02-07,23973,Sunday
1809,<A>,501,2021-02-07T06:39:47-05:00[America/New_York],2021-02-07T06:48:08-05:00[America/New_York],NA,2021-02-07,23987,Sunday
1809,B,18,2021-02-07T06:48:08-05:00[America/New_York],2021-02-07T06:48:26-05:00[America/New_York],Yes,2021-02-07,24488,Sunday
1809,<A>,187,2021-02-07T06:48:26-05:00[America/New_York],2021-02-07T06:51:33-05:00[America/New_York],NA,2021-02-07,24506,Sunday
1809,B,14,2021-02-07T06:51:33-05:00[America/New_York],2021-02-07T06:51:47-05:00[America/New_York],Yes,2021-02-07,24693,Sunday
1809,<A>,80,2021-02-07T06:51:47-05:00[America/New_York],2021-02-07T06:53:07-05:00[America/New_York],NA,2021-02-07,24707,Sunday
1809,B,18,2021-02-07T06:53:07-05:00[America/New_York],2021-02-07T06:53:25-05:00[America/New_York],Yes,2021-02-07,24787,Sunday
1809,<A>,436,2021-02-07T06:53:25-05:00[America/New_York],2021-02-07T07:00:41-05:00[America/New_York],Yes,2021-02-07,24805,Sunday
1809,B,14,2021-02-07T07:00:41-05:00[America/New_York],2021-02-07T07:00:55-05:00[America/New_York],Yes,2021-02-07,25241,Sunday
1809,<A>,147,2021-02-07T07:00:55-05:00[America/New_York],2021-02-07T07:03:22-05:00[America/New_York],Yes,2021-02-07,25255,Sunday
1809,B,14,2021-02-07T07:03:22-05:00[America/New_York],2021-02-07T07:03:36-05:00[America/New_York],Yes,2021-02-07,25402,Sunday
1809,<A>,101,2021-02-07T07:03:36-05:00[America/New_York],2021-02-07T07:05:17-05:00[America/New_York],NA,2021-02-07,25416,Sunday
1809,B,14,2021-02-07T07:05:17-05:00[America/New_York],2021-02-07T07:05:31-05:00[America/New_York],Yes,2021-02-07,25517,Sunday
1809,<A>,49,2021-02-07T07:05:31-05:00[America/New_York],2021-02-07T07:06:20-05:00[America/New_York],Yes,2021-02-07,25531,Sunday
1809,B,14,2021-02-07T07:06:20-05:00[America/New_York],2021-02-07T07:06:34-05:00[America/New_York],Yes,2021-02-07,25580,Sunday
1809,<A>,59,2021-02-07T07:06:34-05:00[America/New_York],2021-02-07T07:07:33-05:00[America/New_York],Yes,2021-02-07,25594,Sunday
1809,B,16,2021-02-07T07:07:33-05:00[America/New_York],2021-02-07T07:07:49-05:00[America/New_York],Yes,2021-02-07,25653,Sunday
1809,<A>,53,2021-02-07T07:07:49-05:00[America/New_York],2021-02-07T07:08:42-05:00[America/New_York],Yes,2021-02-07,25669,Sunday
1809,B,14,2021-02-07T07:08:42-05:00[America/New_York],2021-02-07T07:08:56-05:00[America/New_York],Yes,2021-02-07,25722,Sunday
1809,<A>,537,2021-02-07T07:08:56-05:00[America/New_York],2021-02-07T07:17:53-05:00[America/New_York],Yes,2021-02-07,25736,Sunday
1809,B,18,2021-02-07T07:17:53-05:00[America/New_York],2021-02-07T07:18:11-05:00[America/New_York],Yes,2021-02-07,26273,Sunday
1809,<A>,59,2021-02-07T07:18:11-05:00[America/New_York],2021-02-07T07:19:10-05:00[America/New_York],Yes,2021-02-07,26291,Sunday
1809,B,14,2021-02-07T07:19:10-05:00[America/New_York],2021-02-07T07:19:24-05:00[America/New_York],Yes,2021-02-07,26350,Sunday
1809,<A>,255,2021-02-07T07:19:24-05:00[America/New_York],2021-02-07T07:23:39-05:00[America/New_York],Yes,2021-02-07,26364,Sunday
1809,B,14,2021-02-07T07:23:39-05:00[America/New_York],2021-02-07T07:23:53-05:00[America/New_York],Yes,2021-02-07,26619,Sunday
1809,<A>,58,2021-02-07T07:23:53-05:00[America/New_York],2021-02-07T07:24:51-05:00[America/New_York],Yes,2021-02-07,26633,Sunday
1809,B,14,2021-02-07T07:24:51-05:00[America/New_York],2021-02-07T07:25:05-05:00[America/New_York],Yes,2021-02-07,26691,Sunday
1809,<A>,69,2021-02-07T07:25:05-05:00[America/New_York],2021-02-07T07:26:14-05:00[America/New_York],Yes,2021-02-07,26705,Sunday
1809,B,14,2021-02-07T07:26:14-05:00[America/New_York],2021-02-07T07:26:28-05:00[America/New_York],Yes,2021-02-07,26774,Sunday
1809,<A>,195,2021-02-07T07:26:28-05:00[America/New_York],2021-02-07T07:29:43-05:00[America/New_York],NA,2021-02-07,26788,Sunday
1809,B,21,2021-02-07T07:29:43-05:00[America/New_York],2021-02-07T07:30:04-05:00[America/New_York],Yes,2021-02-07,26983,Sunday
1809,<A>,225,2021-02-07T07:30:04-05:00[America/New_York],2021-02-07T07:33:49-05:00[America/New_York],NA,2021-02-07,27004,Sunday
1809,B,14,2021-02-07T07:33:49-05:00[America/New_York],2021-02-07T07:34:03-05:00[America/New_York],Yes,2021-02-07,27229,Sunday
1809,<A>,146,2021-02-07T07:34:03-05:00[America/New_York],2021-02-07T07:36:29-05:00[America/New_York],Yes,2021-02-07,27243,Sunday
1809,B,14,2021-02-07T07:36:29-05:00[America/New_York],2021-02-07T07:36:43-05:00[America/New_York],Yes,2021-02-07,27389,Sunday
1809,<A>,97,2021-02-07T07:36:43-05:00[America/New_York],2021-02-07T07:38:20-05:00[America/New_York],NA,2021-02-07,27403,Sunday
1809,B,15,2021-02-07T07:38:20-05:00[America/New_York],2021-02-07T07:38:35-05:00[America/New_York],Yes,2021-02-07,27500,Sunday
1809,<A>,340,2021-02-07T07:38:35-05:00[America/New_York],2021-02-07T07:44:15-05:00[America/New_York],Yes,2021-02-07,27515,Sunday
1809,B,15,2021-02-07T07:44:15-05:00[America/New_York],2021-02-07T07:44:30-05:00[America/New_York],Yes,2021-02-07,27855,Sunday
1809,<A>,294,2021-02-07T07:44:30-05:00[America/New_York],2021-02-07T07:49:24-05:00[America/New_York],NA,2021-02-07,27870,Sunday
1809,B,15,2021-02-07T07:49:24-05:00[America/New_York],2021-02-07T07:49:39-05:00[America/New_York],Yes,2021-02-07,28164,Sunday
1809,<A>,338,2021-02-07T07:49:39-05:00[America/New_York],2021-02-07T07:55:17-05:00[America/New_York],Yes,2021-02-07,28179,Sunday
1809,B,16,2021-02-07T07:55:17-05:00[America/New_York],2021-02-07T07:55:33-05:00[America/New_York],Yes,2021-02-07,28517,Sunday
1809,<A>,130,2021-02-07T07:55:33-05:00[America/New_York],2021-02-07T07:57:43-05:00[America/New_York],NA,2021-02-07,28533,Sunday
1809,B,14,2021-02-07T07:57:43-05:00[America/New_York],2021-02-07T07:57:57-05:00[America/New_York],Yes,2021-02-07,28663,Sunday
1809,<A>,307,2021-02-07T07:57:57-05:00[America/New_York],2021-02-07T08:03:04-05:00[America/New_York],NA,2021-02-07,28677,Sunday
1809,B,16,2021-02-07T08:03:04-05:00[America/New_York],2021-02-07T08:03:20-05:00[America/New_York],Yes,2021-02-07,28984,Sunday
1809,<A>,187,2021-02-07T08:03:20-05:00[America/New_York],2021-02-07T08:06:27-05:00[America/New_York],NA,2021-02-07,29000,Sunday
1809,B,14,2021-02-07T08:06:27-05:00[America/New_York],2021-02-07T08:06:41-05:00[America/New_York],Yes,2021-02-07,29187,Sunday
1809,<A>,106,2021-02-07T08:06:41-05:00[America/New_York],2021-02-07T08:08:27-05:00[America/New_York],NA,2021-02-07,29201,Sunday
1809,B,14,2021-02-07T08:08:27-05:00[America/New_York],2021-02-07T08:08:41-05:00[America/New_York],Yes,2021-02-07,29307,Sunday
1809,<A>,160,2021-02-07T08:08:41-05:00[America/New_York],2021-02-07T08:11:21-05:00[America/New_York],Yes,2021-02-07,29321,Sunday
1809,B,14,2021-02-07T08:11:21-05:00[America/New_York],2021-02-07T08:11:35-05:00[America/New_York],Yes,2021-02-07,29481,Sunday
1809,<A>,49,2021-02-07T08:11:35-05:00[America/New_York],2021-02-07T08:12:24-05:00[America/New_York],Yes,2021-02-07,29495,Sunday
1809,B,15,2021-02-07T08:12:24-05:00[America/New_York],2021-02-07T08:12:39-05:00[America/New_York],Yes,2021-02-07,29544,Sunday
1809,<A>,90,2021-02-07T08:12:39-05:00[America/New_York],2021-02-07T08:14:09-05:00[America/New_York],NA,2021-02-07,29559,Sunday
1809,B,18,2021-02-07T08:14:09-05:00[America/New_York],2021-02-07T08:14:27-05:00[America/New_York],Yes,2021-02-07,29649,Sunday
1809,<A>,93,2021-02-07T08:14:27-05:00[America/New_York],2021-02-07T08:16:00-05:00[America/New_York],NA,2021-02-07,29667,Sunday
1809,B,14,2021-02-07T08:16:00-05:00[America/New_York],2021-02-07T08:16:14-05:00[America/New_York],Yes,2021-02-07,29760,Sunday
1809,<A>,83,2021-02-07T08:16:14-05:00[America/New_York],2021-02-07T08:17:37-05:00[America/New_York],Yes,2021-02-07,29774,Sunday
1809,B,14,2021-02-07T08:17:37-05:00[America/New_York],2021-02-07T08:17:51-05:00[America/New_York],Yes,2021-02-07,29857,Sunday
1809,<A>,198,2021-02-07T08:17:51-05:00[America/New_York],2021-02-07T08:21:09-05:00[America/New_York],NA,2021-02-07,29871,Sunday
1809,B,14,2021-02-07T08:21:09-05:00[America/New_York],2021-02-07T08:21:23-05:00[America/New_York],Yes,2021-02-07,30069,Sunday
1809,<A>,46,2021-02-07T08:21:23-05:00[America/New_York],2021-02-07T08:22:09-05:00[America/New_York],Yes,2021-02-07,30083,Sunday
1809,B,21,2021-02-07T08:22:09-05:00[America/New_York],2021-02-07T08:22:30-05:00[America/New_York],Yes,2021-02-07,30129,Sunday
1809,<A>,54,2021-02-07T08:22:30-05:00[America/New_York],2021-02-07T08:23:24-05:00[America/New_York],Yes,2021-02-07,30150,Sunday
1809,B,14,2021-02-07T08:23:24-05:00[America/New_York],2021-02-07T08:23:38-05:00[America/New_York],Yes,2021-02-07,30204,Sunday
1809,<A>,101,2021-02-07T08:23:38-05:00[America/New_York],2021-02-07T08:25:19-05:00[America/New_York],NA,2021-02-07,30218,Sunday
1809,B,18,2021-02-07T08:25:19-05:00[America/New_York],2021-02-07T08:25:37-05:00[America/New_York],Yes,2021-02-07,30319,Sunday
1809,<A>,51,2021-02-07T08:25:37-05:00[America/New_York],2021-02-07T08:26:28-05:00[America/New_York],Yes,2021-02-07,30337,Sunday
1809,B,14,2021-02-07T08:26:28-05:00[America/New_York],2021-02-07T08:26:42-05:00[America/New_York],Yes,2021-02-07,30388,Sunday
1809,<A>,224,2021-02-07T08:26:42-05:00[America/New_York],2021-02-07T08:30:26-05:00[America/New_York],NA,2021-02-07,30402,Sunday
1809,B,20,2021-02-07T08:30:26-05:00[America/New_York],2021-02-07T08:30:46-05:00[America/New_York],Yes,2021-02-07,30626,Sunday
1809,<A>,282,2021-02-07T08:30:46-05:00[America/New_York],2021-02-07T08:35:28-05:00[America/New_York],NA,2021-02-07,30646,Sunday
1809,B,17,2021-02-07T08:35:28-05:00[America/New_York],2021-02-07T08:35:45-05:00[America/New_York],Yes,2021-02-07,30928,Sunday
1809,<A>,52,2021-02-07T08:35:45-05:00[America/New_York],2021-02-07T08:36:37-05:00[America/New_York],Yes,2021-02-07,30945,Sunday
1809,B,16,2021-02-07T08:36:37-05:00[America/New_York],2021-02-07T08:36:53-05:00[America/New_York],Yes,2021-02-07,30997,Sunday
1809,<A>,49,2021-02-07T08:36:53-05:00[America/New_York],2021-02-07T08:37:42-05:00[America/New_York],Yes,2021-02-07,31013,Sunday
1809,B,14,2021-02-07T08:37:42-05:00[America/New_York],2021-02-07T08:37:56-05:00[America/New_York],Yes,2021-02-07,31062,Sunday
1809,<A>,210,2021-02-07T08:37:56-05:00[America/New_York],2021-02-07T08:41:26-05:00[America/New_York],NA,2021-02-07,31076,Sunday
1809,B,14,2021-02-07T08:41:26-05:00[America/New_York],2021-02-07T08:41:40-05:00[America/New_York],Yes,2021-02-07,31286,Sunday
1809,<A>,44,2021-02-07T08:41:40-05:00[America/New_York],2021-02-07T08:42:24-05:00[America/New_York],Yes,2021-02-07,31300,Sunday
1809,B,14,2021-02-07T08:42:24-05:00[America/New_York],2021-02-07T08:42:38-05:00[America/New_York],Yes,2021-02-07,31344,Sunday
1809,<A>,57,2021-02-07T08:42:38-05:00[America/New_York],2021-02-07T08:43:35-05:00[America/New_York],Yes,2021-02-07,31358,Sunday
1809,B,14,2021-02-07T08:43:35-05:00[America/New_York],2021-02-07T08:43:49-05:00[America/New_York],Yes,2021-02-07,31415,Sunday
1809,<A>,73,2021-02-07T08:43:49-05:00[America/New_York],2021-02-07T08:45:02-05:00[America/New_York],Yes,2021-02-07,31429,Sunday
1809,B,17,2021-02-07T08:45:02-05:00[America/New_York],2021-02-07T08:45:19-05:00[America/New_York],Yes,2021-02-07,31502,Sunday
1809,<A>,60,2021-02-07T08:45:19-05:00[America/New_York],2021-02-07T08:46:19-05:00[America/New_York],Yes,2021-02-07,31519,Sunday
1809,B,18,2021-02-07T08:46:19-05:00[America/New_York],2021-02-07T08:46:37-05:00[America/New_York],Yes,2021-02-07,31579,Sunday
1809,<A>,52,2021-02-07T08:46:37-05:00[America/New_York],2021-02-07T08:47:29-05:00[America/New_York],Yes,2021-02-07,31597,Sunday
1809,B,14,2021-02-07T08:47:29-05:00[America/New_York],2021-02-07T08:47:43-05:00[America/New_York],Yes,2021-02-07,31649,Sunday
1809,<A>,167,2021-02-07T08:47:43-05:00[America/New_York],2021-02-07T08:50:30-05:00[America/New_York],Yes,2021-02-07,31663,Sunday
1809,B,17,2021-02-07T08:50:30-05:00[America/New_York],2021-02-07T08:50:47-05:00[America/New_York],Yes,2021-02-07,31830,Sunday
1809,<A>,51,2021-02-07T08:50:47-05:00[America/New_York],2021-02-07T08:51:38-05:00[America/New_York],Yes,2021-02-07,31847,Sunday
1809,B,19,2021-02-07T08:51:38-05:00[America/New_York],2021-02-07T08:51:57-05:00[America/New_York],Yes,2021-02-07,31898,Sunday
1809,<A>,224,2021-02-07T08:51:57-05:00[America/New_York],2021-02-07T08:55:41-05:00[America/New_York],NA,2021-02-07,31917,Sunday
1809,B,14,2021-02-07T08:55:41-05:00[America/New_York],2021-02-07T08:55:55-05:00[America/New_York],Yes,2021-02-07,32141,Sunday
1809,<A>,81,2021-02-07T08:55:55-05:00[America/New_York],2021-02-07T08:57:16-05:00[America/New_York],Yes,2021-02-07,32155,Sunday
1809,B,16,2021-02-07T08:57:16-05:00[America/New_York],2021-02-07T08:57:32-05:00[America/New_York],Yes,2021-02-07,32236,Sunday
1809,<A>,81,2021-02-07T08:57:32-05:00[America/New_York],2021-02-07T08:58:53-05:00[America/New_York],Yes,2021-02-07,32252,Sunday
1809,B,18,2021-02-07T08:58:53-05:00[America/New_York],2021-02-07T08:59:11-05:00[America/New_York],Yes,2021-02-07,32333,Sunday
1809,<A>,64,2021-02-07T08:59:11-05:00[America/New_York],2021-02-07T09:00:15-05:00[America/New_York],Yes,2021-02-07,32351,Sunday
1809,B,14,2021-02-07T09:00:15-05:00[America/New_York],2021-02-07T09:00:29-05:00[America/New_York],Yes,2021-02-07,32415,Sunday
1809,<A>,97,2021-02-07T09:00:29-05:00[America/New_York],2021-02-07T09:02:06-05:00[America/New_York],NA,2021-02-07,32429,Sunday
1809,B,17,2021-02-07T09:02:06-05:00[America/New_York],2021-02-07T09:02:23-05:00[America/New_York],Yes,2021-02-07,32526,Sunday
1809,<A>,95,2021-02-07T09:02:23-05:00[America/New_York],2021-02-07T09:03:58-05:00[America/New_York],NA,2021-02-07,32543,Sunday
1809,B,15,2021-02-07T09:03:58-05:00[America/New_York],2021-02-07T09:04:13-05:00[America/New_York],Yes,2021-02-07,32638,Sunday
1809,<A>,54,2021-02-07T09:04:13-05:00[America/New_York],2021-02-07T09:05:07-05:00[America/New_York],Yes,2021-02-07,32653,Sunday
1809,B,14,2021-02-07T09:05:07-05:00[America/New_York],2021-02-07T09:05:21-05:00[America/New_York],Yes,2021-02-07,32707,Sunday
1809,<A>,107,2021-02-07T09:05:21-05:00[America/New_York],2021-02-07T09:07:08-05:00[America/New_York],NA,2021-02-07,32721,Sunday
1809,B,14,2021-02-07T09:07:08-05:00[America/New_York],2021-02-07T09:07:22-05:00[America/New_York],Yes,2021-02-07,32828,Sunday
1809,<A>,146,2021-02-07T09:07:22-05:00[America/New_York],2021-02-07T09:09:48-05:00[America/New_York],Yes,2021-02-07,32842,Sunday
1809,B,14,2021-02-07T09:09:48-05:00[America/New_York],2021-02-07T09:10:02-05:00[America/New_York],Yes,2021-02-07,32988,Sunday
1809,<A>,56,2021-02-07T09:10:02-05:00[America/New_York],2021-02-07T09:10:58-05:00[America/New_York],Yes,2021-02-07,33002,Sunday
1809,B,14,2021-02-07T09:10:58-05:00[America/New_York],2021-02-07T09:11:12-05:00[America/New_York],Yes,2021-02-07,33058,Sunday
1809,<A>,104,2021-02-07T09:11:12-05:00[America/New_York],2021-02-07T09:12:56-05:00[America/New_York],NA,2021-02-07,33072,Sunday
1809,B,14,2021-02-07T09:12:56-05:00[America/New_York],2021-02-07T09:13:10-05:00[America/New_York],Yes,2021-02-07,33176,Sunday
1809,<A>,105,2021-02-07T09:13:10-05:00[America/New_York],2021-02-07T09:14:55-05:00[America/New_York],NA,2021-02-07,33190,Sunday
1809,B,14,2021-02-07T09:14:55-05:00[America/New_York],2021-02-07T09:15:09-05:00[America/New_York],Yes,2021-02-07,33295,Sunday
1809,<A>,63,2021-02-07T09:15:09-05:00[America/New_York],2021-02-07T09:16:12-05:00[America/New_York],Yes,2021-02-07,33309,Sunday
1809,B,22,2021-02-07T09:16:12-05:00[America/New_York],2021-02-07T09:16:34-05:00[America/New_York],Yes,2021-02-07,33372,Sunday
1809,<A>,164,2021-02-07T09:16:34-05:00[America/New_York],2021-02-07T09:19:18-05:00[America/New_York],Yes,2021-02-07,33394,Sunday
1809,B,16,2021-02-07T09:19:18-05:00[America/New_York],2021-02-07T09:19:34-05:00[America/New_York],Yes,2021-02-07,33558,Sunday
1809,<A>,63,2021-02-07T09:19:34-05:00[America/New_York],2021-02-07T09:20:37-05:00[America/New_York],Yes,2021-02-07,33574,Sunday
1809,B,14,2021-02-07T09:20:37-05:00[America/New_York],2021-02-07T09:20:51-05:00[America/New_York],Yes,2021-02-07,33637,Sunday
1809,<A>,62,2021-02-07T09:20:51-05:00[America/New_York],2021-02-07T09:21:53-05:00[America/New_York],Yes,2021-02-07,33651,Sunday
1809,B,17,2021-02-07T09:21:53-05:00[America/New_York],2021-02-07T09:22:10-05:00[America/New_York],Yes,2021-02-07,33713,Sunday
1809,<A>,64,2021-02-07T09:22:10-05:00[America/New_York],2021-02-07T09:23:14-05:00[America/New_York],Yes,2021-02-07,33730,Sunday
1809,B,17,2021-02-07T09:23:14-05:00[America/New_York],2021-02-07T09:23:31-05:00[America/New_York],Yes,2021-02-07,33794,Sunday
1809,<A>,89,2021-02-07T09:23:31-05:00[America/New_York],2021-02-07T09:25:00-05:00[America/New_York],Yes,2021-02-07,33811,Sunday
1809,B,14,2021-02-07T09:25:00-05:00[America/New_York],2021-02-07T09:25:14-05:00[America/New_York],Yes,2021-02-07,33900,Sunday
1809,<A>,73,2021-02-07T09:25:14-05:00[America/New_York],2021-02-07T09:26:27-05:00[America/New_York],Yes,2021-02-07,33914,Sunday
1809,B,14,2021-02-07T09:26:27-05:00[America/New_York],2021-02-07T09:26:41-05:00[America/New_York],Yes,2021-02-07,33987,Sunday
1809,<A>,90,2021-02-07T09:26:41-05:00[America/New_York],2021-02-07T09:28:11-05:00[America/New_York],NA,2021-02-07,34001,Sunday
1809,B,15,2021-02-07T09:28:11-05:00[America/New_York],2021-02-07T09:28:26-05:00[America/New_York],Yes,2021-02-07,34091,Sunday
1809,<A>,91,2021-02-07T09:28:26-05:00[America/New_York],2021-02-07T09:29:57-05:00[America/New_York],NA,2021-02-07,34106,Sunday
1809,B,24,2021-02-07T09:29:57-05:00[America/New_York],2021-02-07T09:30:21-05:00[America/New_York],NA,2021-02-07,34197,Sunday
1809,<A>,69,2021-02-07T09:30:21-05:00[America/New_York],2021-02-07T09:31:30-05:00[America/New_York],Yes,2021-02-07,34221,Sunday
1809,B,18,2021-02-07T09:31:30-05:00[America/New_York],2021-02-07T09:31:48-05:00[America/New_York],Yes,2021-02-07,34290,Sunday
1809,<A>,74,2021-02-07T09:31:48-05:00[America/New_York],2021-02-07T09:33:02-05:00[America/New_York],Yes,2021-02-07,34308,Sunday
1809,B,21,2021-02-07T09:33:02-05:00[America/New_York],2021-02-07T09:33:23-05:00[America/New_York],Yes,2021-02-07,34382,Sunday
1809,<A>,80,2021-02-07T09:33:23-05:00[America/New_York],2021-02-07T09:34:43-05:00[America/New_York],NA,2021-02-07,34403,Sunday
1809,B,14,2021-02-07T09:34:43-05:00[America/New_York],2021-02-07T09:34:57-05:00[America/New_York],Yes,2021-02-07,34483,Sunday
1809,<A>,55,2021-02-07T09:34:57-05:00[America/New_York],2021-02-07T09:35:52-05:00[America/New_York],Yes,2021-02-07,34497,Sunday
1809,B,18,2021-02-07T09:35:52-05:00[America/New_York],2021-02-07T09:36:10-05:00[America/New_York],Yes,2021-02-07,34552,Sunday
1809,<A>,53,2021-02-07T09:36:10-05:00[America/New_York],2021-02-07T09:37:03-05:00[America/New_York],Yes,2021-02-07,34570,Sunday
1809,B,14,2021-02-07T09:37:03-05:00[America/New_York],2021-02-07T09:37:17-05:00[America/New_York],Yes,2021-02-07,34623,Sunday
1809,<A>,51,2021-02-07T09:37:17-05:00[America/New_York],2021-02-07T09:38:08-05:00[America/New_York],Yes,2021-02-07,34637,Sunday
1809,B,18,2021-02-07T09:38:08-05:00[America/New_York],2021-02-07T09:38:26-05:00[America/New_York],Yes,2021-02-07,34688,Sunday
1809,<A>,75,2021-02-07T09:38:26-05:00[America/New_York],2021-02-07T09:39:41-05:00[America/New_York],NA,2021-02-07,34706,Sunday
1809,B,19,2021-02-07T09:39:41-05:00[America/New_York],2021-02-07T09:40:00-05:00[America/New_York],Yes,2021-02-07,34781,Sunday
1809,<A>,81,2021-02-07T09:40:00-05:00[America/New_York],2021-02-07T09:41:21-05:00[America/New_York],NA,2021-02-07,34800,Sunday
1809,B,14,2021-02-07T09:41:21-05:00[America/New_York],2021-02-07T09:41:35-05:00[America/New_York],Yes,2021-02-07,34881,Sunday
1809,<A>,151,2021-02-07T09:41:35-05:00[America/New_York],2021-02-07T09:44:06-05:00[America/New_York],Yes,2021-02-07,34895,Sunday
1809,B,17,2021-02-07T09:44:06-05:00[America/New_York],2021-02-07T09:44:23-05:00[America/New_York],Yes,2021-02-07,35046,Sunday
1809,<A>,104,2021-02-07T09:44:23-05:00[America/New_York],2021-02-07T09:46:07-05:00[America/New_York],NA,2021-02-07,35063,Sunday
1809,B,15,2021-02-07T09:46:07-05:00[America/New_York],2021-02-07T09:46:22-05:00[America/New_York],NA,2021-02-07,35167,Sunday
1809,<A>,99,2021-02-07T09:46:22-05:00[America/New_York],2021-02-07T09:48:01-05:00[America/New_York],NA,2021-02-07,35182,Sunday
1809,B,15,2021-02-07T09:48:01-05:00[America/New_York],2021-02-07T09:48:16-05:00[America/New_York],NA,2021-02-07,35281,Sunday
1809,<A>,71,2021-02-07T09:48:16-05:00[America/New_York],2021-02-07T09:49:27-05:00[America/New_York],NA,2021-02-07,35296,Sunday
1809,B,17,2021-02-07T09:49:27-05:00[America/New_York],2021-02-07T09:49:44-05:00[America/New_York],Yes,2021-02-07,35367,Sunday
1809,<A>,127,2021-02-07T09:49:44-05:00[America/New_York],2021-02-07T09:51:51-05:00[America/New_York],NA,2021-02-07,35384,Sunday
1809,B,16,2021-02-07T09:51:51-05:00[America/New_York],2021-02-07T09:52:07-05:00[America/New_York],Yes,2021-02-07,35511,Sunday
1809,<A>,120,2021-02-07T09:52:07-05:00[America/New_York],2021-02-07T09:54:07-05:00[America/New_York],NA,2021-02-07,35527,Sunday
1809,B,17,2021-02-07T09:54:07-05:00[America/New_York],2021-02-07T09:54:24-05:00[America/New_York],Yes,2021-02-07,35647,Sunday
1809,<A>,99,2021-02-07T09:54:24-05:00[America/New_York],2021-02-07T09:56:03-05:00[America/New_York],NA,2021-02-07,35664,Sunday
1809,B,14,2021-02-07T09:56:03-05:00[America/New_York],2021-02-07T09:56:17-05:00[America/New_York],Yes,2021-02-07,35763,Sunday
1809,<A>,103,2021-02-07T09:56:17-05:00[America/New_York],2021-02-07T09:58:00-05:00[America/New_York],NA,2021-02-07,35777,Sunday
1809,B,20,2021-02-07T09:58:00-05:00[America/New_York],2021-02-07T09:58:20-05:00[America/New_York],Yes,2021-02-07,35880,Sunday
1809,<A>,96,2021-02-07T09:58:20-05:00[America/New_York],2021-02-07T09:59:56-05:00[America/New_York],NA,2021-02-07,35900,Sunday
1809,B,26,2021-02-07T09:59:56-05:00[America/New_York],2021-02-07T10:00:22-05:00[America/New_York],Yes,2021-02-07,35996,Sunday
1809,<A>,94,2021-02-07T10:00:22-05:00[America/New_York],2021-02-07T10:01:56-05:00[America/New_York],NA,2021-02-07,36022,Sunday
1809,B,14,2021-02-07T10:01:56-05:00[America/New_York],2021-02-07T10:02:10-05:00[America/New_York],Yes,2021-02-07,36116,Sunday
1809,<A>,233,2021-02-07T10:02:10-05:00[America/New_York],2021-02-07T10:06:03-05:00[America/New_York],NA,2021-02-07,36130,Sunday
1809,B,15,2021-02-07T10:06:03-05:00[America/New_York],2021-02-07T10:06:18-05:00[America/New_York],NA,2021-02-07,36363,Sunday
1809,<A>,61,2021-02-07T10:06:18-05:00[America/New_York],2021-02-07T10:07:19-05:00[America/New_York],NA,2021-02-07,36378,Sunday
1809,B,15,2021-02-07T10:07:19-05:00[America/New_York],2021-02-07T10:07:34-05:00[America/New_York],Yes,2021-02-07,36439,Sunday
1809,<A>,94,2021-02-07T10:07:34-05:00[America/New_York],2021-02-07T10:09:08-05:00[America/New_York],NA,2021-02-07,36454,Sunday
1809,B,19,2021-02-07T10:09:08-05:00[America/New_York],2021-02-07T10:09:27-05:00[America/New_York],Yes,2021-02-07,36548,Sunday
1809,<A>,87,2021-02-07T10:09:27-05:00[America/New_York],2021-02-07T10:10:54-05:00[America/New_York],NA,2021-02-07,36567,Sunday
1809,B,19,2021-02-07T10:10:54-05:00[America/New_York],2021-02-07T10:11:13-05:00[America/New_York],Yes,2021-02-07,36654,Sunday
1809,<A>,86,2021-02-07T10:11:13-05:00[America/New_York],2021-02-07T10:12:39-05:00[America/New_York],NA,2021-02-07,36673,Sunday
1809,B,18,2021-02-07T10:12:39-05:00[America/New_York],2021-02-07T10:12:57-05:00[America/New_York],Yes,2021-02-07,36759,Sunday
1809,<A>,88,2021-02-07T10:12:57-05:00[America/New_York],2021-02-07T10:14:25-05:00[America/New_York],NA,2021-02-07,36777,Sunday
1809,B,16,2021-02-07T10:14:25-05:00[America/New_York],2021-02-07T10:14:41-05:00[America/New_York],Yes,2021-02-07,36865,Sunday
1809,<A>,90,2021-02-07T10:14:41-05:00[America/New_York],2021-02-07T10:16:11-05:00[America/New_York],NA,2021-02-07,36881,Sunday
1809,B,18,2021-02-07T10:16:11-05:00[America/New_York],2021-02-07T10:16:29-05:00[America/New_York],Yes,2021-02-07,36971,Sunday
1809,<A>,90,2021-02-07T10:16:29-05:00[America/New_York],2021-02-07T10:17:59-05:00[America/New_York],NA,2021-02-07,36989,Sunday
1809,B,14,2021-02-07T10:17:59-05:00[America/New_York],2021-02-07T10:18:13-05:00[America/New_York],Yes,2021-02-07,37079,Sunday
1809,<A>,112,2021-02-07T10:18:13-05:00[America/New_York],2021-02-07T10:20:05-05:00[America/New_York],NA,2021-02-07,37093,Sunday
1809,B,20,2021-02-07T10:20:05-05:00[America/New_York],2021-02-07T10:20:25-05:00[America/New_York],Yes,2021-02-07,37205,Sunday
1809,<A>,109,2021-02-07T10:20:25-05:00[America/New_York],2021-02-07T10:22:14-05:00[America/New_York],NA,2021-02-07,37225,Sunday
1809,B,17,2021-02-07T10:22:14-05:00[America/New_York],2021-02-07T10:22:31-05:00[America/New_York],Yes,2021-02-07,37334,Sunday
1809,<A>,117,2021-02-07T10:22:31-05:00[America/New_York],2021-02-07T10:24:28-05:00[America/New_York],NA,2021-02-07,37351,Sunday
1809,B,15,2021-02-07T10:24:28-05:00[America/New_York],2021-02-07T10:24:43-05:00[America/New_York],Yes,2021-02-07,37468,Sunday
1809,<A>,160,2021-02-07T10:24:43-05:00[America/New_York],2021-02-07T10:27:23-05:00[America/New_York],NA,2021-02-07,37483,Sunday
1809,B,14,2021-02-07T10:27:23-05:00[America/New_York],2021-02-07T10:27:37-05:00[America/New_York],Yes,2021-02-07,37643,Sunday
1809,<A>,111,2021-02-07T10:27:37-05:00[America/New_York],2021-02-07T10:29:28-05:00[America/New_York],NA,2021-02-07,37657,Sunday
1809,B,14,2021-02-07T10:29:28-05:00[America/New_York],2021-02-07T10:29:42-05:00[America/New_York],Yes,2021-02-07,37768,Sunday
1809,<A>,102,2021-02-07T10:29:42-05:00[America/New_York],2021-02-07T10:31:24-05:00[America/New_York],NA,2021-02-07,37782,Sunday
1809,B,14,2021-02-07T10:31:24-05:00[America/New_York],2021-02-07T10:31:38-05:00[America/New_York],Yes,2021-02-07,37884,Sunday
1809,<A>,97,2021-02-07T10:31:38-05:00[America/New_York],2021-02-07T10:33:15-05:00[America/New_York],NA,2021-02-07,37898,Sunday
1809,B,14,2021-02-07T10:33:15-05:00[America/New_York],2021-02-07T10:33:29-05:00[America/New_York],Yes,2021-02-07,37995,Sunday
1809,<A>,89,2021-02-07T10:33:29-05:00[America/New_York],2021-02-07T10:34:58-05:00[America/New_York],NA,2021-02-07,38009,Sunday
1809,B,14,2021-02-07T10:34:58-05:00[America/New_York],2021-02-07T10:35:12-05:00[America/New_York],Yes,2021-02-07,38098,Sunday
1809,<A>,98,2021-02-07T10:35:12-05:00[America/New_York],2021-02-07T10:36:50-05:00[America/New_York],NA,2021-02-07,38112,Sunday
1809,B,27,2021-02-07T10:36:50-05:00[America/New_York],2021-02-07T10:37:17-05:00[America/New_York],NA,2021-02-07,38210,Sunday
1809,<A>,85,2021-02-07T10:37:17-05:00[America/New_York],2021-02-07T10:38:42-05:00[America/New_York],NA,2021-02-07,38237,Sunday
1809,B,15,2021-02-07T10:38:42-05:00[America/New_York],2021-02-07T10:38:57-05:00[America/New_York],Yes,2021-02-07,38322,Sunday
1809,<A>,100,2021-02-07T10:38:57-05:00[America/New_York],2021-02-07T10:40:37-05:00[America/New_York],NA,2021-02-07,38337,Sunday
1809,B,15,2021-02-07T10:40:37-05:00[America/New_York],2021-02-07T10:40:52-05:00[America/New_York],Yes,2021-02-07,38437,Sunday
1809,<A>,103,2021-02-07T10:40:52-05:00[America/New_York],2021-02-07T10:42:35-05:00[America/New_York],NA,2021-02-07,38452,Sunday
1809,B,17,2021-02-07T10:42:35-05:00[America/New_York],2021-02-07T10:42:52-05:00[America/New_York],Yes,2021-02-07,38555,Sunday
1809,<A>,109,2021-02-07T10:42:52-05:00[America/New_York],2021-02-07T10:44:41-05:00[America/New_York],NA,2021-02-07,38572,Sunday
1809,B,22,2021-02-07T10:44:41-05:00[America/New_York],2021-02-07T10:45:03-05:00[America/New_York],Yes,2021-02-07,38681,Sunday
1809,<A>,117,2021-02-07T10:45:03-05:00[America/New_York],2021-02-07T10:47:00-05:00[America/New_York],NA,2021-02-07,38703,Sunday
1809,B,23,2021-02-07T10:47:00-05:00[America/New_York],2021-02-07T10:47:23-05:00[America/New_York],Yes,2021-02-07,38820,Sunday
1809,<A>,107,2021-02-07T10:47:23-05:00[America/New_York],2021-02-07T10:49:10-05:00[America/New_York],NA,2021-02-07,38843,Sunday
1809,B,21,2021-02-07T10:49:10-05:00[America/New_York],2021-02-07T10:49:31-05:00[America/New_York],Yes,2021-02-07,38950,Sunday
1809,<A>,112,2021-02-07T10:49:31-05:00[America/New_York],2021-02-07T10:51:23-05:00[America/New_York],NA,2021-02-07,38971,Sunday
1809,B,14,2021-02-07T10:51:23-05:00[America/New_York],2021-02-07T10:51:37-05:00[America/New_York],Yes,2021-02-07,39083,Sunday
1809,<A>,97,2021-02-07T10:51:37-05:00[America/New_York],2021-02-07T10:53:14-05:00[America/New_York],NA,2021-02-07,39097,Sunday
1809,B,14,2021-02-07T10:53:14-05:00[America/New_York],2021-02-07T10:53:28-05:00[America/New_York],Yes,2021-02-07,39194,Sunday
1809,<A>,104,2021-02-07T10:53:28-05:00[America/New_York],2021-02-07T10:55:12-05:00[America/New_York],NA,2021-02-07,39208,Sunday
1809,B,14,2021-02-07T10:55:12-05:00[America/New_York],2021-02-07T10:55:26-05:00[America/New_York],Yes,2021-02-07,39312,Sunday
1809,<A>,107,2021-02-07T10:55:26-05:00[America/New_York],2021-02-07T10:57:13-05:00[America/New_York],NA,2021-02-07,39326,Sunday
1809,B,14,2021-02-07T10:57:13-05:00[America/New_York],2021-02-07T10:57:27-05:00[America/New_York],Yes,2021-02-07,39433,Sunday
1809,<A>,106,2021-02-07T10:57:27-05:00[America/New_York],2021-02-07T10:59:13-05:00[America/New_York],NA,2021-02-07,39447,Sunday
1809,B,15,2021-02-07T10:59:13-05:00[America/New_York],2021-02-07T10:59:28-05:00[America/New_York],Yes,2021-02-07,39553,Sunday
1809,<A>,104,2021-02-07T10:59:28-05:00[America/New_York],2021-02-07T11:01:12-05:00[America/New_York],NA,2021-02-07,39568,Sunday
1809,B,14,2021-02-07T11:01:12-05:00[America/New_York],2021-02-07T11:01:26-05:00[America/New_York],Yes,2021-02-07,39672,Sunday
1809,<A>,95,2021-02-07T11:01:26-05:00[America/New_York],2021-02-07T11:03:01-05:00[America/New_York],NA,2021-02-07,39686,Sunday
1809,B,18,2021-02-07T11:03:01-05:00[America/New_York],2021-02-07T11:03:19-05:00[America/New_York],Yes,2021-02-07,39781,Sunday
1809,<A>,108,2021-02-07T11:03:19-05:00[America/New_York],2021-02-07T11:05:07-05:00[America/New_York],NA,2021-02-07,39799,Sunday
1809,B,15,2021-02-07T11:05:07-05:00[America/New_York],2021-02-07T11:05:22-05:00[America/New_York],NA,2021-02-07,39907,Sunday
1809,<A>,211,2021-02-07T11:05:22-05:00[America/New_York],2021-02-07T11:08:53-05:00[America/New_York],NA,2021-02-07,39922,Sunday
1809,B,15,2021-02-07T11:08:53-05:00[America/New_York],2021-02-07T11:09:08-05:00[America/New_York],NA,2021-02-07,40133,Sunday
1809,<A>,70,2021-02-07T11:09:08-05:00[America/New_York],2021-02-07T11:10:18-05:00[America/New_York],NA,2021-02-07,40148,Sunday
1809,B,27,2021-02-07T11:10:18-05:00[America/New_York],2021-02-07T11:10:45-05:00[America/New_York],NA,2021-02-07,40218,Sunday
1809,<A>,80,2021-02-07T11:10:45-05:00[America/New_York],2021-02-07T11:12:05-05:00[America/New_York],NA,2021-02-07,40245,Sunday
1809,B,31,2021-02-07T11:12:05-05:00[America/New_York],2021-02-07T11:12:36-05:00[America/New_York],NA,2021-02-07,40325,Sunday
1809,<A>,90,2021-02-07T11:12:36-05:00[America/New_York],2021-02-07T11:14:06-05:00[America/New_York],NA,2021-02-07,40356,Sunday
1809,B,15,2021-02-07T11:14:06-05:00[America/New_York],2021-02-07T11:14:21-05:00[America/New_York],Yes,2021-02-07,40446,Sunday
1809,<A>,106,2021-02-07T11:14:21-05:00[America/New_York],2021-02-07T11:16:07-05:00[America/New_York],NA,2021-02-07,40461,Sunday
1809,B,15,2021-02-07T11:16:07-05:00[America/New_York],2021-02-07T11:16:22-05:00[America/New_York],NA,2021-02-07,40567,Sunday
1809,<A>,60,2021-02-07T11:16:22-05:00[America/New_York],2021-02-07T11:17:22-05:00[America/New_York],NA,2021-02-07,40582,Sunday
1809,B,14,2021-02-07T11:17:22-05:00[America/New_York],2021-02-07T11:17:36-05:00[America/New_York],Yes,2021-02-07,40642,Sunday
1809,<A>,90,2021-02-07T11:17:36-05:00[America/New_York],2021-02-07T11:19:06-05:00[America/New_York],NA,2021-02-07,40656,Sunday
1809,B,14,2021-02-07T11:19:06-05:00[America/New_York],2021-02-07T11:19:20-05:00[America/New_York],Yes,2021-02-07,40746,Sunday
1809,<A>,89,2021-02-07T11:19:20-05:00[America/New_York],2021-02-07T11:20:49-05:00[America/New_York],NA,2021-02-07,40760,Sunday
1809,B,17,2021-02-07T11:20:49-05:00[America/New_York],2021-02-07T11:21:06-05:00[America/New_York],Yes,2021-02-07,40849,Sunday
1809,<A>,88,2021-02-07T11:21:06-05:00[America/New_York],2021-02-07T11:22:34-05:00[America/New_York],NA,2021-02-07,40866,Sunday
1809,B,14,2021-02-07T11:22:34-05:00[America/New_York],2021-02-07T11:22:48-05:00[America/New_York],Yes,2021-02-07,40954,Sunday
1809,<A>,96,2021-02-07T11:22:48-05:00[America/New_York],2021-02-07T11:24:24-05:00[America/New_York],NA,2021-02-07,40968,Sunday
1809,B,17,2021-02-07T11:24:24-05:00[America/New_York],2021-02-07T11:24:41-05:00[America/New_York],Yes,2021-02-07,41064,Sunday
1809,<A>,82,2021-02-07T11:24:41-05:00[America/New_York],2021-02-07T11:26:03-05:00[America/New_York],NA,2021-02-07,41081,Sunday
1809,B,15,2021-02-07T11:26:03-05:00[America/New_York],2021-02-07T11:26:18-05:00[America/New_York],Yes,2021-02-07,41163,Sunday
1809,<A>,91,2021-02-07T11:26:18-05:00[America/New_York],2021-02-07T11:27:49-05:00[America/New_York],NA,2021-02-07,41178,Sunday
1809,B,14,2021-02-07T11:27:49-05:00[America/New_York],2021-02-07T11:28:03-05:00[America/New_York],Yes,2021-02-07,41269,Sunday
1809,<A>,89,2021-02-07T11:28:03-05:00[America/New_York],2021-02-07T11:29:32-05:00[America/New_York],NA,2021-02-07,41283,Sunday
1809,B,15,2021-02-07T11:29:32-05:00[America/New_York],2021-02-07T11:29:47-05:00[America/New_York],Yes,2021-02-07,41372,Sunday
1809,<A>,164,2021-02-07T11:29:47-05:00[America/New_York],2021-02-07T11:32:31-05:00[America/New_York],Yes,2021-02-07,41387,Sunday
1809,B,21,2021-02-07T11:32:31-05:00[America/New_York],2021-02-07T11:32:52-05:00[America/New_York],Yes,2021-02-07,41551,Sunday
1809,<A>,49,2021-02-07T11:32:52-05:00[America/New_York],2021-02-07T11:33:41-05:00[America/New_York],Yes,2021-02-07,41572,Sunday
1809,B,14,2021-02-07T11:33:41-05:00[America/New_York],2021-02-07T11:33:55-05:00[America/New_York],Yes,2021-02-07,41621,Sunday
1809,<A>,96,2021-02-07T11:33:55-05:00[America/New_York],2021-02-07T11:35:31-05:00[America/New_York],NA,2021-02-07,41635,Sunday
1809,B,14,2021-02-07T11:35:31-05:00[America/New_York],2021-02-07T11:35:45-05:00[America/New_York],Yes,2021-02-07,41731,Sunday
1809,<A>,75,2021-02-07T11:35:45-05:00[America/New_York],2021-02-07T11:37:00-05:00[America/New_York],Yes,2021-02-07,41745,Sunday
1809,B,17,2021-02-07T11:37:00-05:00[America/New_York],2021-02-07T11:37:17-05:00[America/New_York],Yes,2021-02-07,41820,Sunday
1809,<A>,66,2021-02-07T11:37:17-05:00[America/New_York],2021-02-07T11:38:23-05:00[America/New_York],Yes,2021-02-07,41837,Sunday
1809,B,14,2021-02-07T11:38:23-05:00[America/New_York],2021-02-07T11:38:37-05:00[America/New_York],Yes,2021-02-07,41903,Sunday
1809,<A>,105,2021-02-07T11:38:37-05:00[America/New_York],2021-02-07T11:40:22-05:00[America/New_York],NA,2021-02-07,41917,Sunday
1809,B,22,2021-02-07T11:40:22-05:00[America/New_York],2021-02-07T11:40:44-05:00[America/New_York],Yes,2021-02-07,42022,Sunday
1809,<A>,61,2021-02-07T11:40:44-05:00[America/New_York],2021-02-07T11:41:45-05:00[America/New_York],Yes,2021-02-07,42044,Sunday
1809,B,14,2021-02-07T11:41:45-05:00[America/New_York],2021-02-07T11:41:59-05:00[America/New_York],Yes,2021-02-07,42105,Sunday
1809,<A>,77,2021-02-07T11:41:59-05:00[America/New_York],2021-02-07T11:43:16-05:00[America/New_York],Yes,2021-02-07,42119,Sunday
1809,B,18,2021-02-07T11:43:16-05:00[America/New_York],2021-02-07T11:43:34-05:00[America/New_York],Yes,2021-02-07,42196,Sunday
1809,<A>,65,2021-02-07T11:43:34-05:00[America/New_York],2021-02-07T11:44:39-05:00[America/New_York],Yes,2021-02-07,42214,Sunday
1809,B,14,2021-02-07T11:44:39-05:00[America/New_York],2021-02-07T11:44:53-05:00[America/New_York],Yes,2021-02-07,42279,Sunday
1809,<A>,66,2021-02-07T11:44:53-05:00[America/New_York],2021-02-07T11:45:59-05:00[America/New_York],Yes,2021-02-07,42293,Sunday
1809,B,16,2021-02-07T11:45:59-05:00[America/New_York],2021-02-07T11:46:15-05:00[America/New_York],Yes,2021-02-07,42359,Sunday
1809,<A>,56,2021-02-07T11:46:15-05:00[America/New_York],2021-02-07T11:47:11-05:00[America/New_York],Yes,2021-02-07,42375,Sunday
1809,B,14,2021-02-07T11:47:11-05:00[America/New_York],2021-02-07T11:47:25-05:00[America/New_York],Yes,2021-02-07,42431,Sunday
1809,<A>,116,2021-02-07T11:47:25-05:00[America/New_York],2021-02-07T11:49:21-05:00[America/New_York],NA,2021-02-07,42445,Sunday
1809,B,14,2021-02-07T11:49:21-05:00[America/New_York],2021-02-07T11:49:35-05:00[America/New_York],Yes,2021-02-07,42561,Sunday
1809,<A>,76,2021-02-07T11:49:35-05:00[America/New_York],2021-02-07T11:50:51-05:00[America/New_York],Yes,2021-02-07,42575,Sunday
1809,B,14,2021-02-07T11:50:51-05:00[America/New_York],2021-02-07T11:51:05-05:00[America/New_York],Yes,2021-02-07,42651,Sunday
1809,<A>,109,2021-02-07T11:51:05-05:00[America/New_York],2021-02-07T11:52:54-05:00[America/New_York],NA,2021-02-07,42665,Sunday
1809,B,15,2021-02-07T11:52:54-05:00[America/New_York],2021-02-07T11:53:09-05:00[America/New_York],Yes,2021-02-07,42774,Sunday
1809,<A>,72,2021-02-07T11:53:09-05:00[America/New_York],2021-02-07T11:54:21-05:00[America/New_York],Yes,2021-02-07,42789,Sunday
1809,B,14,2021-02-07T11:54:21-05:00[America/New_York],2021-02-07T11:54:35-05:00[America/New_York],Yes,2021-02-07,42861,Sunday
1809,<A>,46,2021-02-07T11:54:35-05:00[America/New_York],2021-02-07T11:55:21-05:00[America/New_York],Yes,2021-02-07,42875,Sunday
1809,B,17,2021-02-07T11:55:21-05:00[America/New_York],2021-02-07T11:55:38-05:00[America/New_York],Yes,2021-02-07,42921,Sunday
1809,<A>,88,2021-02-07T11:55:38-05:00[America/New_York],2021-02-07T11:57:06-05:00[America/New_York],NA,2021-02-07,42938,Sunday
1809,B,20,2021-02-07T11:57:06-05:00[America/New_York],2021-02-07T11:57:26-05:00[America/New_York],Yes,2021-02-07,43026,Sunday
1809,<A>,127,2021-02-07T11:57:26-05:00[America/New_York],2021-02-07T11:59:33-05:00[America/New_York],NA,2021-02-07,43046,Sunday
1809,B,14,2021-02-07T11:59:33-05:00[America/New_York],2021-02-07T11:59:47-05:00[America/New_York],Yes,2021-02-07,43173,Sunday
1809,<A>,52,2021-02-07T11:59:47-05:00[America/New_York],2021-02-07T12:00:39-05:00[America/New_York],Yes,2021-02-07,43187,Sunday
1809,B,14,2021-02-07T12:00:39-05:00[America/New_York],2021-02-07T12:00:53-05:00[America/New_York],Yes,2021-02-07,43239,Sunday
1809,<A>,75,2021-02-07T12:00:53-05:00[America/New_York],2021-02-07T12:02:08-05:00[America/New_York],NA,2021-02-07,43253,Sunday
1809,B,17,2021-02-07T12:02:08-05:00[America/New_York],2021-02-07T12:02:25-05:00[America/New_York],Yes,2021-02-07,43328,Sunday
1809,<A>,224,2021-02-07T12:02:25-05:00[America/New_York],2021-02-07T12:06:09-05:00[America/New_York],NA,2021-02-07,43345,Sunday
1809,B,16,2021-02-07T12:06:09-05:00[America/New_York],2021-02-07T12:06:25-05:00[America/New_York],Yes,2021-02-07,43569,Sunday
1809,<A>,62,2021-02-07T12:06:25-05:00[America/New_York],2021-02-07T12:07:27-05:00[America/New_York],Yes,2021-02-07,43585,Sunday
1809,B,14,2021-02-07T12:07:27-05:00[America/New_York],2021-02-07T12:07:41-05:00[America/New_York],Yes,2021-02-07,43647,Sunday
1809,<A>,80,2021-02-07T12:07:41-05:00[America/New_York],2021-02-07T12:09:01-05:00[America/New_York],Yes,2021-02-07,43661,Sunday
1809,B,14,2021-02-07T12:09:01-05:00[America/New_York],2021-02-07T12:09:15-05:00[America/New_York],Yes,2021-02-07,43741,Sunday
1809,<A>,118,2021-02-07T12:09:15-05:00[America/New_York],2021-02-07T12:11:13-05:00[America/New_York],NA,2021-02-07,43755,Sunday
1809,B,16,2021-02-07T12:11:13-05:00[America/New_York],2021-02-07T12:11:29-05:00[America/New_York],Yes,2021-02-07,43873,Sunday
1809,<A>,84,2021-02-07T12:11:29-05:00[America/New_York],2021-02-07T12:12:53-05:00[America/New_York],NA,2021-02-07,43889,Sunday
1809,B,15,2021-02-07T12:12:53-05:00[America/New_York],2021-02-07T12:13:08-05:00[America/New_York],Yes,2021-02-07,43973,Sunday
1809,<A>,69,2021-02-07T12:13:08-05:00[America/New_York],2021-02-07T12:14:17-05:00[America/New_York],Yes,2021-02-07,43988,Sunday
1809,B,14,2021-02-07T12:14:17-05:00[America/New_York],2021-02-07T12:14:31-05:00[America/New_York],Yes,2021-02-07,44057,Sunday
1809,<A>,75,2021-02-07T12:14:31-05:00[America/New_York],2021-02-07T12:15:46-05:00[America/New_York],Yes,2021-02-07,44071,Sunday
1809,B,14,2021-02-07T12:15:46-05:00[America/New_York],2021-02-07T12:16:00-05:00[America/New_York],Yes,2021-02-07,44146,Sunday
1809,<A>,77,2021-02-07T12:16:00-05:00[America/New_York],2021-02-07T12:17:17-05:00[America/New_York],Yes,2021-02-07,44160,Sunday
1809,B,17,2021-02-07T12:17:17-05:00[America/New_York],2021-02-07T12:17:34-05:00[America/New_York],Yes,2021-02-07,44237,Sunday
1809,<A>,83,2021-02-07T12:17:34-05:00[America/New_York],2021-02-07T12:18:57-05:00[America/New_York],NA,2021-02-07,44254,Sunday
1809,B,19,2021-02-07T12:18:57-05:00[America/New_York],2021-02-07T12:19:16-05:00[America/New_York],Yes,2021-02-07,44337,Sunday
1809,<A>,395,2021-02-07T12:19:16-05:00[America/New_York],2021-02-07T12:25:51-05:00[America/New_York],NA,2021-02-07,44356,Sunday
1809,B,18,2021-02-07T12:25:51-05:00[America/New_York],2021-02-07T12:26:09-05:00[America/New_York],Yes,2021-02-07,44751,Sunday
1809,<A>,88,2021-02-07T12:26:09-05:00[America/New_York],2021-02-07T12:27:37-05:00[America/New_York],NA,2021-02-07,44769,Sunday
1809,B,18,2021-02-07T12:27:37-05:00[America/New_York],2021-02-07T12:27:55-05:00[America/New_York],Yes,2021-02-07,44857,Sunday
1809,<A>,81,2021-02-07T12:27:55-05:00[America/New_York],2021-02-07T12:29:16-05:00[America/New_York],NA,2021-02-07,44875,Sunday
1809,B,22,2021-02-07T12:29:16-05:00[America/New_York],2021-02-07T12:29:38-05:00[America/New_York],Yes,2021-02-07,44956,Sunday
1809,<A>,74,2021-02-07T12:29:38-05:00[America/New_York],2021-02-07T12:30:52-05:00[America/New_York],NA,2021-02-07,44978,Sunday
1809,B,14,2021-02-07T12:30:52-05:00[America/New_York],2021-02-07T12:31:06-05:00[America/New_York],Yes,2021-02-07,45052,Sunday
1809,<A>,80,2021-02-07T12:31:06-05:00[America/New_York],2021-02-07T12:32:26-05:00[America/New_York],NA,2021-02-07,45066,Sunday
1809,B,20,2021-02-07T12:32:26-05:00[America/New_York],2021-02-07T12:32:46-05:00[America/New_York],Yes,2021-02-07,45146,Sunday
1809,<A>,190,2021-02-07T12:32:46-05:00[America/New_York],2021-02-07T12:35:56-05:00[America/New_York],NA,2021-02-07,45166,Sunday
1809,B,14,2021-02-07T12:35:56-05:00[America/New_York],2021-02-07T12:36:10-05:00[America/New_York],Yes,2021-02-07,45356,Sunday
1809,<A>,92,2021-02-07T12:36:10-05:00[America/New_York],2021-02-07T12:37:42-05:00[America/New_York],NA,2021-02-07,45370,Sunday
1809,B,17,2021-02-07T12:37:42-05:00[America/New_York],2021-02-07T12:37:59-05:00[America/New_York],Yes,2021-02-07,45462,Sunday
1809,<A>,88,2021-02-07T12:37:59-05:00[America/New_York],2021-02-07T12:39:27-05:00[America/New_York],NA,2021-02-07,45479,Sunday
1809,B,16,2021-02-07T12:39:27-05:00[America/New_York],2021-02-07T12:39:43-05:00[America/New_York],Yes,2021-02-07,45567,Sunday
1809,<A>,109,2021-02-07T12:39:43-05:00[America/New_York],2021-02-07T12:41:32-05:00[America/New_York],NA,2021-02-07,45583,Sunday
1809,B,15,2021-02-07T12:41:32-05:00[America/New_York],2021-02-07T12:41:47-05:00[America/New_York],NA,2021-02-07,45692,Sunday
1809,<A>,177,2021-02-07T12:41:47-05:00[America/New_York],2021-02-07T12:44:44-05:00[America/New_York],NA,2021-02-07,45707,Sunday
1809,B,18,2021-02-07T12:44:44-05:00[America/New_York],2021-02-07T12:45:02-05:00[America/New_York],Yes,2021-02-07,45884,Sunday
1809,<A>,103,2021-02-07T12:45:02-05:00[America/New_York],2021-02-07T12:46:45-05:00[America/New_York],NA,2021-02-07,45902,Sunday
1809,B,14,2021-02-07T12:46:45-05:00[America/New_York],2021-02-07T12:46:59-05:00[America/New_York],Yes,2021-02-07,46005,Sunday
1809,<A>,102,2021-02-07T12:46:59-05:00[America/New_York],2021-02-07T12:48:41-05:00[America/New_York],NA,2021-02-07,46019,Sunday
1809,B,14,2021-02-07T12:48:41-05:00[America/New_York],2021-02-07T12:48:55-05:00[America/New_York],Yes,2021-02-07,46121,Sunday
1809,<A>,97,2021-02-07T12:48:55-05:00[America/New_York],2021-02-07T12:50:32-05:00[America/New_York],NA,2021-02-07,46135,Sunday
1809,B,23,2021-02-07T12:50:32-05:00[America/New_York],2021-02-07T12:50:55-05:00[America/New_York],Yes,2021-02-07,46232,Sunday
1809,<A>,66,2021-02-07T12:50:55-05:00[America/New_York],2021-02-07T12:52:01-05:00[America/New_York],Yes,2021-02-07,46255,Sunday
1809,B,17,2021-02-07T12:52:01-05:00[America/New_York],2021-02-07T12:52:18-05:00[America/New_York],Yes,2021-02-07,46321,Sunday
1809,<A>,54,2021-02-07T12:52:18-05:00[America/New_York],2021-02-07T12:53:12-05:00[America/New_York],Yes,2021-02-07,46338,Sunday
1809,B,14,2021-02-07T12:53:12-05:00[America/New_York],2021-02-07T12:53:26-05:00[America/New_York],Yes,2021-02-07,46392,Sunday
1809,<A>,64,2021-02-07T12:53:26-05:00[America/New_York],2021-02-07T12:54:30-05:00[America/New_York],Yes,2021-02-07,46406,Sunday
1809,B,20,2021-02-07T12:54:30-05:00[America/New_York],2021-02-07T12:54:50-05:00[America/New_York],Yes,2021-02-07,46470,Sunday
1809,<A>,80,2021-02-07T12:54:50-05:00[America/New_York],2021-02-07T12:56:10-05:00[America/New_York],Yes,2021-02-07,46490,Sunday
1809,B,14,2021-02-07T12:56:10-05:00[America/New_York],2021-02-07T12:56:24-05:00[America/New_York],Yes,2021-02-07,46570,Sunday
1809,<A>,84,2021-02-07T12:56:24-05:00[America/New_York],2021-02-07T12:57:48-05:00[America/New_York],Yes,2021-02-07,46584,Sunday
1809,B,14,2021-02-07T12:57:48-05:00[America/New_York],2021-02-07T12:58:02-05:00[America/New_York],Yes,2021-02-07,46668,Sunday
1809,<A>,110,2021-02-07T12:58:02-05:00[America/New_York],2021-02-07T12:59:52-05:00[America/New_York],NA,2021-02-07,46682,Sunday
1809,B,14,2021-02-07T12:59:52-05:00[America/New_York],2021-02-07T13:00:06-05:00[America/New_York],Yes,2021-02-07,46792,Sunday
1809,<A>,86,2021-02-07T13:00:06-05:00[America/New_York],2021-02-07T13:01:32-05:00[America/New_York],NA,2021-02-07,46806,Sunday
1809,B,17,2021-02-07T13:01:32-05:00[America/New_York],2021-02-07T13:01:49-05:00[America/New_York],Yes,2021-02-07,46892,Sunday
1809,<A>,54,2021-02-07T13:01:49-05:00[America/New_York],2021-02-07T13:02:43-05:00[America/New_York],Yes,2021-02-07,46909,Sunday
1809,B,14,2021-02-07T13:02:43-05:00[America/New_York],2021-02-07T13:02:57-05:00[America/New_York],Yes,2021-02-07,46963,Sunday
1809,<A>,75,2021-02-07T13:02:57-05:00[America/New_York],2021-02-07T13:04:12-05:00[America/New_York],NA,2021-02-07,46977,Sunday
1809,B,20,2021-02-07T13:04:12-05:00[America/New_York],2021-02-07T13:04:32-05:00[America/New_York],Yes,2021-02-07,47052,Sunday
1809,<A>,80,2021-02-07T13:04:32-05:00[America/New_York],2021-02-07T13:05:52-05:00[America/New_York],NA,2021-02-07,47072,Sunday
1809,B,19,2021-02-07T13:05:52-05:00[America/New_York],2021-02-07T13:06:11-05:00[America/New_York],Yes,2021-02-07,47152,Sunday
1809,<A>,77,2021-02-07T13:06:11-05:00[America/New_York],2021-02-07T13:07:28-05:00[America/New_York],Yes,2021-02-07,47171,Sunday
1809,B,14,2021-02-07T13:07:28-05:00[America/New_York],2021-02-07T13:07:42-05:00[America/New_York],Yes,2021-02-07,47248,Sunday
1809,<A>,67,2021-02-07T13:07:42-05:00[America/New_York],2021-02-07T13:08:49-05:00[America/New_York],Yes,2021-02-07,47262,Sunday
1809,B,16,2021-02-07T13:08:49-05:00[America/New_York],2021-02-07T13:09:05-05:00[America/New_York],Yes,2021-02-07,47329,Sunday
1809,<A>,49,2021-02-07T13:09:05-05:00[America/New_York],2021-02-07T13:09:54-05:00[America/New_York],Yes,2021-02-07,47345,Sunday
1809,B,18,2021-02-07T13:09:54-05:00[America/New_York],2021-02-07T13:10:12-05:00[America/New_York],Yes,2021-02-07,47394,Sunday
1809,<A>,62,2021-02-07T13:10:12-05:00[America/New_York],2021-02-07T13:11:14-05:00[America/New_York],Yes,2021-02-07,47412,Sunday
1809,B,24,2021-02-07T13:11:14-05:00[America/New_York],2021-02-07T13:11:38-05:00[America/New_York],Yes,2021-02-07,47474,Sunday
1809,<A>,55,2021-02-07T13:11:38-05:00[America/New_York],2021-02-07T13:12:33-05:00[America/New_York],Yes,2021-02-07,47498,Sunday
1809,B,15,2021-02-07T13:12:33-05:00[America/New_York],2021-02-07T13:12:48-05:00[America/New_York],Yes,2021-02-07,47553,Sunday
1809,<A>,79,2021-02-07T13:12:48-05:00[America/New_York],2021-02-07T13:14:07-05:00[America/New_York],NA,2021-02-07,47568,Sunday
1809,B,14,2021-02-07T13:14:07-05:00[America/New_York],2021-02-07T13:14:21-05:00[America/New_York],Yes,2021-02-07,47647,Sunday
1809,<A>,57,2021-02-07T13:14:21-05:00[America/New_York],2021-02-07T13:15:18-05:00[America/New_York],Yes,2021-02-07,47661,Sunday
1809,B,21,2021-02-07T13:15:18-05:00[America/New_York],2021-02-07T13:15:39-05:00[America/New_York],Yes,2021-02-07,47718,Sunday
1809,<A>,78,2021-02-07T13:15:39-05:00[America/New_York],2021-02-07T13:16:57-05:00[America/New_York],Yes,2021-02-07,47739,Sunday
1809,B,14,2021-02-07T13:16:57-05:00[America/New_York],2021-02-07T13:17:11-05:00[America/New_York],Yes,2021-02-07,47817,Sunday
1809,<A>,47,2021-02-07T13:17:11-05:00[America/New_York],2021-02-07T13:17:58-05:00[America/New_York],Yes,2021-02-07,47831,Sunday
1809,B,16,2021-02-07T13:17:58-05:00[America/New_York],2021-02-07T13:18:14-05:00[America/New_York],Yes,2021-02-07,47878,Sunday
1809,<A>,66,2021-02-07T13:18:14-05:00[America/New_York],2021-02-07T13:19:20-05:00[America/New_York],Yes,2021-02-07,47894,Sunday
1809,B,14,2021-02-07T13:19:20-05:00[America/New_York],2021-02-07T13:19:34-05:00[America/New_York],Yes,2021-02-07,47960,Sunday
1809,<A>,160,2021-02-07T13:19:34-05:00[America/New_York],2021-02-07T13:22:14-05:00[America/New_York],Yes,2021-02-07,47974,Sunday
1809,B,20,2021-02-07T13:22:14-05:00[America/New_York],2021-02-07T13:22:34-05:00[America/New_York],Yes,2021-02-07,48134,Sunday
1809,<A>,122,2021-02-07T13:22:34-05:00[America/New_York],2021-02-07T13:24:36-05:00[America/New_York],NA,2021-02-07,48154,Sunday
1809,B,14,2021-02-07T13:24:36-05:00[America/New_York],2021-02-07T13:24:50-05:00[America/New_York],Yes,2021-02-07,48276,Sunday
1809,<A>,46,2021-02-07T13:24:50-05:00[America/New_York],2021-02-07T13:25:36-05:00[America/New_York],Yes,2021-02-07,48290,Sunday
1809,B,16,2021-02-07T13:25:36-05:00[America/New_York],2021-02-07T13:25:52-05:00[America/New_York],Yes,2021-02-07,48336,Sunday
1809,<A>,66,2021-02-07T13:25:52-05:00[America/New_York],2021-02-07T13:26:58-05:00[America/New_York],Yes,2021-02-07,48352,Sunday
1809,B,16,2021-02-07T13:26:58-05:00[America/New_York],2021-02-07T13:27:14-05:00[America/New_York],Yes,2021-02-07,48418,Sunday
1809,<A>,88,2021-02-07T13:27:14-05:00[America/New_York],2021-02-07T13:28:42-05:00[America/New_York],Yes,2021-02-07,48434,Sunday
1809,B,16,2021-02-07T13:28:42-05:00[America/New_York],2021-02-07T13:28:58-05:00[America/New_York],Yes,2021-02-07,48522,Sunday
1809,<A>,177,2021-02-07T13:28:58-05:00[America/New_York],2021-02-07T13:31:55-05:00[America/New_York],NA,2021-02-07,48538,Sunday
1809,B,21,2021-02-07T13:31:55-05:00[America/New_York],2021-02-07T13:32:16-05:00[America/New_York],Yes,2021-02-07,48715,Sunday
1809,<A>,59,2021-02-07T13:32:16-05:00[America/New_York],2021-02-07T13:33:15-05:00[America/New_York],Yes,2021-02-07,48736,Sunday
1809,B,17,2021-02-07T13:33:15-05:00[America/New_York],2021-02-07T13:33:32-05:00[America/New_York],Yes,2021-02-07,48795,Sunday
1809,<A>,67,2021-02-07T13:33:32-05:00[America/New_York],2021-02-07T13:34:39-05:00[America/New_York],Yes,2021-02-07,48812,Sunday
1809,B,14,2021-02-07T13:34:39-05:00[America/New_York],2021-02-07T13:34:53-05:00[America/New_York],Yes,2021-02-07,48879,Sunday
1809,<A>,91,2021-02-07T13:34:53-05:00[America/New_York],2021-02-07T13:36:24-05:00[America/New_York],Yes,2021-02-07,48893,Sunday
1809,B,17,2021-02-07T13:36:24-05:00[America/New_York],2021-02-07T13:36:41-05:00[America/New_York],Yes,2021-02-07,48984,Sunday
1809,<A>,87,2021-02-07T13:36:41-05:00[America/New_York],2021-02-07T13:38:08-05:00[America/New_York],NA,2021-02-07,49001,Sunday
1809,B,14,2021-02-07T13:38:08-05:00[America/New_York],2021-02-07T13:38:22-05:00[America/New_York],Yes,2021-02-07,49088,Sunday
1809,<A>,61,2021-02-07T13:38:22-05:00[America/New_York],2021-02-07T13:39:23-05:00[America/New_York],Yes,2021-02-07,49102,Sunday
1809,B,14,2021-02-07T13:39:23-05:00[America/New_York],2021-02-07T13:39:37-05:00[America/New_York],Yes,2021-02-07,49163,Sunday
1809,<A>,110,2021-02-07T13:39:37-05:00[America/New_York],2021-02-07T13:41:27-05:00[America/New_York],NA,2021-02-07,49177,Sunday
1809,B,15,2021-02-07T13:41:27-05:00[America/New_York],2021-02-07T13:41:42-05:00[America/New_York],Yes,2021-02-07,49287,Sunday
1809,<A>,54,2021-02-07T13:41:42-05:00[America/New_York],2021-02-07T13:42:36-05:00[America/New_York],Yes,2021-02-07,49302,Sunday
1809,B,18,2021-02-07T13:42:36-05:00[America/New_York],2021-02-07T13:42:54-05:00[America/New_York],Yes,2021-02-07,49356,Sunday
1809,<A>,59,2021-02-07T13:42:54-05:00[America/New_York],2021-02-07T13:43:53-05:00[America/New_York],Yes,2021-02-07,49374,Sunday
1809,B,14,2021-02-07T13:43:53-05:00[America/New_York],2021-02-07T13:44:07-05:00[America/New_York],Yes,2021-02-07,49433,Sunday
1809,<A>,63,2021-02-07T13:44:07-05:00[America/New_York],2021-02-07T13:45:10-05:00[America/New_York],Yes,2021-02-07,49447,Sunday
1809,B,14,2021-02-07T13:45:10-05:00[America/New_York],2021-02-07T13:45:24-05:00[America/New_York],Yes,2021-02-07,49510,Sunday
1809,<A>,52,2021-02-07T13:45:24-05:00[America/New_York],2021-02-07T13:46:16-05:00[America/New_York],Yes,2021-02-07,49524,Sunday
1809,B,14,2021-02-07T13:46:16-05:00[America/New_York],2021-02-07T13:46:30-05:00[America/New_York],Yes,2021-02-07,49576,Sunday
1809,<A>,52,2021-02-07T13:46:30-05:00[America/New_York],2021-02-07T13:47:22-05:00[America/New_York],Yes,2021-02-07,49590,Sunday
1809,B,14,2021-02-07T13:47:22-05:00[America/New_York],2021-02-07T13:47:36-05:00[America/New_York],Yes,2021-02-07,49642,Sunday
1809,<A>,88,2021-02-07T13:47:36-05:00[America/New_York],2021-02-07T13:49:04-05:00[America/New_York],NA,2021-02-07,49656,Sunday
1809,B,15,2021-02-07T13:49:04-05:00[America/New_York],2021-02-07T13:49:19-05:00[America/New_York],Yes,2021-02-07,49744,Sunday
1809,<A>,62,2021-02-07T13:49:19-05:00[America/New_York],2021-02-07T13:50:21-05:00[America/New_York],Yes,2021-02-07,49759,Sunday
1809,B,14,2021-02-07T13:50:21-05:00[America/New_York],2021-02-07T13:50:35-05:00[America/New_York],Yes,2021-02-07,49821,Sunday
1809,<A>,64,2021-02-07T13:50:35-05:00[America/New_York],2021-02-07T13:51:39-05:00[America/New_York],Yes,2021-02-07,49835,Sunday
1809,B,14,2021-02-07T13:51:39-05:00[America/New_York],2021-02-07T13:51:53-05:00[America/New_York],Yes,2021-02-07,49899,Sunday
1809,<A>,59,2021-02-07T13:51:53-05:00[America/New_York],2021-02-07T13:52:52-05:00[America/New_York],Yes,2021-02-07,49913,Sunday
1809,B,17,2021-02-07T13:52:52-05:00[America/New_York],2021-02-07T13:53:09-05:00[America/New_York],Yes,2021-02-07,49972,Sunday
1809,<A>,59,2021-02-07T13:53:09-05:00[America/New_York],2021-02-07T13:54:08-05:00[America/New_York],Yes,2021-02-07,49989,Sunday
1809,B,14,2021-02-07T13:54:08-05:00[America/New_York],2021-02-07T13:54:22-05:00[America/New_York],Yes,2021-02-07,50048,Sunday
1809,<A>,63,2021-02-07T13:54:22-05:00[America/New_York],2021-02-07T13:55:25-05:00[America/New_York],Yes,2021-02-07,50062,Sunday
1809,B,17,2021-02-07T13:55:25-05:00[America/New_York],2021-02-07T13:55:42-05:00[America/New_York],Yes,2021-02-07,50125,Sunday
1809,<A>,51,2021-02-07T13:55:42-05:00[America/New_York],2021-02-07T13:56:33-05:00[America/New_York],Yes,2021-02-07,50142,Sunday
1809,B,18,2021-02-07T13:56:33-05:00[America/New_York],2021-02-07T13:56:51-05:00[America/New_York],Yes,2021-02-07,50193,Sunday
1809,<A>,252,2021-02-07T13:56:51-05:00[America/New_York],2021-02-07T14:01:03-05:00[America/New_York],Yes,2021-02-07,50211,Sunday
1809,B,20,2021-02-07T14:01:03-05:00[America/New_York],2021-02-07T14:01:23-05:00[America/New_York],Yes,2021-02-07,50463,Sunday
1809,<A>,62,2021-02-07T14:01:23-05:00[America/New_York],2021-02-07T14:02:25-05:00[America/New_York],Yes,2021-02-07,50483,Sunday
1809,B,19,2021-02-07T14:02:25-05:00[America/New_York],2021-02-07T14:02:44-05:00[America/New_York],Yes,2021-02-07,50545,Sunday
1809,<A>,60,2021-02-07T14:02:44-05:00[America/New_York],2021-02-07T14:03:44-05:00[America/New_York],Yes,2021-02-07,50564,Sunday
1809,B,19,2021-02-07T14:03:44-05:00[America/New_York],2021-02-07T14:04:03-05:00[America/New_York],Yes,2021-02-07,50624,Sunday
1809,<A>,57,2021-02-07T14:04:03-05:00[America/New_York],2021-02-07T14:05:00-05:00[America/New_York],Yes,2021-02-07,50643,Sunday
1809,B,14,2021-02-07T14:05:00-05:00[America/New_York],2021-02-07T14:05:14-05:00[America/New_York],Yes,2021-02-07,50700,Sunday
1809,<A>,62,2021-02-07T14:05:14-05:00[America/New_York],2021-02-07T14:06:16-05:00[America/New_York],Yes,2021-02-07,50714,Sunday
1809,B,15,2021-02-07T14:06:16-05:00[America/New_York],2021-02-07T14:06:31-05:00[America/New_York],Yes,2021-02-07,50776,Sunday
1809,<A>,90,2021-02-07T14:06:31-05:00[America/New_York],2021-02-07T14:08:01-05:00[America/New_York],Yes,2021-02-07,50791,Sunday
1809,B,18,2021-02-07T14:08:01-05:00[America/New_York],2021-02-07T14:08:19-05:00[America/New_York],Yes,2021-02-07,50881,Sunday
1809,<A>,59,2021-02-07T14:08:19-05:00[America/New_York],2021-02-07T14:09:18-05:00[America/New_York],Yes,2021-02-07,50899,Sunday
1809,B,25,2021-02-07T14:09:18-05:00[America/New_York],2021-02-07T14:09:43-05:00[America/New_York],NA,2021-02-07,50958,Sunday
1809,<A>,62,2021-02-07T14:09:43-05:00[America/New_York],2021-02-07T14:10:45-05:00[America/New_York],Yes,2021-02-07,50983,Sunday
1809,B,14,2021-02-07T14:10:45-05:00[America/New_York],2021-02-07T14:10:59-05:00[America/New_York],Yes,2021-02-07,51045,Sunday
1809,<A>,166,2021-02-07T14:10:59-05:00[America/New_York],2021-02-07T14:13:45-05:00[America/New_York],Yes,2021-02-07,51059,Sunday
1809,B,14,2021-02-07T14:13:45-05:00[America/New_York],2021-02-07T14:13:59-05:00[America/New_York],Yes,2021-02-07,51225,Sunday
1809,<A>,69,2021-02-07T14:13:59-05:00[America/New_York],2021-02-07T14:15:08-05:00[America/New_York],Yes,2021-02-07,51239,Sunday
1809,B,14,2021-02-07T14:15:08-05:00[America/New_York],2021-02-07T14:15:22-05:00[America/New_York],Yes,2021-02-07,51308,Sunday
1809,<A>,67,2021-02-07T14:15:22-05:00[America/New_York],2021-02-07T14:16:29-05:00[America/New_York],Yes,2021-02-07,51322,Sunday
1809,B,17,2021-02-07T14:16:29-05:00[America/New_York],2021-02-07T14:16:46-05:00[America/New_York],Yes,2021-02-07,51389,Sunday
1809,<A>,49,2021-02-07T14:16:46-05:00[America/New_York],2021-02-07T14:17:35-05:00[America/New_York],Yes,2021-02-07,51406,Sunday
1809,B,19,2021-02-07T14:17:35-05:00[America/New_York],2021-02-07T14:17:54-05:00[America/New_York],Yes,2021-02-07,51455,Sunday
1809,<A>,57,2021-02-07T14:17:54-05:00[America/New_York],2021-02-07T14:18:51-05:00[America/New_York],Yes,2021-02-07,51474,Sunday
1809,B,18,2021-02-07T14:18:51-05:00[America/New_York],2021-02-07T14:19:09-05:00[America/New_York],Yes,2021-02-07,51531,Sunday
1809,<A>,70,2021-02-07T14:19:09-05:00[America/New_York],2021-02-07T14:20:19-05:00[America/New_York],Yes,2021-02-07,51549,Sunday
1809,B,17,2021-02-07T14:20:19-05:00[America/New_York],2021-02-07T14:20:36-05:00[America/New_York],Yes,2021-02-07,51619,Sunday
1809,<A>,72,2021-02-07T14:20:36-05:00[America/New_York],2021-02-07T14:21:48-05:00[America/New_York],Yes,2021-02-07,51636,Sunday
1809,B,14,2021-02-07T14:21:48-05:00[America/New_York],2021-02-07T14:22:02-05:00[America/New_York],Yes,2021-02-07,51708,Sunday
1809,<A>,84,2021-02-07T14:22:02-05:00[America/New_York],2021-02-07T14:23:26-05:00[America/New_York],Yes,2021-02-07,51722,Sunday
1809,B,14,2021-02-07T14:23:26-05:00[America/New_York],2021-02-07T14:23:40-05:00[America/New_York],Yes,2021-02-07,51806,Sunday
1809,<A>,61,2021-02-07T14:23:40-05:00[America/New_York],2021-02-07T14:24:41-05:00[America/New_York],Yes,2021-02-07,51820,Sunday
1809,B,14,2021-02-07T14:24:41-05:00[America/New_York],2021-02-07T14:24:55-05:00[America/New_York],Yes,2021-02-07,51881,Sunday
1809,<A>,57,2021-02-07T14:24:55-05:00[America/New_York],2021-02-07T14:25:52-05:00[America/New_York],Yes,2021-02-07,51895,Sunday
1809,B,24,2021-02-07T14:25:52-05:00[America/New_York],2021-02-07T14:26:16-05:00[America/New_York],NA,2021-02-07,51952,Sunday
1809,<A>,56,2021-02-07T14:26:16-05:00[America/New_York],2021-02-07T14:27:12-05:00[America/New_York],Yes,2021-02-07,51976,Sunday
1809,B,21,2021-02-07T14:27:12-05:00[America/New_York],2021-02-07T14:27:33-05:00[America/New_York],Yes,2021-02-07,52032,Sunday
1809,<A>,54,2021-02-07T14:27:33-05:00[America/New_York],2021-02-07T14:28:27-05:00[America/New_York],Yes,2021-02-07,52053,Sunday
1809,B,15,2021-02-07T14:28:27-05:00[America/New_York],2021-02-07T14:28:42-05:00[America/New_York],Yes,2021-02-07,52107,Sunday
1809,<A>,75,2021-02-07T14:28:42-05:00[America/New_York],2021-02-07T14:29:57-05:00[America/New_York],NA,2021-02-07,52122,Sunday
1809,B,18,2021-02-07T14:29:57-05:00[America/New_York],2021-02-07T14:30:15-05:00[America/New_York],Yes,2021-02-07,52197,Sunday
1809,<A>,84,2021-02-07T14:30:15-05:00[America/New_York],2021-02-07T14:31:39-05:00[America/New_York],NA,2021-02-07,52215,Sunday
1809,B,18,2021-02-07T14:31:39-05:00[America/New_York],2021-02-07T14:31:57-05:00[America/New_York],Yes,2021-02-07,52299,Sunday
1809,<A>,60,2021-02-07T14:31:57-05:00[America/New_York],2021-02-07T14:32:57-05:00[America/New_York],Yes,2021-02-07,52317,Sunday
1809,B,14,2021-02-07T14:32:57-05:00[America/New_York],2021-02-07T14:33:11-05:00[America/New_York],Yes,2021-02-07,52377,Sunday
1809,<A>,75,2021-02-07T14:33:11-05:00[America/New_York],2021-02-07T14:34:26-05:00[America/New_York],NA,2021-02-07,52391,Sunday
1809,B,18,2021-02-07T14:34:26-05:00[America/New_York],2021-02-07T14:34:44-05:00[America/New_York],Yes,2021-02-07,52466,Sunday
1809,<A>,64,2021-02-07T14:34:44-05:00[America/New_York],2021-02-07T14:35:48-05:00[America/New_York],Yes,2021-02-07,52484,Sunday
1809,B,14,2021-02-07T14:35:48-05:00[America/New_York],2021-02-07T14:36:02-05:00[America/New_York],Yes,2021-02-07,52548,Sunday
1809,<A>,91,2021-02-07T14:36:02-05:00[America/New_York],2021-02-07T14:37:33-05:00[America/New_York],Yes,2021-02-07,52562,Sunday
1809,B,16,2021-02-07T14:37:33-05:00[America/New_York],2021-02-07T14:37:49-05:00[America/New_York],Yes,2021-02-07,52653,Sunday
1809,<A>,76,2021-02-07T14:37:49-05:00[America/New_York],2021-02-07T14:39:05-05:00[America/New_York],Yes,2021-02-07,52669,Sunday
1809,B,18,2021-02-07T14:39:05-05:00[America/New_York],2021-02-07T14:39:23-05:00[America/New_York],Yes,2021-02-07,52745,Sunday
1809,<A>,66,2021-02-07T14:39:23-05:00[America/New_York],2021-02-07T14:40:29-05:00[America/New_York],Yes,2021-02-07,52763,Sunday
1809,B,14,2021-02-07T14:40:29-05:00[America/New_York],2021-02-07T14:40:43-05:00[America/New_York],Yes,2021-02-07,52829,Sunday
1809,<A>,78,2021-02-07T14:40:43-05:00[America/New_York],2021-02-07T14:42:01-05:00[America/New_York],Yes,2021-02-07,52843,Sunday
1809,B,18,2021-02-07T14:42:01-05:00[America/New_York],2021-02-07T14:42:19-05:00[America/New_York],Yes,2021-02-07,52921,Sunday
1809,<A>,133,2021-02-07T14:42:19-05:00[America/New_York],2021-02-07T14:44:32-05:00[America/New_York],NA,2021-02-07,52939,Sunday
1809,B,14,2021-02-07T14:44:32-05:00[America/New_York],2021-02-07T14:44:46-05:00[America/New_York],Yes,2021-02-07,53072,Sunday
1809,<A>,47,2021-02-07T14:44:46-05:00[America/New_York],2021-02-07T14:45:33-05:00[America/New_York],Yes,2021-02-07,53086,Sunday
1809,B,15,2021-02-07T14:45:33-05:00[America/New_York],2021-02-07T14:45:48-05:00[America/New_York],Yes,2021-02-07,53133,Sunday
1809,<A>,145,2021-02-07T14:45:48-05:00[America/New_York],2021-02-07T14:48:13-05:00[America/New_York],Yes,2021-02-07,53148,Sunday
1809,B,25,2021-02-07T14:48:13-05:00[America/New_York],2021-02-07T14:48:38-05:00[America/New_York],NA,2021-02-07,53293,Sunday
1809,<A>,69,2021-02-07T14:48:38-05:00[America/New_York],2021-02-07T14:49:47-05:00[America/New_York],Yes,2021-02-07,53318,Sunday
1809,B,25,2021-02-07T14:49:47-05:00[America/New_York],2021-02-07T14:50:12-05:00[America/New_York],NA,2021-02-07,53387,Sunday
1809,<A>,69,2021-02-07T14:50:12-05:00[America/New_York],2021-02-07T14:51:21-05:00[America/New_York],Yes,2021-02-07,53412,Sunday
1809,B,15,2021-02-07T14:51:21-05:00[America/New_York],2021-02-07T14:51:36-05:00[America/New_York],Yes,2021-02-07,53481,Sunday
1809,<A>,179,2021-02-07T14:51:36-05:00[America/New_York],2021-02-07T14:54:35-05:00[America/New_York],NA,2021-02-07,53496,Sunday
1809,B,14,2021-02-07T14:54:35-05:00[America/New_York],2021-02-07T14:54:49-05:00[America/New_York],Yes,2021-02-07,53675,Sunday
1809,<A>,65,2021-02-07T14:54:49-05:00[America/New_York],2021-02-07T14:55:54-05:00[America/New_York],Yes,2021-02-07,53689,Sunday
1809,B,26,2021-02-07T14:55:54-05:00[America/New_York],2021-02-07T14:56:20-05:00[America/New_York],NA,2021-02-07,53754,Sunday
1809,<A>,53,2021-02-07T14:56:20-05:00[America/New_York],2021-02-07T14:57:13-05:00[America/New_York],Yes,2021-02-07,53780,Sunday
1809,B,14,2021-02-07T14:57:13-05:00[America/New_York],2021-02-07T14:57:27-05:00[America/New_York],Yes,2021-02-07,53833,Sunday
1809,<A>,116,2021-02-07T14:57:27-05:00[America/New_York],2021-02-07T14:59:23-05:00[America/New_York],NA,2021-02-07,53847,Sunday
1809,B,16,2021-02-07T14:59:23-05:00[America/New_York],2021-02-07T14:59:39-05:00[America/New_York],Yes,2021-02-07,53963,Sunday
1809,<A>,118,2021-02-07T14:59:39-05:00[America/New_York],2021-02-07T15:01:37-05:00[America/New_York],NA,2021-02-07,53979,Sunday
1809,B,14,2021-02-07T15:01:37-05:00[America/New_York],2021-02-07T15:01:51-05:00[America/New_York],Yes,2021-02-07,54097,Sunday
1809,<A>,51,2021-02-07T15:01:51-05:00[America/New_York],2021-02-07T15:02:42-05:00[America/New_York],Yes,2021-02-07,54111,Sunday
1809,B,14,2021-02-07T15:02:42-05:00[America/New_York],2021-02-07T15:02:56-05:00[America/New_York],Yes,2021-02-07,54162,Sunday
1809,<A>,78,2021-02-07T15:02:56-05:00[America/New_York],2021-02-07T15:04:14-05:00[America/New_York],NA,2021-02-07,54176,Sunday
1809,B,16,2021-02-07T15:04:14-05:00[America/New_York],2021-02-07T15:04:30-05:00[America/New_York],Yes,2021-02-07,54254,Sunday
1809,<A>,61,2021-02-07T15:04:30-05:00[America/New_York],2021-02-07T15:05:31-05:00[America/New_York],Yes,2021-02-07,54270,Sunday
1809,B,14,2021-02-07T15:05:31-05:00[America/New_York],2021-02-07T15:05:45-05:00[America/New_York],Yes,2021-02-07,54331,Sunday
1809,<A>,56,2021-02-07T15:05:45-05:00[America/New_York],2021-02-07T15:06:41-05:00[America/New_York],Yes,2021-02-07,54345,Sunday
1809,B,16,2021-02-07T15:06:41-05:00[America/New_York],2021-02-07T15:06:57-05:00[America/New_York],Yes,2021-02-07,54401,Sunday
1809,<A>,89,2021-02-07T15:06:57-05:00[America/New_York],2021-02-07T15:08:26-05:00[America/New_York],NA,2021-02-07,54417,Sunday
1809,B,15,2021-02-07T15:08:26-05:00[America/New_York],2021-02-07T15:08:41-05:00[America/New_York],Yes,2021-02-07,54506,Sunday
1809,<A>,118,2021-02-07T15:08:41-05:00[America/New_York],2021-02-07T15:10:39-05:00[America/New_York],NA,2021-02-07,54521,Sunday
1809,B,17,2021-02-07T15:10:39-05:00[America/New_York],2021-02-07T15:10:56-05:00[America/New_York],Yes,2021-02-07,54639,Sunday
1809,<A>,314,2021-02-07T15:10:56-05:00[America/New_York],2021-02-07T15:16:10-05:00[America/New_York],NA,2021-02-07,54656,Sunday
1809,B,14,2021-02-07T15:16:10-05:00[America/New_York],2021-02-07T15:16:24-05:00[America/New_York],Yes,2021-02-07,54970,Sunday
1809,<A>,60,2021-02-07T15:16:24-05:00[America/New_York],2021-02-07T15:17:24-05:00[America/New_York],Yes,2021-02-07,54984,Sunday
1809,B,14,2021-02-07T15:17:24-05:00[America/New_York],2021-02-07T15:17:38-05:00[America/New_York],Yes,2021-02-07,55044,Sunday
1809,<A>,75,2021-02-07T15:17:38-05:00[America/New_York],2021-02-07T15:18:53-05:00[America/New_York],NA,2021-02-07,55058,Sunday
1809,B,17,2021-02-07T15:18:53-05:00[America/New_York],2021-02-07T15:19:10-05:00[America/New_York],Yes,2021-02-07,55133,Sunday
1809,<A>,56,2021-02-07T15:19:10-05:00[America/New_York],2021-02-07T15:20:06-05:00[America/New_York],Yes,2021-02-07,55150,Sunday
1809,B,14,2021-02-07T15:20:06-05:00[America/New_York],2021-02-07T15:20:20-05:00[America/New_York],Yes,2021-02-07,55206,Sunday
1809,<A>,49,2021-02-07T15:20:20-05:00[America/New_York],2021-02-07T15:21:09-05:00[America/New_York],Yes,2021-02-07,55220,Sunday
1809,B,14,2021-02-07T15:21:09-05:00[America/New_York],2021-02-07T15:21:23-05:00[America/New_York],Yes,2021-02-07,55269,Sunday
1809,<A>,116,2021-02-07T15:21:23-05:00[America/New_York],2021-02-07T15:23:19-05:00[America/New_York],NA,2021-02-07,55283,Sunday
1809,B,14,2021-02-07T15:23:19-05:00[America/New_York],2021-02-07T15:23:33-05:00[America/New_York],Yes,2021-02-07,55399,Sunday
1809,<A>,175,2021-02-07T15:23:33-05:00[America/New_York],2021-02-07T15:26:28-05:00[America/New_York],NA,2021-02-07,55413,Sunday
1809,B,14,2021-02-07T15:26:28-05:00[America/New_York],2021-02-07T15:26:42-05:00[America/New_York],Yes,2021-02-07,55588,Sunday
1809,<A>,50,2021-02-07T15:26:42-05:00[America/New_York],2021-02-07T15:27:32-05:00[America/New_York],Yes,2021-02-07,55602,Sunday
1809,B,17,2021-02-07T15:27:32-05:00[America/New_York],2021-02-07T15:27:49-05:00[America/New_York],Yes,2021-02-07,55652,Sunday
1809,<A>,63,2021-02-07T15:27:49-05:00[America/New_York],2021-02-07T15:28:52-05:00[America/New_York],Yes,2021-02-07,55669,Sunday
1809,B,15,2021-02-07T15:28:52-05:00[America/New_York],2021-02-07T15:29:07-05:00[America/New_York],Yes,2021-02-07,55732,Sunday
1809,<A>,195,2021-02-07T15:29:07-05:00[America/New_York],2021-02-07T15:32:22-05:00[America/New_York],NA,2021-02-07,55747,Sunday
1809,B,19,2021-02-07T15:32:22-05:00[America/New_York],2021-02-07T15:32:41-05:00[America/New_York],Yes,2021-02-07,55942,Sunday
1809,<A>,91,2021-02-07T15:32:41-05:00[America/New_York],2021-02-07T15:34:12-05:00[America/New_York],NA,2021-02-07,55961,Sunday
1809,B,14,2021-02-07T15:34:12-05:00[America/New_York],2021-02-07T15:34:26-05:00[America/New_York],Yes,2021-02-07,56052,Sunday
1809,<A>,65,2021-02-07T15:34:26-05:00[America/New_York],2021-02-07T15:35:31-05:00[America/New_York],Yes,2021-02-07,56066,Sunday
1809,B,17,2021-02-07T15:35:31-05:00[America/New_York],2021-02-07T15:35:48-05:00[America/New_York],Yes,2021-02-07,56131,Sunday
1809,<A>,87,2021-02-07T15:35:48-05:00[America/New_York],2021-02-07T15:37:15-05:00[America/New_York],Yes,2021-02-07,56148,Sunday
1809,B,25,2021-02-07T15:37:15-05:00[America/New_York],2021-02-07T15:37:40-05:00[America/New_York],NA,2021-02-07,56235,Sunday
1809,<A>,60,2021-02-07T15:37:40-05:00[America/New_York],2021-02-07T15:38:40-05:00[America/New_York],Yes,2021-02-07,56260,Sunday
1809,B,14,2021-02-07T15:38:40-05:00[America/New_York],2021-02-07T15:38:54-05:00[America/New_York],Yes,2021-02-07,56320,Sunday
1809,<A>,62,2021-02-07T15:38:54-05:00[America/New_York],2021-02-07T15:39:56-05:00[America/New_York],Yes,2021-02-07,56334,Sunday
1809,B,15,2021-02-07T15:39:56-05:00[America/New_York],2021-02-07T15:40:11-05:00[America/New_York],Yes,2021-02-07,56396,Sunday
1809,<A>,109,2021-02-07T15:40:11-05:00[America/New_York],2021-02-07T15:42:00-05:00[America/New_York],Yes,2021-02-07,56411,Sunday
1809,B,14,2021-02-07T15:42:00-05:00[America/New_York],2021-02-07T15:42:14-05:00[America/New_York],Yes,2021-02-07,56520,Sunday
1809,<A>,104,2021-02-07T15:42:14-05:00[America/New_York],2021-02-07T15:43:58-05:00[America/New_York],NA,2021-02-07,56534,Sunday
1809,B,20,2021-02-07T15:43:58-05:00[America/New_York],2021-02-07T15:44:18-05:00[America/New_York],Yes,2021-02-07,56638,Sunday
1809,<A>,67,2021-02-07T15:44:18-05:00[America/New_York],2021-02-07T15:45:25-05:00[America/New_York],Yes,2021-02-07,56658,Sunday
1809,B,15,2021-02-07T15:45:25-05:00[America/New_York],2021-02-07T15:45:40-05:00[America/New_York],Yes,2021-02-07,56725,Sunday
1809,<A>,66,2021-02-07T15:45:40-05:00[America/New_York],2021-02-07T15:46:46-05:00[America/New_York],Yes,2021-02-07,56740,Sunday
1809,B,15,2021-02-07T15:46:46-05:00[America/New_York],2021-02-07T15:47:01-05:00[America/New_York],Yes,2021-02-07,56806,Sunday
1809,<A>,115,2021-02-07T15:47:01-05:00[America/New_York],2021-02-07T15:48:56-05:00[America/New_York],NA,2021-02-07,56821,Sunday
1809,B,24,2021-02-07T15:48:56-05:00[America/New_York],2021-02-07T15:49:20-05:00[America/New_York],Yes,2021-02-07,56936,Sunday
1809,<A>,61,2021-02-07T15:49:20-05:00[America/New_York],2021-02-07T15:50:21-05:00[America/New_York],Yes,2021-02-07,56960,Sunday
1809,B,15,2021-02-07T15:50:21-05:00[America/New_York],2021-02-07T15:50:36-05:00[America/New_York],Yes,2021-02-07,57021,Sunday
1809,<A>,62,2021-02-07T15:50:36-05:00[America/New_York],2021-02-07T15:51:38-05:00[America/New_York],Yes,2021-02-07,57036,Sunday
1809,B,14,2021-02-07T15:51:38-05:00[America/New_York],2021-02-07T15:51:52-05:00[America/New_York],Yes,2021-02-07,57098,Sunday
1809,<A>,73,2021-02-07T15:51:52-05:00[America/New_York],2021-02-07T15:53:05-05:00[America/New_York],Yes,2021-02-07,57112,Sunday
1809,B,15,2021-02-07T15:53:05-05:00[America/New_York],2021-02-07T15:53:20-05:00[America/New_York],Yes,2021-02-07,57185,Sunday
1809,<A>,62,2021-02-07T15:53:20-05:00[America/New_York],2021-02-07T15:54:22-05:00[America/New_York],Yes,2021-02-07,57200,Sunday
1809,B,14,2021-02-07T15:54:22-05:00[America/New_York],2021-02-07T15:54:36-05:00[America/New_York],Yes,2021-02-07,57262,Sunday
1809,<A>,62,2021-02-07T15:54:36-05:00[America/New_York],2021-02-07T15:55:38-05:00[America/New_York],Yes,2021-02-07,57276,Sunday
1809,B,14,2021-02-07T15:55:38-05:00[America/New_York],2021-02-07T15:55:52-05:00[America/New_York],Yes,2021-02-07,57338,Sunday
1809,<A>,83,2021-02-07T15:55:52-05:00[America/New_York],2021-02-07T15:57:15-05:00[America/New_York],Yes,2021-02-07,57352,Sunday
1809,B,14,2021-02-07T15:57:15-05:00[America/New_York],2021-02-07T15:57:29-05:00[America/New_York],Yes,2021-02-07,57435,Sunday
1809,<A>,106,2021-02-07T15:57:29-05:00[America/New_York],2021-02-07T15:59:15-05:00[America/New_York],NA,2021-02-07,57449,Sunday
1809,B,14,2021-02-07T15:59:15-05:00[America/New_York],2021-02-07T15:59:29-05:00[America/New_York],Yes,2021-02-07,57555,Sunday
1809,<A>,96,2021-02-07T15:59:29-05:00[America/New_York],2021-02-07T16:01:05-05:00[America/New_York],NA,2021-02-07,57569,Sunday
1809,B,14,2021-02-07T16:01:05-05:00[America/New_York],2021-02-07T16:01:19-05:00[America/New_York],Yes,2021-02-07,57665,Sunday
1809,<A>,58,2021-02-07T16:01:19-05:00[America/New_York],2021-02-07T16:02:17-05:00[America/New_York],Yes,2021-02-07,57679,Sunday
1809,B,22,2021-02-07T16:02:17-05:00[America/New_York],2021-02-07T16:02:39-05:00[America/New_York],Yes,2021-02-07,57737,Sunday
1809,<A>,52,2021-02-07T16:02:39-05:00[America/New_York],2021-02-07T16:03:31-05:00[America/New_York],Yes,2021-02-07,57759,Sunday
1809,B,14,2021-02-07T16:03:31-05:00[America/New_York],2021-02-07T16:03:45-05:00[America/New_York],Yes,2021-02-07,57811,Sunday
1809,<A>,75,2021-02-07T16:03:45-05:00[America/New_York],2021-02-07T16:05:00-05:00[America/New_York],NA,2021-02-07,57825,Sunday
1809,B,15,2021-02-07T16:05:00-05:00[America/New_York],2021-02-07T16:05:15-05:00[America/New_York],Yes,2021-02-07,57900,Sunday
1809,<A>,65,2021-02-07T16:05:15-05:00[America/New_York],2021-02-07T16:06:20-05:00[America/New_York],Yes,2021-02-07,57915,Sunday
1809,B,18,2021-02-07T16:06:20-05:00[America/New_York],2021-02-07T16:06:38-05:00[America/New_York],Yes,2021-02-07,57980,Sunday
1809,<A>,85,2021-02-07T16:06:38-05:00[America/New_York],2021-02-07T16:08:03-05:00[America/New_York],Yes,2021-02-07,57998,Sunday
1809,B,14,2021-02-07T16:08:03-05:00[America/New_York],2021-02-07T16:08:17-05:00[America/New_York],Yes,2021-02-07,58083,Sunday
1809,<A>,96,2021-02-07T16:08:17-05:00[America/New_York],2021-02-07T16:09:53-05:00[America/New_York],NA,2021-02-07,58097,Sunday
1809,B,14,2021-02-07T16:09:53-05:00[America/New_York],2021-02-07T16:10:07-05:00[America/New_York],Yes,2021-02-07,58193,Sunday
1809,<A>,45,2021-02-07T16:10:07-05:00[America/New_York],2021-02-07T16:10:52-05:00[America/New_York],Yes,2021-02-07,58207,Sunday
1809,B,14,2021-02-07T16:10:52-05:00[America/New_York],2021-02-07T16:11:06-05:00[America/New_York],Yes,2021-02-07,58252,Sunday
1809,<A>,75,2021-02-07T16:11:06-05:00[America/New_York],2021-02-07T16:12:21-05:00[America/New_York],NA,2021-02-07,58266,Sunday
1809,B,25,2021-02-07T16:12:21-05:00[America/New_York],2021-02-07T16:12:46-05:00[America/New_York],NA,2021-02-07,58341,Sunday
1809,<A>,67,2021-02-07T16:12:46-05:00[America/New_York],2021-02-07T16:13:53-05:00[America/New_York],Yes,2021-02-07,58366,Sunday
1809,B,15,2021-02-07T16:13:53-05:00[America/New_York],2021-02-07T16:14:08-05:00[America/New_York],Yes,2021-02-07,58433,Sunday
1809,<A>,74,2021-02-07T16:14:08-05:00[America/New_York],2021-02-07T16:15:22-05:00[America/New_York],Yes,2021-02-07,58448,Sunday
1809,B,21,2021-02-07T16:15:22-05:00[America/New_York],2021-02-07T16:15:43-05:00[America/New_York],Yes,2021-02-07,58522,Sunday
1809,<A>,59,2021-02-07T16:15:43-05:00[America/New_York],2021-02-07T16:16:42-05:00[America/New_York],Yes,2021-02-07,58543,Sunday
1809,B,14,2021-02-07T16:16:42-05:00[America/New_York],2021-02-07T16:16:56-05:00[America/New_York],Yes,2021-02-07,58602,Sunday
1809,<A>,74,2021-02-07T16:16:56-05:00[America/New_York],2021-02-07T16:18:10-05:00[America/New_York],NA,2021-02-07,58616,Sunday
1809,B,14,2021-02-07T16:18:10-05:00[America/New_York],2021-02-07T16:18:24-05:00[America/New_York],Yes,2021-02-07,58690,Sunday
1809,<A>,55,2021-02-07T16:18:24-05:00[America/New_York],2021-02-07T16:19:19-05:00[America/New_York],Yes,2021-02-07,58704,Sunday
1809,B,25,2021-02-07T16:19:19-05:00[America/New_York],2021-02-07T16:19:44-05:00[America/New_York],NA,2021-02-07,58759,Sunday
1809,<A>,71,2021-02-07T16:19:44-05:00[America/New_York],2021-02-07T16:20:55-05:00[America/New_York],Yes,2021-02-07,58784,Sunday
1809,B,14,2021-02-07T16:20:55-05:00[America/New_York],2021-02-07T16:21:09-05:00[America/New_York],Yes,2021-02-07,58855,Sunday
1809,<A>,67,2021-02-07T16:21:09-05:00[America/New_York],2021-02-07T16:22:16-05:00[America/New_York],Yes,2021-02-07,58869,Sunday
1809,B,19,2021-02-07T16:22:16-05:00[America/New_York],2021-02-07T16:22:35-05:00[America/New_York],Yes,2021-02-07,58936,Sunday
1809,<A>,73,2021-02-07T16:22:35-05:00[America/New_York],2021-02-07T16:23:48-05:00[America/New_York],Yes,2021-02-07,58955,Sunday
1809,B,15,2021-02-07T16:23:48-05:00[America/New_York],2021-02-07T16:24:03-05:00[America/New_York],Yes,2021-02-07,59028,Sunday
1809,<A>,74,2021-02-07T16:24:03-05:00[America/New_York],2021-02-07T16:25:17-05:00[America/New_York],Yes,2021-02-07,59043,Sunday
1809,B,15,2021-02-07T16:25:17-05:00[America/New_York],2021-02-07T16:25:32-05:00[America/New_York],Yes,2021-02-07,59117,Sunday
1809,<A>,44,2021-02-07T16:25:32-05:00[America/New_York],2021-02-07T16:26:16-05:00[America/New_York],Yes,2021-02-07,59132,Sunday
1809,B,16,2021-02-07T16:26:16-05:00[America/New_York],2021-02-07T16:26:32-05:00[America/New_York],Yes,2021-02-07,59176,Sunday
1809,<A>,62,2021-02-07T16:26:32-05:00[America/New_York],2021-02-07T16:27:34-05:00[America/New_York],Yes,2021-02-07,59192,Sunday
1809,B,14,2021-02-07T16:27:34-05:00[America/New_York],2021-02-07T16:27:48-05:00[America/New_York],Yes,2021-02-07,59254,Sunday
1809,<A>,69,2021-02-07T16:27:48-05:00[America/New_York],2021-02-07T16:28:57-05:00[America/New_York],Yes,2021-02-07,59268,Sunday
1809,B,20,2021-02-07T16:28:57-05:00[America/New_York],2021-02-07T16:29:17-05:00[America/New_York],Yes,2021-02-07,59337,Sunday
1809,<A>,86,2021-02-07T16:29:17-05:00[America/New_York],2021-02-07T16:30:43-05:00[America/New_York],NA,2021-02-07,59357,Sunday
1809,B,15,2021-02-07T16:30:43-05:00[America/New_York],2021-02-07T16:30:58-05:00[America/New_York],Yes,2021-02-07,59443,Sunday
1809,<A>,87,2021-02-07T16:30:58-05:00[America/New_York],2021-02-07T16:32:25-05:00[America/New_York],NA,2021-02-07,59458,Sunday
1809,B,22,2021-02-07T16:32:25-05:00[America/New_York],2021-02-07T16:32:47-05:00[America/New_York],Yes,2021-02-07,59545,Sunday
1809,<A>,60,2021-02-07T16:32:47-05:00[America/New_York],2021-02-07T16:33:47-05:00[America/New_York],Yes,2021-02-07,59567,Sunday
1809,B,22,2021-02-07T16:33:47-05:00[America/New_York],2021-02-07T16:34:09-05:00[America/New_York],Yes,2021-02-07,59627,Sunday
1809,<A>,70,2021-02-07T16:34:09-05:00[America/New_York],2021-02-07T16:35:19-05:00[America/New_York],Yes,2021-02-07,59649,Sunday
1809,B,15,2021-02-07T16:35:19-05:00[America/New_York],2021-02-07T16:35:34-05:00[America/New_York],Yes,2021-02-07,59719,Sunday
1809,<A>,105,2021-02-07T16:35:34-05:00[America/New_York],2021-02-07T16:37:19-05:00[America/New_York],NA,2021-02-07,59734,Sunday
1809,B,15,2021-02-07T16:37:19-05:00[America/New_York],2021-02-07T16:37:34-05:00[America/New_York],Yes,2021-02-07,59839,Sunday
1809,<A>,61,2021-02-07T16:37:34-05:00[America/New_York],2021-02-07T16:38:35-05:00[America/New_York],Yes,2021-02-07,59854,Sunday
1809,B,14,2021-02-07T16:38:35-05:00[America/New_York],2021-02-07T16:38:49-05:00[America/New_York],Yes,2021-02-07,59915,Sunday
1809,<A>,175,2021-02-07T16:38:49-05:00[America/New_York],2021-02-07T16:41:44-05:00[America/New_York],NA,2021-02-07,59929,Sunday
1809,B,14,2021-02-07T16:41:44-05:00[America/New_York],2021-02-07T16:41:58-05:00[America/New_York],Yes,2021-02-07,60104,Sunday
1809,<A>,43,2021-02-07T16:41:58-05:00[America/New_York],2021-02-07T16:42:41-05:00[America/New_York],NA,2021-02-07,60118,Sunday
1809,B,15,2021-02-07T16:42:41-05:00[America/New_York],2021-02-07T16:42:56-05:00[America/New_York],NA,2021-02-07,60161,Sunday
1809,<A>,52,2021-02-07T16:42:56-05:00[America/New_York],2021-02-07T16:43:48-05:00[America/New_York],NA,2021-02-07,60176,Sunday
1809,B,18,2021-02-07T16:43:48-05:00[America/New_York],2021-02-07T16:44:06-05:00[America/New_York],Yes,2021-02-07,60228,Sunday
1809,<A>,86,2021-02-07T16:44:06-05:00[America/New_York],2021-02-07T16:45:32-05:00[America/New_York],NA,2021-02-07,60246,Sunday
1809,B,14,2021-02-07T16:45:32-05:00[America/New_York],2021-02-07T16:45:46-05:00[America/New_York],Yes,2021-02-07,60332,Sunday
1809,<A>,79,2021-02-07T16:45:46-05:00[America/New_York],2021-02-07T16:47:05-05:00[America/New_York],Yes,2021-02-07,60346,Sunday
1809,B,14,2021-02-07T16:47:05-05:00[America/New_York],2021-02-07T16:47:19-05:00[America/New_York],Yes,2021-02-07,60425,Sunday
1809,<A>,104,2021-02-07T16:47:19-05:00[America/New_York],2021-02-07T16:49:03-05:00[America/New_York],NA,2021-02-07,60439,Sunday
1809,B,14,2021-02-07T16:49:03-05:00[America/New_York],2021-02-07T16:49:17-05:00[America/New_York],Yes,2021-02-07,60543,Sunday
1809,<A>,99,2021-02-07T16:49:17-05:00[America/New_York],2021-02-07T16:50:56-05:00[America/New_York],NA,2021-02-07,60557,Sunday
1809,B,14,2021-02-07T16:50:56-05:00[America/New_York],2021-02-07T16:51:10-05:00[America/New_York],Yes,2021-02-07,60656,Sunday
1809,<A>,62,2021-02-07T16:51:10-05:00[America/New_York],2021-02-07T16:52:12-05:00[America/New_York],Yes,2021-02-07,60670,Sunday
1809,B,17,2021-02-07T16:52:12-05:00[America/New_York],2021-02-07T16:52:29-05:00[America/New_York],Yes,2021-02-07,60732,Sunday
1809,<A>,69,2021-02-07T16:52:29-05:00[America/New_York],2021-02-07T16:53:38-05:00[America/New_York],Yes,2021-02-07,60749,Sunday
1809,B,14,2021-02-07T16:53:38-05:00[America/New_York],2021-02-07T16:53:52-05:00[America/New_York],Yes,2021-02-07,60818,Sunday
1809,<A>,90,2021-02-07T16:53:52-05:00[America/New_York],2021-02-07T16:55:22-05:00[America/New_York],NA,2021-02-07,60832,Sunday
1809,B,14,2021-02-07T16:55:22-05:00[America/New_York],2021-02-07T16:55:36-05:00[America/New_York],Yes,2021-02-07,60922,Sunday
1809,<A>,63,2021-02-07T16:55:36-05:00[America/New_York],2021-02-07T16:56:39-05:00[America/New_York],Yes,2021-02-07,60936,Sunday
1809,B,16,2021-02-07T16:56:39-05:00[America/New_York],2021-02-07T16:56:55-05:00[America/New_York],Yes,2021-02-07,60999,Sunday
1809,<A>,59,2021-02-07T16:56:55-05:00[America/New_York],2021-02-07T16:57:54-05:00[America/New_York],Yes,2021-02-07,61015,Sunday
1809,B,15,2021-02-07T16:57:54-05:00[America/New_York],2021-02-07T16:58:09-05:00[America/New_York],Yes,2021-02-07,61074,Sunday
1809,<A>,86,2021-02-07T16:58:09-05:00[America/New_York],2021-02-07T16:59:35-05:00[America/New_York],NA,2021-02-07,61089,Sunday
1809,B,15,2021-02-07T16:59:35-05:00[America/New_York],2021-02-07T16:59:50-05:00[America/New_York],Yes,2021-02-07,61175,Sunday
1809,<A>,68,2021-02-07T16:59:50-05:00[America/New_York],2021-02-07T17:00:58-05:00[America/New_York],Yes,2021-02-07,61190,Sunday
1809,B,16,2021-02-07T17:00:58-05:00[America/New_York],2021-02-07T17:01:14-05:00[America/New_York],Yes,2021-02-07,61258,Sunday
1809,<A>,55,2021-02-07T17:01:14-05:00[America/New_York],2021-02-07T17:02:09-05:00[America/New_York],NA,2021-02-07,61274,Sunday
1809,B,18,2021-02-07T17:02:09-05:00[America/New_York],2021-02-07T17:02:27-05:00[America/New_York],Yes,2021-02-07,61329,Sunday
1809,<A>,89,2021-02-07T17:02:27-05:00[America/New_York],2021-02-07T17:03:56-05:00[America/New_York],NA,2021-02-07,61347,Sunday
1809,B,14,2021-02-07T17:03:56-05:00[America/New_York],2021-02-07T17:04:10-05:00[America/New_York],Yes,2021-02-07,61436,Sunday
1809,<A>,99,2021-02-07T17:04:10-05:00[America/New_York],2021-02-07T17:05:49-05:00[America/New_York],NA,2021-02-07,61450,Sunday
1809,B,14,2021-02-07T17:05:49-05:00[America/New_York],2021-02-07T17:06:03-05:00[America/New_York],Yes,2021-02-07,61549,Sunday
1809,<A>,43,2021-02-07T17:06:03-05:00[America/New_York],2021-02-07T17:06:46-05:00[America/New_York],NA,2021-02-07,61563,Sunday
1809,B,14,2021-02-07T17:06:46-05:00[America/New_York],2021-02-07T17:07:00-05:00[America/New_York],Yes,2021-02-07,61606,Sunday
1809,<A>,79,2021-02-07T17:07:00-05:00[America/New_York],2021-02-07T17:08:19-05:00[America/New_York],NA,2021-02-07,61620,Sunday
1809,B,21,2021-02-07T17:08:19-05:00[America/New_York],2021-02-07T17:08:40-05:00[America/New_York],Yes,2021-02-07,61699,Sunday
1809,<A>,123,2021-02-07T17:08:40-05:00[America/New_York],2021-02-07T17:10:43-05:00[America/New_York],NA,2021-02-07,61720,Sunday
1809,B,14,2021-02-07T17:10:43-05:00[America/New_York],2021-02-07T17:10:57-05:00[America/New_York],Yes,2021-02-07,61843,Sunday
1809,<A>,83,2021-02-07T17:10:57-05:00[America/New_York],2021-02-07T17:12:20-05:00[America/New_York],NA,2021-02-07,61857,Sunday
1809,B,14,2021-02-07T17:12:20-05:00[America/New_York],2021-02-07T17:12:34-05:00[America/New_York],Yes,2021-02-07,61940,Sunday
1809,<A>,84,2021-02-07T17:12:34-05:00[America/New_York],2021-02-07T17:13:58-05:00[America/New_York],NA,2021-02-07,61954,Sunday
1809,B,17,2021-02-07T17:13:58-05:00[America/New_York],2021-02-07T17:14:15-05:00[America/New_York],Yes,2021-02-07,62038,Sunday
1809,<A>,112,2021-02-07T17:14:15-05:00[America/New_York],2021-02-07T17:16:07-05:00[America/New_York],NA,2021-02-07,62055,Sunday
1809,B,15,2021-02-07T17:16:07-05:00[America/New_York],2021-02-07T17:16:22-05:00[America/New_York],NA,2021-02-07,62167,Sunday
1809,<A>,75,2021-02-07T17:16:22-05:00[America/New_York],2021-02-07T17:17:37-05:00[America/New_York],NA,2021-02-07,62182,Sunday
1809,B,16,2021-02-07T17:17:37-05:00[America/New_York],2021-02-07T17:17:53-05:00[America/New_York],Yes,2021-02-07,62257,Sunday
1809,<A>,117,2021-02-07T17:17:53-05:00[America/New_York],2021-02-07T17:19:50-05:00[America/New_York],NA,2021-02-07,62273,Sunday
1809,B,24,2021-02-07T17:19:50-05:00[America/New_York],2021-02-07T17:20:14-05:00[America/New_York],Yes,2021-02-07,62390,Sunday
1809,<A>,107,2021-02-07T17:20:14-05:00[America/New_York],2021-02-07T17:22:01-05:00[America/New_York],NA,2021-02-07,62414,Sunday
1809,B,19,2021-02-07T17:22:01-05:00[America/New_York],2021-02-07T17:22:20-05:00[America/New_York],Yes,2021-02-07,62521,Sunday
1809,<A>,109,2021-02-07T17:22:20-05:00[America/New_York],2021-02-07T17:24:09-05:00[America/New_York],NA,2021-02-07,62540,Sunday
1809,B,16,2021-02-07T17:24:09-05:00[America/New_York],2021-02-07T17:24:25-05:00[America/New_York],Yes,2021-02-07,62649,Sunday
1809,<A>,108,2021-02-07T17:24:25-05:00[America/New_York],2021-02-07T17:26:13-05:00[America/New_York],NA,2021-02-07,62665,Sunday
1809,B,22,2021-02-07T17:26:13-05:00[America/New_York],2021-02-07T17:26:35-05:00[America/New_York],Yes,2021-02-07,62773,Sunday
1809,<A>,89,2021-02-07T17:26:35-05:00[America/New_York],2021-02-07T17:28:04-05:00[America/New_York],NA,2021-02-07,62795,Sunday
1809,B,16,2021-02-07T17:28:04-05:00[America/New_York],2021-02-07T17:28:20-05:00[America/New_York],Yes,2021-02-07,62884,Sunday
1809,<A>,88,2021-02-07T17:28:20-05:00[America/New_York],2021-02-07T17:29:48-05:00[America/New_York],NA,2021-02-07,62900,Sunday
1809,B,18,2021-02-07T17:29:48-05:00[America/New_York],2021-02-07T17:30:06-05:00[America/New_York],Yes,2021-02-07,62988,Sunday
1809,<A>,94,2021-02-07T17:30:06-05:00[America/New_York],2021-02-07T17:31:40-05:00[America/New_York],NA,2021-02-07,63006,Sunday
1809,B,21,2021-02-07T17:31:40-05:00[America/New_York],2021-02-07T17:32:01-05:00[America/New_York],Yes,2021-02-07,63100,Sunday
1809,<A>,122,2021-02-07T17:32:01-05:00[America/New_York],2021-02-07T17:34:03-05:00[America/New_York],NA,2021-02-07,63121,Sunday
1809,B,14,2021-02-07T17:34:03-05:00[America/New_York],2021-02-07T17:34:17-05:00[America/New_York],Yes,2021-02-07,63243,Sunday
1809,<A>,63,2021-02-07T17:34:17-05:00[America/New_York],2021-02-07T17:35:20-05:00[America/New_York],NA,2021-02-07,63257,Sunday
1809,B,14,2021-02-07T17:35:20-05:00[America/New_York],2021-02-07T17:35:34-05:00[America/New_York],Yes,2021-02-07,63320,Sunday
1809,<A>,101,2021-02-07T17:35:34-05:00[America/New_York],2021-02-07T17:37:15-05:00[America/New_York],NA,2021-02-07,63334,Sunday
1809,B,15,2021-02-07T17:37:15-05:00[America/New_York],2021-02-07T17:37:30-05:00[America/New_York],Yes,2021-02-07,63435,Sunday
1809,<A>,192,2021-02-07T17:37:30-05:00[America/New_York],2021-02-07T17:40:42-05:00[America/New_York],NA,2021-02-07,63450,Sunday
1809,B,18,2021-02-07T17:40:42-05:00[America/New_York],2021-02-07T17:41:00-05:00[America/New_York],Yes,2021-02-07,63642,Sunday
1809,<A>,105,2021-02-07T17:41:00-05:00[America/New_York],2021-02-07T17:42:45-05:00[America/New_York],NA,2021-02-07,63660,Sunday
1809,B,14,2021-02-07T17:42:45-05:00[America/New_York],2021-02-07T17:42:59-05:00[America/New_York],NA,2021-02-07,63765,Sunday
1809,<A>,70,2021-02-07T17:42:59-05:00[America/New_York],2021-02-07T17:44:09-05:00[America/New_York],NA,2021-02-07,63779,Sunday
1809,B,14,2021-02-07T17:44:09-05:00[America/New_York],2021-02-07T17:44:23-05:00[America/New_York],Yes,2021-02-07,63849,Sunday
1809,<A>,92,2021-02-07T17:44:23-05:00[America/New_York],2021-02-07T17:45:55-05:00[America/New_York],NA,2021-02-07,63863,Sunday
1809,B,14,2021-02-07T17:45:55-05:00[America/New_York],2021-02-07T17:46:09-05:00[America/New_York],Yes,2021-02-07,63955,Sunday
1809,<A>,98,2021-02-07T17:46:09-05:00[America/New_York],2021-02-07T17:47:47-05:00[America/New_York],NA,2021-02-07,63969,Sunday
1809,B,20,2021-02-07T17:47:47-05:00[America/New_York],2021-02-07T17:48:07-05:00[America/New_York],Yes,2021-02-07,64067,Sunday
1809,<A>,77,2021-02-07T17:48:07-05:00[America/New_York],2021-02-07T17:49:24-05:00[America/New_York],NA,2021-02-07,64087,Sunday
1809,B,24,2021-02-07T17:49:24-05:00[America/New_York],2021-02-07T17:49:48-05:00[America/New_York],Yes,2021-02-07,64164,Sunday
1809,<A>,85,2021-02-07T17:49:48-05:00[America/New_York],2021-02-07T17:51:13-05:00[America/New_York],NA,2021-02-07,64188,Sunday
1809,B,16,2021-02-07T17:51:13-05:00[America/New_York],2021-02-07T17:51:29-05:00[America/New_York],Yes,2021-02-07,64273,Sunday
1809,<A>,91,2021-02-07T17:51:29-05:00[America/New_York],2021-02-07T17:53:00-05:00[America/New_York],NA,2021-02-07,64289,Sunday
1809,B,18,2021-02-07T17:53:00-05:00[America/New_York],2021-02-07T17:53:18-05:00[America/New_York],Yes,2021-02-07,64380,Sunday
1809,<A>,74,2021-02-07T17:53:18-05:00[America/New_York],2021-02-07T17:54:32-05:00[America/New_York],Yes,2021-02-07,64398,Sunday
1809,B,14,2021-02-07T17:54:32-05:00[America/New_York],2021-02-07T17:54:46-05:00[America/New_York],Yes,2021-02-07,64472,Sunday
1809,<A>,65,2021-02-07T17:54:46-05:00[America/New_York],2021-02-07T17:55:51-05:00[America/New_York],Yes,2021-02-07,64486,Sunday
1809,B,14,2021-02-07T17:55:51-05:00[America/New_York],2021-02-07T17:56:05-05:00[America/New_York],Yes,2021-02-07,64551,Sunday
1809,<A>,72,2021-02-07T17:56:05-05:00[America/New_York],2021-02-07T17:57:17-05:00[America/New_York],Yes,2021-02-07,64565,Sunday
1809,B,18,2021-02-07T17:57:17-05:00[America/New_York],2021-02-07T17:57:35-05:00[America/New_York],Yes,2021-02-07,64637,Sunday
1809,<A>,70,2021-02-07T17:57:35-05:00[America/New_York],2021-02-07T17:58:45-05:00[America/New_York],Yes,2021-02-07,64655,Sunday
1809,B,25,2021-02-07T17:58:45-05:00[America/New_York],2021-02-07T17:59:10-05:00[America/New_York],NA,2021-02-07,64725,Sunday
1809,<A>,73,2021-02-07T17:59:10-05:00[America/New_York],2021-02-07T18:00:23-05:00[America/New_York],Yes,2021-02-07,64750,Sunday
1809,B,14,2021-02-07T18:00:23-05:00[America/New_York],2021-02-07T18:00:37-05:00[America/New_York],Yes,2021-02-07,64823,Sunday
1809,<A>,63,2021-02-07T18:00:37-05:00[America/New_York],2021-02-07T18:01:40-05:00[America/New_York],Yes,2021-02-07,64837,Sunday
1809,B,19,2021-02-07T18:01:40-05:00[America/New_York],2021-02-07T18:01:59-05:00[America/New_York],Yes,2021-02-07,64900,Sunday
1809,<A>,88,2021-02-07T18:01:59-05:00[America/New_York],2021-02-07T18:03:27-05:00[America/New_York],Yes,2021-02-07,64919,Sunday
1809,B,17,2021-02-07T18:03:27-05:00[America/New_York],2021-02-07T18:03:44-05:00[America/New_York],Yes,2021-02-07,65007,Sunday
1809,<A>,63,2021-02-07T18:03:44-05:00[America/New_York],2021-02-07T18:04:47-05:00[America/New_York],Yes,2021-02-07,65024,Sunday
1809,B,18,2021-02-07T18:04:47-05:00[America/New_York],2021-02-07T18:05:05-05:00[America/New_York],Yes,2021-02-07,65087,Sunday
1809,<A>,77,2021-02-07T18:05:05-05:00[America/New_York],2021-02-07T18:06:22-05:00[America/New_York],Yes,2021-02-07,65105,Sunday
1809,B,17,2021-02-07T18:06:22-05:00[America/New_York],2021-02-07T18:06:39-05:00[America/New_York],Yes,2021-02-07,65182,Sunday
1809,<A>,84,2021-02-07T18:06:39-05:00[America/New_York],2021-02-07T18:08:03-05:00[America/New_York],NA,2021-02-07,65199,Sunday
1809,B,14,2021-02-07T18:08:03-05:00[America/New_York],2021-02-07T18:08:17-05:00[America/New_York],Yes,2021-02-07,65283,Sunday
1809,<A>,86,2021-02-07T18:08:17-05:00[America/New_York],2021-02-07T18:09:43-05:00[America/New_York],NA,2021-02-07,65297,Sunday
1809,B,20,2021-02-07T18:09:43-05:00[America/New_York],2021-02-07T18:10:03-05:00[America/New_York],Yes,2021-02-07,65383,Sunday
1809,<A>,70,2021-02-07T18:10:03-05:00[America/New_York],2021-02-07T18:11:13-05:00[America/New_York],Yes,2021-02-07,65403,Sunday
1809,B,14,2021-02-07T18:11:13-05:00[America/New_York],2021-02-07T18:11:27-05:00[America/New_York],Yes,2021-02-07,65473,Sunday
1809,<A>,55,2021-02-07T18:11:27-05:00[America/New_York],2021-02-07T18:12:22-05:00[America/New_York],Yes,2021-02-07,65487,Sunday
1809,B,17,2021-02-07T18:12:22-05:00[America/New_York],2021-02-07T18:12:39-05:00[America/New_York],Yes,2021-02-07,65542,Sunday
1809,<A>,66,2021-02-07T18:12:39-05:00[America/New_York],2021-02-07T18:13:45-05:00[America/New_York],Yes,2021-02-07,65559,Sunday
1809,B,17,2021-02-07T18:13:45-05:00[America/New_York],2021-02-07T18:14:02-05:00[America/New_York],Yes,2021-02-07,65625,Sunday
1809,<A>,92,2021-02-07T18:14:02-05:00[America/New_York],2021-02-07T18:15:34-05:00[America/New_York],NA,2021-02-07,65642,Sunday
1809,B,14,2021-02-07T18:15:34-05:00[America/New_York],2021-02-07T18:15:48-05:00[America/New_York],Yes,2021-02-07,65734,Sunday
1809,<A>,164,2021-02-07T18:15:48-05:00[America/New_York],2021-02-07T18:18:32-05:00[America/New_York],Yes,2021-02-07,65748,Sunday
1809,B,22,2021-02-07T18:18:32-05:00[America/New_York],2021-02-07T18:18:54-05:00[America/New_York],Yes,2021-02-07,65912,Sunday
1809,<A>,74,2021-02-07T18:18:54-05:00[America/New_York],2021-02-07T18:20:08-05:00[America/New_York],Yes,2021-02-07,65934,Sunday
1809,B,14,2021-02-07T18:20:08-05:00[America/New_York],2021-02-07T18:20:22-05:00[America/New_York],Yes,2021-02-07,66008,Sunday
1809,<A>,70,2021-02-07T18:20:22-05:00[America/New_York],2021-02-07T18:21:32-05:00[America/New_York],Yes,2021-02-07,66022,Sunday
1809,B,22,2021-02-07T18:21:32-05:00[America/New_York],2021-02-07T18:21:54-05:00[America/New_York],Yes,2021-02-07,66092,Sunday
1809,<A>,64,2021-02-07T18:21:54-05:00[America/New_York],2021-02-07T18:22:58-05:00[America/New_York],Yes,2021-02-07,66114,Sunday
1809,B,14,2021-02-07T18:22:58-05:00[America/New_York],2021-02-07T18:23:12-05:00[America/New_York],Yes,2021-02-07,66178,Sunday
1809,<A>,62,2021-02-07T18:23:12-05:00[America/New_York],2021-02-07T18:24:14-05:00[America/New_York],Yes,2021-02-07,66192,Sunday
1809,B,14,2021-02-07T18:24:14-05:00[America/New_York],2021-02-07T18:24:28-05:00[America/New_York],Yes,2021-02-07,66254,Sunday
1809,<A>,124,2021-02-07T18:24:28-05:00[America/New_York],2021-02-07T18:26:32-05:00[America/New_York],NA,2021-02-07,66268,Sunday
1809,B,14,2021-02-07T18:26:32-05:00[America/New_York],2021-02-07T18:26:46-05:00[America/New_York],Yes,2021-02-07,66392,Sunday
1809,<A>,64,2021-02-07T18:26:46-05:00[America/New_York],2021-02-07T18:27:50-05:00[America/New_York],Yes,2021-02-07,66406,Sunday
1809,B,19,2021-02-07T18:27:50-05:00[America/New_York],2021-02-07T18:28:09-05:00[America/New_York],Yes,2021-02-07,66470,Sunday
1809,<A>,75,2021-02-07T18:28:09-05:00[America/New_York],2021-02-07T18:29:24-05:00[America/New_York],Yes,2021-02-07,66489,Sunday
1809,B,18,2021-02-07T18:29:24-05:00[America/New_York],2021-02-07T18:29:42-05:00[America/New_York],Yes,2021-02-07,66564,Sunday
1809,<A>,82,2021-02-07T18:29:42-05:00[America/New_York],2021-02-07T18:31:04-05:00[America/New_York],NA,2021-02-07,66582,Sunday
1809,B,15,2021-02-07T18:31:04-05:00[America/New_York],2021-02-07T18:31:19-05:00[America/New_York],Yes,2021-02-07,66664,Sunday
1809,<A>,71,2021-02-07T18:31:19-05:00[America/New_York],2021-02-07T18:32:30-05:00[America/New_York],Yes,2021-02-07,66679,Sunday
1809,B,17,2021-02-07T18:32:30-05:00[America/New_York],2021-02-07T18:32:47-05:00[America/New_York],Yes,2021-02-07,66750,Sunday
1809,<A>,101,2021-02-07T18:32:47-05:00[America/New_York],2021-02-07T18:34:28-05:00[America/New_York],NA,2021-02-07,66767,Sunday
1809,B,17,2021-02-07T18:34:28-05:00[America/New_York],2021-02-07T18:34:45-05:00[America/New_York],Yes,2021-02-07,66868,Sunday
1809,<A>,79,2021-02-07T18:34:45-05:00[America/New_York],2021-02-07T18:36:04-05:00[America/New_York],Yes,2021-02-07,66885,Sunday
1809,B,18,2021-02-07T18:36:04-05:00[America/New_York],2021-02-07T18:36:22-05:00[America/New_York],Yes,2021-02-07,66964,Sunday
1809,<A>,116,2021-02-07T18:36:22-05:00[America/New_York],2021-02-07T18:38:18-05:00[America/New_York],NA,2021-02-07,66982,Sunday
1809,B,17,2021-02-07T18:38:18-05:00[America/New_York],2021-02-07T18:38:35-05:00[America/New_York],Yes,2021-02-07,67098,Sunday
1809,<A>,67,2021-02-07T18:38:35-05:00[America/New_York],2021-02-07T18:39:42-05:00[America/New_York],Yes,2021-02-07,67115,Sunday
1809,B,14,2021-02-07T18:39:42-05:00[America/New_York],2021-02-07T18:39:56-05:00[America/New_York],Yes,2021-02-07,67182,Sunday
1809,<A>,112,2021-02-07T18:39:56-05:00[America/New_York],2021-02-07T18:41:48-05:00[America/New_York],NA,2021-02-07,67196,Sunday
1809,B,14,2021-02-07T18:41:48-05:00[America/New_York],2021-02-07T18:42:02-05:00[America/New_York],Yes,2021-02-07,67308,Sunday
1809,<A>,113,2021-02-07T18:42:02-05:00[America/New_York],2021-02-07T18:43:55-05:00[America/New_York],NA,2021-02-07,67322,Sunday
1809,B,14,2021-02-07T18:43:55-05:00[America/New_York],2021-02-07T18:44:09-05:00[America/New_York],Yes,2021-02-07,67435,Sunday
1809,<A>,66,2021-02-07T18:44:09-05:00[America/New_York],2021-02-07T18:45:15-05:00[America/New_York],Yes,2021-02-07,67449,Sunday
1809,B,14,2021-02-07T18:45:15-05:00[America/New_York],2021-02-07T18:45:29-05:00[America/New_York],Yes,2021-02-07,67515,Sunday
1809,<A>,57,2021-02-07T18:45:29-05:00[America/New_York],2021-02-07T18:46:26-05:00[America/New_York],Yes,2021-02-07,67529,Sunday
1809,B,20,2021-02-07T18:46:26-05:00[America/New_York],2021-02-07T18:46:46-05:00[America/New_York],Yes,2021-02-07,67586,Sunday
1809,<A>,74,2021-02-07T18:46:46-05:00[America/New_York],2021-02-07T18:48:00-05:00[America/New_York],Yes,2021-02-07,67606,Sunday
1809,B,14,2021-02-07T18:48:00-05:00[America/New_York],2021-02-07T18:48:14-05:00[America/New_York],Yes,2021-02-07,67680,Sunday
1809,<A>,77,2021-02-07T18:48:14-05:00[America/New_York],2021-02-07T18:49:31-05:00[America/New_York],NA,2021-02-07,67694,Sunday
1809,B,20,2021-02-07T18:49:31-05:00[America/New_York],2021-02-07T18:49:51-05:00[America/New_York],Yes,2021-02-07,67771,Sunday
1809,<A>,69,2021-02-07T18:49:51-05:00[America/New_York],2021-02-07T18:51:00-05:00[America/New_York],Yes,2021-02-07,67791,Sunday
1809,B,18,2021-02-07T18:51:00-05:00[America/New_York],2021-02-07T18:51:18-05:00[America/New_York],Yes,2021-02-07,67860,Sunday
1809,<A>,69,2021-02-07T18:51:18-05:00[America/New_York],2021-02-07T18:52:27-05:00[America/New_York],Yes,2021-02-07,67878,Sunday
1809,B,14,2021-02-07T18:52:27-05:00[America/New_York],2021-02-07T18:52:41-05:00[America/New_York],Yes,2021-02-07,67947,Sunday
1809,<A>,60,2021-02-07T18:52:41-05:00[America/New_York],2021-02-07T18:53:41-05:00[America/New_York],Yes,2021-02-07,67961,Sunday
1809,B,17,2021-02-07T18:53:41-05:00[America/New_York],2021-02-07T18:53:58-05:00[America/New_York],Yes,2021-02-07,68021,Sunday
1809,<A>,66,2021-02-07T18:53:58-05:00[America/New_York],2021-02-07T18:55:04-05:00[America/New_York],Yes,2021-02-07,68038,Sunday
1809,B,14,2021-02-07T18:55:04-05:00[America/New_York],2021-02-07T18:55:18-05:00[America/New_York],Yes,2021-02-07,68104,Sunday
1809,<A>,60,2021-02-07T18:55:18-05:00[America/New_York],2021-02-07T18:56:18-05:00[America/New_York],Yes,2021-02-07,68118,Sunday
1809,B,14,2021-02-07T18:56:18-05:00[America/New_York],2021-02-07T18:56:32-05:00[America/New_York],Yes,2021-02-07,68178,Sunday
1809,<A>,93,2021-02-07T18:56:32-05:00[America/New_York],2021-02-07T18:58:05-05:00[America/New_York],NA,2021-02-07,68192,Sunday
1809,B,16,2021-02-07T18:58:05-05:00[America/New_York],2021-02-07T18:58:21-05:00[America/New_York],Yes,2021-02-07,68285,Sunday
1809,<A>,127,2021-02-07T18:58:21-05:00[America/New_York],2021-02-07T19:00:28-05:00[America/New_York],NA,2021-02-07,68301,Sunday
1809,B,14,2021-02-07T19:00:28-05:00[America/New_York],2021-02-07T19:00:42-05:00[America/New_York],Yes,2021-02-07,68428,Sunday
1809,<A>,68,2021-02-07T19:00:42-05:00[America/New_York],2021-02-07T19:01:50-05:00[America/New_York],Yes,2021-02-07,68442,Sunday
1809,B,14,2021-02-07T19:01:50-05:00[America/New_York],2021-02-07T19:02:04-05:00[America/New_York],Yes,2021-02-07,68510,Sunday
1809,<A>,65,2021-02-07T19:02:04-05:00[America/New_York],2021-02-07T19:03:09-05:00[America/New_York],Yes,2021-02-07,68524,Sunday
1809,B,16,2021-02-07T19:03:09-05:00[America/New_York],2021-02-07T19:03:25-05:00[America/New_York],Yes,2021-02-07,68589,Sunday
1809,<A>,62,2021-02-07T19:03:25-05:00[America/New_York],2021-02-07T19:04:27-05:00[America/New_York],Yes,2021-02-07,68605,Sunday
1809,B,15,2021-02-07T19:04:27-05:00[America/New_York],2021-02-07T19:04:42-05:00[America/New_York],Yes,2021-02-07,68667,Sunday
1809,<A>,113,2021-02-07T19:04:42-05:00[America/New_York],2021-02-07T19:06:35-05:00[America/New_York],NA,2021-02-07,68682,Sunday
1809,B,17,2021-02-07T19:06:35-05:00[America/New_York],2021-02-07T19:06:52-05:00[America/New_York],Yes,2021-02-07,68795,Sunday
1809,<A>,52,2021-02-07T19:06:52-05:00[America/New_York],2021-02-07T19:07:44-05:00[America/New_York],Yes,2021-02-07,68812,Sunday
1809,B,14,2021-02-07T19:07:44-05:00[America/New_York],2021-02-07T19:07:58-05:00[America/New_York],Yes,2021-02-07,68864,Sunday
1809,<A>,93,2021-02-07T19:07:58-05:00[America/New_York],2021-02-07T19:09:31-05:00[America/New_York],NA,2021-02-07,68878,Sunday
1809,B,15,2021-02-07T19:09:31-05:00[America/New_York],2021-02-07T19:09:46-05:00[America/New_York],Yes,2021-02-07,68971,Sunday
1809,<A>,170,2021-02-07T19:09:46-05:00[America/New_York],2021-02-07T19:12:36-05:00[America/New_York],Yes,2021-02-07,68986,Sunday
1809,B,19,2021-02-07T19:12:36-05:00[America/New_York],2021-02-07T19:12:55-05:00[America/New_York],Yes,2021-02-07,69156,Sunday
1809,<A>,102,2021-02-07T19:12:55-05:00[America/New_York],2021-02-07T19:14:37-05:00[America/New_York],NA,2021-02-07,69175,Sunday
1809,B,15,2021-02-07T19:14:37-05:00[America/New_York],2021-02-07T19:14:52-05:00[America/New_York],Yes,2021-02-07,69277,Sunday
1809,<A>,60,2021-02-07T19:14:52-05:00[America/New_York],2021-02-07T19:15:52-05:00[America/New_York],Yes,2021-02-07,69292,Sunday
1809,B,14,2021-02-07T19:15:52-05:00[America/New_York],2021-02-07T19:16:06-05:00[America/New_York],Yes,2021-02-07,69352,Sunday
1809,<A>,136,2021-02-07T19:16:06-05:00[America/New_York],2021-02-07T19:18:22-05:00[America/New_York],NA,2021-02-07,69366,Sunday
1809,B,15,2021-02-07T19:18:22-05:00[America/New_York],2021-02-07T19:18:37-05:00[America/New_York],Yes,2021-02-07,69502,Sunday
1809,<A>,82,2021-02-07T19:18:37-05:00[America/New_York],2021-02-07T19:19:59-05:00[America/New_York],Yes,2021-02-07,69517,Sunday
1809,B,18,2021-02-07T19:19:59-05:00[America/New_York],2021-02-07T19:20:17-05:00[America/New_York],Yes,2021-02-07,69599,Sunday
1809,<A>,144,2021-02-07T19:20:17-05:00[America/New_York],2021-02-07T19:22:41-05:00[America/New_York],Yes,2021-02-07,69617,Sunday
1809,B,14,2021-02-07T19:22:41-05:00[America/New_York],2021-02-07T19:22:55-05:00[America/New_York],Yes,2021-02-07,69761,Sunday
1809,<A>,155,2021-02-07T19:22:55-05:00[America/New_York],2021-02-07T19:25:30-05:00[America/New_York],Yes,2021-02-07,69775,Sunday
1809,B,14,2021-02-07T19:25:30-05:00[America/New_York],2021-02-07T19:25:44-05:00[America/New_York],Yes,2021-02-07,69930,Sunday
1809,<A>,75,2021-02-07T19:25:44-05:00[America/New_York],2021-02-07T19:26:59-05:00[America/New_York],NA,2021-02-07,69944,Sunday
1809,B,16,2021-02-07T19:26:59-05:00[America/New_York],2021-02-07T19:27:15-05:00[America/New_York],Yes,2021-02-07,70019,Sunday
1809,<A>,56,2021-02-07T19:27:15-05:00[America/New_York],2021-02-07T19:28:11-05:00[America/New_York],Yes,2021-02-07,70035,Sunday
1809,B,14,2021-02-07T19:28:11-05:00[America/New_York],2021-02-07T19:28:25-05:00[America/New_York],Yes,2021-02-07,70091,Sunday
1809,<A>,54,2021-02-07T19:28:25-05:00[America/New_York],2021-02-07T19:29:19-05:00[America/New_York],Yes,2021-02-07,70105,Sunday
1809,B,16,2021-02-07T19:29:19-05:00[America/New_York],2021-02-07T19:29:35-05:00[America/New_York],Yes,2021-02-07,70159,Sunday
1809,<A>,136,2021-02-07T19:29:35-05:00[America/New_York],2021-02-07T19:31:51-05:00[America/New_York],NA,2021-02-07,70175,Sunday
1809,B,14,2021-02-07T19:31:51-05:00[America/New_York],2021-02-07T19:32:05-05:00[America/New_York],Yes,2021-02-07,70311,Sunday
1809,<A>,85,2021-02-07T19:32:05-05:00[America/New_York],2021-02-07T19:33:30-05:00[America/New_York],NA,2021-02-07,70325,Sunday
1809,B,14,2021-02-07T19:33:30-05:00[America/New_York],2021-02-07T19:33:44-05:00[America/New_York],Yes,2021-02-07,70410,Sunday
1809,<A>,57,2021-02-07T19:33:44-05:00[America/New_York],2021-02-07T19:34:41-05:00[America/New_York],Yes,2021-02-07,70424,Sunday
1809,B,15,2021-02-07T19:34:41-05:00[America/New_York],2021-02-07T19:34:56-05:00[America/New_York],Yes,2021-02-07,70481,Sunday
1809,<A>,173,2021-02-07T19:34:56-05:00[America/New_York],2021-02-07T19:37:49-05:00[America/New_York],Yes,2021-02-07,70496,Sunday
1809,B,14,2021-02-07T19:37:49-05:00[America/New_York],2021-02-07T19:38:03-05:00[America/New_York],Yes,2021-02-07,70669,Sunday
1809,<A>,57,2021-02-07T19:38:03-05:00[America/New_York],2021-02-07T19:39:00-05:00[America/New_York],Yes,2021-02-07,70683,Sunday
1809,B,17,2021-02-07T19:39:00-05:00[America/New_York],2021-02-07T19:39:17-05:00[America/New_York],Yes,2021-02-07,70740,Sunday
1809,<A>,76,2021-02-07T19:39:17-05:00[America/New_York],2021-02-07T19:40:33-05:00[America/New_York],NA,2021-02-07,70757,Sunday
1809,B,14,2021-02-07T19:40:33-05:00[America/New_York],2021-02-07T19:40:47-05:00[America/New_York],Yes,2021-02-07,70833,Sunday
1809,<A>,90,2021-02-07T19:40:47-05:00[America/New_York],2021-02-07T19:42:17-05:00[America/New_York],NA,2021-02-07,70847,Sunday
1809,B,14,2021-02-07T19:42:17-05:00[America/New_York],2021-02-07T19:42:31-05:00[America/New_York],Yes,2021-02-07,70937,Sunday
1809,<A>,74,2021-02-07T19:42:31-05:00[America/New_York],2021-02-07T19:43:45-05:00[America/New_York],Yes,2021-02-07,70951,Sunday
1809,B,14,2021-02-07T19:43:45-05:00[America/New_York],2021-02-07T19:43:59-05:00[America/New_York],Yes,2021-02-07,71025,Sunday
1809,<A>,54,2021-02-07T19:43:59-05:00[America/New_York],2021-02-07T19:44:53-05:00[America/New_York],Yes,2021-02-07,71039,Sunday
1809,B,16,2021-02-07T19:44:53-05:00[America/New_York],2021-02-07T19:45:09-05:00[America/New_York],Yes,2021-02-07,71093,Sunday
1809,<A>,69,2021-02-07T19:45:09-05:00[America/New_York],2021-02-07T19:46:18-05:00[America/New_York],Yes,2021-02-07,71109,Sunday
1809,B,16,2021-02-07T19:46:18-05:00[America/New_York],2021-02-07T19:46:34-05:00[America/New_York],Yes,2021-02-07,71178,Sunday
1809,<A>,89,2021-02-07T19:46:34-05:00[America/New_York],2021-02-07T19:48:03-05:00[America/New_York],NA,2021-02-07,71194,Sunday
1809,B,14,2021-02-07T19:48:03-05:00[America/New_York],2021-02-07T19:48:17-05:00[America/New_York],Yes,2021-02-07,71283,Sunday
1809,<A>,89,2021-02-07T19:48:17-05:00[America/New_York],2021-02-07T19:49:46-05:00[America/New_York],NA,2021-02-07,71297,Sunday
1809,B,14,2021-02-07T19:49:46-05:00[America/New_York],2021-02-07T19:50:00-05:00[America/New_York],Yes,2021-02-07,71386,Sunday
1809,<A>,68,2021-02-07T19:50:00-05:00[America/New_York],2021-02-07T19:51:08-05:00[America/New_York],Yes,2021-02-07,71400,Sunday
1809,B,14,2021-02-07T19:51:08-05:00[America/New_York],2021-02-07T19:51:22-05:00[America/New_York],Yes,2021-02-07,71468,Sunday
1809,<A>,93,2021-02-07T19:51:22-05:00[America/New_York],2021-02-07T19:52:55-05:00[America/New_York],NA,2021-02-07,71482,Sunday
1809,B,14,2021-02-07T19:52:55-05:00[America/New_York],2021-02-07T19:53:09-05:00[America/New_York],Yes,2021-02-07,71575,Sunday
1809,<A>,61,2021-02-07T19:53:09-05:00[America/New_York],2021-02-07T19:54:10-05:00[America/New_York],Yes,2021-02-07,71589,Sunday
1809,B,14,2021-02-07T19:54:10-05:00[America/New_York],2021-02-07T19:54:24-05:00[America/New_York],Yes,2021-02-07,71650,Sunday
1809,<A>,89,2021-02-07T19:54:24-05:00[America/New_York],2021-02-07T19:55:53-05:00[America/New_York],Yes,2021-02-07,71664,Sunday
1809,B,19,2021-02-07T19:55:53-05:00[America/New_York],2021-02-07T19:56:12-05:00[America/New_York],Yes,2021-02-07,71753,Sunday
1809,<A>,66,2021-02-07T19:56:12-05:00[America/New_York],2021-02-07T19:57:18-05:00[America/New_York],Yes,2021-02-07,71772,Sunday
1809,B,15,2021-02-07T19:57:18-05:00[America/New_York],2021-02-07T19:57:33-05:00[America/New_York],Yes,2021-02-07,71838,Sunday
1809,<A>,62,2021-02-07T19:57:33-05:00[America/New_York],2021-02-07T19:58:35-05:00[America/New_York],Yes,2021-02-07,71853,Sunday
1809,B,14,2021-02-07T19:58:35-05:00[America/New_York],2021-02-07T19:58:49-05:00[America/New_York],Yes,2021-02-07,71915,Sunday
1809,<A>,61,2021-02-07T19:58:49-05:00[America/New_York],2021-02-07T19:59:50-05:00[America/New_York],Yes,2021-02-07,71929,Sunday
1809,B,14,2021-02-07T19:59:50-05:00[America/New_York],2021-02-07T20:00:04-05:00[America/New_York],Yes,2021-02-07,71990,Sunday
1809,<A>,86,2021-02-07T20:00:04-05:00[America/New_York],2021-02-07T20:01:30-05:00[America/New_York],Yes,2021-02-07,72004,Sunday
1809,B,17,2021-02-07T20:01:30-05:00[America/New_York],2021-02-07T20:01:47-05:00[America/New_York],Yes,2021-02-07,72090,Sunday
1809,<A>,63,2021-02-07T20:01:47-05:00[America/New_York],2021-02-07T20:02:50-05:00[America/New_York],Yes,2021-02-07,72107,Sunday
1809,B,20,2021-02-07T20:02:50-05:00[America/New_York],2021-02-07T20:03:10-05:00[America/New_York],Yes,2021-02-07,72170,Sunday
1809,<A>,52,2021-02-07T20:03:10-05:00[America/New_York],2021-02-07T20:04:02-05:00[America/New_York],Yes,2021-02-07,72190,Sunday
1809,B,14,2021-02-07T20:04:02-05:00[America/New_York],2021-02-07T20:04:16-05:00[America/New_York],Yes,2021-02-07,72242,Sunday
1809,<A>,75,2021-02-07T20:04:16-05:00[America/New_York],2021-02-07T20:05:31-05:00[America/New_York],NA,2021-02-07,72256,Sunday
1809,B,18,2021-02-07T20:05:31-05:00[America/New_York],2021-02-07T20:05:49-05:00[America/New_York],Yes,2021-02-07,72331,Sunday
1809,<A>,84,2021-02-07T20:05:49-05:00[America/New_York],2021-02-07T20:07:13-05:00[America/New_York],NA,2021-02-07,72349,Sunday
1809,B,14,2021-02-07T20:07:13-05:00[America/New_York],2021-02-07T20:07:27-05:00[America/New_York],Yes,2021-02-07,72433,Sunday
1809,<A>,113,2021-02-07T20:07:27-05:00[America/New_York],2021-02-07T20:09:20-05:00[America/New_York],NA,2021-02-07,72447,Sunday
1809,B,25,2021-02-07T20:09:20-05:00[America/New_York],2021-02-07T20:09:45-05:00[America/New_York],NA,2021-02-07,72560,Sunday
1809,<A>,68,2021-02-07T20:09:45-05:00[America/New_York],2021-02-07T20:10:53-05:00[America/New_York],Yes,2021-02-07,72585,Sunday
1809,B,16,2021-02-07T20:10:53-05:00[America/New_York],2021-02-07T20:11:09-05:00[America/New_York],Yes,2021-02-07,72653,Sunday
1809,<A>,117,2021-02-07T20:11:09-05:00[America/New_York],2021-02-07T20:13:06-05:00[America/New_York],NA,2021-02-07,72669,Sunday
1809,B,14,2021-02-07T20:13:06-05:00[America/New_York],2021-02-07T20:13:20-05:00[America/New_York],Yes,2021-02-07,72786,Sunday
1809,<A>,165,2021-02-07T20:13:20-05:00[America/New_York],2021-02-07T20:16:05-05:00[America/New_York],Yes,2021-02-07,72800,Sunday
1809,B,14,2021-02-07T20:16:05-05:00[America/New_York],2021-02-07T20:16:19-05:00[America/New_York],Yes,2021-02-07,72965,Sunday
1809,<A>,65,2021-02-07T20:16:19-05:00[America/New_York],2021-02-07T20:17:24-05:00[America/New_York],Yes,2021-02-07,72979,Sunday
1809,B,24,2021-02-07T20:17:24-05:00[America/New_York],2021-02-07T20:17:48-05:00[America/New_York],NA,2021-02-07,73044,Sunday
1809,<A>,52,2021-02-07T20:17:48-05:00[America/New_York],2021-02-07T20:18:40-05:00[America/New_York],Yes,2021-02-07,73068,Sunday
1809,B,17,2021-02-07T20:18:40-05:00[America/New_York],2021-02-07T20:18:57-05:00[America/New_York],Yes,2021-02-07,73120,Sunday
1809,<A>,65,2021-02-07T20:18:57-05:00[America/New_York],2021-02-07T20:20:02-05:00[America/New_York],Yes,2021-02-07,73137,Sunday
1809,B,14,2021-02-07T20:20:02-05:00[America/New_York],2021-02-07T20:20:16-05:00[America/New_York],Yes,2021-02-07,73202,Sunday
1809,<A>,64,2021-02-07T20:20:16-05:00[America/New_York],2021-02-07T20:21:20-05:00[America/New_York],Yes,2021-02-07,73216,Sunday
1809,B,20,2021-02-07T20:21:20-05:00[America/New_York],2021-02-07T20:21:40-05:00[America/New_York],Yes,2021-02-07,73280,Sunday
1809,<A>,72,2021-02-07T20:21:40-05:00[America/New_York],2021-02-07T20:22:52-05:00[America/New_York],Yes,2021-02-07,73300,Sunday
1809,B,14,2021-02-07T20:22:52-05:00[America/New_York],2021-02-07T20:23:06-05:00[America/New_York],Yes,2021-02-07,73372,Sunday
1809,<A>,259,2021-02-07T20:23:06-05:00[America/New_York],2021-02-07T20:27:25-05:00[America/New_York],Yes,2021-02-07,73386,Sunday
1809,B,14,2021-02-07T20:27:25-05:00[America/New_York],2021-02-07T20:27:39-05:00[America/New_York],Yes,2021-02-07,73645,Sunday
1809,<A>,294,2021-02-07T20:27:39-05:00[America/New_York],2021-02-07T20:32:33-05:00[America/New_York],NA,2021-02-07,73659,Sunday
1809,B,14,2021-02-07T20:32:33-05:00[America/New_York],2021-02-07T20:32:47-05:00[America/New_York],Yes,2021-02-07,73953,Sunday
1809,<A>,168,2021-02-07T20:32:47-05:00[America/New_York],2021-02-07T20:35:35-05:00[America/New_York],Yes,2021-02-07,73967,Sunday
1809,B,20,2021-02-07T20:35:35-05:00[America/New_York],2021-02-07T20:35:55-05:00[America/New_York],Yes,2021-02-07,74135,Sunday
1809,<A>,52,2021-02-07T20:35:55-05:00[America/New_York],2021-02-07T20:36:47-05:00[America/New_York],Yes,2021-02-07,74155,Sunday
1809,B,15,2021-02-07T20:36:47-05:00[America/New_York],2021-02-07T20:37:02-05:00[America/New_York],Yes,2021-02-07,74207,Sunday
1809,<A>,60,2021-02-07T20:37:02-05:00[America/New_York],2021-02-07T20:38:02-05:00[America/New_York],Yes,2021-02-07,74222,Sunday
1809,B,14,2021-02-07T20:38:02-05:00[America/New_York],2021-02-07T20:38:16-05:00[America/New_York],Yes,2021-02-07,74282,Sunday
1809,<A>,285,2021-02-07T20:38:16-05:00[America/New_York],2021-02-07T20:43:01-05:00[America/New_York],NA,2021-02-07,74296,Sunday
1809,B,14,2021-02-07T20:43:01-05:00[America/New_York],2021-02-07T20:43:15-05:00[America/New_York],Yes,2021-02-07,74581,Sunday
1809,<A>,59,2021-02-07T20:43:15-05:00[America/New_York],2021-02-07T20:44:14-05:00[America/New_York],Yes,2021-02-07,74595,Sunday
1809,B,15,2021-02-07T20:44:14-05:00[America/New_York],2021-02-07T20:44:29-05:00[America/New_York],Yes,2021-02-07,74654,Sunday
1809,<A>,81,2021-02-07T20:44:29-05:00[America/New_York],2021-02-07T20:45:50-05:00[America/New_York],NA,2021-02-07,74669,Sunday
1809,B,19,2021-02-07T20:45:50-05:00[America/New_York],2021-02-07T20:46:09-05:00[America/New_York],Yes,2021-02-07,74750,Sunday
1809,<A>,187,2021-02-07T20:46:09-05:00[America/New_York],2021-02-07T20:49:16-05:00[America/New_York],NA,2021-02-07,74769,Sunday
1809,B,16,2021-02-07T20:49:16-05:00[America/New_York],2021-02-07T20:49:32-05:00[America/New_York],Yes,2021-02-07,74956,Sunday
1809,<A>,54,2021-02-07T20:49:32-05:00[America/New_York],2021-02-07T20:50:26-05:00[America/New_York],Yes,2021-02-07,74972,Sunday
1809,B,18,2021-02-07T20:50:26-05:00[America/New_York],2021-02-07T20:50:44-05:00[America/New_York],Yes,2021-02-07,75026,Sunday
1809,<A>,259,2021-02-07T20:50:44-05:00[America/New_York],2021-02-07T20:55:03-05:00[America/New_York],Yes,2021-02-07,75044,Sunday
1809,B,16,2021-02-07T20:55:03-05:00[America/New_York],2021-02-07T20:55:19-05:00[America/New_York],Yes,2021-02-07,75303,Sunday
1809,<A>,170,2021-02-07T20:55:19-05:00[America/New_York],2021-02-07T20:58:09-05:00[America/New_York],Yes,2021-02-07,75319,Sunday
1809,B,14,2021-02-07T20:58:09-05:00[America/New_York],2021-02-07T20:58:23-05:00[America/New_York],Yes,2021-02-07,75489,Sunday
1809,<A>,93,2021-02-07T20:58:23-05:00[America/New_York],2021-02-07T20:59:56-05:00[America/New_York],NA,2021-02-07,75503,Sunday
1809,B,14,2021-02-07T20:59:56-05:00[America/New_York],2021-02-07T21:00:10-05:00[America/New_York],Yes,2021-02-07,75596,Sunday
1809,<A>,87,2021-02-07T21:00:10-05:00[America/New_York],2021-02-07T21:01:37-05:00[America/New_York],NA,2021-02-07,75610,Sunday
1809,B,14,2021-02-07T21:01:37-05:00[America/New_York],2021-02-07T21:01:51-05:00[America/New_York],Yes,2021-02-07,75697,Sunday
1809,<A>,62,2021-02-07T21:01:51-05:00[America/New_York],2021-02-07T21:02:53-05:00[America/New_York],Yes,2021-02-07,75711,Sunday
1809,B,14,2021-02-07T21:02:53-05:00[America/New_York],2021-02-07T21:03:07-05:00[America/New_York],Yes,2021-02-07,75773,Sunday
1809,<A>,46,2021-02-07T21:03:07-05:00[America/New_York],2021-02-07T21:03:53-05:00[America/New_York],Yes,2021-02-07,75787,Sunday
1809,B,14,2021-02-07T21:03:53-05:00[America/New_York],2021-02-07T21:04:07-05:00[America/New_York],Yes,2021-02-07,75833,Sunday
1809,<A>,143,2021-02-07T21:04:07-05:00[America/New_York],2021-02-07T21:06:30-05:00[America/New_York],Yes,2021-02-07,75847,Sunday
1809,B,43,2021-02-07T21:06:30-05:00[America/New_York],2021-02-07T21:07:13-05:00[America/New_York],NA,2021-02-07,75990,Sunday
1809,<A>,235,2021-02-07T21:07:13-05:00[America/New_York],2021-02-07T21:11:08-05:00[America/New_York],Yes,2021-02-07,76033,Sunday
1809,B,14,2021-02-07T21:11:08-05:00[America/New_York],2021-02-07T21:11:22-05:00[America/New_York],Yes,2021-02-07,76268,Sunday
1809,<A>,53,2021-02-07T21:11:22-05:00[America/New_York],2021-02-07T21:12:15-05:00[America/New_York],Yes,2021-02-07,76282,Sunday
1809,B,14,2021-02-07T21:12:15-05:00[America/New_York],2021-02-07T21:12:29-05:00[America/New_York],Yes,2021-02-07,76335,Sunday
1809,<A>,438,2021-02-07T21:12:29-05:00[America/New_York],2021-02-07T21:19:47-05:00[America/New_York],Yes,2021-02-07,76349,Sunday
1809,B,14,2021-02-07T21:19:47-05:00[America/New_York],2021-02-07T21:20:01-05:00[America/New_York],Yes,2021-02-07,76787,Sunday
1809,<A>,108,2021-02-07T21:20:01-05:00[America/New_York],2021-02-07T21:21:49-05:00[America/New_York],NA,2021-02-07,76801,Sunday
1809,B,14,2021-02-07T21:21:49-05:00[America/New_York],2021-02-07T21:22:03-05:00[America/New_York],Yes,2021-02-07,76909,Sunday
1809,<A>,159,2021-02-07T21:22:03-05:00[America/New_York],2021-02-07T21:24:42-05:00[America/New_York],Yes,2021-02-07,76923,Sunday
1809,B,15,2021-02-07T21:24:42-05:00[America/New_York],2021-02-07T21:24:57-05:00[America/New_York],Yes,2021-02-07,77082,Sunday
1809,<A>,60,2021-02-07T21:24:57-05:00[America/New_York],2021-02-07T21:25:57-05:00[America/New_York],Yes,2021-02-07,77097,Sunday
1809,B,14,2021-02-07T21:25:57-05:00[America/New_York],2021-02-07T21:26:11-05:00[America/New_York],Yes,2021-02-07,77157,Sunday
1809,<A>,54,2021-02-07T21:26:11-05:00[America/New_York],2021-02-07T21:27:05-05:00[America/New_York],Yes,2021-02-07,77171,Sunday
1809,B,14,2021-02-07T21:27:05-05:00[America/New_York],2021-02-07T21:27:19-05:00[America/New_York],Yes,2021-02-07,77225,Sunday
1809,<A>,54,2021-02-07T21:27:19-05:00[America/New_York],2021-02-07T21:28:13-05:00[America/New_York],Yes,2021-02-07,77239,Sunday
1809,B,18,2021-02-07T21:28:13-05:00[America/New_York],2021-02-07T21:28:31-05:00[America/New_York],Yes,2021-02-07,77293,Sunday
1809,<A>,87,2021-02-07T21:28:31-05:00[America/New_York],2021-02-07T21:29:58-05:00[America/New_York],Yes,2021-02-07,77311,Sunday
1809,B,14,2021-02-07T21:29:58-05:00[America/New_York],2021-02-07T21:30:12-05:00[America/New_York],Yes,2021-02-07,77398,Sunday
1809,<A>,88,2021-02-07T21:30:12-05:00[America/New_York],2021-02-07T21:31:40-05:00[America/New_York],NA,2021-02-07,77412,Sunday
1809,B,15,2021-02-07T21:31:40-05:00[America/New_York],2021-02-07T21:31:55-05:00[America/New_York],Yes,2021-02-07,77500,Sunday
1809,<A>,122,2021-02-07T21:31:55-05:00[America/New_York],2021-02-07T21:33:57-05:00[America/New_York],NA,2021-02-07,77515,Sunday
1809,B,14,2021-02-07T21:33:57-05:00[America/New_York],2021-02-07T21:34:11-05:00[America/New_York],Yes,2021-02-07,77637,Sunday
1809,<A>,60,2021-02-07T21:34:11-05:00[America/New_York],2021-02-07T21:35:11-05:00[America/New_York],Yes,2021-02-07,77651,Sunday
1809,B,14,2021-02-07T21:35:11-05:00[America/New_York],2021-02-07T21:35:25-05:00[America/New_York],Yes,2021-02-07,77711,Sunday
1809,<A>,72,2021-02-07T21:35:25-05:00[America/New_York],2021-02-07T21:36:37-05:00[America/New_York],Yes,2021-02-07,77725,Sunday
1809,B,16,2021-02-07T21:36:37-05:00[America/New_York],2021-02-07T21:36:53-05:00[America/New_York],Yes,2021-02-07,77797,Sunday
1809,<A>,194,2021-02-07T21:36:53-05:00[America/New_York],2021-02-07T21:40:07-05:00[America/New_York],NA,2021-02-07,77813,Sunday
1809,B,14,2021-02-07T21:40:07-05:00[America/New_York],2021-02-07T21:40:21-05:00[America/New_York],Yes,2021-02-07,78007,Sunday
1809,<A>,162,2021-02-07T21:40:21-05:00[America/New_York],2021-02-07T21:43:03-05:00[America/New_York],Yes,2021-02-07,78021,Sunday
1809,B,14,2021-02-07T21:43:03-05:00[America/New_York],2021-02-07T21:43:17-05:00[America/New_York],Yes,2021-02-07,78183,Sunday
1809,<A>,97,2021-02-07T21:43:17-05:00[America/New_York],2021-02-07T21:44:54-05:00[America/New_York],NA,2021-02-07,78197,Sunday
1809,B,14,2021-02-07T21:44:54-05:00[America/New_York],2021-02-07T21:45:08-05:00[America/New_York],Yes,2021-02-07,78294,Sunday
1809,<A>,46,2021-02-07T21:45:08-05:00[America/New_York],2021-02-07T21:45:54-05:00[America/New_York],Yes,2021-02-07,78308,Sunday
1809,B,14,2021-02-07T21:45:54-05:00[America/New_York],2021-02-07T21:46:08-05:00[America/New_York],Yes,2021-02-07,78354,Sunday
1809,<A>,49,2021-02-07T21:46:08-05:00[America/New_York],2021-02-07T21:46:57-05:00[America/New_York],Yes,2021-02-07,78368,Sunday
1809,B,17,2021-02-07T21:46:57-05:00[America/New_York],2021-02-07T21:47:14-05:00[America/New_York],Yes,2021-02-07,78417,Sunday
1809,<A>,111,2021-02-07T21:47:14-05:00[America/New_York],2021-02-07T21:49:05-05:00[America/New_York],NA,2021-02-07,78434,Sunday
1809,B,14,2021-02-07T21:49:05-05:00[America/New_York],2021-02-07T21:49:19-05:00[America/New_York],Yes,2021-02-07,78545,Sunday
1809,<A>,47,2021-02-07T21:49:19-05:00[America/New_York],2021-02-07T21:50:06-05:00[America/New_York],Yes,2021-02-07,78559,Sunday
1809,B,15,2021-02-07T21:50:06-05:00[America/New_York],2021-02-07T21:50:21-05:00[America/New_York],Yes,2021-02-07,78606,Sunday
1809,<A>,55,2021-02-07T21:50:21-05:00[America/New_York],2021-02-07T21:51:16-05:00[America/New_York],Yes,2021-02-07,78621,Sunday
1809,B,14,2021-02-07T21:51:16-05:00[America/New_York],2021-02-07T21:51:30-05:00[America/New_York],Yes,2021-02-07,78676,Sunday
1809,<A>,134,2021-02-07T21:51:30-05:00[America/New_York],2021-02-07T21:53:44-05:00[America/New_York],Yes,2021-02-07,78690,Sunday
1809,B,16,2021-02-07T21:53:44-05:00[America/New_York],2021-02-07T21:54:00-05:00[America/New_York],Yes,2021-02-07,78824,Sunday
1809,<A>,103,2021-02-07T21:54:00-05:00[America/New_York],2021-02-07T21:55:43-05:00[America/New_York],NA,2021-02-07,78840,Sunday
1809,B,14,2021-02-07T21:55:43-05:00[America/New_York],2021-02-07T21:55:57-05:00[America/New_York],Yes,2021-02-07,78943,Sunday
1809,<A>,59,2021-02-07T21:55:57-05:00[America/New_York],2021-02-07T21:56:56-05:00[America/New_York],Yes,2021-02-07,78957,Sunday
1809,B,14,2021-02-07T21:56:56-05:00[America/New_York],2021-02-07T21:57:10-05:00[America/New_York],Yes,2021-02-07,79016,Sunday
1809,<A>,61,2021-02-07T21:57:10-05:00[America/New_York],2021-02-07T21:58:11-05:00[America/New_York],Yes,2021-02-07,79030,Sunday
1809,B,14,2021-02-07T21:58:11-05:00[America/New_York],2021-02-07T21:58:25-05:00[America/New_York],Yes,2021-02-07,79091,Sunday
1809,<A>,47,2021-02-07T21:58:25-05:00[America/New_York],2021-02-07T21:59:12-05:00[America/New_York],Yes,2021-02-07,79105,Sunday
1809,B,19,2021-02-07T21:59:12-05:00[America/New_York],2021-02-07T21:59:31-05:00[America/New_York],Yes,2021-02-07,79152,Sunday
1809,<A>,57,2021-02-07T21:59:31-05:00[America/New_York],2021-02-07T22:00:28-05:00[America/New_York],Yes,2021-02-07,79171,Sunday
1809,B,16,2021-02-07T22:00:28-05:00[America/New_York],2021-02-07T22:00:44-05:00[America/New_York],Yes,2021-02-07,79228,Sunday
1809,<A>,97,2021-02-07T22:00:44-05:00[America/New_York],2021-02-07T22:02:21-05:00[America/New_York],NA,2021-02-07,79244,Sunday
1809,B,15,2021-02-07T22:02:21-05:00[America/New_York],2021-02-07T22:02:36-05:00[America/New_York],Yes,2021-02-07,79341,Sunday
1809,<A>,106,2021-02-07T22:02:36-05:00[America/New_York],2021-02-07T22:04:22-05:00[America/New_York],NA,2021-02-07,79356,Sunday
1809,B,20,2021-02-07T22:04:22-05:00[America/New_York],2021-02-07T22:04:42-05:00[America/New_York],Yes,2021-02-07,79462,Sunday
1809,<A>,166,2021-02-07T22:04:42-05:00[America/New_York],2021-02-07T22:07:28-05:00[America/New_York],NA,2021-02-07,79482,Sunday
1809,B,14,2021-02-07T22:07:28-05:00[America/New_York],2021-02-07T22:07:42-05:00[America/New_York],Yes,2021-02-07,79648,Sunday
1809,<A>,65,2021-02-07T22:07:42-05:00[America/New_York],2021-02-07T22:08:47-05:00[America/New_York],Yes,2021-02-07,79662,Sunday
1809,B,14,2021-02-07T22:08:47-05:00[America/New_York],2021-02-07T22:09:01-05:00[America/New_York],Yes,2021-02-07,79727,Sunday
1809,<A>,205,2021-02-07T22:09:01-05:00[America/New_York],2021-02-07T22:12:26-05:00[America/New_York],NA,2021-02-07,79741,Sunday
1809,B,15,2021-02-07T22:12:26-05:00[America/New_York],2021-02-07T22:12:41-05:00[America/New_York],Yes,2021-02-07,79946,Sunday
1809,<A>,75,2021-02-07T22:12:41-05:00[America/New_York],2021-02-07T22:13:56-05:00[America/New_York],Yes,2021-02-07,79961,Sunday
1809,B,14,2021-02-07T22:13:56-05:00[America/New_York],2021-02-07T22:14:10-05:00[America/New_York],Yes,2021-02-07,80036,Sunday
1809,<A>,140,2021-02-07T22:14:10-05:00[America/New_York],2021-02-07T22:16:30-05:00[America/New_York],Yes,2021-02-07,80050,Sunday
1809,B,15,2021-02-07T22:16:30-05:00[America/New_York],2021-02-07T22:16:45-05:00[America/New_York],Yes,2021-02-07,80190,Sunday
1809,<A>,83,2021-02-07T22:16:45-05:00[America/New_York],2021-02-07T22:18:08-05:00[America/New_York],NA,2021-02-07,80205,Sunday
1809,B,24,2021-02-07T22:18:08-05:00[America/New_York],2021-02-07T22:18:32-05:00[America/New_York],NA,2021-02-07,80288,Sunday
1809,<A>,144,2021-02-07T22:18:32-05:00[America/New_York],2021-02-07T22:20:56-05:00[America/New_York],Yes,2021-02-07,80312,Sunday
1809,B,14,2021-02-07T22:20:56-05:00[America/New_York],2021-02-07T22:21:10-05:00[America/New_York],Yes,2021-02-07,80456,Sunday
1809,<A>,50,2021-02-07T22:21:10-05:00[America/New_York],2021-02-07T22:22:00-05:00[America/New_York],Yes,2021-02-07,80470,Sunday
1809,B,15,2021-02-07T22:22:00-05:00[America/New_York],2021-02-07T22:22:15-05:00[America/New_York],Yes,2021-02-07,80520,Sunday
1809,<A>,71,2021-02-07T22:22:15-05:00[America/New_York],2021-02-07T22:23:26-05:00[America/New_York],NA,2021-02-07,80535,Sunday
1809,B,14,2021-02-07T22:23:26-05:00[America/New_York],2021-02-07T22:23:40-05:00[America/New_York],Yes,2021-02-07,80606,Sunday
1809,<A>,57,2021-02-07T22:23:40-05:00[America/New_York],2021-02-07T22:24:37-05:00[America/New_York],Yes,2021-02-07,80620,Sunday
1809,B,14,2021-02-07T22:24:37-05:00[America/New_York],2021-02-07T22:24:51-05:00[America/New_York],Yes,2021-02-07,80677,Sunday
1809,<A>,76,2021-02-07T22:24:51-05:00[America/New_York],2021-02-07T22:26:07-05:00[America/New_York],Yes,2021-02-07,80691,Sunday
1809,B,14,2021-02-07T22:26:07-05:00[America/New_York],2021-02-07T22:26:21-05:00[America/New_York],Yes,2021-02-07,80767,Sunday
1809,<A>,133,2021-02-07T22:26:21-05:00[America/New_York],2021-02-07T22:28:34-05:00[America/New_York],Yes,2021-02-07,80781,Sunday
1809,B,14,2021-02-07T22:28:34-05:00[America/New_York],2021-02-07T22:28:48-05:00[America/New_York],Yes,2021-02-07,80914,Sunday
1809,<A>,97,2021-02-07T22:28:48-05:00[America/New_York],2021-02-07T22:30:25-05:00[America/New_York],NA,2021-02-07,80928,Sunday
1809,B,14,2021-02-07T22:30:25-05:00[America/New_York],2021-02-07T22:30:39-05:00[America/New_York],Yes,2021-02-07,81025,Sunday
1809,<A>,82,2021-02-07T22:30:39-05:00[America/New_York],2021-02-07T22:32:01-05:00[America/New_York],NA,2021-02-07,81039,Sunday
1809,B,15,2021-02-07T22:32:01-05:00[America/New_York],2021-02-07T22:32:16-05:00[America/New_York],Yes,2021-02-07,81121,Sunday
1809,<A>,61,2021-02-07T22:32:16-05:00[America/New_York],2021-02-07T22:33:17-05:00[America/New_York],Yes,2021-02-07,81136,Sunday
1809,B,14,2021-02-07T22:33:17-05:00[America/New_York],2021-02-07T22:33:31-05:00[America/New_York],Yes,2021-02-07,81197,Sunday
1809,<A>,125,2021-02-07T22:33:31-05:00[America/New_York],2021-02-07T22:35:36-05:00[America/New_York],NA,2021-02-07,81211,Sunday
1809,B,14,2021-02-07T22:35:36-05:00[America/New_York],2021-02-07T22:35:50-05:00[America/New_York],Yes,2021-02-07,81336,Sunday
1809,<A>,77,2021-02-07T22:35:50-05:00[America/New_York],2021-02-07T22:37:07-05:00[America/New_York],Yes,2021-02-07,81350,Sunday
1809,B,24,2021-02-07T22:37:07-05:00[America/New_York],2021-02-07T22:37:31-05:00[America/New_York],NA,2021-02-07,81427,Sunday
1809,<A>,70,2021-02-07T22:37:31-05:00[America/New_York],2021-02-07T22:38:41-05:00[America/New_York],NA,2021-02-07,81451,Sunday
1809,B,19,2021-02-07T22:38:41-05:00[America/New_York],2021-02-07T22:39:00-05:00[America/New_York],Yes,2021-02-07,81521,Sunday
1809,<A>,64,2021-02-07T22:39:00-05:00[America/New_York],2021-02-07T22:40:04-05:00[America/New_York],Yes,2021-02-07,81540,Sunday
1809,B,14,2021-02-07T22:40:04-05:00[America/New_York],2021-02-07T22:40:18-05:00[America/New_York],Yes,2021-02-07,81604,Sunday
1809,<A>,67,2021-02-07T22:40:18-05:00[America/New_York],2021-02-07T22:41:25-05:00[America/New_York],Yes,2021-02-07,81618,Sunday
1809,B,14,2021-02-07T22:41:25-05:00[America/New_York],2021-02-07T22:41:39-05:00[America/New_York],Yes,2021-02-07,81685,Sunday
1809,<A>,186,2021-02-07T22:41:39-05:00[America/New_York],2021-02-07T22:44:45-05:00[America/New_York],NA,2021-02-07,81699,Sunday
1809,B,18,2021-02-07T22:44:45-05:00[America/New_York],2021-02-07T22:45:03-05:00[America/New_York],Yes,2021-02-07,81885,Sunday
1809,<A>,86,2021-02-07T22:45:03-05:00[America/New_York],2021-02-07T22:46:29-05:00[America/New_York],NA,2021-02-07,81903,Sunday
1809,B,14,2021-02-07T22:46:29-05:00[America/New_York],2021-02-07T22:46:43-05:00[America/New_York],Yes,2021-02-07,81989,Sunday
1809,<A>,56,2021-02-07T22:46:43-05:00[America/New_York],2021-02-07T22:47:39-05:00[America/New_York],Yes,2021-02-07,82003,Sunday
1809,B,14,2021-02-07T22:47:39-05:00[America/New_York],2021-02-07T22:47:53-05:00[America/New_York],Yes,2021-02-07,82059,Sunday
1809,<A>,164,2021-02-07T22:47:53-05:00[America/New_York],2021-02-07T22:50:37-05:00[America/New_York],Yes,2021-02-07,82073,Sunday
1809,B,14,2021-02-07T22:50:37-05:00[America/New_York],2021-02-07T22:50:51-05:00[America/New_York],Yes,2021-02-07,82237,Sunday
1809,<A>,86,2021-02-07T22:50:51-05:00[America/New_York],2021-02-07T22:52:17-05:00[America/New_York],Yes,2021-02-07,82251,Sunday
1809,B,14,2021-02-07T22:52:17-05:00[America/New_York],2021-02-07T22:52:31-05:00[America/New_York],Yes,2021-02-07,82337,Sunday
1809,<A>,64,2021-02-07T22:52:31-05:00[America/New_York],2021-02-07T22:53:35-05:00[America/New_York],Yes,2021-02-07,82351,Sunday
1809,B,15,2021-02-07T22:53:35-05:00[America/New_York],2021-02-07T22:53:50-05:00[America/New_York],Yes,2021-02-07,82415,Sunday
1809,<A>,253,2021-02-07T22:53:50-05:00[America/New_York],2021-02-07T22:58:03-05:00[America/New_York],Yes,2021-02-07,82430,Sunday
1809,B,14,2021-02-07T22:58:03-05:00[America/New_York],2021-02-07T22:58:17-05:00[America/New_York],Yes,2021-02-07,82683,Sunday
1809,<A>,164,2021-02-07T22:58:17-05:00[America/New_York],2021-02-07T23:01:01-05:00[America/New_York],Yes,2021-02-07,82697,Sunday
1809,B,15,2021-02-07T23:01:01-05:00[America/New_York],2021-02-07T23:01:16-05:00[America/New_York],Yes,2021-02-07,82861,Sunday
1809,<A>,120,2021-02-07T23:01:16-05:00[America/New_York],2021-02-07T23:03:16-05:00[America/New_York],NA,2021-02-07,82876,Sunday
1809,B,14,2021-02-07T23:03:16-05:00[America/New_York],2021-02-07T23:03:30-05:00[America/New_York],Yes,2021-02-07,82996,Sunday
1809,<A>,65,2021-02-07T23:03:30-05:00[America/New_York],2021-02-07T23:04:35-05:00[America/New_York],Yes,2021-02-07,83010,Sunday
1809,B,14,2021-02-07T23:04:35-05:00[America/New_York],2021-02-07T23:04:49-05:00[America/New_York],Yes,2021-02-07,83075,Sunday
1809,<A>,56,2021-02-07T23:04:49-05:00[America/New_York],2021-02-07T23:05:45-05:00[America/New_York],Yes,2021-02-07,83089,Sunday
1809,B,15,2021-02-07T23:05:45-05:00[America/New_York],2021-02-07T23:06:00-05:00[America/New_York],Yes,2021-02-07,83145,Sunday
1809,<A>,476,2021-02-07T23:06:00-05:00[America/New_York],2021-02-07T23:13:56-05:00[America/New_York],NA,2021-02-07,83160,Sunday
1809,B,14,2021-02-07T23:13:56-05:00[America/New_York],2021-02-07T23:14:10-05:00[America/New_York],Yes,2021-02-07,83636,Sunday
1809,<A>,57,2021-02-07T23:14:10-05:00[America/New_York],2021-02-07T23:15:07-05:00[America/New_York],Yes,2021-02-07,83650,Sunday
1809,B,15,2021-02-07T23:15:07-05:00[America/New_York],2021-02-07T23:15:22-05:00[America/New_York],Yes,2021-02-07,83707,Sunday
1809,<A>,75,2021-02-07T23:15:22-05:00[America/New_York],2021-02-07T23:16:37-05:00[America/New_York],NA,2021-02-07,83722,Sunday
1809,B,16,2021-02-07T23:16:37-05:00[America/New_York],2021-02-07T23:16:53-05:00[America/New_York],Yes,2021-02-07,83797,Sunday
1809,<A>,290,2021-02-07T23:16:53-05:00[America/New_York],2021-02-07T23:21:43-05:00[America/New_York],NA,2021-02-07,83813,Sunday
1809,B,14,2021-02-07T23:21:43-05:00[America/New_York],2021-02-07T23:21:57-05:00[America/New_York],Yes,2021-02-07,84103,Sunday
1809,<A>,501,2021-02-07T23:21:57-05:00[America/New_York],2021-02-07T23:30:18-05:00[America/New_York],NA,2021-02-07,84117,Sunday
1809,B,14,2021-02-07T23:30:18-05:00[America/New_York],2021-02-07T23:30:32-05:00[America/New_York],Yes,2021-02-07,84618,Sunday
1809,<A>,52,2021-02-07T23:30:32-05:00[America/New_York],2021-02-07T23:31:24-05:00[America/New_York],Yes,2021-02-07,84632,Sunday
1809,B,15,2021-02-07T23:31:24-05:00[America/New_York],2021-02-07T23:31:39-05:00[America/New_York],Yes,2021-02-07,84684,Sunday
1809,<A>,74,2021-02-07T23:31:39-05:00[America/New_York],2021-02-07T23:32:53-05:00[America/New_York],NA,2021-02-07,84699,Sunday
1809,B,14,2021-02-07T23:32:53-05:00[America/New_York],2021-02-07T23:33:07-05:00[America/New_York],Yes,2021-02-07,84773,Sunday
1809,<A>,83,2021-02-07T23:33:07-05:00[America/New_York],2021-02-07T23:34:30-05:00[America/New_York],Yes,2021-02-07,84787,Sunday
1809,B,14,2021-02-07T23:34:30-05:00[America/New_York],2021-02-07T23:34:44-05:00[America/New_York],Yes,2021-02-07,84870,Sunday
1809,<A>,184,2021-02-07T23:34:44-05:00[America/New_York],2021-02-07T23:37:48-05:00[America/New_York],NA,2021-02-07,84884,Sunday
1809,B,17,2021-02-07T23:37:48-05:00[America/New_York],2021-02-07T23:38:05-05:00[America/New_York],Yes,2021-02-07,85068,Sunday
1809,<A>,53,2021-02-07T23:38:05-05:00[America/New_York],2021-02-07T23:38:58-05:00[America/New_York],Yes,2021-02-07,85085,Sunday
1809,B,14,2021-02-07T23:38:58-05:00[America/New_York],2021-02-07T23:39:12-05:00[America/New_York],Yes,2021-02-07,85138,Sunday
1809,<A>,174,2021-02-07T23:39:12-05:00[America/New_York],2021-02-07T23:42:06-05:00[America/New_York],NA,2021-02-07,85152,Sunday
1809,B,14,2021-02-07T23:42:06-05:00[America/New_York],2021-02-07T23:42:20-05:00[America/New_York],Yes,2021-02-07,85326,Sunday
1809,<A>,73,2021-02-07T23:42:20-05:00[America/New_York],2021-02-07T23:43:33-05:00[America/New_York],Yes,2021-02-07,85340,Sunday
1809,B,14,2021-02-07T23:43:33-05:00[America/New_York],2021-02-07T23:43:47-05:00[America/New_York],Yes,2021-02-07,85413,Sunday
1809,<A>,236,2021-02-07T23:43:47-05:00[America/New_York],2021-02-07T23:47:43-05:00[America/New_York],NA,2021-02-07,85427,Sunday
1809,B,16,2021-02-07T23:47:43-05:00[America/New_York],2021-02-07T23:47:59-05:00[America/New_York],Yes,2021-02-07,85663,Sunday
1809,<A>,168,2021-02-07T23:47:59-05:00[America/New_York],2021-02-07T23:50:47-05:00[America/New_York],Yes,2021-02-07,85679,Sunday
1809,B,15,2021-02-07T23:50:47-05:00[America/New_York],2021-02-07T23:51:02-05:00[America/New_York],Yes,2021-02-07,85847,Sunday
1809,<A>,501,2021-02-07T23:51:02-05:00[America/New_York],2021-02-07T23:59:23-05:00[America/New_York],NA,2021-02-07,85862,Sunday
1809,B,14,2021-02-07T23:59:23-05:00[America/New_York],2021-02-07T23:59:37-05:00[America/New_York],Yes,2021-02-07,86363,Sunday
1809,<A>,22,2021-02-07T23:59:37-05:00[America/New_York],2021-02-07T23:59:59-05:00[America/New_York],NA,2021-02-07,86377,Sunday
1810,C,23,2021-02-07T00:00:58-05:00[America/New_York],2021-02-07T00:01:21-05:00[America/New_York],NA,2021-02-07,58,Sunday
1810,<A>,56,2021-02-07T00:01:21-05:00[America/New_York],2021-02-07T00:02:17-05:00[America/New_York],Yes,2021-02-07,81,Sunday
1810,C,23,2021-02-07T00:02:17-05:00[America/New_York],2021-02-07T00:02:40-05:00[America/New_York],NA,2021-02-07,137,Sunday
1810,<A>,51,2021-02-07T00:02:40-05:00[America/New_York],2021-02-07T00:03:31-05:00[America/New_York],Yes,2021-02-07,160,Sunday
1810,C,23,2021-02-07T00:03:31-05:00[America/New_York],2021-02-07T00:03:54-05:00[America/New_York],NA,2021-02-07,211,Sunday
1810,<A>,55,2021-02-07T00:03:54-05:00[America/New_York],2021-02-07T00:04:49-05:00[America/New_York],Yes,2021-02-07,234,Sunday
1810,C,23,2021-02-07T00:04:49-05:00[America/New_York],2021-02-07T00:05:12-05:00[America/New_York],NA,2021-02-07,289,Sunday
1810,<A>,50,2021-02-07T00:05:12-05:00[America/New_York],2021-02-07T00:06:02-05:00[America/New_York],Yes,2021-02-07,312,Sunday
1810,C,23,2021-02-07T00:06:02-05:00[America/New_York],2021-02-07T00:06:25-05:00[America/New_York],NA,2021-02-07,362,Sunday
1810,<A>,51,2021-02-07T00:06:25-05:00[America/New_York],2021-02-07T00:07:16-05:00[America/New_York],Yes,2021-02-07,385,Sunday
1810,B,16,2021-02-07T00:07:16-05:00[America/New_York],2021-02-07T00:07:32-05:00[America/New_York],NA,2021-02-07,436,Sunday
1810,C,23,2021-02-07T00:07:32-05:00[America/New_York],2021-02-07T00:07:55-05:00[America/New_York],NA,2021-02-07,452,Sunday
1810,<A>,66,2021-02-07T00:07:55-05:00[America/New_York],2021-02-07T00:09:01-05:00[America/New_York],Yes,2021-02-07,475,Sunday
1810,C,23,2021-02-07T00:09:01-05:00[America/New_York],2021-02-07T00:09:24-05:00[America/New_York],NA,2021-02-07,541,Sunday
1810,<A>,61,2021-02-07T00:09:24-05:00[America/New_York],2021-02-07T00:10:25-05:00[America/New_York],Yes,2021-02-07,564,Sunday
1810,C,23,2021-02-07T00:10:25-05:00[America/New_York],2021-02-07T00:10:48-05:00[America/New_York],NA,2021-02-07,625,Sunday
1810,<A>,54,2021-02-07T00:10:48-05:00[America/New_York],2021-02-07T00:11:42-05:00[America/New_York],Yes,2021-02-07,648,Sunday
1810,C,23,2021-02-07T00:11:42-05:00[America/New_York],2021-02-07T00:12:05-05:00[America/New_York],NA,2021-02-07,702,Sunday
1810,<A>,56,2021-02-07T00:12:05-05:00[America/New_York],2021-02-07T00:13:01-05:00[America/New_York],Yes,2021-02-07,725,Sunday
1810,C,23,2021-02-07T00:13:01-05:00[America/New_York],2021-02-07T00:13:24-05:00[America/New_York],NA,2021-02-07,781,Sunday
1810,<A>,57,2021-02-07T00:13:24-05:00[America/New_York],2021-02-07T00:14:21-05:00[America/New_York],Yes,2021-02-07,804,Sunday
1810,C,23,2021-02-07T00:14:21-05:00[America/New_York],2021-02-07T00:14:44-05:00[America/New_York],NA,2021-02-07,861,Sunday
1810,<A>,55,2021-02-07T00:14:44-05:00[America/New_York],2021-02-07T00:15:39-05:00[America/New_York],Yes,2021-02-07,884,Sunday
1810,C,23,2021-02-07T00:15:39-05:00[America/New_York],2021-02-07T00:16:02-05:00[America/New_York],NA,2021-02-07,939,Sunday
1810,<A>,62,2021-02-07T00:16:02-05:00[America/New_York],2021-02-07T00:17:04-05:00[America/New_York],Yes,2021-02-07,962,Sunday
1810,C,23,2021-02-07T00:17:04-05:00[America/New_York],2021-02-07T00:17:27-05:00[America/New_York],NA,2021-02-07,1024,Sunday
1810,<A>,52,2021-02-07T00:17:27-05:00[America/New_York],2021-02-07T00:18:19-05:00[America/New_York],Yes,2021-02-07,1047,Sunday
1810,C,23,2021-02-07T00:18:19-05:00[America/New_York],2021-02-07T00:18:42-05:00[America/New_York],NA,2021-02-07,1099,Sunday
1810,<A>,62,2021-02-07T00:18:42-05:00[America/New_York],2021-02-07T00:19:44-05:00[America/New_York],NA,2021-02-07,1122,Sunday
1810,C,23,2021-02-07T00:19:44-05:00[America/New_York],2021-02-07T00:20:07-05:00[America/New_York],NA,2021-02-07,1184,Sunday
1810,<A>,62,2021-02-07T00:20:07-05:00[America/New_York],2021-02-07T00:21:09-05:00[America/New_York],Yes,2021-02-07,1207,Sunday
1810,C,23,2021-02-07T00:21:09-05:00[America/New_York],2021-02-07T00:21:32-05:00[America/New_York],NA,2021-02-07,1269,Sunday
1810,<A>,55,2021-02-07T00:21:32-05:00[America/New_York],2021-02-07T00:22:27-05:00[America/New_York],Yes,2021-02-07,1292,Sunday
1810,B,16,2021-02-07T00:22:27-05:00[America/New_York],2021-02-07T00:22:43-05:00[America/New_York],NA,2021-02-07,1347,Sunday
1810,C,23,2021-02-07T00:22:43-05:00[America/New_York],2021-02-07T00:23:06-05:00[America/New_York],NA,2021-02-07,1363,Sunday
1810,<A>,59,2021-02-07T00:23:06-05:00[America/New_York],2021-02-07T00:24:05-05:00[America/New_York],Yes,2021-02-07,1386,Sunday
1810,C,23,2021-02-07T00:24:05-05:00[America/New_York],2021-02-07T00:24:28-05:00[America/New_York],NA,2021-02-07,1445,Sunday
1810,<A>,68,2021-02-07T00:24:28-05:00[America/New_York],2021-02-07T00:25:36-05:00[America/New_York],Yes,2021-02-07,1468,Sunday
1810,C,23,2021-02-07T00:25:36-05:00[America/New_York],2021-02-07T00:25:59-05:00[America/New_York],NA,2021-02-07,1536,Sunday
1810,<A>,49,2021-02-07T00:25:59-05:00[America/New_York],2021-02-07T00:26:48-05:00[America/New_York],Yes,2021-02-07,1559,Sunday
1810,C,23,2021-02-07T00:26:48-05:00[America/New_York],2021-02-07T00:27:11-05:00[America/New_York],NA,2021-02-07,1608,Sunday
1810,<A>,56,2021-02-07T00:27:11-05:00[America/New_York],2021-02-07T00:28:07-05:00[America/New_York],Yes,2021-02-07,1631,Sunday
1810,C,23,2021-02-07T00:28:07-05:00[America/New_York],2021-02-07T00:28:30-05:00[America/New_York],NA,2021-02-07,1687,Sunday
1810,<A>,59,2021-02-07T00:28:30-05:00[America/New_York],2021-02-07T00:29:29-05:00[America/New_York],Yes,2021-02-07,1710,Sunday
1810,C,23,2021-02-07T00:29:29-05:00[America/New_York],2021-02-07T00:29:52-05:00[America/New_York],NA,2021-02-07,1769,Sunday
1810,<A>,52,2021-02-07T00:29:52-05:00[America/New_York],2021-02-07T00:30:44-05:00[America/New_York],Yes,2021-02-07,1792,Sunday
1810,C,23,2021-02-07T00:30:44-05:00[America/New_York],2021-02-07T00:31:07-05:00[America/New_York],NA,2021-02-07,1844,Sunday
1810,<A>,65,2021-02-07T00:31:07-05:00[America/New_York],2021-02-07T00:32:12-05:00[America/New_York],Yes,2021-02-07,1867,Sunday
1810,C,23,2021-02-07T00:32:12-05:00[America/New_York],2021-02-07T00:32:35-05:00[America/New_York],NA,2021-02-07,1932,Sunday
1810,<A>,56,2021-02-07T00:32:35-05:00[America/New_York],2021-02-07T00:33:31-05:00[America/New_York],Yes,2021-02-07,1955,Sunday
1810,B,16,2021-02-07T00:33:31-05:00[America/New_York],2021-02-07T00:33:47-05:00[America/New_York],NA,2021-02-07,2011,Sunday
1810,C,23,2021-02-07T00:33:47-05:00[America/New_York],2021-02-07T00:34:10-05:00[America/New_York],NA,2021-02-07,2027,Sunday
1810,<A>,48,2021-02-07T00:34:10-05:00[America/New_York],2021-02-07T00:34:58-05:00[America/New_York],Yes,2021-02-07,2050,Sunday
1810,C,23,2021-02-07T00:34:58-05:00[America/New_York],2021-02-07T00:35:21-05:00[America/New_York],NA,2021-02-07,2098,Sunday
1810,<A>,50,2021-02-07T00:35:21-05:00[America/New_York],2021-02-07T00:36:11-05:00[America/New_York],Yes,2021-02-07,2121,Sunday
1810,C,23,2021-02-07T00:36:11-05:00[America/New_York],2021-02-07T00:36:34-05:00[America/New_York],NA,2021-02-07,2171,Sunday
1810,<A>,50,2021-02-07T00:36:34-05:00[America/New_York],2021-02-07T00:37:24-05:00[America/New_York],Yes,2021-02-07,2194,Sunday
1810,C,23,2021-02-07T00:37:24-05:00[America/New_York],2021-02-07T00:37:47-05:00[America/New_York],NA,2021-02-07,2244,Sunday
1810,<A>,58,2021-02-07T00:37:47-05:00[America/New_York],2021-02-07T00:38:45-05:00[America/New_York],Yes,2021-02-07,2267,Sunday
1810,C,21,2021-02-07T00:38:45-05:00[America/New_York],2021-02-07T00:39:06-05:00[America/New_York],NA,2021-02-07,2325,Sunday
1810,<A>,52,2021-02-07T00:39:06-05:00[America/New_York],2021-02-07T00:39:58-05:00[America/New_York],Yes,2021-02-07,2346,Sunday
1810,B,16,2021-02-07T00:39:58-05:00[America/New_York],2021-02-07T00:40:14-05:00[America/New_York],NA,2021-02-07,2398,Sunday
1810,C,22,2021-02-07T00:40:14-05:00[America/New_York],2021-02-07T00:40:36-05:00[America/New_York],NA,2021-02-07,2414,Sunday
1810,<A>,54,2021-02-07T00:40:36-05:00[America/New_York],2021-02-07T00:41:30-05:00[America/New_York],Yes,2021-02-07,2436,Sunday
1810,C,22,2021-02-07T00:41:30-05:00[America/New_York],2021-02-07T00:41:52-05:00[America/New_York],NA,2021-02-07,2490,Sunday
1810,<A>,49,2021-02-07T00:41:52-05:00[America/New_York],2021-02-07T00:42:41-05:00[America/New_York],Yes,2021-02-07,2512,Sunday
1810,C,22,2021-02-07T00:42:41-05:00[America/New_York],2021-02-07T00:43:03-05:00[America/New_York],NA,2021-02-07,2561,Sunday
1810,<A>,54,2021-02-07T00:43:03-05:00[America/New_York],2021-02-07T00:43:57-05:00[America/New_York],Yes,2021-02-07,2583,Sunday
1810,C,22,2021-02-07T00:43:57-05:00[America/New_York],2021-02-07T00:44:19-05:00[America/New_York],NA,2021-02-07,2637,Sunday
1810,<A>,51,2021-02-07T00:44:19-05:00[America/New_York],2021-02-07T00:45:10-05:00[America/New_York],Yes,2021-02-07,2659,Sunday
1810,C,22,2021-02-07T00:45:10-05:00[America/New_York],2021-02-07T00:45:32-05:00[America/New_York],NA,2021-02-07,2710,Sunday
1810,<A>,54,2021-02-07T00:45:32-05:00[America/New_York],2021-02-07T00:46:26-05:00[America/New_York],Yes,2021-02-07,2732,Sunday
1810,B,17,2021-02-07T00:46:26-05:00[America/New_York],2021-02-07T00:46:43-05:00[America/New_York],NA,2021-02-07,2786,Sunday
1810,C,22,2021-02-07T00:46:43-05:00[America/New_York],2021-02-07T00:47:05-05:00[America/New_York],NA,2021-02-07,2803,Sunday
1810,<A>,60,2021-02-07T00:47:05-05:00[America/New_York],2021-02-07T00:48:05-05:00[America/New_York],Yes,2021-02-07,2825,Sunday
1810,C,22,2021-02-07T00:48:05-05:00[America/New_York],2021-02-07T00:48:27-05:00[America/New_York],NA,2021-02-07,2885,Sunday
1810,<A>,58,2021-02-07T00:48:27-05:00[America/New_York],2021-02-07T00:49:25-05:00[America/New_York],Yes,2021-02-07,2907,Sunday
1810,C,22,2021-02-07T00:49:25-05:00[America/New_York],2021-02-07T00:49:47-05:00[America/New_York],NA,2021-02-07,2965,Sunday
1810,<A>,67,2021-02-07T00:49:47-05:00[America/New_York],2021-02-07T00:50:54-05:00[America/New_York],Yes,2021-02-07,2987,Sunday
1810,C,22,2021-02-07T00:50:54-05:00[America/New_York],2021-02-07T00:51:16-05:00[America/New_York],NA,2021-02-07,3054,Sunday
1810,<A>,54,2021-02-07T00:51:16-05:00[America/New_York],2021-02-07T00:52:10-05:00[America/New_York],Yes,2021-02-07,3076,Sunday
1810,C,22,2021-02-07T00:52:10-05:00[America/New_York],2021-02-07T00:52:32-05:00[America/New_York],NA,2021-02-07,3130,Sunday
1810,<A>,49,2021-02-07T00:52:32-05:00[America/New_York],2021-02-07T00:53:21-05:00[America/New_York],Yes,2021-02-07,3152,Sunday
1810,C,22,2021-02-07T00:53:21-05:00[America/New_York],2021-02-07T00:53:43-05:00[America/New_York],NA,2021-02-07,3201,Sunday
1810,<A>,58,2021-02-07T00:53:43-05:00[America/New_York],2021-02-07T00:54:41-05:00[America/New_York],NA,2021-02-07,3223,Sunday
1810,C,22,2021-02-07T00:54:41-05:00[America/New_York],2021-02-07T00:55:03-05:00[America/New_York],NA,2021-02-07,3281,Sunday
1810,<A>,52,2021-02-07T00:55:03-05:00[America/New_York],2021-02-07T00:55:55-05:00[America/New_York],Yes,2021-02-07,3303,Sunday
1810,C,22,2021-02-07T00:55:55-05:00[America/New_York],2021-02-07T00:56:17-05:00[America/New_York],NA,2021-02-07,3355,Sunday
1810,<A>,58,2021-02-07T00:56:17-05:00[America/New_York],2021-02-07T00:57:15-05:00[America/New_York],Yes,2021-02-07,3377,Sunday
1810,C,22,2021-02-07T00:57:15-05:00[America/New_York],2021-02-07T00:57:37-05:00[America/New_York],NA,2021-02-07,3435,Sunday
1810,<A>,52,2021-02-07T00:57:37-05:00[America/New_York],2021-02-07T00:58:29-05:00[America/New_York],Yes,2021-02-07,3457,Sunday
1810,C,22,2021-02-07T00:58:29-05:00[America/New_York],2021-02-07T00:58:51-05:00[America/New_York],NA,2021-02-07,3509,Sunday
1810,<A>,54,2021-02-07T00:58:51-05:00[America/New_York],2021-02-07T00:59:45-05:00[America/New_York],Yes,2021-02-07,3531,Sunday
1810,C,22,2021-02-07T00:59:45-05:00[America/New_York],2021-02-07T01:00:07-05:00[America/New_York],NA,2021-02-07,3585,Sunday
1810,<A>,56,2021-02-07T01:00:07-05:00[America/New_York],2021-02-07T01:01:03-05:00[America/New_York],Yes,2021-02-07,3607,Sunday
1810,C,22,2021-02-07T01:01:03-05:00[America/New_York],2021-02-07T01:01:25-05:00[America/New_York],NA,2021-02-07,3663,Sunday
1810,<A>,57,2021-02-07T01:01:25-05:00[America/New_York],2021-02-07T01:02:22-05:00[America/New_York],Yes,2021-02-07,3685,Sunday
1810,C,22,2021-02-07T01:02:22-05:00[America/New_York],2021-02-07T01:02:44-05:00[America/New_York],NA,2021-02-07,3742,Sunday
1810,<A>,53,2021-02-07T01:02:44-05:00[America/New_York],2021-02-07T01:03:37-05:00[America/New_York],Yes,2021-02-07,3764,Sunday
1810,C,22,2021-02-07T01:03:37-05:00[America/New_York],2021-02-07T01:03:59-05:00[America/New_York],NA,2021-02-07,3817,Sunday
1810,<A>,47,2021-02-07T01:03:59-05:00[America/New_York],2021-02-07T01:04:46-05:00[America/New_York],Yes,2021-02-07,3839,Sunday
1810,C,22,2021-02-07T01:04:46-05:00[America/New_York],2021-02-07T01:05:08-05:00[America/New_York],NA,2021-02-07,3886,Sunday
1810,<A>,59,2021-02-07T01:05:08-05:00[America/New_York],2021-02-07T01:06:07-05:00[America/New_York],Yes,2021-02-07,3908,Sunday
1810,C,22,2021-02-07T01:06:07-05:00[America/New_York],2021-02-07T01:06:29-05:00[America/New_York],NA,2021-02-07,3967,Sunday
1810,<A>,55,2021-02-07T01:06:29-05:00[America/New_York],2021-02-07T01:07:24-05:00[America/New_York],Yes,2021-02-07,3989,Sunday
1810,C,22,2021-02-07T01:07:24-05:00[America/New_York],2021-02-07T01:07:46-05:00[America/New_York],NA,2021-02-07,4044,Sunday
1810,<A>,54,2021-02-07T01:07:46-05:00[America/New_York],2021-02-07T01:08:40-05:00[America/New_York],Yes,2021-02-07,4066,Sunday
1810,C,22,2021-02-07T01:08:40-05:00[America/New_York],2021-02-07T01:09:02-05:00[America/New_York],NA,2021-02-07,4120,Sunday
1810,<A>,56,2021-02-07T01:09:02-05:00[America/New_York],2021-02-07T01:09:58-05:00[America/New_York],Yes,2021-02-07,4142,Sunday
1810,C,22,2021-02-07T01:09:58-05:00[America/New_York],2021-02-07T01:10:20-05:00[America/New_York],NA,2021-02-07,4198,Sunday
1810,<A>,54,2021-02-07T01:10:20-05:00[America/New_York],2021-02-07T01:11:14-05:00[America/New_York],Yes,2021-02-07,4220,Sunday
1810,C,22,2021-02-07T01:11:14-05:00[America/New_York],2021-02-07T01:11:36-05:00[America/New_York],NA,2021-02-07,4274,Sunday
1810,<A>,49,2021-02-07T01:11:36-05:00[America/New_York],2021-02-07T01:12:25-05:00[America/New_York],Yes,2021-02-07,4296,Sunday
1810,B,16,2021-02-07T01:12:25-05:00[America/New_York],2021-02-07T01:12:41-05:00[America/New_York],NA,2021-02-07,4345,Sunday
1810,C,22,2021-02-07T01:12:41-05:00[America/New_York],2021-02-07T01:13:03-05:00[America/New_York],NA,2021-02-07,4361,Sunday
1810,<A>,51,2021-02-07T01:13:03-05:00[America/New_York],2021-02-07T01:13:54-05:00[America/New_York],Yes,2021-02-07,4383,Sunday
1810,C,22,2021-02-07T01:13:54-05:00[America/New_York],2021-02-07T01:14:16-05:00[America/New_York],NA,2021-02-07,4434,Sunday
1810,<A>,53,2021-02-07T01:14:16-05:00[America/New_York],2021-02-07T01:15:09-05:00[America/New_York],Yes,2021-02-07,4456,Sunday
1810,C,22,2021-02-07T01:15:09-05:00[America/New_York],2021-02-07T01:15:31-05:00[America/New_York],NA,2021-02-07,4509,Sunday
1810,<A>,59,2021-02-07T01:15:31-05:00[America/New_York],2021-02-07T01:16:30-05:00[America/New_York],NA,2021-02-07,4531,Sunday
1810,C,22,2021-02-07T01:16:30-05:00[America/New_York],2021-02-07T01:16:52-05:00[America/New_York],NA,2021-02-07,4590,Sunday
1810,<A>,53,2021-02-07T01:16:52-05:00[America/New_York],2021-02-07T01:17:45-05:00[America/New_York],Yes,2021-02-07,4612,Sunday
1810,C,22,2021-02-07T01:17:45-05:00[America/New_York],2021-02-07T01:18:07-05:00[America/New_York],NA,2021-02-07,4665,Sunday
1810,<A>,51,2021-02-07T01:18:07-05:00[America/New_York],2021-02-07T01:18:58-05:00[America/New_York],Yes,2021-02-07,4687,Sunday
1810,C,22,2021-02-07T01:18:58-05:00[America/New_York],2021-02-07T01:19:20-05:00[America/New_York],NA,2021-02-07,4738,Sunday
1810,<A>,50,2021-02-07T01:19:20-05:00[America/New_York],2021-02-07T01:20:10-05:00[America/New_York],Yes,2021-02-07,4760,Sunday
1810,C,22,2021-02-07T01:20:10-05:00[America/New_York],2021-02-07T01:20:32-05:00[America/New_York],NA,2021-02-07,4810,Sunday
1810,<A>,50,2021-02-07T01:20:32-05:00[America/New_York],2021-02-07T01:21:22-05:00[America/New_York],Yes,2021-02-07,4832,Sunday
1810,C,22,2021-02-07T01:21:22-05:00[America/New_York],2021-02-07T01:21:44-05:00[America/New_York],NA,2021-02-07,4882,Sunday
1810,<A>,51,2021-02-07T01:21:44-05:00[America/New_York],2021-02-07T01:22:35-05:00[America/New_York],Yes,2021-02-07,4904,Sunday
1810,C,22,2021-02-07T01:22:35-05:00[America/New_York],2021-02-07T01:22:57-05:00[America/New_York],NA,2021-02-07,4955,Sunday
1810,<A>,56,2021-02-07T01:22:57-05:00[America/New_York],2021-02-07T01:23:53-05:00[America/New_York],Yes,2021-02-07,4977,Sunday
1810,C,22,2021-02-07T01:23:53-05:00[America/New_York],2021-02-07T01:24:15-05:00[America/New_York],NA,2021-02-07,5033,Sunday
1810,<A>,48,2021-02-07T01:24:15-05:00[America/New_York],2021-02-07T01:25:03-05:00[America/New_York],Yes,2021-02-07,5055,Sunday
1810,C,22,2021-02-07T01:25:03-05:00[America/New_York],2021-02-07T01:25:25-05:00[America/New_York],NA,2021-02-07,5103,Sunday
1810,<A>,47,2021-02-07T01:25:25-05:00[America/New_York],2021-02-07T01:26:12-05:00[America/New_York],Yes,2021-02-07,5125,Sunday
1810,C,22,2021-02-07T01:26:12-05:00[America/New_York],2021-02-07T01:26:34-05:00[America/New_York],NA,2021-02-07,5172,Sunday
1810,<A>,54,2021-02-07T01:26:34-05:00[America/New_York],2021-02-07T01:27:28-05:00[America/New_York],Yes,2021-02-07,5194,Sunday
1810,C,22,2021-02-07T01:27:28-05:00[America/New_York],2021-02-07T01:27:50-05:00[America/New_York],NA,2021-02-07,5248,Sunday
1810,<A>,56,2021-02-07T01:27:50-05:00[America/New_York],2021-02-07T01:28:46-05:00[America/New_York],Yes,2021-02-07,5270,Sunday
1810,C,22,2021-02-07T01:28:46-05:00[America/New_York],2021-02-07T01:29:08-05:00[America/New_York],NA,2021-02-07,5326,Sunday
1810,<A>,56,2021-02-07T01:29:08-05:00[America/New_York],2021-02-07T01:30:04-05:00[America/New_York],Yes,2021-02-07,5348,Sunday
1810,C,22,2021-02-07T01:30:04-05:00[America/New_York],2021-02-07T01:30:26-05:00[America/New_York],NA,2021-02-07,5404,Sunday
1810,<A>,51,2021-02-07T01:30:26-05:00[America/New_York],2021-02-07T01:31:17-05:00[America/New_York],Yes,2021-02-07,5426,Sunday
1810,C,22,2021-02-07T01:31:17-05:00[America/New_York],2021-02-07T01:31:39-05:00[America/New_York],NA,2021-02-07,5477,Sunday
1810,<A>,47,2021-02-07T01:31:39-05:00[America/New_York],2021-02-07T01:32:26-05:00[America/New_York],Yes,2021-02-07,5499,Sunday
1810,C,22,2021-02-07T01:32:26-05:00[America/New_York],2021-02-07T01:32:48-05:00[America/New_York],NA,2021-02-07,5546,Sunday
1810,<A>,59,2021-02-07T01:32:48-05:00[America/New_York],2021-02-07T01:33:47-05:00[America/New_York],NA,2021-02-07,5568,Sunday
1810,C,22,2021-02-07T01:33:47-05:00[America/New_York],2021-02-07T01:34:09-05:00[America/New_York],NA,2021-02-07,5627,Sunday
1810,<A>,52,2021-02-07T01:34:09-05:00[America/New_York],2021-02-07T01:35:01-05:00[America/New_York],Yes,2021-02-07,5649,Sunday
1810,C,22,2021-02-07T01:35:01-05:00[America/New_York],2021-02-07T01:35:23-05:00[America/New_York],NA,2021-02-07,5701,Sunday
1810,<A>,48,2021-02-07T01:35:23-05:00[America/New_York],2021-02-07T01:36:11-05:00[America/New_York],Yes,2021-02-07,5723,Sunday
1810,C,22,2021-02-07T01:36:11-05:00[America/New_York],2021-02-07T01:36:33-05:00[America/New_York],NA,2021-02-07,5771,Sunday
1810,<A>,48,2021-02-07T01:36:33-05:00[America/New_York],2021-02-07T01:37:21-05:00[America/New_York],Yes,2021-02-07,5793,Sunday
1810,C,22,2021-02-07T01:37:21-05:00[America/New_York],2021-02-07T01:37:43-05:00[America/New_York],NA,2021-02-07,5841,Sunday
1810,<A>,51,2021-02-07T01:37:43-05:00[America/New_York],2021-02-07T01:38:34-05:00[America/New_York],Yes,2021-02-07,5863,Sunday
1810,C,22,2021-02-07T01:38:34-05:00[America/New_York],2021-02-07T01:38:56-05:00[America/New_York],NA,2021-02-07,5914,Sunday
1810,<A>,49,2021-02-07T01:38:56-05:00[America/New_York],2021-02-07T01:39:45-05:00[America/New_York],Yes,2021-02-07,5936,Sunday
1810,C,22,2021-02-07T01:39:45-05:00[America/New_York],2021-02-07T01:40:07-05:00[America/New_York],NA,2021-02-07,5985,Sunday
1810,<A>,53,2021-02-07T01:40:07-05:00[America/New_York],2021-02-07T01:41:00-05:00[America/New_York],Yes,2021-02-07,6007,Sunday
1810,B,17,2021-02-07T01:41:00-05:00[America/New_York],2021-02-07T01:41:17-05:00[America/New_York],NA,2021-02-07,6060,Sunday
1810,C,22,2021-02-07T01:41:17-05:00[America/New_York],2021-02-07T01:41:39-05:00[America/New_York],NA,2021-02-07,6077,Sunday
1810,<A>,57,2021-02-07T01:41:39-05:00[America/New_York],2021-02-07T01:42:36-05:00[America/New_York],Yes,2021-02-07,6099,Sunday
1810,B,16,2021-02-07T01:42:36-05:00[America/New_York],2021-02-07T01:42:52-05:00[America/New_York],NA,2021-02-07,6156,Sunday
1810,C,22,2021-02-07T01:42:52-05:00[America/New_York],2021-02-07T01:43:14-05:00[America/New_York],NA,2021-02-07,6172,Sunday
1810,<A>,59,2021-02-07T01:43:14-05:00[America/New_York],2021-02-07T01:44:13-05:00[America/New_York],Yes,2021-02-07,6194,Sunday
1810,C,22,2021-02-07T01:44:13-05:00[America/New_York],2021-02-07T01:44:35-05:00[America/New_York],NA,2021-02-07,6253,Sunday
1810,<A>,51,2021-02-07T01:44:35-05:00[America/New_York],2021-02-07T01:45:26-05:00[America/New_York],Yes,2021-02-07,6275,Sunday
1810,C,22,2021-02-07T01:45:26-05:00[America/New_York],2021-02-07T01:45:48-05:00[America/New_York],NA,2021-02-07,6326,Sunday
1810,<A>,51,2021-02-07T01:45:48-05:00[America/New_York],2021-02-07T01:46:39-05:00[America/New_York],Yes,2021-02-07,6348,Sunday
1810,C,22,2021-02-07T01:46:39-05:00[America/New_York],2021-02-07T01:47:01-05:00[America/New_York],NA,2021-02-07,6399,Sunday
1810,<A>,48,2021-02-07T01:47:01-05:00[America/New_York],2021-02-07T01:47:49-05:00[America/New_York],Yes,2021-02-07,6421,Sunday
1810,B,17,2021-02-07T01:47:49-05:00[America/New_York],2021-02-07T01:48:06-05:00[America/New_York],NA,2021-02-07,6469,Sunday
1810,C,22,2021-02-07T01:48:06-05:00[America/New_York],2021-02-07T01:48:28-05:00[America/New_York],NA,2021-02-07,6486,Sunday
1810,<A>,51,2021-02-07T01:48:28-05:00[America/New_York],2021-02-07T01:49:19-05:00[America/New_York],Yes,2021-02-07,6508,Sunday
1810,C,22,2021-02-07T01:49:19-05:00[America/New_York],2021-02-07T01:49:41-05:00[America/New_York],NA,2021-02-07,6559,Sunday
1810,<A>,55,2021-02-07T01:49:41-05:00[America/New_York],2021-02-07T01:50:36-05:00[America/New_York],Yes,2021-02-07,6581,Sunday
1810,C,22,2021-02-07T01:50:36-05:00[America/New_York],2021-02-07T01:50:58-05:00[America/New_York],NA,2021-02-07,6636,Sunday
1810,<A>,56,2021-02-07T01:50:58-05:00[America/New_York],2021-02-07T01:51:54-05:00[America/New_York],Yes,2021-02-07,6658,Sunday
1810,C,22,2021-02-07T01:51:54-05:00[America/New_York],2021-02-07T01:52:16-05:00[America/New_York],NA,2021-02-07,6714,Sunday
1810,<A>,52,2021-02-07T01:52:16-05:00[America/New_York],2021-02-07T01:53:08-05:00[America/New_York],Yes,2021-02-07,6736,Sunday
1810,C,22,2021-02-07T01:53:08-05:00[America/New_York],2021-02-07T01:53:30-05:00[America/New_York],NA,2021-02-07,6788,Sunday
1810,<A>,57,2021-02-07T01:53:30-05:00[America/New_York],2021-02-07T01:54:27-05:00[America/New_York],Yes,2021-02-07,6810,Sunday
1810,C,22,2021-02-07T01:54:27-05:00[America/New_York],2021-02-07T01:54:49-05:00[America/New_York],NA,2021-02-07,6867,Sunday
1810,<A>,47,2021-02-07T01:54:49-05:00[America/New_York],2021-02-07T01:55:36-05:00[America/New_York],Yes,2021-02-07,6889,Sunday
1810,C,22,2021-02-07T01:55:36-05:00[America/New_York],2021-02-07T01:55:58-05:00[America/New_York],NA,2021-02-07,6936,Sunday
1810,<A>,53,2021-02-07T01:55:58-05:00[America/New_York],2021-02-07T01:56:51-05:00[America/New_York],Yes,2021-02-07,6958,Sunday
1810,C,22,2021-02-07T01:56:51-05:00[America/New_York],2021-02-07T01:57:13-05:00[America/New_York],NA,2021-02-07,7011,Sunday
1810,<A>,47,2021-02-07T01:57:13-05:00[America/New_York],2021-02-07T01:58:00-05:00[America/New_York],Yes,2021-02-07,7033,Sunday
1810,C,22,2021-02-07T01:58:00-05:00[America/New_York],2021-02-07T01:58:22-05:00[America/New_York],NA,2021-02-07,7080,Sunday
1810,<A>,51,2021-02-07T01:58:22-05:00[America/New_York],2021-02-07T01:59:13-05:00[America/New_York],Yes,2021-02-07,7102,Sunday
1810,C,22,2021-02-07T01:59:13-05:00[America/New_York],2021-02-07T01:59:35-05:00[America/New_York],NA,2021-02-07,7153,Sunday
1810,<A>,50,2021-02-07T01:59:35-05:00[America/New_York],2021-02-07T02:00:25-05:00[America/New_York],Yes,2021-02-07,7175,Sunday
1810,C,22,2021-02-07T02:00:25-05:00[America/New_York],2021-02-07T02:00:47-05:00[America/New_York],NA,2021-02-07,7225,Sunday
1810,<A>,48,2021-02-07T02:00:47-05:00[America/New_York],2021-02-07T02:01:35-05:00[America/New_York],Yes,2021-02-07,7247,Sunday
1810,B,16,2021-02-07T02:01:35-05:00[America/New_York],2021-02-07T02:01:51-05:00[America/New_York],NA,2021-02-07,7295,Sunday
1810,C,22,2021-02-07T02:01:51-05:00[America/New_York],2021-02-07T02:02:13-05:00[America/New_York],NA,2021-02-07,7311,Sunday
1810,<A>,49,2021-02-07T02:02:13-05:00[America/New_York],2021-02-07T02:03:02-05:00[America/New_York],Yes,2021-02-07,7333,Sunday
1810,C,22,2021-02-07T02:03:02-05:00[America/New_York],2021-02-07T02:03:24-05:00[America/New_York],NA,2021-02-07,7382,Sunday
1810,<A>,48,2021-02-07T02:03:24-05:00[America/New_York],2021-02-07T02:04:12-05:00[America/New_York],Yes,2021-02-07,7404,Sunday
1810,C,22,2021-02-07T02:04:12-05:00[America/New_York],2021-02-07T02:04:34-05:00[America/New_York],NA,2021-02-07,7452,Sunday
1810,<A>,49,2021-02-07T02:04:34-05:00[America/New_York],2021-02-07T02:05:23-05:00[America/New_York],Yes,2021-02-07,7474,Sunday
1810,C,22,2021-02-07T02:05:23-05:00[America/New_York],2021-02-07T02:05:45-05:00[America/New_York],NA,2021-02-07,7523,Sunday
1810,<A>,50,2021-02-07T02:05:45-05:00[America/New_York],2021-02-07T02:06:35-05:00[America/New_York],Yes,2021-02-07,7545,Sunday
1810,C,22,2021-02-07T02:06:35-05:00[America/New_York],2021-02-07T02:06:57-05:00[America/New_York],NA,2021-02-07,7595,Sunday
1810,<A>,52,2021-02-07T02:06:57-05:00[America/New_York],2021-02-07T02:07:49-05:00[America/New_York],Yes,2021-02-07,7617,Sunday
1810,C,22,2021-02-07T02:07:49-05:00[America/New_York],2021-02-07T02:08:11-05:00[America/New_York],NA,2021-02-07,7669,Sunday
1810,<A>,47,2021-02-07T02:08:11-05:00[America/New_York],2021-02-07T02:08:58-05:00[America/New_York],Yes,2021-02-07,7691,Sunday
1810,C,22,2021-02-07T02:08:58-05:00[America/New_York],2021-02-07T02:09:20-05:00[America/New_York],NA,2021-02-07,7738,Sunday
1810,<A>,47,2021-02-07T02:09:20-05:00[America/New_York],2021-02-07T02:10:07-05:00[America/New_York],Yes,2021-02-07,7760,Sunday
1810,C,22,2021-02-07T02:10:07-05:00[America/New_York],2021-02-07T02:10:29-05:00[America/New_York],NA,2021-02-07,7807,Sunday
1810,<A>,55,2021-02-07T02:10:29-05:00[America/New_York],2021-02-07T02:11:24-05:00[America/New_York],Yes,2021-02-07,7829,Sunday
1810,C,22,2021-02-07T02:11:24-05:00[America/New_York],2021-02-07T02:11:46-05:00[America/New_York],NA,2021-02-07,7884,Sunday
1810,<A>,47,2021-02-07T02:11:46-05:00[America/New_York],2021-02-07T02:12:33-05:00[America/New_York],Yes,2021-02-07,7906,Sunday
1810,B,16,2021-02-07T02:12:33-05:00[America/New_York],2021-02-07T02:12:49-05:00[America/New_York],NA,2021-02-07,7953,Sunday
1810,C,22,2021-02-07T02:12:49-05:00[America/New_York],2021-02-07T02:13:11-05:00[America/New_York],NA,2021-02-07,7969,Sunday
1810,<A>,51,2021-02-07T02:13:11-05:00[America/New_York],2021-02-07T02:14:02-05:00[America/New_York],Yes,2021-02-07,7991,Sunday
1810,C,22,2021-02-07T02:14:02-05:00[America/New_York],2021-02-07T02:14:24-05:00[America/New_York],NA,2021-02-07,8042,Sunday
1810,<A>,47,2021-02-07T02:14:24-05:00[America/New_York],2021-02-07T02:15:11-05:00[America/New_York],Yes,2021-02-07,8064,Sunday
1810,C,22,2021-02-07T02:15:11-05:00[America/New_York],2021-02-07T02:15:33-05:00[America/New_York],NA,2021-02-07,8111,Sunday
1810,<A>,57,2021-02-07T02:15:33-05:00[America/New_York],2021-02-07T02:16:30-05:00[America/New_York],Yes,2021-02-07,8133,Sunday
1810,C,22,2021-02-07T02:16:30-05:00[America/New_York],2021-02-07T02:16:52-05:00[America/New_York],NA,2021-02-07,8190,Sunday
1810,<A>,64,2021-02-07T02:16:52-05:00[America/New_York],2021-02-07T02:17:56-05:00[America/New_York],Yes,2021-02-07,8212,Sunday
1810,C,22,2021-02-07T02:17:56-05:00[America/New_York],2021-02-07T02:18:18-05:00[America/New_York],NA,2021-02-07,8276,Sunday
1810,<A>,47,2021-02-07T02:18:18-05:00[America/New_York],2021-02-07T02:19:05-05:00[America/New_York],Yes,2021-02-07,8298,Sunday
1810,C,22,2021-02-07T02:19:05-05:00[America/New_York],2021-02-07T02:19:27-05:00[America/New_York],NA,2021-02-07,8345,Sunday
1810,<A>,55,2021-02-07T02:19:27-05:00[America/New_York],2021-02-07T02:20:22-05:00[America/New_York],Yes,2021-02-07,8367,Sunday
1810,C,22,2021-02-07T02:20:22-05:00[America/New_York],2021-02-07T02:20:44-05:00[America/New_York],NA,2021-02-07,8422,Sunday
1810,<A>,47,2021-02-07T02:20:44-05:00[America/New_York],2021-02-07T02:21:31-05:00[America/New_York],Yes,2021-02-07,8444,Sunday
1810,C,22,2021-02-07T02:21:31-05:00[America/New_York],2021-02-07T02:21:53-05:00[America/New_York],NA,2021-02-07,8491,Sunday
1810,<A>,51,2021-02-07T02:21:53-05:00[America/New_York],2021-02-07T02:22:44-05:00[America/New_York],Yes,2021-02-07,8513,Sunday
1810,C,22,2021-02-07T02:22:44-05:00[America/New_York],2021-02-07T02:23:06-05:00[America/New_York],NA,2021-02-07,8564,Sunday
1810,<A>,53,2021-02-07T02:23:06-05:00[America/New_York],2021-02-07T02:23:59-05:00[America/New_York],Yes,2021-02-07,8586,Sunday
1810,C,22,2021-02-07T02:23:59-05:00[America/New_York],2021-02-07T02:24:21-05:00[America/New_York],NA,2021-02-07,8639,Sunday
1810,<A>,57,2021-02-07T02:24:21-05:00[America/New_York],2021-02-07T02:25:18-05:00[America/New_York],Yes,2021-02-07,8661,Sunday
1810,C,22,2021-02-07T02:25:18-05:00[America/New_York],2021-02-07T02:25:40-05:00[America/New_York],NA,2021-02-07,8718,Sunday
1810,<A>,52,2021-02-07T02:25:40-05:00[America/New_York],2021-02-07T02:26:32-05:00[America/New_York],Yes,2021-02-07,8740,Sunday
1810,C,22,2021-02-07T02:26:32-05:00[America/New_York],2021-02-07T02:26:54-05:00[America/New_York],NA,2021-02-07,8792,Sunday
1810,<A>,47,2021-02-07T02:26:54-05:00[America/New_York],2021-02-07T02:27:41-05:00[America/New_York],Yes,2021-02-07,8814,Sunday
1810,C,22,2021-02-07T02:27:41-05:00[America/New_York],2021-02-07T02:28:03-05:00[America/New_York],NA,2021-02-07,8861,Sunday
1810,<A>,47,2021-02-07T02:28:03-05:00[America/New_York],2021-02-07T02:28:50-05:00[America/New_York],Yes,2021-02-07,8883,Sunday
1810,C,22,2021-02-07T02:28:50-05:00[America/New_York],2021-02-07T02:29:12-05:00[America/New_York],NA,2021-02-07,8930,Sunday
1810,<A>,54,2021-02-07T02:29:12-05:00[America/New_York],2021-02-07T02:30:06-05:00[America/New_York],Yes,2021-02-07,8952,Sunday
1810,C,22,2021-02-07T02:30:06-05:00[America/New_York],2021-02-07T02:30:28-05:00[America/New_York],NA,2021-02-07,9006,Sunday
1810,<A>,47,2021-02-07T02:30:28-05:00[America/New_York],2021-02-07T02:31:15-05:00[America/New_York],Yes,2021-02-07,9028,Sunday
1810,C,22,2021-02-07T02:31:15-05:00[America/New_York],2021-02-07T02:31:37-05:00[America/New_York],NA,2021-02-07,9075,Sunday
1810,<A>,52,2021-02-07T02:31:37-05:00[America/New_York],2021-02-07T02:32:29-05:00[America/New_York],Yes,2021-02-07,9097,Sunday
1810,C,22,2021-02-07T02:32:29-05:00[America/New_York],2021-02-07T02:32:51-05:00[America/New_York],NA,2021-02-07,9149,Sunday
1810,<A>,52,2021-02-07T02:32:51-05:00[America/New_York],2021-02-07T02:33:43-05:00[America/New_York],Yes,2021-02-07,9171,Sunday
1810,C,22,2021-02-07T02:33:43-05:00[America/New_York],2021-02-07T02:34:05-05:00[America/New_York],NA,2021-02-07,9223,Sunday
1810,<A>,51,2021-02-07T02:34:05-05:00[America/New_York],2021-02-07T02:34:56-05:00[America/New_York],Yes,2021-02-07,9245,Sunday
1810,C,22,2021-02-07T02:34:56-05:00[America/New_York],2021-02-07T02:35:18-05:00[America/New_York],NA,2021-02-07,9296,Sunday
1810,<A>,48,2021-02-07T02:35:18-05:00[America/New_York],2021-02-07T02:36:06-05:00[America/New_York],Yes,2021-02-07,9318,Sunday
1810,C,21,2021-02-07T02:36:06-05:00[America/New_York],2021-02-07T02:36:27-05:00[America/New_York],NA,2021-02-07,9366,Sunday
1810,<A>,48,2021-02-07T02:36:27-05:00[America/New_York],2021-02-07T02:37:15-05:00[America/New_York],Yes,2021-02-07,9387,Sunday
1810,C,22,2021-02-07T02:37:15-05:00[America/New_York],2021-02-07T02:37:37-05:00[America/New_York],NA,2021-02-07,9435,Sunday
1810,<A>,52,2021-02-07T02:37:37-05:00[America/New_York],2021-02-07T02:38:29-05:00[America/New_York],Yes,2021-02-07,9457,Sunday
1810,C,22,2021-02-07T02:38:29-05:00[America/New_York],2021-02-07T02:38:51-05:00[America/New_York],NA,2021-02-07,9509,Sunday
1810,<A>,49,2021-02-07T02:38:51-05:00[America/New_York],2021-02-07T02:39:40-05:00[America/New_York],Yes,2021-02-07,9531,Sunday
1810,C,22,2021-02-07T02:39:40-05:00[America/New_York],2021-02-07T02:40:02-05:00[America/New_York],NA,2021-02-07,9580,Sunday
1810,<A>,51,2021-02-07T02:40:02-05:00[America/New_York],2021-02-07T02:40:53-05:00[America/New_York],Yes,2021-02-07,9602,Sunday
1810,C,22,2021-02-07T02:40:53-05:00[America/New_York],2021-02-07T02:41:15-05:00[America/New_York],NA,2021-02-07,9653,Sunday
1810,<A>,51,2021-02-07T02:41:15-05:00[America/New_York],2021-02-07T02:42:06-05:00[America/New_York],Yes,2021-02-07,9675,Sunday
1810,C,22,2021-02-07T02:42:06-05:00[America/New_York],2021-02-07T02:42:28-05:00[America/New_York],NA,2021-02-07,9726,Sunday
1810,<A>,47,2021-02-07T02:42:28-05:00[America/New_York],2021-02-07T02:43:15-05:00[America/New_York],Yes,2021-02-07,9748,Sunday
1810,C,22,2021-02-07T02:43:15-05:00[America/New_York],2021-02-07T02:43:37-05:00[America/New_York],NA,2021-02-07,9795,Sunday
1810,<A>,47,2021-02-07T02:43:37-05:00[America/New_York],2021-02-07T02:44:24-05:00[America/New_York],Yes,2021-02-07,9817,Sunday
1810,C,22,2021-02-07T02:44:24-05:00[America/New_York],2021-02-07T02:44:46-05:00[America/New_York],NA,2021-02-07,9864,Sunday
1810,<A>,51,2021-02-07T02:44:46-05:00[America/New_York],2021-02-07T02:45:37-05:00[America/New_York],Yes,2021-02-07,9886,Sunday
1810,C,22,2021-02-07T02:45:37-05:00[America/New_York],2021-02-07T02:45:59-05:00[America/New_York],NA,2021-02-07,9937,Sunday
1810,<A>,47,2021-02-07T02:45:59-05:00[America/New_York],2021-02-07T02:46:46-05:00[America/New_York],Yes,2021-02-07,9959,Sunday
1810,C,22,2021-02-07T02:46:46-05:00[America/New_York],2021-02-07T02:47:08-05:00[America/New_York],NA,2021-02-07,10006,Sunday
1810,<A>,47,2021-02-07T02:47:08-05:00[America/New_York],2021-02-07T02:47:55-05:00[America/New_York],Yes,2021-02-07,10028,Sunday
1810,C,22,2021-02-07T02:47:55-05:00[America/New_York],2021-02-07T02:48:17-05:00[America/New_York],NA,2021-02-07,10075,Sunday
1810,<A>,48,2021-02-07T02:48:17-05:00[America/New_York],2021-02-07T02:49:05-05:00[America/New_York],Yes,2021-02-07,10097,Sunday
1810,C,22,2021-02-07T02:49:05-05:00[America/New_York],2021-02-07T02:49:27-05:00[America/New_York],NA,2021-02-07,10145,Sunday
1810,<A>,50,2021-02-07T02:49:27-05:00[America/New_York],2021-02-07T02:50:17-05:00[America/New_York],Yes,2021-02-07,10167,Sunday
1810,C,22,2021-02-07T02:50:17-05:00[America/New_York],2021-02-07T02:50:39-05:00[America/New_York],NA,2021-02-07,10217,Sunday
1810,<A>,50,2021-02-07T02:50:39-05:00[America/New_York],2021-02-07T02:51:29-05:00[America/New_York],Yes,2021-02-07,10239,Sunday
1810,C,22,2021-02-07T02:51:29-05:00[America/New_York],2021-02-07T02:51:51-05:00[America/New_York],NA,2021-02-07,10289,Sunday
1810,<A>,48,2021-02-07T02:51:51-05:00[America/New_York],2021-02-07T02:52:39-05:00[America/New_York],Yes,2021-02-07,10311,Sunday
1810,C,22,2021-02-07T02:52:39-05:00[America/New_York],2021-02-07T02:53:01-05:00[America/New_York],NA,2021-02-07,10359,Sunday
1810,<A>,55,2021-02-07T02:53:01-05:00[America/New_York],2021-02-07T02:53:56-05:00[America/New_York],NA,2021-02-07,10381,Sunday
1810,C,22,2021-02-07T02:53:56-05:00[America/New_York],2021-02-07T02:54:18-05:00[America/New_York],NA,2021-02-07,10436,Sunday
1810,<A>,51,2021-02-07T02:54:18-05:00[America/New_York],2021-02-07T02:55:09-05:00[America/New_York],Yes,2021-02-07,10458,Sunday
1810,C,22,2021-02-07T02:55:09-05:00[America/New_York],2021-02-07T02:55:31-05:00[America/New_York],NA,2021-02-07,10509,Sunday
1810,<A>,47,2021-02-07T02:55:31-05:00[America/New_York],2021-02-07T02:56:18-05:00[America/New_York],Yes,2021-02-07,10531,Sunday
1810,C,22,2021-02-07T02:56:18-05:00[America/New_York],2021-02-07T02:56:40-05:00[America/New_York],NA,2021-02-07,10578,Sunday
1810,<A>,49,2021-02-07T02:56:40-05:00[America/New_York],2021-02-07T02:57:29-05:00[America/New_York],Yes,2021-02-07,10600,Sunday
1810,C,22,2021-02-07T02:57:29-05:00[America/New_York],2021-02-07T02:57:51-05:00[America/New_York],NA,2021-02-07,10649,Sunday
1810,<A>,51,2021-02-07T02:57:51-05:00[America/New_York],2021-02-07T02:58:42-05:00[America/New_York],Yes,2021-02-07,10671,Sunday
1810,C,22,2021-02-07T02:58:42-05:00[America/New_York],2021-02-07T02:59:04-05:00[America/New_York],NA,2021-02-07,10722,Sunday
1810,<A>,48,2021-02-07T02:59:04-05:00[America/New_York],2021-02-07T02:59:52-05:00[America/New_York],Yes,2021-02-07,10744,Sunday
1810,C,22,2021-02-07T02:59:52-05:00[America/New_York],2021-02-07T03:00:14-05:00[America/New_York],NA,2021-02-07,10792,Sunday
1810,<A>,47,2021-02-07T03:00:14-05:00[America/New_York],2021-02-07T03:01:01-05:00[America/New_York],Yes,2021-02-07,10814,Sunday
1810,C,22,2021-02-07T03:01:01-05:00[America/New_York],2021-02-07T03:01:23-05:00[America/New_York],NA,2021-02-07,10861,Sunday
1810,<A>,47,2021-02-07T03:01:23-05:00[America/New_York],2021-02-07T03:02:10-05:00[America/New_York],Yes,2021-02-07,10883,Sunday
1810,C,22,2021-02-07T03:02:10-05:00[America/New_York],2021-02-07T03:02:32-05:00[America/New_York],NA,2021-02-07,10930,Sunday
1810,<A>,49,2021-02-07T03:02:32-05:00[America/New_York],2021-02-07T03:03:21-05:00[America/New_York],Yes,2021-02-07,10952,Sunday
1810,B,16,2021-02-07T03:03:21-05:00[America/New_York],2021-02-07T03:03:37-05:00[America/New_York],NA,2021-02-07,11001,Sunday
1810,C,22,2021-02-07T03:03:37-05:00[America/New_York],2021-02-07T03:03:59-05:00[America/New_York],NA,2021-02-07,11017,Sunday
1810,<A>,48,2021-02-07T03:03:59-05:00[America/New_York],2021-02-07T03:04:47-05:00[America/New_York],Yes,2021-02-07,11039,Sunday
1810,C,22,2021-02-07T03:04:47-05:00[America/New_York],2021-02-07T03:05:09-05:00[America/New_York],NA,2021-02-07,11087,Sunday
1810,<A>,57,2021-02-07T03:05:09-05:00[America/New_York],2021-02-07T03:06:06-05:00[America/New_York],Yes,2021-02-07,11109,Sunday
1810,C,22,2021-02-07T03:06:06-05:00[America/New_York],2021-02-07T03:06:28-05:00[America/New_York],NA,2021-02-07,11166,Sunday
1810,<A>,47,2021-02-07T03:06:28-05:00[America/New_York],2021-02-07T03:07:15-05:00[America/New_York],Yes,2021-02-07,11188,Sunday
1810,C,22,2021-02-07T03:07:15-05:00[America/New_York],2021-02-07T03:07:37-05:00[America/New_York],NA,2021-02-07,11235,Sunday
1810,<A>,50,2021-02-07T03:07:37-05:00[America/New_York],2021-02-07T03:08:27-05:00[America/New_York],Yes,2021-02-07,11257,Sunday
1810,C,22,2021-02-07T03:08:27-05:00[America/New_York],2021-02-07T03:08:49-05:00[America/New_York],NA,2021-02-07,11307,Sunday
1810,<A>,47,2021-02-07T03:08:49-05:00[America/New_York],2021-02-07T03:09:36-05:00[America/New_York],Yes,2021-02-07,11329,Sunday
1810,C,22,2021-02-07T03:09:36-05:00[America/New_York],2021-02-07T03:09:58-05:00[America/New_York],NA,2021-02-07,11376,Sunday
1810,<A>,47,2021-02-07T03:09:58-05:00[America/New_York],2021-02-07T03:10:45-05:00[America/New_York],Yes,2021-02-07,11398,Sunday
1810,C,22,2021-02-07T03:10:45-05:00[America/New_York],2021-02-07T03:11:07-05:00[America/New_York],NA,2021-02-07,11445,Sunday
1810,<A>,52,2021-02-07T03:11:07-05:00[America/New_York],2021-02-07T03:11:59-05:00[America/New_York],Yes,2021-02-07,11467,Sunday
1810,C,22,2021-02-07T03:11:59-05:00[America/New_York],2021-02-07T03:12:21-05:00[America/New_York],NA,2021-02-07,11519,Sunday
1810,<A>,47,2021-02-07T03:12:21-05:00[America/New_York],2021-02-07T03:13:08-05:00[America/New_York],Yes,2021-02-07,11541,Sunday
1810,C,22,2021-02-07T03:13:08-05:00[America/New_York],2021-02-07T03:13:30-05:00[America/New_York],NA,2021-02-07,11588,Sunday
1810,<A>,52,2021-02-07T03:13:30-05:00[America/New_York],2021-02-07T03:14:22-05:00[America/New_York],Yes,2021-02-07,11610,Sunday
1810,C,22,2021-02-07T03:14:22-05:00[America/New_York],2021-02-07T03:14:44-05:00[America/New_York],NA,2021-02-07,11662,Sunday
1810,<A>,50,2021-02-07T03:14:44-05:00[America/New_York],2021-02-07T03:15:34-05:00[America/New_York],Yes,2021-02-07,11684,Sunday
1810,C,22,2021-02-07T03:15:34-05:00[America/New_York],2021-02-07T03:15:56-05:00[America/New_York],NA,2021-02-07,11734,Sunday
1810,<A>,47,2021-02-07T03:15:56-05:00[America/New_York],2021-02-07T03:16:43-05:00[America/New_York],Yes,2021-02-07,11756,Sunday
1810,C,22,2021-02-07T03:16:43-05:00[America/New_York],2021-02-07T03:17:05-05:00[America/New_York],NA,2021-02-07,11803,Sunday
1810,<A>,47,2021-02-07T03:17:05-05:00[America/New_York],2021-02-07T03:17:52-05:00[America/New_York],Yes,2021-02-07,11825,Sunday
1810,C,22,2021-02-07T03:17:52-05:00[America/New_York],2021-02-07T03:18:14-05:00[America/New_York],NA,2021-02-07,11872,Sunday
1810,<A>,47,2021-02-07T03:18:14-05:00[America/New_York],2021-02-07T03:19:01-05:00[America/New_York],Yes,2021-02-07,11894,Sunday
1810,C,22,2021-02-07T03:19:01-05:00[America/New_York],2021-02-07T03:19:23-05:00[America/New_York],NA,2021-02-07,11941,Sunday
1810,<A>,47,2021-02-07T03:19:23-05:00[America/New_York],2021-02-07T03:20:10-05:00[America/New_York],Yes,2021-02-07,11963,Sunday
1810,C,22,2021-02-07T03:20:10-05:00[America/New_York],2021-02-07T03:20:32-05:00[America/New_York],NA,2021-02-07,12010,Sunday
1810,<A>,52,2021-02-07T03:20:32-05:00[America/New_York],2021-02-07T03:21:24-05:00[America/New_York],Yes,2021-02-07,12032,Sunday
1810,C,22,2021-02-07T03:21:24-05:00[America/New_York],2021-02-07T03:21:46-05:00[America/New_York],NA,2021-02-07,12084,Sunday
1810,<A>,49,2021-02-07T03:21:46-05:00[America/New_York],2021-02-07T03:22:35-05:00[America/New_York],Yes,2021-02-07,12106,Sunday
1810,C,22,2021-02-07T03:22:35-05:00[America/New_York],2021-02-07T03:22:57-05:00[America/New_York],NA,2021-02-07,12155,Sunday
1810,<A>,50,2021-02-07T03:22:57-05:00[America/New_York],2021-02-07T03:23:47-05:00[America/New_York],Yes,2021-02-07,12177,Sunday
1810,C,22,2021-02-07T03:23:47-05:00[America/New_York],2021-02-07T03:24:09-05:00[America/New_York],NA,2021-02-07,12227,Sunday
1810,<A>,52,2021-02-07T03:24:09-05:00[America/New_York],2021-02-07T03:25:01-05:00[America/New_York],Yes,2021-02-07,12249,Sunday
1810,C,22,2021-02-07T03:25:01-05:00[America/New_York],2021-02-07T03:25:23-05:00[America/New_York],NA,2021-02-07,12301,Sunday
1810,<A>,49,2021-02-07T03:25:23-05:00[America/New_York],2021-02-07T03:26:12-05:00[America/New_York],Yes,2021-02-07,12323,Sunday
1810,C,22,2021-02-07T03:26:12-05:00[America/New_York],2021-02-07T03:26:34-05:00[America/New_York],NA,2021-02-07,12372,Sunday
1810,<A>,47,2021-02-07T03:26:34-05:00[America/New_York],2021-02-07T03:27:21-05:00[America/New_York],Yes,2021-02-07,12394,Sunday
1810,C,22,2021-02-07T03:27:21-05:00[America/New_York],2021-02-07T03:27:43-05:00[America/New_York],NA,2021-02-07,12441,Sunday
1810,<A>,47,2021-02-07T03:27:43-05:00[America/New_York],2021-02-07T03:28:30-05:00[America/New_York],Yes,2021-02-07,12463,Sunday
1810,C,22,2021-02-07T03:28:30-05:00[America/New_York],2021-02-07T03:28:52-05:00[America/New_York],NA,2021-02-07,12510,Sunday
1810,<A>,50,2021-02-07T03:28:52-05:00[America/New_York],2021-02-07T03:29:42-05:00[America/New_York],Yes,2021-02-07,12532,Sunday
1810,C,22,2021-02-07T03:29:42-05:00[America/New_York],2021-02-07T03:30:04-05:00[America/New_York],NA,2021-02-07,12582,Sunday
1810,<A>,51,2021-02-07T03:30:04-05:00[America/New_York],2021-02-07T03:30:55-05:00[America/New_York],Yes,2021-02-07,12604,Sunday
1810,C,22,2021-02-07T03:30:55-05:00[America/New_York],2021-02-07T03:31:17-05:00[America/New_York],NA,2021-02-07,12655,Sunday
1810,<A>,47,2021-02-07T03:31:17-05:00[America/New_York],2021-02-07T03:32:04-05:00[America/New_York],Yes,2021-02-07,12677,Sunday
1810,C,22,2021-02-07T03:32:04-05:00[America/New_York],2021-02-07T03:32:26-05:00[America/New_York],NA,2021-02-07,12724,Sunday
1810,<A>,49,2021-02-07T03:32:26-05:00[America/New_York],2021-02-07T03:33:15-05:00[America/New_York],Yes,2021-02-07,12746,Sunday
1810,C,22,2021-02-07T03:33:15-05:00[America/New_York],2021-02-07T03:33:37-05:00[America/New_York],NA,2021-02-07,12795,Sunday
1810,<A>,48,2021-02-07T03:33:37-05:00[America/New_York],2021-02-07T03:34:25-05:00[America/New_York],Yes,2021-02-07,12817,Sunday
1810,C,22,2021-02-07T03:34:25-05:00[America/New_York],2021-02-07T03:34:47-05:00[America/New_York],NA,2021-02-07,12865,Sunday
1810,<A>,51,2021-02-07T03:34:47-05:00[America/New_York],2021-02-07T03:35:38-05:00[America/New_York],Yes,2021-02-07,12887,Sunday
1810,C,22,2021-02-07T03:35:38-05:00[America/New_York],2021-02-07T03:36:00-05:00[America/New_York],NA,2021-02-07,12938,Sunday
1810,<A>,50,2021-02-07T03:36:00-05:00[America/New_York],2021-02-07T03:36:50-05:00[America/New_York],Yes,2021-02-07,12960,Sunday
1810,C,22,2021-02-07T03:36:50-05:00[America/New_York],2021-02-07T03:37:12-05:00[America/New_York],NA,2021-02-07,13010,Sunday
1810,<A>,53,2021-02-07T03:37:12-05:00[America/New_York],2021-02-07T03:38:05-05:00[America/New_York],Yes,2021-02-07,13032,Sunday
1810,C,22,2021-02-07T03:38:05-05:00[America/New_York],2021-02-07T03:38:27-05:00[America/New_York],NA,2021-02-07,13085,Sunday
1810,<A>,53,2021-02-07T03:38:27-05:00[America/New_York],2021-02-07T03:39:20-05:00[America/New_York],Yes,2021-02-07,13107,Sunday
1810,C,22,2021-02-07T03:39:20-05:00[America/New_York],2021-02-07T03:39:42-05:00[America/New_York],NA,2021-02-07,13160,Sunday
1810,<A>,50,2021-02-07T03:39:42-05:00[America/New_York],2021-02-07T03:40:32-05:00[America/New_York],Yes,2021-02-07,13182,Sunday
1810,C,22,2021-02-07T03:40:32-05:00[America/New_York],2021-02-07T03:40:54-05:00[America/New_York],NA,2021-02-07,13232,Sunday
1810,<A>,56,2021-02-07T03:40:54-05:00[America/New_York],2021-02-07T03:41:50-05:00[America/New_York],Yes,2021-02-07,13254,Sunday
1810,C,22,2021-02-07T03:41:50-05:00[America/New_York],2021-02-07T03:42:12-05:00[America/New_York],NA,2021-02-07,13310,Sunday
1810,<A>,58,2021-02-07T03:42:12-05:00[America/New_York],2021-02-07T03:43:10-05:00[America/New_York],NA,2021-02-07,13332,Sunday
1810,C,22,2021-02-07T03:43:10-05:00[America/New_York],2021-02-07T03:43:32-05:00[America/New_York],NA,2021-02-07,13390,Sunday
1810,<A>,47,2021-02-07T03:43:32-05:00[America/New_York],2021-02-07T03:44:19-05:00[America/New_York],Yes,2021-02-07,13412,Sunday
1810,C,22,2021-02-07T03:44:19-05:00[America/New_York],2021-02-07T03:44:41-05:00[America/New_York],NA,2021-02-07,13459,Sunday
1810,<A>,50,2021-02-07T03:44:41-05:00[America/New_York],2021-02-07T03:45:31-05:00[America/New_York],Yes,2021-02-07,13481,Sunday
1810,B,16,2021-02-07T03:45:31-05:00[America/New_York],2021-02-07T03:45:47-05:00[America/New_York],NA,2021-02-07,13531,Sunday
1810,C,22,2021-02-07T03:45:47-05:00[America/New_York],2021-02-07T03:46:09-05:00[America/New_York],NA,2021-02-07,13547,Sunday
1810,<A>,47,2021-02-07T03:46:09-05:00[America/New_York],2021-02-07T03:46:56-05:00[America/New_York],Yes,2021-02-07,13569,Sunday
1810,C,22,2021-02-07T03:46:56-05:00[America/New_York],2021-02-07T03:47:18-05:00[America/New_York],NA,2021-02-07,13616,Sunday
1810,<A>,55,2021-02-07T03:47:18-05:00[America/New_York],2021-02-07T03:48:13-05:00[America/New_York],Yes,2021-02-07,13638,Sunday
1810,C,22,2021-02-07T03:48:13-05:00[America/New_York],2021-02-07T03:48:35-05:00[America/New_York],NA,2021-02-07,13693,Sunday
1810,<A>,51,2021-02-07T03:48:35-05:00[America/New_York],2021-02-07T03:49:26-05:00[America/New_York],Yes,2021-02-07,13715,Sunday
1810,C,22,2021-02-07T03:49:26-05:00[America/New_York],2021-02-07T03:49:48-05:00[America/New_York],NA,2021-02-07,13766,Sunday
1810,<A>,49,2021-02-07T03:49:48-05:00[America/New_York],2021-02-07T03:50:37-05:00[America/New_York],Yes,2021-02-07,13788,Sunday
1810,C,22,2021-02-07T03:50:37-05:00[America/New_York],2021-02-07T03:50:59-05:00[America/New_York],NA,2021-02-07,13837,Sunday
1810,<A>,55,2021-02-07T03:50:59-05:00[America/New_York],2021-02-07T03:51:54-05:00[America/New_York],Yes,2021-02-07,13859,Sunday
1810,C,22,2021-02-07T03:51:54-05:00[America/New_York],2021-02-07T03:52:16-05:00[America/New_York],NA,2021-02-07,13914,Sunday
1810,<A>,47,2021-02-07T03:52:16-05:00[America/New_York],2021-02-07T03:53:03-05:00[America/New_York],Yes,2021-02-07,13936,Sunday
1810,C,22,2021-02-07T03:53:03-05:00[America/New_York],2021-02-07T03:53:25-05:00[America/New_York],NA,2021-02-07,13983,Sunday
1810,<A>,48,2021-02-07T03:53:25-05:00[America/New_York],2021-02-07T03:54:13-05:00[America/New_York],Yes,2021-02-07,14005,Sunday
1810,C,22,2021-02-07T03:54:13-05:00[America/New_York],2021-02-07T03:54:35-05:00[America/New_York],NA,2021-02-07,14053,Sunday
1810,<A>,47,2021-02-07T03:54:35-05:00[America/New_York],2021-02-07T03:55:22-05:00[America/New_York],Yes,2021-02-07,14075,Sunday
1810,C,22,2021-02-07T03:55:22-05:00[America/New_York],2021-02-07T03:55:44-05:00[America/New_York],NA,2021-02-07,14122,Sunday
1810,<A>,47,2021-02-07T03:55:44-05:00[America/New_York],2021-02-07T03:56:31-05:00[America/New_York],Yes,2021-02-07,14144,Sunday
1810,C,22,2021-02-07T03:56:31-05:00[America/New_York],2021-02-07T03:56:53-05:00[America/New_York],NA,2021-02-07,14191,Sunday
1810,<A>,47,2021-02-07T03:56:53-05:00[America/New_York],2021-02-07T03:57:40-05:00[America/New_York],Yes,2021-02-07,14213,Sunday
1810,C,22,2021-02-07T03:57:40-05:00[America/New_York],2021-02-07T03:58:02-05:00[America/New_York],NA,2021-02-07,14260,Sunday
1810,<A>,53,2021-02-07T03:58:02-05:00[America/New_York],2021-02-07T03:58:55-05:00[America/New_York],Yes,2021-02-07,14282,Sunday
1810,C,22,2021-02-07T03:58:55-05:00[America/New_York],2021-02-07T03:59:17-05:00[America/New_York],NA,2021-02-07,14335,Sunday
1810,<A>,48,2021-02-07T03:59:17-05:00[America/New_York],2021-02-07T04:00:05-05:00[America/New_York],Yes,2021-02-07,14357,Sunday
1810,C,22,2021-02-07T04:00:05-05:00[America/New_York],2021-02-07T04:00:27-05:00[America/New_York],NA,2021-02-07,14405,Sunday
1810,<A>,51,2021-02-07T04:00:27-05:00[America/New_York],2021-02-07T04:01:18-05:00[America/New_York],Yes,2021-02-07,14427,Sunday
1810,C,22,2021-02-07T04:01:18-05:00[America/New_York],2021-02-07T04:01:40-05:00[America/New_York],NA,2021-02-07,14478,Sunday
1810,<A>,50,2021-02-07T04:01:40-05:00[America/New_York],2021-02-07T04:02:30-05:00[America/New_York],Yes,2021-02-07,14500,Sunday
1810,C,22,2021-02-07T04:02:30-05:00[America/New_York],2021-02-07T04:02:52-05:00[America/New_York],NA,2021-02-07,14550,Sunday
1810,<A>,47,2021-02-07T04:02:52-05:00[America/New_York],2021-02-07T04:03:39-05:00[America/New_York],Yes,2021-02-07,14572,Sunday
1810,C,22,2021-02-07T04:03:39-05:00[America/New_York],2021-02-07T04:04:01-05:00[America/New_York],NA,2021-02-07,14619,Sunday
1810,<A>,53,2021-02-07T04:04:01-05:00[America/New_York],2021-02-07T04:04:54-05:00[America/New_York],Yes,2021-02-07,14641,Sunday
1810,C,22,2021-02-07T04:04:54-05:00[America/New_York],2021-02-07T04:05:16-05:00[America/New_York],NA,2021-02-07,14694,Sunday
1810,<A>,52,2021-02-07T04:05:16-05:00[America/New_York],2021-02-07T04:06:08-05:00[America/New_York],Yes,2021-02-07,14716,Sunday
1810,C,22,2021-02-07T04:06:08-05:00[America/New_York],2021-02-07T04:06:30-05:00[America/New_York],NA,2021-02-07,14768,Sunday
1810,<A>,50,2021-02-07T04:06:30-05:00[America/New_York],2021-02-07T04:07:20-05:00[America/New_York],Yes,2021-02-07,14790,Sunday
1810,C,22,2021-02-07T04:07:20-05:00[America/New_York],2021-02-07T04:07:42-05:00[America/New_York],NA,2021-02-07,14840,Sunday
1810,<A>,47,2021-02-07T04:07:42-05:00[America/New_York],2021-02-07T04:08:29-05:00[America/New_York],Yes,2021-02-07,14862,Sunday
1810,C,22,2021-02-07T04:08:29-05:00[America/New_York],2021-02-07T04:08:51-05:00[America/New_York],NA,2021-02-07,14909,Sunday
1810,<A>,49,2021-02-07T04:08:51-05:00[America/New_York],2021-02-07T04:09:40-05:00[America/New_York],Yes,2021-02-07,14931,Sunday
1810,C,22,2021-02-07T04:09:40-05:00[America/New_York],2021-02-07T04:10:02-05:00[America/New_York],NA,2021-02-07,14980,Sunday
1810,<A>,47,2021-02-07T04:10:02-05:00[America/New_York],2021-02-07T04:10:49-05:00[America/New_York],Yes,2021-02-07,15002,Sunday
1810,C,22,2021-02-07T04:10:49-05:00[America/New_York],2021-02-07T04:11:11-05:00[America/New_York],NA,2021-02-07,15049,Sunday
1810,<A>,51,2021-02-07T04:11:11-05:00[America/New_York],2021-02-07T04:12:02-05:00[America/New_York],Yes,2021-02-07,15071,Sunday
1810,B,16,2021-02-07T04:12:02-05:00[America/New_York],2021-02-07T04:12:18-05:00[America/New_York],NA,2021-02-07,15122,Sunday
1810,C,22,2021-02-07T04:12:18-05:00[America/New_York],2021-02-07T04:12:40-05:00[America/New_York],NA,2021-02-07,15138,Sunday
1810,<A>,56,2021-02-07T04:12:40-05:00[America/New_York],2021-02-07T04:13:36-05:00[America/New_York],Yes,2021-02-07,15160,Sunday
1810,C,22,2021-02-07T04:13:36-05:00[America/New_York],2021-02-07T04:13:58-05:00[America/New_York],NA,2021-02-07,15216,Sunday
1810,<A>,53,2021-02-07T04:13:58-05:00[America/New_York],2021-02-07T04:14:51-05:00[America/New_York],Yes,2021-02-07,15238,Sunday
1810,C,22,2021-02-07T04:14:51-05:00[America/New_York],2021-02-07T04:15:13-05:00[America/New_York],NA,2021-02-07,15291,Sunday
1810,<A>,58,2021-02-07T04:15:13-05:00[America/New_York],2021-02-07T04:16:11-05:00[America/New_York],NA,2021-02-07,15313,Sunday
1810,C,22,2021-02-07T04:16:11-05:00[America/New_York],2021-02-07T04:16:33-05:00[America/New_York],NA,2021-02-07,15371,Sunday
1810,<A>,47,2021-02-07T04:16:33-05:00[America/New_York],2021-02-07T04:17:20-05:00[America/New_York],Yes,2021-02-07,15393,Sunday
1810,C,22,2021-02-07T04:17:20-05:00[America/New_York],2021-02-07T04:17:42-05:00[America/New_York],NA,2021-02-07,15440,Sunday
1810,<A>,51,2021-02-07T04:17:42-05:00[America/New_York],2021-02-07T04:18:33-05:00[America/New_York],Yes,2021-02-07,15462,Sunday
1810,C,22,2021-02-07T04:18:33-05:00[America/New_York],2021-02-07T04:18:55-05:00[America/New_York],NA,2021-02-07,15513,Sunday
1810,<A>,50,2021-02-07T04:18:55-05:00[America/New_York],2021-02-07T04:19:45-05:00[America/New_York],Yes,2021-02-07,15535,Sunday
1810,C,22,2021-02-07T04:19:45-05:00[America/New_York],2021-02-07T04:20:07-05:00[America/New_York],NA,2021-02-07,15585,Sunday
1810,<A>,47,2021-02-07T04:20:07-05:00[America/New_York],2021-02-07T04:20:54-05:00[America/New_York],Yes,2021-02-07,15607,Sunday
1810,C,22,2021-02-07T04:20:54-05:00[America/New_York],2021-02-07T04:21:16-05:00[America/New_York],NA,2021-02-07,15654,Sunday
1810,<A>,47,2021-02-07T04:21:16-05:00[America/New_York],2021-02-07T04:22:03-05:00[America/New_York],Yes,2021-02-07,15676,Sunday
1810,C,22,2021-02-07T04:22:03-05:00[America/New_York],2021-02-07T04:22:25-05:00[America/New_York],NA,2021-02-07,15723,Sunday
1810,<A>,58,2021-02-07T04:22:25-05:00[America/New_York],2021-02-07T04:23:23-05:00[America/New_York],NA,2021-02-07,15745,Sunday
1810,C,22,2021-02-07T04:23:23-05:00[America/New_York],2021-02-07T04:23:45-05:00[America/New_York],NA,2021-02-07,15803,Sunday
1810,<A>,48,2021-02-07T04:23:45-05:00[America/New_York],2021-02-07T04:24:33-05:00[America/New_York],Yes,2021-02-07,15825,Sunday
1810,C,22,2021-02-07T04:24:33-05:00[America/New_York],2021-02-07T04:24:55-05:00[America/New_York],NA,2021-02-07,15873,Sunday
1810,<A>,47,2021-02-07T04:24:55-05:00[America/New_York],2021-02-07T04:25:42-05:00[America/New_York],Yes,2021-02-07,15895,Sunday
1810,B,17,2021-02-07T04:25:42-05:00[America/New_York],2021-02-07T04:25:59-05:00[America/New_York],NA,2021-02-07,15942,Sunday
1810,C,22,2021-02-07T04:25:59-05:00[America/New_York],2021-02-07T04:26:21-05:00[America/New_York],NA,2021-02-07,15959,Sunday
1810,<A>,48,2021-02-07T04:26:21-05:00[America/New_York],2021-02-07T04:27:09-05:00[America/New_York],Yes,2021-02-07,15981,Sunday
1810,C,22,2021-02-07T04:27:09-05:00[America/New_York],2021-02-07T04:27:31-05:00[America/New_York],NA,2021-02-07,16029,Sunday
1810,<A>,47,2021-02-07T04:27:31-05:00[America/New_York],2021-02-07T04:28:18-05:00[America/New_York],Yes,2021-02-07,16051,Sunday
1810,C,22,2021-02-07T04:28:18-05:00[America/New_York],2021-02-07T04:28:40-05:00[America/New_York],NA,2021-02-07,16098,Sunday
1810,<A>,50,2021-02-07T04:28:40-05:00[America/New_York],2021-02-07T04:29:30-05:00[America/New_York],Yes,2021-02-07,16120,Sunday
1810,C,22,2021-02-07T04:29:30-05:00[America/New_York],2021-02-07T04:29:52-05:00[America/New_York],NA,2021-02-07,16170,Sunday
1810,<A>,56,2021-02-07T04:29:52-05:00[America/New_York],2021-02-07T04:30:48-05:00[America/New_York],Yes,2021-02-07,16192,Sunday
1810,C,22,2021-02-07T04:30:48-05:00[America/New_York],2021-02-07T04:31:10-05:00[America/New_York],NA,2021-02-07,16248,Sunday
1810,<A>,53,2021-02-07T04:31:10-05:00[America/New_York],2021-02-07T04:32:03-05:00[America/New_York],Yes,2021-02-07,16270,Sunday
1810,C,22,2021-02-07T04:32:03-05:00[America/New_York],2021-02-07T04:32:25-05:00[America/New_York],NA,2021-02-07,16323,Sunday
1810,<A>,49,2021-02-07T04:32:25-05:00[America/New_York],2021-02-07T04:33:14-05:00[America/New_York],Yes,2021-02-07,16345,Sunday
1810,C,22,2021-02-07T04:33:14-05:00[America/New_York],2021-02-07T04:33:36-05:00[America/New_York],NA,2021-02-07,16394,Sunday
1810,<A>,51,2021-02-07T04:33:36-05:00[America/New_York],2021-02-07T04:34:27-05:00[America/New_York],Yes,2021-02-07,16416,Sunday
1810,C,22,2021-02-07T04:34:27-05:00[America/New_York],2021-02-07T04:34:49-05:00[America/New_York],NA,2021-02-07,16467,Sunday
1810,<A>,48,2021-02-07T04:34:49-05:00[America/New_York],2021-02-07T04:35:37-05:00[America/New_York],Yes,2021-02-07,16489,Sunday
1810,C,22,2021-02-07T04:35:37-05:00[America/New_York],2021-02-07T04:35:59-05:00[America/New_York],NA,2021-02-07,16537,Sunday
1810,<A>,49,2021-02-07T04:35:59-05:00[America/New_York],2021-02-07T04:36:48-05:00[America/New_York],Yes,2021-02-07,16559,Sunday
1810,C,22,2021-02-07T04:36:48-05:00[America/New_York],2021-02-07T04:37:10-05:00[America/New_York],NA,2021-02-07,16608,Sunday
1810,<A>,48,2021-02-07T04:37:10-05:00[America/New_York],2021-02-07T04:37:58-05:00[America/New_York],Yes,2021-02-07,16630,Sunday
1810,C,22,2021-02-07T04:37:58-05:00[America/New_York],2021-02-07T04:38:20-05:00[America/New_York],NA,2021-02-07,16678,Sunday
1810,<A>,47,2021-02-07T04:38:20-05:00[America/New_York],2021-02-07T04:39:07-05:00[America/New_York],Yes,2021-02-07,16700,Sunday
1810,C,22,2021-02-07T04:39:07-05:00[America/New_York],2021-02-07T04:39:29-05:00[America/New_York],NA,2021-02-07,16747,Sunday
1810,<A>,50,2021-02-07T04:39:29-05:00[America/New_York],2021-02-07T04:40:19-05:00[America/New_York],Yes,2021-02-07,16769,Sunday
1810,C,22,2021-02-07T04:40:19-05:00[America/New_York],2021-02-07T04:40:41-05:00[America/New_York],NA,2021-02-07,16819,Sunday
1810,<A>,52,2021-02-07T04:40:41-05:00[America/New_York],2021-02-07T04:41:33-05:00[America/New_York],Yes,2021-02-07,16841,Sunday
1810,C,22,2021-02-07T04:41:33-05:00[America/New_York],2021-02-07T04:41:55-05:00[America/New_York],NA,2021-02-07,16893,Sunday
1810,<A>,58,2021-02-07T04:41:55-05:00[America/New_York],2021-02-07T04:42:53-05:00[America/New_York],Yes,2021-02-07,16915,Sunday
1810,C,22,2021-02-07T04:42:53-05:00[America/New_York],2021-02-07T04:43:15-05:00[America/New_York],NA,2021-02-07,16973,Sunday
1810,<A>,47,2021-02-07T04:43:15-05:00[America/New_York],2021-02-07T04:44:02-05:00[America/New_York],Yes,2021-02-07,16995,Sunday
1810,C,22,2021-02-07T04:44:02-05:00[America/New_York],2021-02-07T04:44:24-05:00[America/New_York],NA,2021-02-07,17042,Sunday
1810,<A>,49,2021-02-07T04:44:24-05:00[America/New_York],2021-02-07T04:45:13-05:00[America/New_York],Yes,2021-02-07,17064,Sunday
1810,C,22,2021-02-07T04:45:13-05:00[America/New_York],2021-02-07T04:45:35-05:00[America/New_York],NA,2021-02-07,17113,Sunday
1810,<A>,47,2021-02-07T04:45:35-05:00[America/New_York],2021-02-07T04:46:22-05:00[America/New_York],Yes,2021-02-07,17135,Sunday
1810,C,22,2021-02-07T04:46:22-05:00[America/New_York],2021-02-07T04:46:44-05:00[America/New_York],NA,2021-02-07,17182,Sunday
1810,<A>,49,2021-02-07T04:46:44-05:00[America/New_York],2021-02-07T04:47:33-05:00[America/New_York],Yes,2021-02-07,17204,Sunday
1810,C,22,2021-02-07T04:47:33-05:00[America/New_York],2021-02-07T04:47:55-05:00[America/New_York],NA,2021-02-07,17253,Sunday
1810,<A>,47,2021-02-07T04:47:55-05:00[America/New_York],2021-02-07T04:48:42-05:00[America/New_York],Yes,2021-02-07,17275,Sunday
1810,C,22,2021-02-07T04:48:42-05:00[America/New_York],2021-02-07T04:49:04-05:00[America/New_York],NA,2021-02-07,17322,Sunday
1810,<A>,49,2021-02-07T04:49:04-05:00[America/New_York],2021-02-07T04:49:53-05:00[America/New_York],Yes,2021-02-07,17344,Sunday
1810,C,22,2021-02-07T04:49:53-05:00[America/New_York],2021-02-07T04:50:15-05:00[America/New_York],NA,2021-02-07,17393,Sunday
1810,<A>,49,2021-02-07T04:50:15-05:00[America/New_York],2021-02-07T04:51:04-05:00[America/New_York],Yes,2021-02-07,17415,Sunday
1810,C,22,2021-02-07T04:51:04-05:00[America/New_York],2021-02-07T04:51:26-05:00[America/New_York],NA,2021-02-07,17464,Sunday
1810,<A>,55,2021-02-07T04:51:26-05:00[America/New_York],2021-02-07T04:52:21-05:00[America/New_York],Yes,2021-02-07,17486,Sunday
1810,C,22,2021-02-07T04:52:21-05:00[America/New_York],2021-02-07T04:52:43-05:00[America/New_York],NA,2021-02-07,17541,Sunday
1810,<A>,47,2021-02-07T04:52:43-05:00[America/New_York],2021-02-07T04:53:30-05:00[America/New_York],Yes,2021-02-07,17563,Sunday
1810,C,22,2021-02-07T04:53:30-05:00[America/New_York],2021-02-07T04:53:52-05:00[America/New_York],NA,2021-02-07,17610,Sunday
1810,<A>,48,2021-02-07T04:53:52-05:00[America/New_York],2021-02-07T04:54:40-05:00[America/New_York],Yes,2021-02-07,17632,Sunday
1810,C,22,2021-02-07T04:54:40-05:00[America/New_York],2021-02-07T04:55:02-05:00[America/New_York],NA,2021-02-07,17680,Sunday
1810,<A>,47,2021-02-07T04:55:02-05:00[America/New_York],2021-02-07T04:55:49-05:00[America/New_York],Yes,2021-02-07,17702,Sunday
1810,B,16,2021-02-07T04:55:49-05:00[America/New_York],2021-02-07T04:56:05-05:00[America/New_York],NA,2021-02-07,17749,Sunday
1810,C,22,2021-02-07T04:56:05-05:00[America/New_York],2021-02-07T04:56:27-05:00[America/New_York],NA,2021-02-07,17765,Sunday
1810,<A>,51,2021-02-07T04:56:27-05:00[America/New_York],2021-02-07T04:57:18-05:00[America/New_York],Yes,2021-02-07,17787,Sunday
1810,B,16,2021-02-07T04:57:18-05:00[America/New_York],2021-02-07T04:57:34-05:00[America/New_York],NA,2021-02-07,17838,Sunday
1810,C,22,2021-02-07T04:57:34-05:00[America/New_York],2021-02-07T04:57:56-05:00[America/New_York],NA,2021-02-07,17854,Sunday
1810,<A>,53,2021-02-07T04:57:56-05:00[America/New_York],2021-02-07T04:58:49-05:00[America/New_York],Yes,2021-02-07,17876,Sunday
1810,C,22,2021-02-07T04:58:49-05:00[America/New_York],2021-02-07T04:59:11-05:00[America/New_York],NA,2021-02-07,17929,Sunday
1810,<A>,52,2021-02-07T04:59:11-05:00[America/New_York],2021-02-07T05:00:03-05:00[America/New_York],Yes,2021-02-07,17951,Sunday
1810,C,22,2021-02-07T05:00:03-05:00[America/New_York],2021-02-07T05:00:25-05:00[America/New_York],NA,2021-02-07,18003,Sunday
1810,<A>,49,2021-02-07T05:00:25-05:00[America/New_York],2021-02-07T05:01:14-05:00[America/New_York],Yes,2021-02-07,18025,Sunday
1810,C,22,2021-02-07T05:01:14-05:00[America/New_York],2021-02-07T05:01:36-05:00[America/New_York],NA,2021-02-07,18074,Sunday
1810,<A>,48,2021-02-07T05:01:36-05:00[America/New_York],2021-02-07T05:02:24-05:00[America/New_York],Yes,2021-02-07,18096,Sunday
1810,C,22,2021-02-07T05:02:24-05:00[America/New_York],2021-02-07T05:02:46-05:00[America/New_York],NA,2021-02-07,18144,Sunday
1810,<A>,47,2021-02-07T05:02:46-05:00[America/New_York],2021-02-07T05:03:33-05:00[America/New_York],Yes,2021-02-07,18166,Sunday
1810,C,22,2021-02-07T05:03:33-05:00[America/New_York],2021-02-07T05:03:55-05:00[America/New_York],NA,2021-02-07,18213,Sunday
1810,<A>,51,2021-02-07T05:03:55-05:00[America/New_York],2021-02-07T05:04:46-05:00[America/New_York],Yes,2021-02-07,18235,Sunday
1810,B,16,2021-02-07T05:04:46-05:00[America/New_York],2021-02-07T05:05:02-05:00[America/New_York],NA,2021-02-07,18286,Sunday
1810,C,22,2021-02-07T05:05:02-05:00[America/New_York],2021-02-07T05:05:24-05:00[America/New_York],NA,2021-02-07,18302,Sunday
1810,<A>,47,2021-02-07T05:05:24-05:00[America/New_York],2021-02-07T05:06:11-05:00[America/New_York],Yes,2021-02-07,18324,Sunday
1810,C,22,2021-02-07T05:06:11-05:00[America/New_York],2021-02-07T05:06:33-05:00[America/New_York],NA,2021-02-07,18371,Sunday
1810,<A>,47,2021-02-07T05:06:33-05:00[America/New_York],2021-02-07T05:07:20-05:00[America/New_York],Yes,2021-02-07,18393,Sunday
1810,C,22,2021-02-07T05:07:20-05:00[America/New_York],2021-02-07T05:07:42-05:00[America/New_York],NA,2021-02-07,18440,Sunday
1810,<A>,50,2021-02-07T05:07:42-05:00[America/New_York],2021-02-07T05:08:32-05:00[America/New_York],Yes,2021-02-07,18462,Sunday
1810,C,22,2021-02-07T05:08:32-05:00[America/New_York],2021-02-07T05:08:54-05:00[America/New_York],NA,2021-02-07,18512,Sunday
1810,<A>,54,2021-02-07T05:08:54-05:00[America/New_York],2021-02-07T05:09:48-05:00[America/New_York],Yes,2021-02-07,18534,Sunday
1810,C,22,2021-02-07T05:09:48-05:00[America/New_York],2021-02-07T05:10:10-05:00[America/New_York],NA,2021-02-07,18588,Sunday
1810,<A>,57,2021-02-07T05:10:10-05:00[America/New_York],2021-02-07T05:11:07-05:00[America/New_York],NA,2021-02-07,18610,Sunday
1810,C,22,2021-02-07T05:11:07-05:00[America/New_York],2021-02-07T05:11:29-05:00[America/New_York],NA,2021-02-07,18667,Sunday
1810,<A>,50,2021-02-07T05:11:29-05:00[America/New_York],2021-02-07T05:12:19-05:00[America/New_York],Yes,2021-02-07,18689,Sunday
1810,C,22,2021-02-07T05:12:19-05:00[America/New_York],2021-02-07T05:12:41-05:00[America/New_York],NA,2021-02-07,18739,Sunday
1810,<A>,49,2021-02-07T05:12:41-05:00[America/New_York],2021-02-07T05:13:30-05:00[America/New_York],Yes,2021-02-07,18761,Sunday
1810,C,22,2021-02-07T05:13:30-05:00[America/New_York],2021-02-07T05:13:52-05:00[America/New_York],NA,2021-02-07,18810,Sunday
1810,<A>,47,2021-02-07T05:13:52-05:00[America/New_York],2021-02-07T05:14:39-05:00[America/New_York],Yes,2021-02-07,18832,Sunday
1810,B,16,2021-02-07T05:14:39-05:00[America/New_York],2021-02-07T05:14:55-05:00[America/New_York],NA,2021-02-07,18879,Sunday
1810,C,22,2021-02-07T05:14:55-05:00[America/New_York],2021-02-07T05:15:17-05:00[America/New_York],NA,2021-02-07,18895,Sunday
1810,<A>,50,2021-02-07T05:15:17-05:00[America/New_York],2021-02-07T05:16:07-05:00[America/New_York],Yes,2021-02-07,18917,Sunday
1810,C,22,2021-02-07T05:16:07-05:00[America/New_York],2021-02-07T05:16:29-05:00[America/New_York],NA,2021-02-07,18967,Sunday
1810,<A>,54,2021-02-07T05:16:29-05:00[America/New_York],2021-02-07T05:17:23-05:00[America/New_York],Yes,2021-02-07,18989,Sunday
1810,C,22,2021-02-07T05:17:23-05:00[America/New_York],2021-02-07T05:17:45-05:00[America/New_York],NA,2021-02-07,19043,Sunday
1810,<A>,51,2021-02-07T05:17:45-05:00[America/New_York],2021-02-07T05:18:36-05:00[America/New_York],Yes,2021-02-07,19065,Sunday
1810,C,22,2021-02-07T05:18:36-05:00[America/New_York],2021-02-07T05:18:58-05:00[America/New_York],NA,2021-02-07,19116,Sunday
1810,<A>,49,2021-02-07T05:18:58-05:00[America/New_York],2021-02-07T05:19:47-05:00[America/New_York],Yes,2021-02-07,19138,Sunday
1810,C,22,2021-02-07T05:19:47-05:00[America/New_York],2021-02-07T05:20:09-05:00[America/New_York],NA,2021-02-07,19187,Sunday
1810,<A>,47,2021-02-07T05:20:09-05:00[America/New_York],2021-02-07T05:20:56-05:00[America/New_York],Yes,2021-02-07,19209,Sunday
1810,B,16,2021-02-07T05:20:56-05:00[America/New_York],2021-02-07T05:21:12-05:00[America/New_York],NA,2021-02-07,19256,Sunday
1810,C,22,2021-02-07T05:21:12-05:00[America/New_York],2021-02-07T05:21:34-05:00[America/New_York],NA,2021-02-07,19272,Sunday
1810,<A>,48,2021-02-07T05:21:34-05:00[America/New_York],2021-02-07T05:22:22-05:00[America/New_York],Yes,2021-02-07,19294,Sunday
1810,C,22,2021-02-07T05:22:22-05:00[America/New_York],2021-02-07T05:22:44-05:00[America/New_York],NA,2021-02-07,19342,Sunday
1810,<A>,47,2021-02-07T05:22:44-05:00[America/New_York],2021-02-07T05:23:31-05:00[America/New_York],Yes,2021-02-07,19364,Sunday
1810,C,22,2021-02-07T05:23:31-05:00[America/New_York],2021-02-07T05:23:53-05:00[America/New_York],NA,2021-02-07,19411,Sunday
1810,<A>,48,2021-02-07T05:23:53-05:00[America/New_York],2021-02-07T05:24:41-05:00[America/New_York],Yes,2021-02-07,19433,Sunday
1810,C,22,2021-02-07T05:24:41-05:00[America/New_York],2021-02-07T05:25:03-05:00[America/New_York],NA,2021-02-07,19481,Sunday
1810,<A>,50,2021-02-07T05:25:03-05:00[America/New_York],2021-02-07T05:25:53-05:00[America/New_York],Yes,2021-02-07,19503,Sunday
1810,C,22,2021-02-07T05:25:53-05:00[America/New_York],2021-02-07T05:26:15-05:00[America/New_York],NA,2021-02-07,19553,Sunday
1810,<A>,49,2021-02-07T05:26:15-05:00[America/New_York],2021-02-07T05:27:04-05:00[America/New_York],Yes,2021-02-07,19575,Sunday
1810,C,22,2021-02-07T05:27:04-05:00[America/New_York],2021-02-07T05:27:26-05:00[America/New_York],NA,2021-02-07,19624,Sunday
1810,<A>,58,2021-02-07T05:27:26-05:00[America/New_York],2021-02-07T05:28:24-05:00[America/New_York],Yes,2021-02-07,19646,Sunday
1810,C,22,2021-02-07T05:28:24-05:00[America/New_York],2021-02-07T05:28:46-05:00[America/New_York],NA,2021-02-07,19704,Sunday
1810,<A>,51,2021-02-07T05:28:46-05:00[America/New_York],2021-02-07T05:29:37-05:00[America/New_York],Yes,2021-02-07,19726,Sunday
1810,C,22,2021-02-07T05:29:37-05:00[America/New_York],2021-02-07T05:29:59-05:00[America/New_York],NA,2021-02-07,19777,Sunday
1810,<A>,56,2021-02-07T05:29:59-05:00[America/New_York],2021-02-07T05:30:55-05:00[America/New_York],Yes,2021-02-07,19799,Sunday
1810,C,22,2021-02-07T05:30:55-05:00[America/New_York],2021-02-07T05:31:17-05:00[America/New_York],NA,2021-02-07,19855,Sunday
1810,<A>,50,2021-02-07T05:31:17-05:00[America/New_York],2021-02-07T05:32:07-05:00[America/New_York],Yes,2021-02-07,19877,Sunday
1810,C,22,2021-02-07T05:32:07-05:00[America/New_York],2021-02-07T05:32:29-05:00[America/New_York],NA,2021-02-07,19927,Sunday
1810,<A>,47,2021-02-07T05:32:29-05:00[America/New_York],2021-02-07T05:33:16-05:00[America/New_York],Yes,2021-02-07,19949,Sunday
1810,C,22,2021-02-07T05:33:16-05:00[America/New_York],2021-02-07T05:33:38-05:00[America/New_York],NA,2021-02-07,19996,Sunday
1810,<A>,54,2021-02-07T05:33:38-05:00[America/New_York],2021-02-07T05:34:32-05:00[America/New_York],Yes,2021-02-07,20018,Sunday
1810,C,22,2021-02-07T05:34:32-05:00[America/New_York],2021-02-07T05:34:54-05:00[America/New_York],NA,2021-02-07,20072,Sunday
1810,<A>,47,2021-02-07T05:34:54-05:00[America/New_York],2021-02-07T05:35:41-05:00[America/New_York],Yes,2021-02-07,20094,Sunday
1810,C,22,2021-02-07T05:35:41-05:00[America/New_York],2021-02-07T05:36:03-05:00[America/New_York],NA,2021-02-07,20141,Sunday
1810,<A>,58,2021-02-07T05:36:03-05:00[America/New_York],2021-02-07T05:37:01-05:00[America/New_York],NA,2021-02-07,20163,Sunday
1810,C,22,2021-02-07T05:37:01-05:00[America/New_York],2021-02-07T05:37:23-05:00[America/New_York],NA,2021-02-07,20221,Sunday
1810,<A>,48,2021-02-07T05:37:23-05:00[America/New_York],2021-02-07T05:38:11-05:00[America/New_York],Yes,2021-02-07,20243,Sunday
1810,C,22,2021-02-07T05:38:11-05:00[America/New_York],2021-02-07T05:38:33-05:00[America/New_York],NA,2021-02-07,20291,Sunday
1810,<A>,52,2021-02-07T05:38:33-05:00[America/New_York],2021-02-07T05:39:25-05:00[America/New_York],Yes,2021-02-07,20313,Sunday
1810,C,22,2021-02-07T05:39:25-05:00[America/New_York],2021-02-07T05:39:47-05:00[America/New_York],NA,2021-02-07,20365,Sunday
1810,<A>,55,2021-02-07T05:39:47-05:00[America/New_York],2021-02-07T05:40:42-05:00[America/New_York],Yes,2021-02-07,20387,Sunday
1810,C,22,2021-02-07T05:40:42-05:00[America/New_York],2021-02-07T05:41:04-05:00[America/New_York],NA,2021-02-07,20442,Sunday
1810,<A>,47,2021-02-07T05:41:04-05:00[America/New_York],2021-02-07T05:41:51-05:00[America/New_York],Yes,2021-02-07,20464,Sunday
1810,B,16,2021-02-07T05:41:51-05:00[America/New_York],2021-02-07T05:42:07-05:00[America/New_York],NA,2021-02-07,20511,Sunday
1810,C,22,2021-02-07T05:42:07-05:00[America/New_York],2021-02-07T05:42:29-05:00[America/New_York],NA,2021-02-07,20527,Sunday
1810,<A>,55,2021-02-07T05:42:29-05:00[America/New_York],2021-02-07T05:43:24-05:00[America/New_York],Yes,2021-02-07,20549,Sunday
1810,C,22,2021-02-07T05:43:24-05:00[America/New_York],2021-02-07T05:43:46-05:00[America/New_York],NA,2021-02-07,20604,Sunday
1810,<A>,47,2021-02-07T05:43:46-05:00[America/New_York],2021-02-07T05:44:33-05:00[America/New_York],Yes,2021-02-07,20626,Sunday
1810,C,22,2021-02-07T05:44:33-05:00[America/New_York],2021-02-07T05:44:55-05:00[America/New_York],NA,2021-02-07,20673,Sunday
1810,<A>,56,2021-02-07T05:44:55-05:00[America/New_York],2021-02-07T05:45:51-05:00[America/New_York],Yes,2021-02-07,20695,Sunday
1810,C,22,2021-02-07T05:45:51-05:00[America/New_York],2021-02-07T05:46:13-05:00[America/New_York],NA,2021-02-07,20751,Sunday
1810,<A>,57,2021-02-07T05:46:13-05:00[America/New_York],2021-02-07T05:47:10-05:00[America/New_York],Yes,2021-02-07,20773,Sunday
1810,C,22,2021-02-07T05:47:10-05:00[America/New_York],2021-02-07T05:47:32-05:00[America/New_York],NA,2021-02-07,20830,Sunday
1810,<A>,54,2021-02-07T05:47:32-05:00[America/New_York],2021-02-07T05:48:26-05:00[America/New_York],Yes,2021-02-07,20852,Sunday
1810,B,16,2021-02-07T05:48:26-05:00[America/New_York],2021-02-07T05:48:42-05:00[America/New_York],NA,2021-02-07,20906,Sunday
1810,C,22,2021-02-07T05:48:42-05:00[America/New_York],2021-02-07T05:49:04-05:00[America/New_York],NA,2021-02-07,20922,Sunday
1810,<A>,60,2021-02-07T05:49:04-05:00[America/New_York],2021-02-07T05:50:04-05:00[America/New_York],Yes,2021-02-07,20944,Sunday
1810,C,22,2021-02-07T05:50:04-05:00[America/New_York],2021-02-07T05:50:26-05:00[America/New_York],NA,2021-02-07,21004,Sunday
1810,<A>,59,2021-02-07T05:50:26-05:00[America/New_York],2021-02-07T05:51:25-05:00[America/New_York],Yes,2021-02-07,21026,Sunday
1810,C,22,2021-02-07T05:51:25-05:00[America/New_York],2021-02-07T05:51:47-05:00[America/New_York],NA,2021-02-07,21085,Sunday
1810,<A>,47,2021-02-07T05:51:47-05:00[America/New_York],2021-02-07T05:52:34-05:00[America/New_York],Yes,2021-02-07,21107,Sunday
1810,C,22,2021-02-07T05:52:34-05:00[America/New_York],2021-02-07T05:52:56-05:00[America/New_York],NA,2021-02-07,21154,Sunday
1810,<A>,47,2021-02-07T05:52:56-05:00[America/New_York],2021-02-07T05:53:43-05:00[America/New_York],Yes,2021-02-07,21176,Sunday
1810,B,16,2021-02-07T05:53:43-05:00[America/New_York],2021-02-07T05:53:59-05:00[America/New_York],NA,2021-02-07,21223,Sunday
1810,C,22,2021-02-07T05:53:59-05:00[America/New_York],2021-02-07T05:54:21-05:00[America/New_York],NA,2021-02-07,21239,Sunday
1810,<A>,57,2021-02-07T05:54:21-05:00[America/New_York],2021-02-07T05:55:18-05:00[America/New_York],Yes,2021-02-07,21261,Sunday
1810,C,22,2021-02-07T05:55:18-05:00[America/New_York],2021-02-07T05:55:40-05:00[America/New_York],NA,2021-02-07,21318,Sunday
1810,<A>,54,2021-02-07T05:55:40-05:00[America/New_York],2021-02-07T05:56:34-05:00[America/New_York],Yes,2021-02-07,21340,Sunday
1810,B,16,2021-02-07T05:56:34-05:00[America/New_York],2021-02-07T05:56:50-05:00[America/New_York],NA,2021-02-07,21394,Sunday
1810,C,22,2021-02-07T05:56:50-05:00[America/New_York],2021-02-07T05:57:12-05:00[America/New_York],NA,2021-02-07,21410,Sunday
1810,<A>,47,2021-02-07T05:57:12-05:00[America/New_York],2021-02-07T05:57:59-05:00[America/New_York],Yes,2021-02-07,21432,Sunday
1810,C,22,2021-02-07T05:57:59-05:00[America/New_York],2021-02-07T05:58:21-05:00[America/New_York],NA,2021-02-07,21479,Sunday
1810,<A>,47,2021-02-07T05:58:21-05:00[America/New_York],2021-02-07T05:59:08-05:00[America/New_York],Yes,2021-02-07,21501,Sunday
1810,C,22,2021-02-07T05:59:08-05:00[America/New_York],2021-02-07T05:59:30-05:00[America/New_York],NA,2021-02-07,21548,Sunday
1810,<A>,49,2021-02-07T05:59:30-05:00[America/New_York],2021-02-07T06:00:19-05:00[America/New_York],Yes,2021-02-07,21570,Sunday
1810,C,22,2021-02-07T06:00:19-05:00[America/New_York],2021-02-07T06:00:41-05:00[America/New_York],NA,2021-02-07,21619,Sunday
1810,<A>,47,2021-02-07T06:00:41-05:00[America/New_York],2021-02-07T06:01:28-05:00[America/New_York],Yes,2021-02-07,21641,Sunday
1810,C,22,2021-02-07T06:01:28-05:00[America/New_York],2021-02-07T06:01:50-05:00[America/New_York],NA,2021-02-07,21688,Sunday
1810,<A>,56,2021-02-07T06:01:50-05:00[America/New_York],2021-02-07T06:02:46-05:00[America/New_York],Yes,2021-02-07,21710,Sunday
1810,C,22,2021-02-07T06:02:46-05:00[America/New_York],2021-02-07T06:03:08-05:00[America/New_York],NA,2021-02-07,21766,Sunday
1810,<A>,56,2021-02-07T06:03:08-05:00[America/New_York],2021-02-07T06:04:04-05:00[America/New_York],Yes,2021-02-07,21788,Sunday
1810,C,22,2021-02-07T06:04:04-05:00[America/New_York],2021-02-07T06:04:26-05:00[America/New_York],NA,2021-02-07,21844,Sunday
1810,<A>,47,2021-02-07T06:04:26-05:00[America/New_York],2021-02-07T06:05:13-05:00[America/New_York],Yes,2021-02-07,21866,Sunday
1810,C,22,2021-02-07T06:05:13-05:00[America/New_York],2021-02-07T06:05:35-05:00[America/New_York],NA,2021-02-07,21913,Sunday
1810,<A>,47,2021-02-07T06:05:35-05:00[America/New_York],2021-02-07T06:06:22-05:00[America/New_York],Yes,2021-02-07,21935,Sunday
1810,C,22,2021-02-07T06:06:22-05:00[America/New_York],2021-02-07T06:06:44-05:00[America/New_York],NA,2021-02-07,21982,Sunday
1810,<A>,50,2021-02-07T06:06:44-05:00[America/New_York],2021-02-07T06:07:34-05:00[America/New_York],Yes,2021-02-07,22004,Sunday
1810,C,22,2021-02-07T06:07:34-05:00[America/New_York],2021-02-07T06:07:56-05:00[America/New_York],NA,2021-02-07,22054,Sunday
1810,<A>,57,2021-02-07T06:07:56-05:00[America/New_York],2021-02-07T06:08:53-05:00[America/New_York],NA,2021-02-07,22076,Sunday
1810,C,22,2021-02-07T06:08:53-05:00[America/New_York],2021-02-07T06:09:15-05:00[America/New_York],NA,2021-02-07,22133,Sunday
1810,<A>,56,2021-02-07T06:09:15-05:00[America/New_York],2021-02-07T06:10:11-05:00[America/New_York],Yes,2021-02-07,22155,Sunday
1810,C,22,2021-02-07T06:10:11-05:00[America/New_York],2021-02-07T06:10:33-05:00[America/New_York],NA,2021-02-07,22211,Sunday
1810,<A>,60,2021-02-07T06:10:33-05:00[America/New_York],2021-02-07T06:11:33-05:00[America/New_York],Yes,2021-02-07,22233,Sunday
1810,C,22,2021-02-07T06:11:33-05:00[America/New_York],2021-02-07T06:11:55-05:00[America/New_York],NA,2021-02-07,22293,Sunday
1810,<A>,50,2021-02-07T06:11:55-05:00[America/New_York],2021-02-07T06:12:45-05:00[America/New_York],Yes,2021-02-07,22315,Sunday
1810,C,22,2021-02-07T06:12:45-05:00[America/New_York],2021-02-07T06:13:07-05:00[America/New_York],NA,2021-02-07,22365,Sunday
1810,<A>,49,2021-02-07T06:13:07-05:00[America/New_York],2021-02-07T06:13:56-05:00[America/New_York],Yes,2021-02-07,22387,Sunday
1810,C,22,2021-02-07T06:13:56-05:00[America/New_York],2021-02-07T06:14:18-05:00[America/New_York],NA,2021-02-07,22436,Sunday
1810,<A>,54,2021-02-07T06:14:18-05:00[America/New_York],2021-02-07T06:15:12-05:00[America/New_York],Yes,2021-02-07,22458,Sunday
1810,C,22,2021-02-07T06:15:12-05:00[America/New_York],2021-02-07T06:15:34-05:00[America/New_York],NA,2021-02-07,22512,Sunday
1810,<A>,57,2021-02-07T06:15:34-05:00[America/New_York],2021-02-07T06:16:31-05:00[America/New_York],Yes,2021-02-07,22534,Sunday
1810,C,22,2021-02-07T06:16:31-05:00[America/New_York],2021-02-07T06:16:53-05:00[America/New_York],NA,2021-02-07,22591,Sunday
1810,<A>,54,2021-02-07T06:16:53-05:00[America/New_York],2021-02-07T06:17:47-05:00[America/New_York],Yes,2021-02-07,22613,Sunday
1810,C,22,2021-02-07T06:17:47-05:00[America/New_York],2021-02-07T06:18:09-05:00[America/New_York],NA,2021-02-07,22667,Sunday
1810,<A>,50,2021-02-07T06:18:09-05:00[America/New_York],2021-02-07T06:18:59-05:00[America/New_York],Yes,2021-02-07,22689,Sunday
1810,C,22,2021-02-07T06:18:59-05:00[America/New_York],2021-02-07T06:19:21-05:00[America/New_York],NA,2021-02-07,22739,Sunday
1810,<A>,55,2021-02-07T06:19:21-05:00[America/New_York],2021-02-07T06:20:16-05:00[America/New_York],Yes,2021-02-07,22761,Sunday
1810,C,22,2021-02-07T06:20:16-05:00[America/New_York],2021-02-07T06:20:38-05:00[America/New_York],NA,2021-02-07,22816,Sunday
1810,<A>,54,2021-02-07T06:20:38-05:00[America/New_York],2021-02-07T06:21:32-05:00[America/New_York],Yes,2021-02-07,22838,Sunday
1810,C,22,2021-02-07T06:21:32-05:00[America/New_York],2021-02-07T06:21:54-05:00[America/New_York],NA,2021-02-07,22892,Sunday
1810,<A>,56,2021-02-07T06:21:54-05:00[America/New_York],2021-02-07T06:22:50-05:00[America/New_York],Yes,2021-02-07,22914,Sunday
1810,B,16,2021-02-07T06:22:50-05:00[America/New_York],2021-02-07T06:23:06-05:00[America/New_York],NA,2021-02-07,22970,Sunday
1810,C,22,2021-02-07T06:23:06-05:00[America/New_York],2021-02-07T06:23:28-05:00[America/New_York],NA,2021-02-07,22986,Sunday
1810,<A>,60,2021-02-07T06:23:28-05:00[America/New_York],2021-02-07T06:24:28-05:00[America/New_York],NA,2021-02-07,23008,Sunday
1810,C,22,2021-02-07T06:24:28-05:00[America/New_York],2021-02-07T06:24:50-05:00[America/New_York],NA,2021-02-07,23068,Sunday
1810,<A>,52,2021-02-07T06:24:50-05:00[America/New_York],2021-02-07T06:25:42-05:00[America/New_York],Yes,2021-02-07,23090,Sunday
1810,C,22,2021-02-07T06:25:42-05:00[America/New_York],2021-02-07T06:26:04-05:00[America/New_York],NA,2021-02-07,23142,Sunday
1810,<A>,49,2021-02-07T06:26:04-05:00[America/New_York],2021-02-07T06:26:53-05:00[America/New_York],Yes,2021-02-07,23164,Sunday
1810,C,22,2021-02-07T06:26:53-05:00[America/New_York],2021-02-07T06:27:15-05:00[America/New_York],NA,2021-02-07,23213,Sunday
1810,<A>,51,2021-02-07T06:27:15-05:00[America/New_York],2021-02-07T06:28:06-05:00[America/New_York],Yes,2021-02-07,23235,Sunday
1810,B,16,2021-02-07T06:28:06-05:00[America/New_York],2021-02-07T06:28:22-05:00[America/New_York],NA,2021-02-07,23286,Sunday
1810,C,22,2021-02-07T06:28:22-05:00[America/New_York],2021-02-07T06:28:44-05:00[America/New_York],NA,2021-02-07,23302,Sunday
1810,<A>,56,2021-02-07T06:28:44-05:00[America/New_York],2021-02-07T06:29:40-05:00[America/New_York],Yes,2021-02-07,23324,Sunday
1810,C,24,2021-02-07T06:29:40-05:00[America/New_York],2021-02-07T06:30:04-05:00[America/New_York],NA,2021-02-07,23380,Sunday
1810,<A>,62,2021-02-07T06:30:04-05:00[America/New_York],2021-02-07T06:31:06-05:00[America/New_York],Yes,2021-02-07,23404,Sunday
1810,C,22,2021-02-07T06:31:06-05:00[America/New_York],2021-02-07T06:31:28-05:00[America/New_York],NA,2021-02-07,23466,Sunday
1810,<A>,58,2021-02-07T06:31:28-05:00[America/New_York],2021-02-07T06:32:26-05:00[America/New_York],NA,2021-02-07,23488,Sunday
1810,C,22,2021-02-07T06:32:26-05:00[America/New_York],2021-02-07T06:32:48-05:00[America/New_York],NA,2021-02-07,23546,Sunday
1810,<A>,56,2021-02-07T06:32:48-05:00[America/New_York],2021-02-07T06:33:44-05:00[America/New_York],Yes,2021-02-07,23568,Sunday
1810,C,22,2021-02-07T06:33:44-05:00[America/New_York],2021-02-07T06:34:06-05:00[America/New_York],NA,2021-02-07,23624,Sunday
1810,<A>,64,2021-02-07T06:34:06-05:00[America/New_York],2021-02-07T06:35:10-05:00[America/New_York],Yes,2021-02-07,23646,Sunday
1810,C,22,2021-02-07T06:35:10-05:00[America/New_York],2021-02-07T06:35:32-05:00[America/New_York],NA,2021-02-07,23710,Sunday
1810,<A>,58,2021-02-07T06:35:32-05:00[America/New_York],2021-02-07T06:36:30-05:00[America/New_York],NA,2021-02-07,23732,Sunday
1810,C,22,2021-02-07T06:36:30-05:00[America/New_York],2021-02-07T06:36:52-05:00[America/New_York],NA,2021-02-07,23790,Sunday
1810,<A>,55,2021-02-07T06:36:52-05:00[America/New_York],2021-02-07T06:37:47-05:00[America/New_York],Yes,2021-02-07,23812,Sunday
1810,C,17,2021-02-07T06:37:47-05:00[America/New_York],2021-02-07T06:38:04-05:00[America/New_York],NA,2021-02-07,23867,Sunday
1810,<A>,46,2021-02-07T06:38:04-05:00[America/New_York],2021-02-07T06:38:50-05:00[America/New_York],NA,2021-02-07,23884,Sunday
1810,C,22,2021-02-07T06:38:50-05:00[America/New_York],2021-02-07T06:39:12-05:00[America/New_York],NA,2021-02-07,23930,Sunday
1810,<A>,57,2021-02-07T06:39:12-05:00[America/New_York],2021-02-07T06:40:09-05:00[America/New_York],Yes,2021-02-07,23952,Sunday
1810,C,22,2021-02-07T06:40:09-05:00[America/New_York],2021-02-07T06:40:31-05:00[America/New_York],NA,2021-02-07,24009,Sunday
1810,<A>,63,2021-02-07T06:40:31-05:00[America/New_York],2021-02-07T06:41:34-05:00[America/New_York],Yes,2021-02-07,24031,Sunday
1810,B,16,2021-02-07T06:41:34-05:00[America/New_York],2021-02-07T06:41:50-05:00[America/New_York],NA,2021-02-07,24094,Sunday
1810,C,22,2021-02-07T06:41:50-05:00[America/New_York],2021-02-07T06:42:12-05:00[America/New_York],NA,2021-02-07,24110,Sunday
1810,<A>,53,2021-02-07T06:42:12-05:00[America/New_York],2021-02-07T06:43:05-05:00[America/New_York],Yes,2021-02-07,24132,Sunday
1810,C,22,2021-02-07T06:43:05-05:00[America/New_York],2021-02-07T06:43:27-05:00[America/New_York],NA,2021-02-07,24185,Sunday
1810,<A>,51,2021-02-07T06:43:27-05:00[America/New_York],2021-02-07T06:44:18-05:00[America/New_York],Yes,2021-02-07,24207,Sunday
1810,B,17,2021-02-07T06:44:18-05:00[America/New_York],2021-02-07T06:44:35-05:00[America/New_York],NA,2021-02-07,24258,Sunday
1810,C,22,2021-02-07T06:44:35-05:00[America/New_York],2021-02-07T06:44:57-05:00[America/New_York],NA,2021-02-07,24275,Sunday
1810,<A>,57,2021-02-07T06:44:57-05:00[America/New_York],2021-02-07T06:45:54-05:00[America/New_York],Yes,2021-02-07,24297,Sunday
1810,C,22,2021-02-07T06:45:54-05:00[America/New_York],2021-02-07T06:46:16-05:00[America/New_York],NA,2021-02-07,24354,Sunday
1810,<A>,60,2021-02-07T06:46:16-05:00[America/New_York],2021-02-07T06:47:16-05:00[America/New_York],Yes,2021-02-07,24376,Sunday
1810,C,22,2021-02-07T06:47:16-05:00[America/New_York],2021-02-07T06:47:38-05:00[America/New_York],NA,2021-02-07,24436,Sunday
1810,<A>,50,2021-02-07T06:47:38-05:00[America/New_York],2021-02-07T06:48:28-05:00[America/New_York],Yes,2021-02-07,24458,Sunday
1810,C,22,2021-02-07T06:48:28-05:00[America/New_York],2021-02-07T06:48:50-05:00[America/New_York],NA,2021-02-07,24508,Sunday
1810,<A>,58,2021-02-07T06:48:50-05:00[America/New_York],2021-02-07T06:49:48-05:00[America/New_York],NA,2021-02-07,24530,Sunday
1810,B,17,2021-02-07T06:49:48-05:00[America/New_York],2021-02-07T06:50:05-05:00[America/New_York],NA,2021-02-07,24588,Sunday
1810,C,22,2021-02-07T06:50:05-05:00[America/New_York],2021-02-07T06:50:27-05:00[America/New_York],NA,2021-02-07,24605,Sunday
1810,<A>,58,2021-02-07T06:50:27-05:00[America/New_York],2021-02-07T06:51:25-05:00[America/New_York],NA,2021-02-07,24627,Sunday
1810,C,22,2021-02-07T06:51:25-05:00[America/New_York],2021-02-07T06:51:47-05:00[America/New_York],NA,2021-02-07,24685,Sunday
1810,<A>,51,2021-02-07T06:51:47-05:00[America/New_York],2021-02-07T06:52:38-05:00[America/New_York],Yes,2021-02-07,24707,Sunday
1810,C,22,2021-02-07T06:52:38-05:00[America/New_York],2021-02-07T06:53:00-05:00[America/New_York],NA,2021-02-07,24758,Sunday
1810,<A>,53,2021-02-07T06:53:00-05:00[America/New_York],2021-02-07T06:53:53-05:00[America/New_York],Yes,2021-02-07,24780,Sunday
1810,B,16,2021-02-07T06:53:53-05:00[America/New_York],2021-02-07T06:54:09-05:00[America/New_York],NA,2021-02-07,24833,Sunday
1810,C,22,2021-02-07T06:54:09-05:00[America/New_York],2021-02-07T06:54:31-05:00[America/New_York],NA,2021-02-07,24849,Sunday
1810,<A>,56,2021-02-07T06:54:31-05:00[America/New_York],2021-02-07T06:55:27-05:00[America/New_York],Yes,2021-02-07,24871,Sunday
1810,C,22,2021-02-07T06:55:27-05:00[America/New_York],2021-02-07T06:55:49-05:00[America/New_York],NA,2021-02-07,24927,Sunday
1810,<A>,62,2021-02-07T06:55:49-05:00[America/New_York],2021-02-07T06:56:51-05:00[America/New_York],Yes,2021-02-07,24949,Sunday
1810,C,22,2021-02-07T06:56:51-05:00[America/New_York],2021-02-07T06:57:13-05:00[America/New_York],NA,2021-02-07,25011,Sunday
1810,<A>,50,2021-02-07T06:57:13-05:00[America/New_York],2021-02-07T06:58:03-05:00[America/New_York],Yes,2021-02-07,25033,Sunday
1810,C,22,2021-02-07T06:58:03-05:00[America/New_York],2021-02-07T06:58:25-05:00[America/New_York],NA,2021-02-07,25083,Sunday
1810,<A>,47,2021-02-07T06:58:25-05:00[America/New_York],2021-02-07T06:59:12-05:00[America/New_York],Yes,2021-02-07,25105,Sunday
1810,C,22,2021-02-07T06:59:12-05:00[America/New_York],2021-02-07T06:59:34-05:00[America/New_York],NA,2021-02-07,25152,Sunday
1810,<A>,51,2021-02-07T06:59:34-05:00[America/New_York],2021-02-07T07:00:25-05:00[America/New_York],Yes,2021-02-07,25174,Sunday
1810,C,22,2021-02-07T07:00:25-05:00[America/New_York],2021-02-07T07:00:47-05:00[America/New_York],NA,2021-02-07,25225,Sunday
1810,<A>,50,2021-02-07T07:00:47-05:00[America/New_York],2021-02-07T07:01:37-05:00[America/New_York],Yes,2021-02-07,25247,Sunday
1810,C,22,2021-02-07T07:01:37-05:00[America/New_York],2021-02-07T07:01:59-05:00[America/New_York],NA,2021-02-07,25297,Sunday
1810,<A>,51,2021-02-07T07:01:59-05:00[America/New_York],2021-02-07T07:02:50-05:00[America/New_York],Yes,2021-02-07,25319,Sunday
1810,B,16,2021-02-07T07:02:50-05:00[America/New_York],2021-02-07T07:03:06-05:00[America/New_York],NA,2021-02-07,25370,Sunday
1810,C,22,2021-02-07T07:03:06-05:00[America/New_York],2021-02-07T07:03:28-05:00[America/New_York],NA,2021-02-07,25386,Sunday
1810,<A>,54,2021-02-07T07:03:28-05:00[America/New_York],2021-02-07T07:04:22-05:00[America/New_York],Yes,2021-02-07,25408,Sunday
1810,B,17,2021-02-07T07:04:22-05:00[America/New_York],2021-02-07T07:04:39-05:00[America/New_York],NA,2021-02-07,25462,Sunday
1810,C,22,2021-02-07T07:04:39-05:00[America/New_York],2021-02-07T07:05:01-05:00[America/New_York],NA,2021-02-07,25479,Sunday
1810,<A>,47,2021-02-07T07:05:01-05:00[America/New_York],2021-02-07T07:05:48-05:00[America/New_York],Yes,2021-02-07,25501,Sunday
1810,C,22,2021-02-07T07:05:48-05:00[America/New_York],2021-02-07T07:06:10-05:00[America/New_York],NA,2021-02-07,25548,Sunday
1810,<A>,56,2021-02-07T07:06:10-05:00[America/New_York],2021-02-07T07:07:06-05:00[America/New_York],Yes,2021-02-07,25570,Sunday
1810,C,22,2021-02-07T07:07:06-05:00[America/New_York],2021-02-07T07:07:28-05:00[America/New_York],NA,2021-02-07,25626,Sunday
1810,<A>,53,2021-02-07T07:07:28-05:00[America/New_York],2021-02-07T07:08:21-05:00[America/New_York],Yes,2021-02-07,25648,Sunday
1810,B,16,2021-02-07T07:08:21-05:00[America/New_York],2021-02-07T07:08:37-05:00[America/New_York],NA,2021-02-07,25701,Sunday
1810,C,22,2021-02-07T07:08:37-05:00[America/New_York],2021-02-07T07:08:59-05:00[America/New_York],NA,2021-02-07,25717,Sunday
1810,<A>,52,2021-02-07T07:08:59-05:00[America/New_York],2021-02-07T07:09:51-05:00[America/New_York],Yes,2021-02-07,25739,Sunday
1810,B,16,2021-02-07T07:09:51-05:00[America/New_York],2021-02-07T07:10:07-05:00[America/New_York],NA,2021-02-07,25791,Sunday
1810,C,22,2021-02-07T07:10:07-05:00[America/New_York],2021-02-07T07:10:29-05:00[America/New_York],NA,2021-02-07,25807,Sunday
1810,<A>,60,2021-02-07T07:10:29-05:00[America/New_York],2021-02-07T07:11:29-05:00[America/New_York],Yes,2021-02-07,25829,Sunday
1810,C,22,2021-02-07T07:11:29-05:00[America/New_York],2021-02-07T07:11:51-05:00[America/New_York],NA,2021-02-07,25889,Sunday
1810,<A>,60,2021-02-07T07:11:51-05:00[America/New_York],2021-02-07T07:12:51-05:00[America/New_York],Yes,2021-02-07,25911,Sunday
1810,C,22,2021-02-07T07:12:51-05:00[America/New_York],2021-02-07T07:13:13-05:00[America/New_York],NA,2021-02-07,25971,Sunday
1810,<A>,51,2021-02-07T07:13:13-05:00[America/New_York],2021-02-07T07:14:04-05:00[America/New_York],Yes,2021-02-07,25993,Sunday
1810,B,17,2021-02-07T07:14:04-05:00[America/New_York],2021-02-07T07:14:21-05:00[America/New_York],NA,2021-02-07,26044,Sunday
1810,C,22,2021-02-07T07:14:21-05:00[America/New_York],2021-02-07T07:14:43-05:00[America/New_York],NA,2021-02-07,26061,Sunday
1810,<A>,57,2021-02-07T07:14:43-05:00[America/New_York],2021-02-07T07:15:40-05:00[America/New_York],Yes,2021-02-07,26083,Sunday
1810,C,22,2021-02-07T07:15:40-05:00[America/New_York],2021-02-07T07:16:02-05:00[America/New_York],NA,2021-02-07,26140,Sunday
1810,<A>,54,2021-02-07T07:16:02-05:00[America/New_York],2021-02-07T07:16:56-05:00[America/New_York],Yes,2021-02-07,26162,Sunday
1810,B,16,2021-02-07T07:16:56-05:00[America/New_York],2021-02-07T07:17:12-05:00[America/New_York],NA,2021-02-07,26216,Sunday
1810,C,22,2021-02-07T07:17:12-05:00[America/New_York],2021-02-07T07:17:34-05:00[America/New_York],NA,2021-02-07,26232,Sunday
1810,<A>,52,2021-02-07T07:17:34-05:00[America/New_York],2021-02-07T07:18:26-05:00[America/New_York],Yes,2021-02-07,26254,Sunday
1810,C,22,2021-02-07T07:18:26-05:00[America/New_York],2021-02-07T07:18:48-05:00[America/New_York],NA,2021-02-07,26306,Sunday
1810,<A>,55,2021-02-07T07:18:48-05:00[America/New_York],2021-02-07T07:19:43-05:00[America/New_York],Yes,2021-02-07,26328,Sunday
1810,C,22,2021-02-07T07:19:43-05:00[America/New_York],2021-02-07T07:20:05-05:00[America/New_York],NA,2021-02-07,26383,Sunday
1810,<A>,58,2021-02-07T07:20:05-05:00[America/New_York],2021-02-07T07:21:03-05:00[America/New_York],NA,2021-02-07,26405,Sunday
1810,C,22,2021-02-07T07:21:03-05:00[America/New_York],2021-02-07T07:21:25-05:00[America/New_York],NA,2021-02-07,26463,Sunday
1810,<A>,62,2021-02-07T07:21:25-05:00[America/New_York],2021-02-07T07:22:27-05:00[America/New_York],Yes,2021-02-07,26485,Sunday
1810,C,22,2021-02-07T07:22:27-05:00[America/New_York],2021-02-07T07:22:49-05:00[America/New_York],NA,2021-02-07,26547,Sunday
1810,<A>,62,2021-02-07T07:22:49-05:00[America/New_York],2021-02-07T07:23:51-05:00[America/New_York],Yes,2021-02-07,26569,Sunday
1810,C,22,2021-02-07T07:23:51-05:00[America/New_York],2021-02-07T07:24:13-05:00[America/New_York],NA,2021-02-07,26631,Sunday
1810,<A>,57,2021-02-07T07:24:13-05:00[America/New_York],2021-02-07T07:25:10-05:00[America/New_York],Yes,2021-02-07,26653,Sunday
1810,C,22,2021-02-07T07:25:10-05:00[America/New_York],2021-02-07T07:25:32-05:00[America/New_York],NA,2021-02-07,26710,Sunday
1810,<A>,51,2021-02-07T07:25:32-05:00[America/New_York],2021-02-07T07:26:23-05:00[America/New_York],Yes,2021-02-07,26732,Sunday
1810,C,22,2021-02-07T07:26:23-05:00[America/New_York],2021-02-07T07:26:45-05:00[America/New_York],NA,2021-02-07,26783,Sunday
1810,<A>,58,2021-02-07T07:26:45-05:00[America/New_York],2021-02-07T07:27:43-05:00[America/New_York],Yes,2021-02-07,26805,Sunday
1810,C,22,2021-02-07T07:27:43-05:00[America/New_York],2021-02-07T07:28:05-05:00[America/New_York],NA,2021-02-07,26863,Sunday
1810,<A>,54,2021-02-07T07:28:05-05:00[America/New_York],2021-02-07T07:28:59-05:00[America/New_York],Yes,2021-02-07,26885,Sunday
1810,C,22,2021-02-07T07:28:59-05:00[America/New_York],2021-02-07T07:29:21-05:00[America/New_York],NA,2021-02-07,26939,Sunday
1810,<A>,53,2021-02-07T07:29:21-05:00[America/New_York],2021-02-07T07:30:14-05:00[America/New_York],Yes,2021-02-07,26961,Sunday
1810,C,22,2021-02-07T07:30:14-05:00[America/New_York],2021-02-07T07:30:36-05:00[America/New_York],NA,2021-02-07,27014,Sunday
1810,<A>,57,2021-02-07T07:30:36-05:00[America/New_York],2021-02-07T07:31:33-05:00[America/New_York],Yes,2021-02-07,27036,Sunday
1810,C,22,2021-02-07T07:31:33-05:00[America/New_York],2021-02-07T07:31:55-05:00[America/New_York],NA,2021-02-07,27093,Sunday
1810,<A>,55,2021-02-07T07:31:55-05:00[America/New_York],2021-02-07T07:32:50-05:00[America/New_York],Yes,2021-02-07,27115,Sunday
1810,C,22,2021-02-07T07:32:50-05:00[America/New_York],2021-02-07T07:33:12-05:00[America/New_York],NA,2021-02-07,27170,Sunday
1810,<A>,52,2021-02-07T07:33:12-05:00[America/New_York],2021-02-07T07:34:04-05:00[America/New_York],Yes,2021-02-07,27192,Sunday
1810,C,22,2021-02-07T07:34:04-05:00[America/New_York],2021-02-07T07:34:26-05:00[America/New_York],NA,2021-02-07,27244,Sunday
1810,<A>,63,2021-02-07T07:34:26-05:00[America/New_York],2021-02-07T07:35:29-05:00[America/New_York],Yes,2021-02-07,27266,Sunday
1810,C,22,2021-02-07T07:35:29-05:00[America/New_York],2021-02-07T07:35:51-05:00[America/New_York],NA,2021-02-07,27329,Sunday
1810,<A>,61,2021-02-07T07:35:51-05:00[America/New_York],2021-02-07T07:36:52-05:00[America/New_York],Yes,2021-02-07,27351,Sunday
1810,C,22,2021-02-07T07:36:52-05:00[America/New_York],2021-02-07T07:37:14-05:00[America/New_York],NA,2021-02-07,27412,Sunday
1810,<A>,47,2021-02-07T07:37:14-05:00[America/New_York],2021-02-07T07:38:01-05:00[America/New_York],Yes,2021-02-07,27434,Sunday
1810,C,22,2021-02-07T07:38:01-05:00[America/New_York],2021-02-07T07:38:23-05:00[America/New_York],NA,2021-02-07,27481,Sunday
1810,<A>,55,2021-02-07T07:38:23-05:00[America/New_York],2021-02-07T07:39:18-05:00[America/New_York],Yes,2021-02-07,27503,Sunday
1810,C,22,2021-02-07T07:39:18-05:00[America/New_York],2021-02-07T07:39:40-05:00[America/New_York],NA,2021-02-07,27558,Sunday
1810,<A>,49,2021-02-07T07:39:40-05:00[America/New_York],2021-02-07T07:40:29-05:00[America/New_York],Yes,2021-02-07,27580,Sunday
1810,C,24,2021-02-07T07:40:29-05:00[America/New_York],2021-02-07T07:40:53-05:00[America/New_York],NA,2021-02-07,27629,Sunday
1810,<A>,61,2021-02-07T07:40:53-05:00[America/New_York],2021-02-07T07:41:54-05:00[America/New_York],Yes,2021-02-07,27653,Sunday
1810,C,24,2021-02-07T07:41:54-05:00[America/New_York],2021-02-07T07:42:18-05:00[America/New_York],NA,2021-02-07,27714,Sunday
1810,<A>,58,2021-02-07T07:42:18-05:00[America/New_York],2021-02-07T07:43:16-05:00[America/New_York],NA,2021-02-07,27738,Sunday
1810,C,22,2021-02-07T07:43:16-05:00[America/New_York],2021-02-07T07:43:38-05:00[America/New_York],NA,2021-02-07,27796,Sunday
1810,<A>,62,2021-02-07T07:43:38-05:00[America/New_York],2021-02-07T07:44:40-05:00[America/New_York],Yes,2021-02-07,27818,Sunday
1810,B,16,2021-02-07T07:44:40-05:00[America/New_York],2021-02-07T07:44:56-05:00[America/New_York],NA,2021-02-07,27880,Sunday
1810,C,22,2021-02-07T07:44:56-05:00[America/New_York],2021-02-07T07:45:18-05:00[America/New_York],NA,2021-02-07,27896,Sunday
1810,<A>,58,2021-02-07T07:45:18-05:00[America/New_York],2021-02-07T07:46:16-05:00[America/New_York],NA,2021-02-07,27918,Sunday
1810,B,16,2021-02-07T07:46:16-05:00[America/New_York],2021-02-07T07:46:32-05:00[America/New_York],NA,2021-02-07,27976,Sunday
1810,C,22,2021-02-07T07:46:32-05:00[America/New_York],2021-02-07T07:46:54-05:00[America/New_York],NA,2021-02-07,27992,Sunday
1810,<A>,46,2021-02-07T07:46:54-05:00[America/New_York],2021-02-07T07:47:40-05:00[America/New_York],NA,2021-02-07,28014,Sunday
1810,C,17,2021-02-07T07:47:40-05:00[America/New_York],2021-02-07T07:47:57-05:00[America/New_York],NA,2021-02-07,28060,Sunday
1810,<A>,58,2021-02-07T07:47:57-05:00[America/New_York],2021-02-07T07:48:55-05:00[America/New_York],NA,2021-02-07,28077,Sunday
1810,C,22,2021-02-07T07:48:55-05:00[America/New_York],2021-02-07T07:49:17-05:00[America/New_York],NA,2021-02-07,28135,Sunday
1810,<A>,56,2021-02-07T07:49:17-05:00[America/New_York],2021-02-07T07:50:13-05:00[America/New_York],Yes,2021-02-07,28157,Sunday
1810,C,22,2021-02-07T07:50:13-05:00[America/New_York],2021-02-07T07:50:35-05:00[America/New_York],NA,2021-02-07,28213,Sunday
1810,<A>,52,2021-02-07T07:50:35-05:00[America/New_York],2021-02-07T07:51:27-05:00[America/New_York],Yes,2021-02-07,28235,Sunday
1810,C,22,2021-02-07T07:51:27-05:00[America/New_York],2021-02-07T07:51:49-05:00[America/New_York],NA,2021-02-07,28287,Sunday
1810,<A>,48,2021-02-07T07:51:49-05:00[America/New_York],2021-02-07T07:52:37-05:00[America/New_York],Yes,2021-02-07,28309,Sunday
1810,C,22,2021-02-07T07:52:37-05:00[America/New_York],2021-02-07T07:52:59-05:00[America/New_York],NA,2021-02-07,28357,Sunday
1810,<A>,57,2021-02-07T07:52:59-05:00[America/New_York],2021-02-07T07:53:56-05:00[America/New_York],Yes,2021-02-07,28379,Sunday
1810,B,16,2021-02-07T07:53:56-05:00[America/New_York],2021-02-07T07:54:12-05:00[America/New_York],NA,2021-02-07,28436,Sunday
1810,C,24,2021-02-07T07:54:12-05:00[America/New_York],2021-02-07T07:54:36-05:00[America/New_York],NA,2021-02-07,28452,Sunday
1810,<A>,53,2021-02-07T07:54:36-05:00[America/New_York],2021-02-07T07:55:29-05:00[America/New_York],Yes,2021-02-07,28476,Sunday
1810,C,23,2021-02-07T07:55:29-05:00[America/New_York],2021-02-07T07:55:52-05:00[America/New_York],NA,2021-02-07,28529,Sunday
1810,<A>,61,2021-02-07T07:55:52-05:00[America/New_York],2021-02-07T07:56:53-05:00[America/New_York],Yes,2021-02-07,28552,Sunday
1810,C,23,2021-02-07T07:56:53-05:00[America/New_York],2021-02-07T07:57:16-05:00[America/New_York],NA,2021-02-07,28613,Sunday
1810,<A>,61,2021-02-07T07:57:16-05:00[America/New_York],2021-02-07T07:58:17-05:00[America/New_York],NA,2021-02-07,28636,Sunday
1810,C,23,2021-02-07T07:58:17-05:00[America/New_York],2021-02-07T07:58:40-05:00[America/New_York],NA,2021-02-07,28697,Sunday
1810,<A>,56,2021-02-07T07:58:40-05:00[America/New_York],2021-02-07T07:59:36-05:00[America/New_York],Yes,2021-02-07,28720,Sunday
1810,C,23,2021-02-07T07:59:36-05:00[America/New_York],2021-02-07T07:59:59-05:00[America/New_York],NA,2021-02-07,28776,Sunday
1810,<A>,54,2021-02-07T07:59:59-05:00[America/New_York],2021-02-07T08:00:53-05:00[America/New_York],Yes,2021-02-07,28799,Sunday
1810,C,23,2021-02-07T08:00:53-05:00[America/New_York],2021-02-07T08:01:16-05:00[America/New_York],NA,2021-02-07,28853,Sunday
1810,<A>,55,2021-02-07T08:01:16-05:00[America/New_York],2021-02-07T08:02:11-05:00[America/New_York],Yes,2021-02-07,28876,Sunday
1810,B,16,2021-02-07T08:02:11-05:00[America/New_York],2021-02-07T08:02:27-05:00[America/New_York],NA,2021-02-07,28931,Sunday
1810,C,23,2021-02-07T08:02:27-05:00[America/New_York],2021-02-07T08:02:50-05:00[America/New_York],NA,2021-02-07,28947,Sunday
1810,<A>,61,2021-02-07T08:02:50-05:00[America/New_York],2021-02-07T08:03:51-05:00[America/New_York],Yes,2021-02-07,28970,Sunday
1810,C,23,2021-02-07T08:03:51-05:00[America/New_York],2021-02-07T08:04:14-05:00[America/New_York],NA,2021-02-07,29031,Sunday
1810,<A>,64,2021-02-07T08:04:14-05:00[America/New_York],2021-02-07T08:05:18-05:00[America/New_York],Yes,2021-02-07,29054,Sunday
1810,C,23,2021-02-07T08:05:18-05:00[America/New_York],2021-02-07T08:05:41-05:00[America/New_York],NA,2021-02-07,29118,Sunday
1810,<A>,60,2021-02-07T08:05:41-05:00[America/New_York],2021-02-07T08:06:41-05:00[America/New_York],Yes,2021-02-07,29141,Sunday
1810,C,23,2021-02-07T08:06:41-05:00[America/New_York],2021-02-07T08:07:04-05:00[America/New_York],NA,2021-02-07,29201,Sunday
1810,<A>,52,2021-02-07T08:07:04-05:00[America/New_York],2021-02-07T08:07:56-05:00[America/New_York],Yes,2021-02-07,29224,Sunday
1810,C,23,2021-02-07T08:07:56-05:00[America/New_York],2021-02-07T08:08:19-05:00[America/New_York],NA,2021-02-07,29276,Sunday
1810,<A>,60,2021-02-07T08:08:19-05:00[America/New_York],2021-02-07T08:09:19-05:00[America/New_York],Yes,2021-02-07,29299,Sunday
1810,B,16,2021-02-07T08:09:19-05:00[America/New_York],2021-02-07T08:09:35-05:00[America/New_York],NA,2021-02-07,29359,Sunday
1810,C,23,2021-02-07T08:09:35-05:00[America/New_York],2021-02-07T08:09:58-05:00[America/New_York],NA,2021-02-07,29375,Sunday
1810,<A>,62,2021-02-07T08:09:58-05:00[America/New_York],2021-02-07T08:11:00-05:00[America/New_York],NA,2021-02-07,29398,Sunday
1810,B,16,2021-02-07T08:11:00-05:00[America/New_York],2021-02-07T08:11:16-05:00[America/New_York],NA,2021-02-07,29460,Sunday
1810,C,23,2021-02-07T08:11:16-05:00[America/New_York],2021-02-07T08:11:39-05:00[America/New_York],NA,2021-02-07,29476,Sunday
1810,<A>,61,2021-02-07T08:11:39-05:00[America/New_York],2021-02-07T08:12:40-05:00[America/New_York],NA,2021-02-07,29499,Sunday
1810,C,23,2021-02-07T08:12:40-05:00[America/New_York],2021-02-07T08:13:03-05:00[America/New_York],NA,2021-02-07,29560,Sunday
1810,<A>,57,2021-02-07T08:13:03-05:00[America/New_York],2021-02-07T08:14:00-05:00[America/New_York],Yes,2021-02-07,29583,Sunday
1810,C,23,2021-02-07T08:14:00-05:00[America/New_York],2021-02-07T08:14:23-05:00[America/New_York],NA,2021-02-07,29640,Sunday
1810,<A>,51,2021-02-07T08:14:23-05:00[America/New_York],2021-02-07T08:15:14-05:00[America/New_York],Yes,2021-02-07,29663,Sunday
1810,B,17,2021-02-07T08:15:14-05:00[America/New_York],2021-02-07T08:15:31-05:00[America/New_York],NA,2021-02-07,29714,Sunday
1810,C,23,2021-02-07T08:15:31-05:00[America/New_York],2021-02-07T08:15:54-05:00[America/New_York],NA,2021-02-07,29731,Sunday
1810,<A>,60,2021-02-07T08:15:54-05:00[America/New_York],2021-02-07T08:16:54-05:00[America/New_York],Yes,2021-02-07,29754,Sunday
1810,B,16,2021-02-07T08:16:54-05:00[America/New_York],2021-02-07T08:17:10-05:00[America/New_York],NA,2021-02-07,29814,Sunday
1810,C,23,2021-02-07T08:17:10-05:00[America/New_York],2021-02-07T08:17:33-05:00[America/New_York],NA,2021-02-07,29830,Sunday
1810,<A>,62,2021-02-07T08:17:33-05:00[America/New_York],2021-02-07T08:18:35-05:00[America/New_York],NA,2021-02-07,29853,Sunday
1810,B,16,2021-02-07T08:18:35-05:00[America/New_York],2021-02-07T08:18:51-05:00[America/New_York],NA,2021-02-07,29915,Sunday
1810,C,23,2021-02-07T08:18:51-05:00[America/New_York],2021-02-07T08:19:14-05:00[America/New_York],NA,2021-02-07,29931,Sunday
1810,<A>,61,2021-02-07T08:19:14-05:00[America/New_York],2021-02-07T08:20:15-05:00[America/New_York],NA,2021-02-07,29954,Sunday
1810,C,23,2021-02-07T08:20:15-05:00[America/New_York],2021-02-07T08:20:38-05:00[America/New_York],NA,2021-02-07,30015,Sunday
1810,<A>,54,2021-02-07T08:20:38-05:00[America/New_York],2021-02-07T08:21:32-05:00[America/New_York],Yes,2021-02-07,30038,Sunday
1810,B,16,2021-02-07T08:21:32-05:00[America/New_York],2021-02-07T08:21:48-05:00[America/New_York],NA,2021-02-07,30092,Sunday
1810,C,23,2021-02-07T08:21:48-05:00[America/New_York],2021-02-07T08:22:11-05:00[America/New_York],NA,2021-02-07,30108,Sunday
1810,<A>,65,2021-02-07T08:22:11-05:00[America/New_York],2021-02-07T08:23:16-05:00[America/New_York],Yes,2021-02-07,30131,Sunday
1810,C,23,2021-02-07T08:23:16-05:00[America/New_York],2021-02-07T08:23:39-05:00[America/New_York],NA,2021-02-07,30196,Sunday
1810,<A>,75,2021-02-07T08:23:39-05:00[America/New_York],2021-02-07T08:24:54-05:00[America/New_York],Yes,2021-02-07,30219,Sunday
1810,B,16,2021-02-07T08:24:54-05:00[America/New_York],2021-02-07T08:25:10-05:00[America/New_York],NA,2021-02-07,30294,Sunday
1810,C,23,2021-02-07T08:25:10-05:00[America/New_York],2021-02-07T08:25:33-05:00[America/New_York],NA,2021-02-07,30310,Sunday
1810,<A>,60,2021-02-07T08:25:33-05:00[America/New_York],2021-02-07T08:26:33-05:00[America/New_York],NA,2021-02-07,30333,Sunday
1810,C,23,2021-02-07T08:26:33-05:00[America/New_York],2021-02-07T08:26:56-05:00[America/New_York],NA,2021-02-07,30393,Sunday
1810,<A>,65,2021-02-07T08:26:56-05:00[America/New_York],2021-02-07T08:28:01-05:00[America/New_York],Yes,2021-02-07,30416,Sunday
1810,B,16,2021-02-07T08:28:01-05:00[America/New_York],2021-02-07T08:28:17-05:00[America/New_York],NA,2021-02-07,30481,Sunday
1810,C,23,2021-02-07T08:28:17-05:00[America/New_York],2021-02-07T08:28:40-05:00[America/New_York],NA,2021-02-07,30497,Sunday
1810,<A>,61,2021-02-07T08:28:40-05:00[America/New_York],2021-02-07T08:29:41-05:00[America/New_York],NA,2021-02-07,30520,Sunday
1810,C,23,2021-02-07T08:29:41-05:00[America/New_York],2021-02-07T08:30:04-05:00[America/New_York],NA,2021-02-07,30581,Sunday
1810,<A>,53,2021-02-07T08:30:04-05:00[America/New_York],2021-02-07T08:30:57-05:00[America/New_York],Yes,2021-02-07,30604,Sunday
1810,C,23,2021-02-07T08:30:57-05:00[America/New_York],2021-02-07T08:31:20-05:00[America/New_York],NA,2021-02-07,30657,Sunday
1810,<A>,53,2021-02-07T08:31:20-05:00[America/New_York],2021-02-07T08:32:13-05:00[America/New_York],Yes,2021-02-07,30680,Sunday
1810,C,23,2021-02-07T08:32:13-05:00[America/New_York],2021-02-07T08:32:36-05:00[America/New_York],NA,2021-02-07,30733,Sunday
1810,<A>,51,2021-02-07T08:32:36-05:00[America/New_York],2021-02-07T08:33:27-05:00[America/New_York],Yes,2021-02-07,30756,Sunday
1810,C,23,2021-02-07T08:33:27-05:00[America/New_York],2021-02-07T08:33:50-05:00[America/New_York],NA,2021-02-07,30807,Sunday
1810,<A>,62,2021-02-07T08:33:50-05:00[America/New_York],2021-02-07T08:34:52-05:00[America/New_York],NA,2021-02-07,30830,Sunday
1810,C,23,2021-02-07T08:34:52-05:00[America/New_York],2021-02-07T08:35:15-05:00[America/New_York],NA,2021-02-07,30892,Sunday
1810,<A>,77,2021-02-07T08:35:15-05:00[America/New_York],2021-02-07T08:36:32-05:00[America/New_York],NA,2021-02-07,30915,Sunday
1810,C,23,2021-02-07T08:36:32-05:00[America/New_York],2021-02-07T08:36:55-05:00[America/New_York],NA,2021-02-07,30992,Sunday
1810,<A>,61,2021-02-07T08:36:55-05:00[America/New_York],2021-02-07T08:37:56-05:00[America/New_York],Yes,2021-02-07,31015,Sunday
1810,B,16,2021-02-07T08:37:56-05:00[America/New_York],2021-02-07T08:38:12-05:00[America/New_York],NA,2021-02-07,31076,Sunday
1810,C,23,2021-02-07T08:38:12-05:00[America/New_York],2021-02-07T08:38:35-05:00[America/New_York],NA,2021-02-07,31092,Sunday
1810,<A>,61,2021-02-07T08:38:35-05:00[America/New_York],2021-02-07T08:39:36-05:00[America/New_York],Yes,2021-02-07,31115,Sunday
1810,C,23,2021-02-07T08:39:36-05:00[America/New_York],2021-02-07T08:39:59-05:00[America/New_York],NA,2021-02-07,31176,Sunday
1810,<A>,59,2021-02-07T08:39:59-05:00[America/New_York],2021-02-07T08:40:58-05:00[America/New_York],Yes,2021-02-07,31199,Sunday
1810,B,17,2021-02-07T08:40:58-05:00[America/New_York],2021-02-07T08:41:15-05:00[America/New_York],NA,2021-02-07,31258,Sunday
1810,C,23,2021-02-07T08:41:15-05:00[America/New_York],2021-02-07T08:41:38-05:00[America/New_York],NA,2021-02-07,31275,Sunday
1810,<A>,65,2021-02-07T08:41:38-05:00[America/New_York],2021-02-07T08:42:43-05:00[America/New_York],NA,2021-02-07,31298,Sunday
1810,C,23,2021-02-07T08:42:43-05:00[America/New_York],2021-02-07T08:43:06-05:00[America/New_York],NA,2021-02-07,31363,Sunday
1810,<A>,71,2021-02-07T08:43:06-05:00[America/New_York],2021-02-07T08:44:17-05:00[America/New_York],Yes,2021-02-07,31386,Sunday
1810,B,16,2021-02-07T08:44:17-05:00[America/New_York],2021-02-07T08:44:33-05:00[America/New_York],NA,2021-02-07,31457,Sunday
1810,C,23,2021-02-07T08:44:33-05:00[America/New_York],2021-02-07T08:44:56-05:00[America/New_York],NA,2021-02-07,31473,Sunday
1810,<A>,62,2021-02-07T08:44:56-05:00[America/New_York],2021-02-07T08:45:58-05:00[America/New_York],NA,2021-02-07,31496,Sunday
1810,C,23,2021-02-07T08:45:58-05:00[America/New_York],2021-02-07T08:46:21-05:00[America/New_York],NA,2021-02-07,31558,Sunday
1810,<A>,55,2021-02-07T08:46:21-05:00[America/New_York],2021-02-07T08:47:16-05:00[America/New_York],Yes,2021-02-07,31581,Sunday
1810,C,23,2021-02-07T08:47:16-05:00[America/New_York],2021-02-07T08:47:39-05:00[America/New_York],NA,2021-02-07,31636,Sunday
1810,<A>,60,2021-02-07T08:47:39-05:00[America/New_York],2021-02-07T08:48:39-05:00[America/New_York],Yes,2021-02-07,31659,Sunday
1810,C,23,2021-02-07T08:48:39-05:00[America/New_York],2021-02-07T08:49:02-05:00[America/New_York],NA,2021-02-07,31719,Sunday
1810,<A>,62,2021-02-07T08:49:02-05:00[America/New_York],2021-02-07T08:50:04-05:00[America/New_York],NA,2021-02-07,31742,Sunday
1810,C,23,2021-02-07T08:50:04-05:00[America/New_York],2021-02-07T08:50:27-05:00[America/New_York],NA,2021-02-07,31804,Sunday
1810,<A>,57,2021-02-07T08:50:27-05:00[America/New_York],2021-02-07T08:51:24-05:00[America/New_York],Yes,2021-02-07,31827,Sunday
1810,C,23,2021-02-07T08:51:24-05:00[America/New_York],2021-02-07T08:51:47-05:00[America/New_York],NA,2021-02-07,31884,Sunday
1810,<A>,70,2021-02-07T08:51:47-05:00[America/New_York],2021-02-07T08:52:57-05:00[America/New_York],Yes,2021-02-07,31907,Sunday
1810,C,23,2021-02-07T08:52:57-05:00[America/New_York],2021-02-07T08:53:20-05:00[America/New_York],NA,2021-02-07,31977,Sunday
1810,<A>,60,2021-02-07T08:53:20-05:00[America/New_York],2021-02-07T08:54:20-05:00[America/New_York],Yes,2021-02-07,32000,Sunday
1810,C,23,2021-02-07T08:54:20-05:00[America/New_York],2021-02-07T08:54:43-05:00[America/New_York],NA,2021-02-07,32060,Sunday
1810,<A>,69,2021-02-07T08:54:43-05:00[America/New_York],2021-02-07T08:55:52-05:00[America/New_York],Yes,2021-02-07,32083,Sunday
1810,C,23,2021-02-07T08:55:52-05:00[America/New_York],2021-02-07T08:56:15-05:00[America/New_York],NA,2021-02-07,32152,Sunday
1810,<A>,72,2021-02-07T08:56:15-05:00[America/New_York],2021-02-07T08:57:27-05:00[America/New_York],Yes,2021-02-07,32175,Sunday
1810,C,23,2021-02-07T08:57:27-05:00[America/New_York],2021-02-07T08:57:50-05:00[America/New_York],NA,2021-02-07,32247,Sunday
1810,<A>,70,2021-02-07T08:57:50-05:00[America/New_York],2021-02-07T08:59:00-05:00[America/New_York],Yes,2021-02-07,32270,Sunday
1810,C,23,2021-02-07T08:59:00-05:00[America/New_York],2021-02-07T08:59:23-05:00[America/New_York],NA,2021-02-07,32340,Sunday
1810,<A>,65,2021-02-07T08:59:23-05:00[America/New_York],2021-02-07T09:00:28-05:00[America/New_York],Yes,2021-02-07,32363,Sunday
1810,C,23,2021-02-07T09:00:28-05:00[America/New_York],2021-02-07T09:00:51-05:00[America/New_York],NA,2021-02-07,32428,Sunday
1810,<A>,62,2021-02-07T09:00:51-05:00[America/New_York],2021-02-07T09:01:53-05:00[America/New_York],NA,2021-02-07,32451,Sunday
1810,B,16,2021-02-07T09:01:53-05:00[America/New_York],2021-02-07T09:02:09-05:00[America/New_York],NA,2021-02-07,32513,Sunday
1810,C,23,2021-02-07T09:02:09-05:00[America/New_York],2021-02-07T09:02:32-05:00[America/New_York],NA,2021-02-07,32529,Sunday
1810,<A>,62,2021-02-07T09:02:32-05:00[America/New_York],2021-02-07T09:03:34-05:00[America/New_York],NA,2021-02-07,32552,Sunday
1810,B,17,2021-02-07T09:03:34-05:00[America/New_York],2021-02-07T09:03:51-05:00[America/New_York],NA,2021-02-07,32614,Sunday
1810,C,23,2021-02-07T09:03:51-05:00[America/New_York],2021-02-07T09:04:14-05:00[America/New_York],NA,2021-02-07,32631,Sunday
1810,<A>,62,2021-02-07T09:04:14-05:00[America/New_York],2021-02-07T09:05:16-05:00[America/New_York],NA,2021-02-07,32654,Sunday
1810,C,23,2021-02-07T09:05:16-05:00[America/New_York],2021-02-07T09:05:39-05:00[America/New_York],NA,2021-02-07,32716,Sunday
1810,<A>,66,2021-02-07T09:05:39-05:00[America/New_York],2021-02-07T09:06:45-05:00[America/New_York],Yes,2021-02-07,32739,Sunday
1810,C,23,2021-02-07T09:06:45-05:00[America/New_York],2021-02-07T09:07:08-05:00[America/New_York],NA,2021-02-07,32805,Sunday
1810,<A>,51,2021-02-07T09:07:08-05:00[America/New_York],2021-02-07T09:07:59-05:00[America/New_York],Yes,2021-02-07,32828,Sunday
1810,C,24,2021-02-07T09:07:59-05:00[America/New_York],2021-02-07T09:08:23-05:00[America/New_York],NA,2021-02-07,32879,Sunday
1810,<A>,55,2021-02-07T09:08:23-05:00[America/New_York],2021-02-07T09:09:18-05:00[America/New_York],Yes,2021-02-07,32903,Sunday
1810,B,17,2021-02-07T09:09:18-05:00[America/New_York],2021-02-07T09:09:35-05:00[America/New_York],NA,2021-02-07,32958,Sunday
1810,C,24,2021-02-07T09:09:35-05:00[America/New_York],2021-02-07T09:09:59-05:00[America/New_York],NA,2021-02-07,32975,Sunday
1810,<A>,60,2021-02-07T09:09:59-05:00[America/New_York],2021-02-07T09:10:59-05:00[America/New_York],Yes,2021-02-07,32999,Sunday
1810,B,16,2021-02-07T09:10:59-05:00[America/New_York],2021-02-07T09:11:15-05:00[America/New_York],NA,2021-02-07,33059,Sunday
1810,C,23,2021-02-07T09:11:15-05:00[America/New_York],2021-02-07T09:11:38-05:00[America/New_York],NA,2021-02-07,33075,Sunday
1810,<A>,59,2021-02-07T09:11:38-05:00[America/New_York],2021-02-07T09:12:37-05:00[America/New_York],Yes,2021-02-07,33098,Sunday
1810,C,23,2021-02-07T09:12:37-05:00[America/New_York],2021-02-07T09:13:00-05:00[America/New_York],NA,2021-02-07,33157,Sunday
1810,<A>,59,2021-02-07T09:13:00-05:00[America/New_York],2021-02-07T09:13:59-05:00[America/New_York],Yes,2021-02-07,33180,Sunday
1810,C,23,2021-02-07T09:13:59-05:00[America/New_York],2021-02-07T09:14:22-05:00[America/New_York],NA,2021-02-07,33239,Sunday
1810,<A>,61,2021-02-07T09:14:22-05:00[America/New_York],2021-02-07T09:15:23-05:00[America/New_York],Yes,2021-02-07,33262,Sunday
1810,C,23,2021-02-07T09:15:23-05:00[America/New_York],2021-02-07T09:15:46-05:00[America/New_York],NA,2021-02-07,33323,Sunday
1810,<A>,61,2021-02-07T09:15:46-05:00[America/New_York],2021-02-07T09:16:47-05:00[America/New_York],NA,2021-02-07,33346,Sunday
1810,C,23,2021-02-07T09:16:47-05:00[America/New_York],2021-02-07T09:17:10-05:00[America/New_York],NA,2021-02-07,33407,Sunday
1810,<A>,66,2021-02-07T09:17:10-05:00[America/New_York],2021-02-07T09:18:16-05:00[America/New_York],Yes,2021-02-07,33430,Sunday
1810,C,23,2021-02-07T09:18:16-05:00[America/New_York],2021-02-07T09:18:39-05:00[America/New_York],NA,2021-02-07,33496,Sunday
1810,<A>,63,2021-02-07T09:18:39-05:00[America/New_York],2021-02-07T09:19:42-05:00[America/New_York],Yes,2021-02-07,33519,Sunday
1810,B,16,2021-02-07T09:19:42-05:00[America/New_York],2021-02-07T09:19:58-05:00[America/New_York],NA,2021-02-07,33582,Sunday
1810,C,23,2021-02-07T09:19:58-05:00[America/New_York],2021-02-07T09:20:21-05:00[America/New_York],NA,2021-02-07,33598,Sunday
1810,<A>,62,2021-02-07T09:20:21-05:00[America/New_York],2021-02-07T09:21:23-05:00[America/New_York],NA,2021-02-07,33621,Sunday
1810,B,16,2021-02-07T09:21:23-05:00[America/New_York],2021-02-07T09:21:39-05:00[America/New_York],NA,2021-02-07,33683,Sunday
1810,C,23,2021-02-07T09:21:39-05:00[America/New_York],2021-02-07T09:22:02-05:00[America/New_York],NA,2021-02-07,33699,Sunday
1810,<A>,58,2021-02-07T09:22:02-05:00[America/New_York],2021-02-07T09:23:00-05:00[America/New_York],Yes,2021-02-07,33722,Sunday
1810,B,16,2021-02-07T09:23:00-05:00[America/New_York],2021-02-07T09:23:16-05:00[America/New_York],NA,2021-02-07,33780,Sunday
1810,C,23,2021-02-07T09:23:16-05:00[America/New_York],2021-02-07T09:23:39-05:00[America/New_York],NA,2021-02-07,33796,Sunday
1810,<A>,66,2021-02-07T09:23:39-05:00[America/New_York],2021-02-07T09:24:45-05:00[America/New_York],NA,2021-02-07,33819,Sunday
1810,B,16,2021-02-07T09:24:45-05:00[America/New_York],2021-02-07T09:25:01-05:00[America/New_York],NA,2021-02-07,33885,Sunday
1810,C,26,2021-02-07T09:25:01-05:00[America/New_York],2021-02-07T09:25:27-05:00[America/New_York],NA,2021-02-07,33901,Sunday
1810,<A>,59,2021-02-07T09:25:27-05:00[America/New_York],2021-02-07T09:26:26-05:00[America/New_York],NA,2021-02-07,33927,Sunday
1810,B,16,2021-02-07T09:26:26-05:00[America/New_York],2021-02-07T09:26:42-05:00[America/New_York],NA,2021-02-07,33986,Sunday
1810,C,26,2021-02-07T09:26:42-05:00[America/New_York],2021-02-07T09:27:08-05:00[America/New_York],NA,2021-02-07,34002,Sunday
1810,<A>,50,2021-02-07T09:27:08-05:00[America/New_York],2021-02-07T09:27:58-05:00[America/New_York],NA,2021-02-07,34028,Sunday
1810,B,17,2021-02-07T09:27:58-05:00[America/New_York],2021-02-07T09:28:15-05:00[America/New_York],NA,2021-02-07,34078,Sunday
1810,C,26,2021-02-07T09:28:15-05:00[America/New_York],2021-02-07T09:28:41-05:00[America/New_York],NA,2021-02-07,34095,Sunday
1810,<A>,59,2021-02-07T09:28:41-05:00[America/New_York],2021-02-07T09:29:40-05:00[America/New_York],NA,2021-02-07,34121,Sunday
1810,C,24,2021-02-07T09:29:40-05:00[America/New_York],2021-02-07T09:30:04-05:00[America/New_York],NA,2021-02-07,34180,Sunday
1810,<A>,74,2021-02-07T09:30:04-05:00[America/New_York],2021-02-07T09:31:18-05:00[America/New_York],Yes,2021-02-07,34204,Sunday
1810,B,17,2021-02-07T09:31:18-05:00[America/New_York],2021-02-07T09:31:35-05:00[America/New_York],NA,2021-02-07,34278,Sunday
1810,C,24,2021-02-07T09:31:35-05:00[America/New_York],2021-02-07T09:31:59-05:00[America/New_York],NA,2021-02-07,34295,Sunday
1810,<A>,61,2021-02-07T09:31:59-05:00[America/New_York],2021-02-07T09:33:00-05:00[America/New_York],NA,2021-02-07,34319,Sunday
1810,B,16,2021-02-07T09:33:00-05:00[America/New_York],2021-02-07T09:33:16-05:00[America/New_York],NA,2021-02-07,34380,Sunday
1810,C,24,2021-02-07T09:33:16-05:00[America/New_York],2021-02-07T09:33:40-05:00[America/New_York],NA,2021-02-07,34396,Sunday
1810,<A>,61,2021-02-07T09:33:40-05:00[America/New_York],2021-02-07T09:34:41-05:00[America/New_York],NA,2021-02-07,34420,Sunday
1810,B,16,2021-02-07T09:34:41-05:00[America/New_York],2021-02-07T09:34:57-05:00[America/New_York],NA,2021-02-07,34481,Sunday
1810,C,23,2021-02-07T09:34:57-05:00[America/New_York],2021-02-07T09:35:20-05:00[America/New_York],NA,2021-02-07,34497,Sunday
1810,<A>,62,2021-02-07T09:35:20-05:00[America/New_York],2021-02-07T09:36:22-05:00[America/New_York],NA,2021-02-07,34520,Sunday
1810,B,16,2021-02-07T09:36:22-05:00[America/New_York],2021-02-07T09:36:38-05:00[America/New_York],NA,2021-02-07,34582,Sunday
1810,C,23,2021-02-07T09:36:38-05:00[America/New_York],2021-02-07T09:37:01-05:00[America/New_York],NA,2021-02-07,34598,Sunday
1810,<A>,62,2021-02-07T09:37:01-05:00[America/New_York],2021-02-07T09:38:03-05:00[America/New_York],NA,2021-02-07,34621,Sunday
1810,C,23,2021-02-07T09:38:03-05:00[America/New_York],2021-02-07T09:38:26-05:00[America/New_York],NA,2021-02-07,34683,Sunday
1810,<A>,77,2021-02-07T09:38:26-05:00[America/New_York],2021-02-07T09:39:43-05:00[America/New_York],NA,2021-02-07,34706,Sunday
1810,C,23,2021-02-07T09:39:43-05:00[America/New_York],2021-02-07T09:40:06-05:00[America/New_York],NA,2021-02-07,34783,Sunday
1810,<A>,77,2021-02-07T09:40:06-05:00[America/New_York],2021-02-07T09:41:23-05:00[America/New_York],NA,2021-02-07,34806,Sunday
1810,C,23,2021-02-07T09:41:23-05:00[America/New_York],2021-02-07T09:41:46-05:00[America/New_York],NA,2021-02-07,34883,Sunday
1810,<A>,77,2021-02-07T09:41:46-05:00[America/New_York],2021-02-07T09:43:03-05:00[America/New_York],NA,2021-02-07,34906,Sunday
1810,C,23,2021-02-07T09:43:03-05:00[America/New_York],2021-02-07T09:43:26-05:00[America/New_York],NA,2021-02-07,34983,Sunday
1810,<A>,77,2021-02-07T09:43:26-05:00[America/New_York],2021-02-07T09:44:43-05:00[America/New_York],NA,2021-02-07,35006,Sunday
1810,B,17,2021-02-07T09:44:43-05:00[America/New_York],2021-02-07T09:45:00-05:00[America/New_York],NA,2021-02-07,35083,Sunday
1810,C,25,2021-02-07T09:45:00-05:00[America/New_York],2021-02-07T09:45:25-05:00[America/New_York],NA,2021-02-07,35100,Sunday
1810,<A>,45,2021-02-07T09:45:25-05:00[America/New_York],2021-02-07T09:46:10-05:00[America/New_York],NA,2021-02-07,35125,Sunday
1810,C,25,2021-02-07T09:46:10-05:00[America/New_York],2021-02-07T09:46:35-05:00[America/New_York],NA,2021-02-07,35170,Sunday
1810,<A>,94,2021-02-07T09:46:35-05:00[America/New_York],2021-02-07T09:48:09-05:00[America/New_York],NA,2021-02-07,35195,Sunday
1810,C,29,2021-02-07T09:48:09-05:00[America/New_York],2021-02-07T09:48:38-05:00[America/New_York],NA,2021-02-07,35289,Sunday
1810,<A>,90,2021-02-07T09:48:38-05:00[America/New_York],2021-02-07T09:50:08-05:00[America/New_York],NA,2021-02-07,35318,Sunday
1810,C,30,2021-02-07T09:50:08-05:00[America/New_York],2021-02-07T09:50:38-05:00[America/New_York],NA,2021-02-07,35408,Sunday
1810,<A>,103,2021-02-07T09:50:38-05:00[America/New_York],2021-02-07T09:52:21-05:00[America/New_York],NA,2021-02-07,35438,Sunday
1810,B,18,2021-02-07T09:52:21-05:00[America/New_York],2021-02-07T09:52:39-05:00[America/New_York],Yes,2021-02-07,35541,Sunday
1810,C,30,2021-02-07T09:52:39-05:00[America/New_York],2021-02-07T09:53:09-05:00[America/New_York],NA,2021-02-07,35559,Sunday
1810,<A>,76,2021-02-07T09:53:09-05:00[America/New_York],2021-02-07T09:54:25-05:00[America/New_York],NA,2021-02-07,35589,Sunday
1810,C,30,2021-02-07T09:54:25-05:00[America/New_York],2021-02-07T09:54:55-05:00[America/New_York],NA,2021-02-07,35665,Sunday
1810,<A>,92,2021-02-07T09:54:55-05:00[America/New_York],2021-02-07T09:56:27-05:00[America/New_York],NA,2021-02-07,35695,Sunday
1810,B,16,2021-02-07T09:56:27-05:00[America/New_York],2021-02-07T09:56:43-05:00[America/New_York],Yes,2021-02-07,35787,Sunday
1810,C,28,2021-02-07T09:56:43-05:00[America/New_York],2021-02-07T09:57:11-05:00[America/New_York],NA,2021-02-07,35803,Sunday
1810,<A>,73,2021-02-07T09:57:11-05:00[America/New_York],2021-02-07T09:58:24-05:00[America/New_York],NA,2021-02-07,35831,Sunday
1810,C,28,2021-02-07T09:58:24-05:00[America/New_York],2021-02-07T09:58:52-05:00[America/New_York],NA,2021-02-07,35904,Sunday
1810,<A>,87,2021-02-07T09:58:52-05:00[America/New_York],2021-02-07T10:00:19-05:00[America/New_York],NA,2021-02-07,35932,Sunday
1810,B,17,2021-02-07T10:00:19-05:00[America/New_York],2021-02-07T10:00:36-05:00[America/New_York],NA,2021-02-07,36019,Sunday
1810,C,27,2021-02-07T10:00:36-05:00[America/New_York],2021-02-07T10:01:03-05:00[America/New_York],NA,2021-02-07,36036,Sunday
1810,<A>,69,2021-02-07T10:01:03-05:00[America/New_York],2021-02-07T10:02:12-05:00[America/New_York],NA,2021-02-07,36063,Sunday
1810,C,27,2021-02-07T10:02:12-05:00[America/New_York],2021-02-07T10:02:39-05:00[America/New_York],NA,2021-02-07,36132,Sunday
1810,<A>,86,2021-02-07T10:02:39-05:00[America/New_York],2021-02-07T10:04:05-05:00[America/New_York],NA,2021-02-07,36159,Sunday
1810,C,27,2021-02-07T10:04:05-05:00[America/New_York],2021-02-07T10:04:32-05:00[America/New_York],NA,2021-02-07,36245,Sunday
1810,<A>,91,2021-02-07T10:04:32-05:00[America/New_York],2021-02-07T10:06:03-05:00[America/New_York],NA,2021-02-07,36272,Sunday
1810,C,27,2021-02-07T10:06:03-05:00[America/New_York],2021-02-07T10:06:30-05:00[America/New_York],NA,2021-02-07,36363,Sunday
1810,<A>,81,2021-02-07T10:06:30-05:00[America/New_York],2021-02-07T10:07:51-05:00[America/New_York],NA,2021-02-07,36390,Sunday
1810,B,16,2021-02-07T10:07:51-05:00[America/New_York],2021-02-07T10:08:07-05:00[America/New_York],NA,2021-02-07,36471,Sunday
1810,C,25,2021-02-07T10:08:07-05:00[America/New_York],2021-02-07T10:08:32-05:00[America/New_York],NA,2021-02-07,36487,Sunday
1810,<A>,66,2021-02-07T10:08:32-05:00[America/New_York],2021-02-07T10:09:38-05:00[America/New_York],NA,2021-02-07,36512,Sunday
1810,B,16,2021-02-07T10:09:38-05:00[America/New_York],2021-02-07T10:09:54-05:00[America/New_York],NA,2021-02-07,36578,Sunday
1810,C,24,2021-02-07T10:09:54-05:00[America/New_York],2021-02-07T10:10:18-05:00[America/New_York],NA,2021-02-07,36594,Sunday
1810,<A>,64,2021-02-07T10:10:18-05:00[America/New_York],2021-02-07T10:11:22-05:00[America/New_York],NA,2021-02-07,36618,Sunday
1810,B,16,2021-02-07T10:11:22-05:00[America/New_York],2021-02-07T10:11:38-05:00[America/New_York],NA,2021-02-07,36682,Sunday
1810,C,24,2021-02-07T10:11:38-05:00[America/New_York],2021-02-07T10:12:02-05:00[America/New_York],NA,2021-02-07,36698,Sunday
1810,<A>,66,2021-02-07T10:12:02-05:00[America/New_York],2021-02-07T10:13:08-05:00[America/New_York],NA,2021-02-07,36722,Sunday
1810,C,24,2021-02-07T10:13:08-05:00[America/New_York],2021-02-07T10:13:32-05:00[America/New_York],NA,2021-02-07,36788,Sunday
1810,<A>,82,2021-02-07T10:13:32-05:00[America/New_York],2021-02-07T10:14:54-05:00[America/New_York],NA,2021-02-07,36812,Sunday
1810,C,25,2021-02-07T10:14:54-05:00[America/New_York],2021-02-07T10:15:19-05:00[America/New_York],NA,2021-02-07,36894,Sunday
1810,<A>,87,2021-02-07T10:15:19-05:00[America/New_York],2021-02-07T10:16:46-05:00[America/New_York],NA,2021-02-07,36919,Sunday
1810,B,16,2021-02-07T10:16:46-05:00[America/New_York],2021-02-07T10:17:02-05:00[America/New_York],NA,2021-02-07,37006,Sunday
1810,C,29,2021-02-07T10:17:02-05:00[America/New_York],2021-02-07T10:17:31-05:00[America/New_York],NA,2021-02-07,37022,Sunday
1810,<A>,77,2021-02-07T10:17:31-05:00[America/New_York],2021-02-07T10:18:48-05:00[America/New_York],NA,2021-02-07,37051,Sunday
1810,C,29,2021-02-07T10:18:48-05:00[America/New_York],2021-02-07T10:19:17-05:00[America/New_York],NA,2021-02-07,37128,Sunday
1810,<A>,99,2021-02-07T10:19:17-05:00[America/New_York],2021-02-07T10:20:56-05:00[America/New_York],NA,2021-02-07,37157,Sunday
1810,B,16,2021-02-07T10:20:56-05:00[America/New_York],2021-02-07T10:21:12-05:00[America/New_York],Yes,2021-02-07,37256,Sunday
1810,C,31,2021-02-07T10:21:12-05:00[America/New_York],2021-02-07T10:21:43-05:00[America/New_York],NA,2021-02-07,37272,Sunday
1810,<A>,86,2021-02-07T10:21:43-05:00[America/New_York],2021-02-07T10:23:09-05:00[America/New_York],NA,2021-02-07,37303,Sunday
1810,B,16,2021-02-07T10:23:09-05:00[America/New_York],2021-02-07T10:23:25-05:00[America/New_York],Yes,2021-02-07,37389,Sunday
1810,C,30,2021-02-07T10:23:25-05:00[America/New_York],2021-02-07T10:23:55-05:00[America/New_York],NA,2021-02-07,37405,Sunday
1810,<A>,85,2021-02-07T10:23:55-05:00[America/New_York],2021-02-07T10:25:20-05:00[America/New_York],NA,2021-02-07,37435,Sunday
1810,C,30,2021-02-07T10:25:20-05:00[America/New_York],2021-02-07T10:25:50-05:00[America/New_York],NA,2021-02-07,37520,Sunday
1810,<A>,108,2021-02-07T10:25:50-05:00[America/New_York],2021-02-07T10:27:38-05:00[America/New_York],NA,2021-02-07,37550,Sunday
1810,B,20,2021-02-07T10:27:38-05:00[America/New_York],2021-02-07T10:27:58-05:00[America/New_York],NA,2021-02-07,37658,Sunday
1810,C,30,2021-02-07T10:27:58-05:00[America/New_York],2021-02-07T10:28:28-05:00[America/New_York],NA,2021-02-07,37678,Sunday
1810,<A>,77,2021-02-07T10:28:28-05:00[America/New_York],2021-02-07T10:29:45-05:00[America/New_York],NA,2021-02-07,37708,Sunday
1810,B,16,2021-02-07T10:29:45-05:00[America/New_York],2021-02-07T10:30:01-05:00[America/New_York],Yes,2021-02-07,37785,Sunday
1810,C,28,2021-02-07T10:30:01-05:00[America/New_York],2021-02-07T10:30:29-05:00[America/New_York],NA,2021-02-07,37801,Sunday
1810,<A>,74,2021-02-07T10:30:29-05:00[America/New_York],2021-02-07T10:31:43-05:00[America/New_York],NA,2021-02-07,37829,Sunday
1810,C,28,2021-02-07T10:31:43-05:00[America/New_York],2021-02-07T10:32:11-05:00[America/New_York],NA,2021-02-07,37903,Sunday
1810,<A>,83,2021-02-07T10:32:11-05:00[America/New_York],2021-02-07T10:33:34-05:00[America/New_York],NA,2021-02-07,37931,Sunday
1810,B,17,2021-02-07T10:33:34-05:00[America/New_York],2021-02-07T10:33:51-05:00[America/New_York],NA,2021-02-07,38014,Sunday
1810,C,30,2021-02-07T10:33:51-05:00[America/New_York],2021-02-07T10:34:21-05:00[America/New_York],NA,2021-02-07,38031,Sunday
1810,<A>,72,2021-02-07T10:34:21-05:00[America/New_York],2021-02-07T10:35:33-05:00[America/New_York],NA,2021-02-07,38061,Sunday
1810,B,17,2021-02-07T10:35:33-05:00[America/New_York],2021-02-07T10:35:50-05:00[America/New_York],NA,2021-02-07,38133,Sunday
1810,C,26,2021-02-07T10:35:50-05:00[America/New_York],2021-02-07T10:36:16-05:00[America/New_York],NA,2021-02-07,38150,Sunday
1810,<A>,71,2021-02-07T10:36:16-05:00[America/New_York],2021-02-07T10:37:27-05:00[America/New_York],NA,2021-02-07,38176,Sunday
1810,B,16,2021-02-07T10:37:27-05:00[America/New_York],2021-02-07T10:37:43-05:00[America/New_York],Yes,2021-02-07,38247,Sunday
1810,C,26,2021-02-07T10:37:43-05:00[America/New_York],2021-02-07T10:38:09-05:00[America/New_York],NA,2021-02-07,38263,Sunday
1810,<A>,74,2021-02-07T10:38:09-05:00[America/New_York],2021-02-07T10:39:23-05:00[America/New_York],NA,2021-02-07,38289,Sunday
1810,B,16,2021-02-07T10:39:23-05:00[America/New_York],2021-02-07T10:39:39-05:00[America/New_York],Yes,2021-02-07,38363,Sunday
1810,C,28,2021-02-07T10:39:39-05:00[America/New_York],2021-02-07T10:40:07-05:00[America/New_York],NA,2021-02-07,38379,Sunday
1810,<A>,71,2021-02-07T10:40:07-05:00[America/New_York],2021-02-07T10:41:18-05:00[America/New_York],NA,2021-02-07,38407,Sunday
1810,B,16,2021-02-07T10:41:18-05:00[America/New_York],2021-02-07T10:41:34-05:00[America/New_York],Yes,2021-02-07,38478,Sunday
1810,C,30,2021-02-07T10:41:34-05:00[America/New_York],2021-02-07T10:42:04-05:00[America/New_York],NA,2021-02-07,38494,Sunday
1810,<A>,81,2021-02-07T10:42:04-05:00[America/New_York],2021-02-07T10:43:25-05:00[America/New_York],NA,2021-02-07,38524,Sunday
1810,B,17,2021-02-07T10:43:25-05:00[America/New_York],2021-02-07T10:43:42-05:00[America/New_York],Yes,2021-02-07,38605,Sunday
1810,C,34,2021-02-07T10:43:42-05:00[America/New_York],2021-02-07T10:44:16-05:00[America/New_York],NA,2021-02-07,38622,Sunday
1810,<A>,88,2021-02-07T10:44:16-05:00[America/New_York],2021-02-07T10:45:44-05:00[America/New_York],NA,2021-02-07,38656,Sunday
1810,B,16,2021-02-07T10:45:44-05:00[America/New_York],2021-02-07T10:46:00-05:00[America/New_York],Yes,2021-02-07,38744,Sunday
1810,C,31,2021-02-07T10:46:00-05:00[America/New_York],2021-02-07T10:46:31-05:00[America/New_York],NA,2021-02-07,38760,Sunday
1810,<A>,83,2021-02-07T10:46:31-05:00[America/New_York],2021-02-07T10:47:54-05:00[America/New_York],NA,2021-02-07,38791,Sunday
1810,C,31,2021-02-07T10:47:54-05:00[America/New_York],2021-02-07T10:48:25-05:00[America/New_York],NA,2021-02-07,38874,Sunday
1810,<A>,99,2021-02-07T10:48:25-05:00[America/New_York],2021-02-07T10:50:04-05:00[America/New_York],NA,2021-02-07,38905,Sunday
1810,B,19,2021-02-07T10:50:04-05:00[America/New_York],2021-02-07T10:50:23-05:00[America/New_York],NA,2021-02-07,39004,Sunday
1810,C,27,2021-02-07T10:50:23-05:00[America/New_York],2021-02-07T10:50:50-05:00[America/New_York],NA,2021-02-07,39023,Sunday
1810,<A>,67,2021-02-07T10:50:50-05:00[America/New_York],2021-02-07T10:51:57-05:00[America/New_York],NA,2021-02-07,39050,Sunday
1810,C,27,2021-02-07T10:51:57-05:00[America/New_York],2021-02-07T10:52:24-05:00[America/New_York],NA,2021-02-07,39117,Sunday
1810,<A>,92,2021-02-07T10:52:24-05:00[America/New_York],2021-02-07T10:53:56-05:00[America/New_York],NA,2021-02-07,39144,Sunday
1810,C,27,2021-02-07T10:53:56-05:00[America/New_York],2021-02-07T10:54:23-05:00[America/New_York],NA,2021-02-07,39236,Sunday
1810,<A>,93,2021-02-07T10:54:23-05:00[America/New_York],2021-02-07T10:55:56-05:00[America/New_York],NA,2021-02-07,39263,Sunday
1810,B,16,2021-02-07T10:55:56-05:00[America/New_York],2021-02-07T10:56:12-05:00[America/New_York],Yes,2021-02-07,39356,Sunday
1810,C,28,2021-02-07T10:56:12-05:00[America/New_York],2021-02-07T10:56:40-05:00[America/New_York],NA,2021-02-07,39372,Sunday
1810,<A>,77,2021-02-07T10:56:40-05:00[America/New_York],2021-02-07T10:57:57-05:00[America/New_York],NA,2021-02-07,39400,Sunday
1810,B,16,2021-02-07T10:57:57-05:00[America/New_York],2021-02-07T10:58:13-05:00[America/New_York],Yes,2021-02-07,39477,Sunday
1810,C,26,2021-02-07T10:58:13-05:00[America/New_York],2021-02-07T10:58:39-05:00[America/New_York],NA,2021-02-07,39493,Sunday
1810,<A>,72,2021-02-07T10:58:39-05:00[America/New_York],2021-02-07T10:59:51-05:00[America/New_York],NA,2021-02-07,39519,Sunday
1810,C,26,2021-02-07T10:59:51-05:00[America/New_York],2021-02-07T11:00:17-05:00[America/New_York],NA,2021-02-07,39591,Sunday
1810,<A>,87,2021-02-07T11:00:17-05:00[America/New_York],2021-02-07T11:01:44-05:00[America/New_York],NA,2021-02-07,39617,Sunday
1810,C,26,2021-02-07T11:01:44-05:00[America/New_York],2021-02-07T11:02:10-05:00[America/New_York],NA,2021-02-07,39704,Sunday
1810,<A>,83,2021-02-07T11:02:10-05:00[America/New_York],2021-02-07T11:03:33-05:00[America/New_York],NA,2021-02-07,39730,Sunday
1810,B,16,2021-02-07T11:03:33-05:00[America/New_York],2021-02-07T11:03:49-05:00[America/New_York],NA,2021-02-07,39813,Sunday
1810,C,25,2021-02-07T11:03:49-05:00[America/New_York],2021-02-07T11:04:14-05:00[America/New_York],NA,2021-02-07,39829,Sunday
1810,<A>,68,2021-02-07T11:04:14-05:00[America/New_York],2021-02-07T11:05:22-05:00[America/New_York],NA,2021-02-07,39854,Sunday
1810,C,25,2021-02-07T11:05:22-05:00[America/New_York],2021-02-07T11:05:47-05:00[America/New_York],NA,2021-02-07,39922,Sunday
1810,<A>,85,2021-02-07T11:05:47-05:00[America/New_York],2021-02-07T11:07:12-05:00[America/New_York],NA,2021-02-07,39947,Sunday
1810,B,17,2021-02-07T11:07:12-05:00[America/New_York],2021-02-07T11:07:29-05:00[America/New_York],NA,2021-02-07,40032,Sunday
1810,C,24,2021-02-07T11:07:29-05:00[America/New_York],2021-02-07T11:07:53-05:00[America/New_York],NA,2021-02-07,40049,Sunday
1810,<A>,68,2021-02-07T11:07:53-05:00[America/New_York],2021-02-07T11:09:01-05:00[America/New_York],NA,2021-02-07,40073,Sunday
1810,B,17,2021-02-07T11:09:01-05:00[America/New_York],2021-02-07T11:09:18-05:00[America/New_York],NA,2021-02-07,40141,Sunday
1810,C,24,2021-02-07T11:09:18-05:00[America/New_York],2021-02-07T11:09:42-05:00[America/New_York],NA,2021-02-07,40158,Sunday
1810,<A>,67,2021-02-07T11:09:42-05:00[America/New_York],2021-02-07T11:10:49-05:00[America/New_York],NA,2021-02-07,40182,Sunday
1810,C,25,2021-02-07T11:10:49-05:00[America/New_York],2021-02-07T11:11:14-05:00[America/New_York],NA,2021-02-07,40249,Sunday
1810,<A>,85,2021-02-07T11:11:14-05:00[America/New_York],2021-02-07T11:12:39-05:00[America/New_York],NA,2021-02-07,40274,Sunday
1810,B,17,2021-02-07T11:12:39-05:00[America/New_York],2021-02-07T11:12:56-05:00[America/New_York],NA,2021-02-07,40359,Sunday
1810,C,23,2021-02-07T11:12:56-05:00[America/New_York],2021-02-07T11:13:19-05:00[America/New_York],NA,2021-02-07,40376,Sunday
1810,<A>,59,2021-02-07T11:13:19-05:00[America/New_York],2021-02-07T11:14:18-05:00[America/New_York],NA,2021-02-07,40399,Sunday
1810,C,23,2021-02-07T11:14:18-05:00[America/New_York],2021-02-07T11:14:41-05:00[America/New_York],NA,2021-02-07,40458,Sunday
1810,<A>,82,2021-02-07T11:14:41-05:00[America/New_York],2021-02-07T11:16:03-05:00[America/New_York],NA,2021-02-07,40481,Sunday
1810,C,24,2021-02-07T11:16:03-05:00[America/New_York],2021-02-07T11:16:27-05:00[America/New_York],NA,2021-02-07,40563,Sunday
1810,<A>,80,2021-02-07T11:16:27-05:00[America/New_York],2021-02-07T11:17:47-05:00[America/New_York],NA,2021-02-07,40587,Sunday
1810,C,25,2021-02-07T11:17:47-05:00[America/New_York],2021-02-07T11:18:12-05:00[America/New_York],NA,2021-02-07,40667,Sunday
1810,<A>,78,2021-02-07T11:18:12-05:00[America/New_York],2021-02-07T11:19:30-05:00[America/New_York],NA,2021-02-07,40692,Sunday
1810,B,17,2021-02-07T11:19:30-05:00[America/New_York],2021-02-07T11:19:47-05:00[America/New_York],NA,2021-02-07,40770,Sunday
1810,C,25,2021-02-07T11:19:47-05:00[America/New_York],2021-02-07T11:20:12-05:00[America/New_York],NA,2021-02-07,40787,Sunday
1810,<A>,63,2021-02-07T11:20:12-05:00[America/New_York],2021-02-07T11:21:15-05:00[America/New_York],NA,2021-02-07,40812,Sunday
1810,C,26,2021-02-07T11:21:15-05:00[America/New_York],2021-02-07T11:21:41-05:00[America/New_York],NA,2021-02-07,40875,Sunday
1810,<A>,81,2021-02-07T11:21:41-05:00[America/New_York],2021-02-07T11:23:02-05:00[America/New_York],NA,2021-02-07,40901,Sunday
1810,B,17,2021-02-07T11:23:02-05:00[America/New_York],2021-02-07T11:23:19-05:00[America/New_York],NA,2021-02-07,40982,Sunday
1810,C,24,2021-02-07T11:23:19-05:00[America/New_York],2021-02-07T11:23:43-05:00[America/New_York],NA,2021-02-07,40999,Sunday
1810,<A>,65,2021-02-07T11:23:43-05:00[America/New_York],2021-02-07T11:24:48-05:00[America/New_York],NA,2021-02-07,41023,Sunday
1810,C,24,2021-02-07T11:24:48-05:00[America/New_York],2021-02-07T11:25:12-05:00[America/New_York],NA,2021-02-07,41088,Sunday
1810,<A>,79,2021-02-07T11:25:12-05:00[America/New_York],2021-02-07T11:26:31-05:00[America/New_York],NA,2021-02-07,41112,Sunday
1810,C,24,2021-02-07T11:26:31-05:00[America/New_York],2021-02-07T11:26:55-05:00[America/New_York],NA,2021-02-07,41191,Sunday
1810,<A>,81,2021-02-07T11:26:55-05:00[America/New_York],2021-02-07T11:28:16-05:00[America/New_York],NA,2021-02-07,41215,Sunday
1810,B,16,2021-02-07T11:28:16-05:00[America/New_York],2021-02-07T11:28:32-05:00[America/New_York],NA,2021-02-07,41296,Sunday
1810,C,24,2021-02-07T11:28:32-05:00[America/New_York],2021-02-07T11:28:56-05:00[America/New_York],NA,2021-02-07,41312,Sunday
1810,<A>,64,2021-02-07T11:28:56-05:00[America/New_York],2021-02-07T11:30:00-05:00[America/New_York],NA,2021-02-07,41336,Sunday
1810,B,17,2021-02-07T11:30:00-05:00[America/New_York],2021-02-07T11:30:17-05:00[America/New_York],NA,2021-02-07,41400,Sunday
1810,C,22,2021-02-07T11:30:17-05:00[America/New_York],2021-02-07T11:30:39-05:00[America/New_York],NA,2021-02-07,41417,Sunday
1810,<A>,63,2021-02-07T11:30:39-05:00[America/New_York],2021-02-07T11:31:42-05:00[America/New_York],NA,2021-02-07,41439,Sunday
1810,B,16,2021-02-07T11:31:42-05:00[America/New_York],2021-02-07T11:31:58-05:00[America/New_York],NA,2021-02-07,41502,Sunday
1810,C,23,2021-02-07T11:31:58-05:00[America/New_York],2021-02-07T11:32:21-05:00[America/New_York],NA,2021-02-07,41518,Sunday
1810,<A>,62,2021-02-07T11:32:21-05:00[America/New_York],2021-02-07T11:33:23-05:00[America/New_York],NA,2021-02-07,41541,Sunday
1810,B,16,2021-02-07T11:33:23-05:00[America/New_York],2021-02-07T11:33:39-05:00[America/New_York],NA,2021-02-07,41603,Sunday
1810,C,23,2021-02-07T11:33:39-05:00[America/New_York],2021-02-07T11:34:02-05:00[America/New_York],NA,2021-02-07,41619,Sunday
1810,<A>,62,2021-02-07T11:34:02-05:00[America/New_York],2021-02-07T11:35:04-05:00[America/New_York],NA,2021-02-07,41642,Sunday
1810,C,23,2021-02-07T11:35:04-05:00[America/New_York],2021-02-07T11:35:27-05:00[America/New_York],NA,2021-02-07,41704,Sunday
1810,<A>,56,2021-02-07T11:35:27-05:00[America/New_York],2021-02-07T11:36:23-05:00[America/New_York],Yes,2021-02-07,41727,Sunday
1810,C,23,2021-02-07T11:36:23-05:00[America/New_York],2021-02-07T11:36:46-05:00[America/New_York],NA,2021-02-07,41783,Sunday
1810,<A>,74,2021-02-07T11:36:46-05:00[America/New_York],2021-02-07T11:38:00-05:00[America/New_York],Yes,2021-02-07,41806,Sunday
1810,C,23,2021-02-07T11:38:00-05:00[America/New_York],2021-02-07T11:38:23-05:00[America/New_York],NA,2021-02-07,41880,Sunday
1810,<A>,62,2021-02-07T11:38:23-05:00[America/New_York],2021-02-07T11:39:25-05:00[America/New_York],NA,2021-02-07,41903,Sunday
1810,C,23,2021-02-07T11:39:25-05:00[America/New_York],2021-02-07T11:39:48-05:00[America/New_York],NA,2021-02-07,41965,Sunday
1810,<A>,62,2021-02-07T11:39:48-05:00[America/New_York],2021-02-07T11:40:50-05:00[America/New_York],Yes,2021-02-07,41988,Sunday
1810,C,23,2021-02-07T11:40:50-05:00[America/New_York],2021-02-07T11:41:13-05:00[America/New_York],NA,2021-02-07,42050,Sunday
1810,<A>,59,2021-02-07T11:41:13-05:00[America/New_York],2021-02-07T11:42:12-05:00[America/New_York],Yes,2021-02-07,42073,Sunday
1810,C,23,2021-02-07T11:42:12-05:00[America/New_York],2021-02-07T11:42:35-05:00[America/New_York],NA,2021-02-07,42132,Sunday
1810,<A>,49,2021-02-07T11:42:35-05:00[America/New_York],2021-02-07T11:43:24-05:00[America/New_York],Yes,2021-02-07,42155,Sunday
1810,C,23,2021-02-07T11:43:24-05:00[America/New_York],2021-02-07T11:43:47-05:00[America/New_York],NA,2021-02-07,42204,Sunday
1810,<A>,61,2021-02-07T11:43:47-05:00[America/New_York],2021-02-07T11:44:48-05:00[America/New_York],Yes,2021-02-07,42227,Sunday
1810,B,17,2021-02-07T11:44:48-05:00[America/New_York],2021-02-07T11:45:05-05:00[America/New_York],NA,2021-02-07,42288,Sunday
1810,C,23,2021-02-07T11:45:05-05:00[America/New_York],2021-02-07T11:45:28-05:00[America/New_York],NA,2021-02-07,42305,Sunday
1810,<A>,63,2021-02-07T11:45:28-05:00[America/New_York],2021-02-07T11:46:31-05:00[America/New_York],NA,2021-02-07,42328,Sunday
1810,B,17,2021-02-07T11:46:31-05:00[America/New_York],2021-02-07T11:46:48-05:00[America/New_York],NA,2021-02-07,42391,Sunday
1810,C,23,2021-02-07T11:46:48-05:00[America/New_York],2021-02-07T11:47:11-05:00[America/New_York],NA,2021-02-07,42408,Sunday
1810,<A>,62,2021-02-07T11:47:11-05:00[America/New_York],2021-02-07T11:48:13-05:00[America/New_York],NA,2021-02-07,42431,Sunday
1810,B,17,2021-02-07T11:48:13-05:00[America/New_York],2021-02-07T11:48:30-05:00[America/New_York],NA,2021-02-07,42493,Sunday
1810,C,23,2021-02-07T11:48:30-05:00[America/New_York],2021-02-07T11:48:53-05:00[America/New_York],NA,2021-02-07,42510,Sunday
1810,<A>,62,2021-02-07T11:48:53-05:00[America/New_York],2021-02-07T11:49:55-05:00[America/New_York],NA,2021-02-07,42533,Sunday
1810,C,23,2021-02-07T11:49:55-05:00[America/New_York],2021-02-07T11:50:18-05:00[America/New_York],NA,2021-02-07,42595,Sunday
1810,<A>,64,2021-02-07T11:50:18-05:00[America/New_York],2021-02-07T11:51:22-05:00[America/New_York],Yes,2021-02-07,42618,Sunday
1810,C,23,2021-02-07T11:51:22-05:00[America/New_York],2021-02-07T11:51:45-05:00[America/New_York],NA,2021-02-07,42682,Sunday
1810,<A>,78,2021-02-07T11:51:45-05:00[America/New_York],2021-02-07T11:53:03-05:00[America/New_York],Yes,2021-02-07,42705,Sunday
1810,B,17,2021-02-07T11:53:03-05:00[America/New_York],2021-02-07T11:53:20-05:00[America/New_York],NA,2021-02-07,42783,Sunday
1810,C,23,2021-02-07T11:53:20-05:00[America/New_York],2021-02-07T11:53:43-05:00[America/New_York],NA,2021-02-07,42800,Sunday
1810,<A>,60,2021-02-07T11:53:43-05:00[America/New_York],2021-02-07T11:54:43-05:00[America/New_York],Yes,2021-02-07,42823,Sunday
1810,C,23,2021-02-07T11:54:43-05:00[America/New_York],2021-02-07T11:55:06-05:00[America/New_York],NA,2021-02-07,42883,Sunday
1810,<A>,50,2021-02-07T11:55:06-05:00[America/New_York],2021-02-07T11:55:56-05:00[America/New_York],Yes,2021-02-07,42906,Sunday
1810,C,23,2021-02-07T11:55:56-05:00[America/New_York],2021-02-07T11:56:19-05:00[America/New_York],NA,2021-02-07,42956,Sunday
1810,<A>,62,2021-02-07T11:56:19-05:00[America/New_York],2021-02-07T11:57:21-05:00[America/New_York],NA,2021-02-07,42979,Sunday
1810,C,23,2021-02-07T11:57:21-05:00[America/New_York],2021-02-07T11:57:44-05:00[America/New_York],NA,2021-02-07,43041,Sunday
1810,<A>,74,2021-02-07T11:57:44-05:00[America/New_York],2021-02-07T11:58:58-05:00[America/New_York],Yes,2021-02-07,43064,Sunday
1810,B,17,2021-02-07T11:58:58-05:00[America/New_York],2021-02-07T11:59:15-05:00[America/New_York],NA,2021-02-07,43138,Sunday
1810,C,23,2021-02-07T11:59:15-05:00[America/New_York],2021-02-07T11:59:38-05:00[America/New_York],NA,2021-02-07,43155,Sunday
1810,<A>,62,2021-02-07T11:59:38-05:00[America/New_York],2021-02-07T12:00:40-05:00[America/New_York],NA,2021-02-07,43178,Sunday
1810,C,23,2021-02-07T12:00:40-05:00[America/New_York],2021-02-07T12:01:03-05:00[America/New_York],NA,2021-02-07,43240,Sunday
1810,<A>,53,2021-02-07T12:01:03-05:00[America/New_York],2021-02-07T12:01:56-05:00[America/New_York],Yes,2021-02-07,43263,Sunday
1810,C,23,2021-02-07T12:01:56-05:00[America/New_York],2021-02-07T12:02:19-05:00[America/New_York],NA,2021-02-07,43316,Sunday
1810,<A>,62,2021-02-07T12:02:19-05:00[America/New_York],2021-02-07T12:03:21-05:00[America/New_York],NA,2021-02-07,43339,Sunday
1810,C,23,2021-02-07T12:03:21-05:00[America/New_York],2021-02-07T12:03:44-05:00[America/New_York],NA,2021-02-07,43401,Sunday
1810,<A>,77,2021-02-07T12:03:44-05:00[America/New_York],2021-02-07T12:05:01-05:00[America/New_York],NA,2021-02-07,43424,Sunday
1810,B,16,2021-02-07T12:05:01-05:00[America/New_York],2021-02-07T12:05:17-05:00[America/New_York],NA,2021-02-07,43501,Sunday
1810,C,23,2021-02-07T12:05:17-05:00[America/New_York],2021-02-07T12:05:40-05:00[America/New_York],NA,2021-02-07,43517,Sunday
1810,<A>,62,2021-02-07T12:05:40-05:00[America/New_York],2021-02-07T12:06:42-05:00[America/New_York],NA,2021-02-07,43540,Sunday
1810,C,23,2021-02-07T12:06:42-05:00[America/New_York],2021-02-07T12:07:05-05:00[America/New_York],NA,2021-02-07,43602,Sunday
1810,<A>,61,2021-02-07T12:07:05-05:00[America/New_York],2021-02-07T12:08:06-05:00[America/New_York],Yes,2021-02-07,43625,Sunday
1810,B,17,2021-02-07T12:08:06-05:00[America/New_York],2021-02-07T12:08:23-05:00[America/New_York],NA,2021-02-07,43686,Sunday
1810,C,23,2021-02-07T12:08:23-05:00[America/New_York],2021-02-07T12:08:46-05:00[America/New_York],NA,2021-02-07,43703,Sunday
1810,<A>,63,2021-02-07T12:08:46-05:00[America/New_York],2021-02-07T12:09:49-05:00[America/New_York],NA,2021-02-07,43726,Sunday
1810,B,17,2021-02-07T12:09:49-05:00[America/New_York],2021-02-07T12:10:06-05:00[America/New_York],NA,2021-02-07,43789,Sunday
1810,C,23,2021-02-07T12:10:06-05:00[America/New_York],2021-02-07T12:10:29-05:00[America/New_York],NA,2021-02-07,43806,Sunday
1810,<A>,62,2021-02-07T12:10:29-05:00[America/New_York],2021-02-07T12:11:31-05:00[America/New_York],NA,2021-02-07,43829,Sunday
1810,B,16,2021-02-07T12:11:31-05:00[America/New_York],2021-02-07T12:11:47-05:00[America/New_York],NA,2021-02-07,43891,Sunday
1810,C,23,2021-02-07T12:11:47-05:00[America/New_York],2021-02-07T12:12:10-05:00[America/New_York],NA,2021-02-07,43907,Sunday
1810,<A>,57,2021-02-07T12:12:10-05:00[America/New_York],2021-02-07T12:13:07-05:00[America/New_York],Yes,2021-02-07,43930,Sunday
1810,C,23,2021-02-07T12:13:07-05:00[America/New_York],2021-02-07T12:13:30-05:00[America/New_York],NA,2021-02-07,43987,Sunday
1810,<A>,65,2021-02-07T12:13:30-05:00[America/New_York],2021-02-07T12:14:35-05:00[America/New_York],Yes,2021-02-07,44010,Sunday
1810,C,23,2021-02-07T12:14:35-05:00[America/New_York],2021-02-07T12:14:58-05:00[America/New_York],NA,2021-02-07,44075,Sunday
1810,<A>,65,2021-02-07T12:14:58-05:00[America/New_York],2021-02-07T12:16:03-05:00[America/New_York],Yes,2021-02-07,44098,Sunday
1810,B,16,2021-02-07T12:16:03-05:00[America/New_York],2021-02-07T12:16:19-05:00[America/New_York],NA,2021-02-07,44163,Sunday
1810,C,23,2021-02-07T12:16:19-05:00[America/New_York],2021-02-07T12:16:42-05:00[America/New_York],NA,2021-02-07,44179,Sunday
1810,<A>,53,2021-02-07T12:16:42-05:00[America/New_York],2021-02-07T12:17:35-05:00[America/New_York],Yes,2021-02-07,44202,Sunday
1810,C,23,2021-02-07T12:17:35-05:00[America/New_York],2021-02-07T12:17:58-05:00[America/New_York],NA,2021-02-07,44255,Sunday
1810,<A>,86,2021-02-07T12:17:58-05:00[America/New_York],2021-02-07T12:19:24-05:00[America/New_York],NA,2021-02-07,44278,Sunday
1810,B,16,2021-02-07T12:19:24-05:00[America/New_York],2021-02-07T12:19:40-05:00[America/New_York],NA,2021-02-07,44364,Sunday
1810,C,27,2021-02-07T12:19:40-05:00[America/New_York],2021-02-07T12:20:07-05:00[America/New_York],NA,2021-02-07,44380,Sunday
1810,<A>,45,2021-02-07T12:20:07-05:00[America/New_York],2021-02-07T12:20:52-05:00[America/New_York],NA,2021-02-07,44407,Sunday
1810,B,16,2021-02-07T12:20:52-05:00[America/New_York],2021-02-07T12:21:08-05:00[America/New_York],NA,2021-02-07,44452,Sunday
1810,C,16,2021-02-07T12:21:08-05:00[America/New_York],2021-02-07T12:21:24-05:00[America/New_York],NA,2021-02-07,44468,Sunday
1810,<A>,45,2021-02-07T12:21:24-05:00[America/New_York],2021-02-07T12:22:09-05:00[America/New_York],NA,2021-02-07,44484,Sunday
1810,C,26,2021-02-07T12:22:09-05:00[America/New_York],2021-02-07T12:22:35-05:00[America/New_York],NA,2021-02-07,44529,Sunday
1810,<A>,100,2021-02-07T12:22:35-05:00[America/New_York],2021-02-07T12:24:15-05:00[America/New_York],NA,2021-02-07,44555,Sunday
1810,C,29,2021-02-07T12:24:15-05:00[America/New_York],2021-02-07T12:24:44-05:00[America/New_York],NA,2021-02-07,44655,Sunday
1810,<A>,86,2021-02-07T12:24:44-05:00[America/New_York],2021-02-07T12:26:10-05:00[America/New_York],NA,2021-02-07,44684,Sunday
1810,C,26,2021-02-07T12:26:10-05:00[America/New_York],2021-02-07T12:26:36-05:00[America/New_York],NA,2021-02-07,44770,Sunday
1810,<A>,80,2021-02-07T12:26:36-05:00[America/New_York],2021-02-07T12:27:56-05:00[America/New_York],NA,2021-02-07,44796,Sunday
1810,B,16,2021-02-07T12:27:56-05:00[America/New_York],2021-02-07T12:28:12-05:00[America/New_York],NA,2021-02-07,44876,Sunday
1810,C,23,2021-02-07T12:28:12-05:00[America/New_York],2021-02-07T12:28:35-05:00[America/New_York],NA,2021-02-07,44892,Sunday
1810,<A>,63,2021-02-07T12:28:35-05:00[America/New_York],2021-02-07T12:29:38-05:00[America/New_York],NA,2021-02-07,44915,Sunday
1810,B,17,2021-02-07T12:29:38-05:00[America/New_York],2021-02-07T12:29:55-05:00[America/New_York],NA,2021-02-07,44978,Sunday
1810,C,20,2021-02-07T12:29:55-05:00[America/New_York],2021-02-07T12:30:15-05:00[America/New_York],NA,2021-02-07,44995,Sunday
1810,<A>,59,2021-02-07T12:30:15-05:00[America/New_York],2021-02-07T12:31:14-05:00[America/New_York],NA,2021-02-07,45015,Sunday
1810,B,16,2021-02-07T12:31:14-05:00[America/New_York],2021-02-07T12:31:30-05:00[America/New_York],NA,2021-02-07,45074,Sunday
1810,C,22,2021-02-07T12:31:30-05:00[America/New_York],2021-02-07T12:31:52-05:00[America/New_York],NA,2021-02-07,45090,Sunday
1810,<A>,64,2021-02-07T12:31:52-05:00[America/New_York],2021-02-07T12:32:56-05:00[America/New_York],NA,2021-02-07,45112,Sunday
1810,B,17,2021-02-07T12:32:56-05:00[America/New_York],2021-02-07T12:33:13-05:00[America/New_York],NA,2021-02-07,45176,Sunday
1810,C,22,2021-02-07T12:33:13-05:00[America/New_York],2021-02-07T12:33:35-05:00[America/New_York],NA,2021-02-07,45193,Sunday
1810,<A>,66,2021-02-07T12:33:35-05:00[America/New_York],2021-02-07T12:34:41-05:00[America/New_York],NA,2021-02-07,45215,Sunday
1810,B,17,2021-02-07T12:34:41-05:00[America/New_York],2021-02-07T12:34:58-05:00[America/New_York],NA,2021-02-07,45281,Sunday
1810,C,23,2021-02-07T12:34:58-05:00[America/New_York],2021-02-07T12:35:21-05:00[America/New_York],NA,2021-02-07,45298,Sunday
1810,<A>,64,2021-02-07T12:35:21-05:00[America/New_York],2021-02-07T12:36:25-05:00[America/New_York],NA,2021-02-07,45321,Sunday
1810,C,24,2021-02-07T12:36:25-05:00[America/New_York],2021-02-07T12:36:49-05:00[America/New_York],NA,2021-02-07,45385,Sunday
1810,<A>,79,2021-02-07T12:36:49-05:00[America/New_York],2021-02-07T12:38:08-05:00[America/New_York],NA,2021-02-07,45409,Sunday
1810,C,23,2021-02-07T12:38:08-05:00[America/New_York],2021-02-07T12:38:31-05:00[America/New_York],NA,2021-02-07,45488,Sunday
1810,<A>,79,2021-02-07T12:38:31-05:00[America/New_York],2021-02-07T12:39:50-05:00[America/New_York],NA,2021-02-07,45511,Sunday
1810,C,23,2021-02-07T12:39:50-05:00[America/New_York],2021-02-07T12:40:13-05:00[America/New_York],NA,2021-02-07,45590,Sunday
1810,<A>,80,2021-02-07T12:40:13-05:00[America/New_York],2021-02-07T12:41:33-05:00[America/New_York],NA,2021-02-07,45613,Sunday
1810,B,16,2021-02-07T12:41:33-05:00[America/New_York],2021-02-07T12:41:49-05:00[America/New_York],NA,2021-02-07,45693,Sunday
1810,C,27,2021-02-07T12:41:49-05:00[America/New_York],2021-02-07T12:42:16-05:00[America/New_York],NA,2021-02-07,45709,Sunday
1810,<A>,72,2021-02-07T12:42:16-05:00[America/New_York],2021-02-07T12:43:28-05:00[America/New_York],NA,2021-02-07,45736,Sunday
1810,B,16,2021-02-07T12:43:28-05:00[America/New_York],2021-02-07T12:43:44-05:00[America/New_York],NA,2021-02-07,45808,Sunday
1810,C,28,2021-02-07T12:43:44-05:00[America/New_York],2021-02-07T12:44:12-05:00[America/New_York],NA,2021-02-07,45824,Sunday
1810,<A>,76,2021-02-07T12:44:12-05:00[America/New_York],2021-02-07T12:45:28-05:00[America/New_York],NA,2021-02-07,45852,Sunday
1810,B,17,2021-02-07T12:45:28-05:00[America/New_York],2021-02-07T12:45:45-05:00[America/New_York],NA,2021-02-07,45928,Sunday
1810,C,26,2021-02-07T12:45:45-05:00[America/New_York],2021-02-07T12:46:11-05:00[America/New_York],NA,2021-02-07,45945,Sunday
1810,<A>,74,2021-02-07T12:46:11-05:00[America/New_York],2021-02-07T12:47:25-05:00[America/New_York],NA,2021-02-07,45971,Sunday
1810,C,26,2021-02-07T12:47:25-05:00[America/New_York],2021-02-07T12:47:51-05:00[America/New_York],NA,2021-02-07,46045,Sunday
1810,<A>,84,2021-02-07T12:47:51-05:00[America/New_York],2021-02-07T12:49:15-05:00[America/New_York],NA,2021-02-07,46071,Sunday
1810,C,25,2021-02-07T12:49:15-05:00[America/New_York],2021-02-07T12:49:40-05:00[America/New_York],NA,2021-02-07,46155,Sunday
1810,<A>,73,2021-02-07T12:49:40-05:00[America/New_York],2021-02-07T12:50:53-05:00[America/New_York],NA,2021-02-07,46180,Sunday
1810,C,22,2021-02-07T12:50:53-05:00[America/New_York],2021-02-07T12:51:15-05:00[America/New_York],NA,2021-02-07,46253,Sunday
1810,<A>,54,2021-02-07T12:51:15-05:00[America/New_York],2021-02-07T12:52:09-05:00[America/New_York],Yes,2021-02-07,46275,Sunday
1810,C,23,2021-02-07T12:52:09-05:00[America/New_York],2021-02-07T12:52:32-05:00[America/New_York],NA,2021-02-07,46329,Sunday
1810,<A>,71,2021-02-07T12:52:32-05:00[America/New_York],2021-02-07T12:53:43-05:00[America/New_York],Yes,2021-02-07,46352,Sunday
1810,C,23,2021-02-07T12:53:43-05:00[America/New_York],2021-02-07T12:54:06-05:00[America/New_York],NA,2021-02-07,46423,Sunday
1810,<A>,61,2021-02-07T12:54:06-05:00[America/New_York],2021-02-07T12:55:07-05:00[America/New_York],NA,2021-02-07,46446,Sunday
1810,C,23,2021-02-07T12:55:07-05:00[America/New_York],2021-02-07T12:55:30-05:00[America/New_York],NA,2021-02-07,46507,Sunday
1810,<A>,58,2021-02-07T12:55:30-05:00[America/New_York],2021-02-07T12:56:28-05:00[America/New_York],Yes,2021-02-07,46530,Sunday
1810,C,23,2021-02-07T12:56:28-05:00[America/New_York],2021-02-07T12:56:51-05:00[America/New_York],NA,2021-02-07,46588,Sunday
1810,<A>,97,2021-02-07T12:56:51-05:00[America/New_York],2021-02-07T12:58:28-05:00[America/New_York],NA,2021-02-07,46611,Sunday
1810,C,23,2021-02-07T12:58:28-05:00[America/New_York],2021-02-07T12:58:51-05:00[America/New_York],NA,2021-02-07,46708,Sunday
1810,<A>,65,2021-02-07T12:58:51-05:00[America/New_York],2021-02-07T12:59:56-05:00[America/New_York],Yes,2021-02-07,46731,Sunday
1810,B,16,2021-02-07T12:59:56-05:00[America/New_York],2021-02-07T13:00:12-05:00[America/New_York],NA,2021-02-07,46796,Sunday
1810,C,23,2021-02-07T13:00:12-05:00[America/New_York],2021-02-07T13:00:35-05:00[America/New_York],NA,2021-02-07,46812,Sunday
1810,<A>,61,2021-02-07T13:00:35-05:00[America/New_York],2021-02-07T13:01:36-05:00[America/New_York],NA,2021-02-07,46835,Sunday
1810,C,23,2021-02-07T13:01:36-05:00[America/New_York],2021-02-07T13:01:59-05:00[America/New_York],NA,2021-02-07,46896,Sunday
1810,<A>,54,2021-02-07T13:01:59-05:00[America/New_York],2021-02-07T13:02:53-05:00[America/New_York],Yes,2021-02-07,46919,Sunday
1810,B,16,2021-02-07T13:02:53-05:00[America/New_York],2021-02-07T13:03:09-05:00[America/New_York],NA,2021-02-07,46973,Sunday
1810,C,23,2021-02-07T13:03:09-05:00[America/New_York],2021-02-07T13:03:32-05:00[America/New_York],NA,2021-02-07,46989,Sunday
1810,<A>,66,2021-02-07T13:03:32-05:00[America/New_York],2021-02-07T13:04:38-05:00[America/New_York],Yes,2021-02-07,47012,Sunday
1810,B,16,2021-02-07T13:04:38-05:00[America/New_York],2021-02-07T13:04:54-05:00[America/New_York],NA,2021-02-07,47078,Sunday
1810,C,23,2021-02-07T13:04:54-05:00[America/New_York],2021-02-07T13:05:17-05:00[America/New_York],NA,2021-02-07,47094,Sunday
1810,<A>,62,2021-02-07T13:05:17-05:00[America/New_York],2021-02-07T13:06:19-05:00[America/New_York],NA,2021-02-07,47117,Sunday
1810,C,23,2021-02-07T13:06:19-05:00[America/New_York],2021-02-07T13:06:42-05:00[America/New_York],NA,2021-02-07,47179,Sunday
1810,<A>,63,2021-02-07T13:06:42-05:00[America/New_York],2021-02-07T13:07:45-05:00[America/New_York],Yes,2021-02-07,47202,Sunday
1810,B,17,2021-02-07T13:07:45-05:00[America/New_York],2021-02-07T13:08:02-05:00[America/New_York],NA,2021-02-07,47265,Sunday
1810,C,23,2021-02-07T13:08:02-05:00[America/New_York],2021-02-07T13:08:25-05:00[America/New_York],NA,2021-02-07,47282,Sunday
1810,<A>,62,2021-02-07T13:08:25-05:00[America/New_York],2021-02-07T13:09:27-05:00[America/New_York],NA,2021-02-07,47305,Sunday
1810,C,23,2021-02-07T13:09:27-05:00[America/New_York],2021-02-07T13:09:50-05:00[America/New_York],NA,2021-02-07,47367,Sunday
1810,<A>,51,2021-02-07T13:09:50-05:00[America/New_York],2021-02-07T13:10:41-05:00[America/New_York],Yes,2021-02-07,47390,Sunday
1810,C,23,2021-02-07T13:10:41-05:00[America/New_York],2021-02-07T13:11:04-05:00[America/New_York],NA,2021-02-07,47441,Sunday
1810,<A>,62,2021-02-07T13:11:04-05:00[America/New_York],2021-02-07T13:12:06-05:00[America/New_York],NA,2021-02-07,47464,Sunday
1810,C,23,2021-02-07T13:12:06-05:00[America/New_York],2021-02-07T13:12:29-05:00[America/New_York],NA,2021-02-07,47526,Sunday
1810,<A>,63,2021-02-07T13:12:29-05:00[America/New_York],2021-02-07T13:13:32-05:00[America/New_York],Yes,2021-02-07,47549,Sunday
1810,C,23,2021-02-07T13:13:32-05:00[America/New_York],2021-02-07T13:13:55-05:00[America/New_York],NA,2021-02-07,47612,Sunday
1810,<A>,55,2021-02-07T13:13:55-05:00[America/New_York],2021-02-07T13:14:50-05:00[America/New_York],Yes,2021-02-07,47635,Sunday
1810,C,23,2021-02-07T13:14:50-05:00[America/New_York],2021-02-07T13:15:13-05:00[America/New_York],NA,2021-02-07,47690,Sunday
1810,<A>,62,2021-02-07T13:15:13-05:00[America/New_York],2021-02-07T13:16:15-05:00[America/New_York],NA,2021-02-07,47713,Sunday
1810,B,16,2021-02-07T13:16:15-05:00[America/New_York],2021-02-07T13:16:31-05:00[America/New_York],NA,2021-02-07,47775,Sunday
1810,C,23,2021-02-07T13:16:31-05:00[America/New_York],2021-02-07T13:16:54-05:00[America/New_York],NA,2021-02-07,47791,Sunday
1810,<A>,61,2021-02-07T13:16:54-05:00[America/New_York],2021-02-07T13:17:55-05:00[America/New_York],NA,2021-02-07,47814,Sunday
1810,C,23,2021-02-07T13:17:55-05:00[America/New_York],2021-02-07T13:18:18-05:00[America/New_York],NA,2021-02-07,47875,Sunday
1810,<A>,60,2021-02-07T13:18:18-05:00[America/New_York],2021-02-07T13:19:18-05:00[America/New_York],Yes,2021-02-07,47898,Sunday
1810,C,23,2021-02-07T13:19:18-05:00[America/New_York],2021-02-07T13:19:41-05:00[America/New_York],NA,2021-02-07,47958,Sunday
1810,<A>,74,2021-02-07T13:19:41-05:00[America/New_York],2021-02-07T13:20:55-05:00[America/New_York],Yes,2021-02-07,47981,Sunday
1810,C,23,2021-02-07T13:20:55-05:00[America/New_York],2021-02-07T13:21:18-05:00[America/New_York],NA,2021-02-07,48055,Sunday
1810,<A>,60,2021-02-07T13:21:18-05:00[America/New_York],2021-02-07T13:22:18-05:00[America/New_York],Yes,2021-02-07,48078,Sunday
1810,B,17,2021-02-07T13:22:18-05:00[America/New_York],2021-02-07T13:22:35-05:00[America/New_York],NA,2021-02-07,48138,Sunday
1810,C,23,2021-02-07T13:22:35-05:00[America/New_York],2021-02-07T13:22:58-05:00[America/New_York],NA,2021-02-07,48155,Sunday
1810,<A>,59,2021-02-07T13:22:58-05:00[America/New_York],2021-02-07T13:23:57-05:00[America/New_York],Yes,2021-02-07,48178,Sunday
1810,B,17,2021-02-07T13:23:57-05:00[America/New_York],2021-02-07T13:24:14-05:00[America/New_York],NA,2021-02-07,48237,Sunday
1810,C,23,2021-02-07T13:24:14-05:00[America/New_York],2021-02-07T13:24:37-05:00[America/New_York],NA,2021-02-07,48254,Sunday
1810,<A>,65,2021-02-07T13:24:37-05:00[America/New_York],2021-02-07T13:25:42-05:00[America/New_York],NA,2021-02-07,48277,Sunday
1810,C,23,2021-02-07T13:25:42-05:00[America/New_York],2021-02-07T13:26:05-05:00[America/New_York],NA,2021-02-07,48342,Sunday
1810,<A>,74,2021-02-07T13:26:05-05:00[America/New_York],2021-02-07T13:27:19-05:00[America/New_York],Yes,2021-02-07,48365,Sunday
1810,C,23,2021-02-07T13:27:19-05:00[America/New_York],2021-02-07T13:27:42-05:00[America/New_York],NA,2021-02-07,48439,Sunday
1810,<A>,63,2021-02-07T13:27:42-05:00[America/New_York],2021-02-07T13:28:45-05:00[America/New_York],Yes,2021-02-07,48462,Sunday
1810,C,23,2021-02-07T13:28:45-05:00[America/New_York],2021-02-07T13:29:08-05:00[America/New_York],NA,2021-02-07,48525,Sunday
1810,<A>,56,2021-02-07T13:29:08-05:00[America/New_York],2021-02-07T13:30:04-05:00[America/New_York],Yes,2021-02-07,48548,Sunday
1810,B,17,2021-02-07T13:30:04-05:00[America/New_York],2021-02-07T13:30:21-05:00[America/New_York],NA,2021-02-07,48604,Sunday
1810,C,23,2021-02-07T13:30:21-05:00[America/New_York],2021-02-07T13:30:44-05:00[America/New_York],NA,2021-02-07,48621,Sunday
1810,<A>,62,2021-02-07T13:30:44-05:00[America/New_York],2021-02-07T13:31:46-05:00[America/New_York],Yes,2021-02-07,48644,Sunday
1810,C,23,2021-02-07T13:31:46-05:00[America/New_York],2021-02-07T13:32:09-05:00[America/New_York],NA,2021-02-07,48706,Sunday
1810,<A>,80,2021-02-07T13:32:09-05:00[America/New_York],2021-02-07T13:33:29-05:00[America/New_York],Yes,2021-02-07,48729,Sunday
1810,C,23,2021-02-07T13:33:29-05:00[America/New_York],2021-02-07T13:33:52-05:00[America/New_York],NA,2021-02-07,48809,Sunday
1810,<A>,80,2021-02-07T13:33:52-05:00[America/New_York],2021-02-07T13:35:12-05:00[America/New_York],NA,2021-02-07,48832,Sunday
1810,C,24,2021-02-07T13:35:12-05:00[America/New_York],2021-02-07T13:35:36-05:00[America/New_York],NA,2021-02-07,48912,Sunday
1810,<A>,63,2021-02-07T13:35:36-05:00[America/New_York],2021-02-07T13:36:39-05:00[America/New_York],Yes,2021-02-07,48936,Sunday
1810,B,16,2021-02-07T13:36:39-05:00[America/New_York],2021-02-07T13:36:55-05:00[America/New_York],NA,2021-02-07,48999,Sunday
1810,C,23,2021-02-07T13:36:55-05:00[America/New_York],2021-02-07T13:37:18-05:00[America/New_York],NA,2021-02-07,49015,Sunday
1810,<A>,60,2021-02-07T13:37:18-05:00[America/New_York],2021-02-07T13:38:18-05:00[America/New_York],Yes,2021-02-07,49038,Sunday
1810,C,23,2021-02-07T13:38:18-05:00[America/New_York],2021-02-07T13:38:41-05:00[America/New_York],NA,2021-02-07,49098,Sunday
1810,<A>,49,2021-02-07T13:38:41-05:00[America/New_York],2021-02-07T13:39:30-05:00[America/New_York],Yes,2021-02-07,49121,Sunday
1810,C,23,2021-02-07T13:39:30-05:00[America/New_York],2021-02-07T13:39:53-05:00[America/New_York],NA,2021-02-07,49170,Sunday
1810,<A>,61,2021-02-07T13:39:53-05:00[America/New_York],2021-02-07T13:40:54-05:00[America/New_York],NA,2021-02-07,49193,Sunday
1810,C,23,2021-02-07T13:40:54-05:00[America/New_York],2021-02-07T13:41:17-05:00[America/New_York],NA,2021-02-07,49254,Sunday
1810,<A>,56,2021-02-07T13:41:17-05:00[America/New_York],2021-02-07T13:42:13-05:00[America/New_York],Yes,2021-02-07,49277,Sunday
1810,C,23,2021-02-07T13:42:13-05:00[America/New_York],2021-02-07T13:42:36-05:00[America/New_York],NA,2021-02-07,49333,Sunday
1810,<A>,59,2021-02-07T13:42:36-05:00[America/New_York],2021-02-07T13:43:35-05:00[America/New_York],Yes,2021-02-07,49356,Sunday
1810,C,23,2021-02-07T13:43:35-05:00[America/New_York],2021-02-07T13:43:58-05:00[America/New_York],NA,2021-02-07,49415,Sunday
1810,<A>,53,2021-02-07T13:43:58-05:00[America/New_York],2021-02-07T13:44:51-05:00[America/New_York],Yes,2021-02-07,49438,Sunday
1810,B,16,2021-02-07T13:44:51-05:00[America/New_York],2021-02-07T13:45:07-05:00[America/New_York],NA,2021-02-07,49491,Sunday
1810,C,23,2021-02-07T13:45:07-05:00[America/New_York],2021-02-07T13:45:30-05:00[America/New_York],NA,2021-02-07,49507,Sunday
1810,<A>,64,2021-02-07T13:45:30-05:00[America/New_York],2021-02-07T13:46:34-05:00[America/New_York],Yes,2021-02-07,49530,Sunday
1810,C,23,2021-02-07T13:46:34-05:00[America/New_York],2021-02-07T13:46:57-05:00[America/New_York],NA,2021-02-07,49594,Sunday
1810,<A>,59,2021-02-07T13:46:57-05:00[America/New_York],2021-02-07T13:47:56-05:00[America/New_York],Yes,2021-02-07,49617,Sunday
1810,C,23,2021-02-07T13:47:56-05:00[America/New_York],2021-02-07T13:48:19-05:00[America/New_York],NA,2021-02-07,49676,Sunday
1810,<A>,60,2021-02-07T13:48:19-05:00[America/New_York],2021-02-07T13:49:19-05:00[America/New_York],Yes,2021-02-07,49699,Sunday
1810,B,17,2021-02-07T13:49:19-05:00[America/New_York],2021-02-07T13:49:36-05:00[America/New_York],NA,2021-02-07,49759,Sunday
1810,C,23,2021-02-07T13:49:36-05:00[America/New_York],2021-02-07T13:49:59-05:00[America/New_York],NA,2021-02-07,49776,Sunday
1810,<A>,63,2021-02-07T13:49:59-05:00[America/New_York],2021-02-07T13:51:02-05:00[America/New_York],NA,2021-02-07,49799,Sunday
1810,C,23,2021-02-07T13:51:02-05:00[America/New_York],2021-02-07T13:51:25-05:00[America/New_York],NA,2021-02-07,49862,Sunday
1810,<A>,71,2021-02-07T13:51:25-05:00[America/New_York],2021-02-07T13:52:36-05:00[America/New_York],Yes,2021-02-07,49885,Sunday
1810,B,16,2021-02-07T13:52:36-05:00[America/New_York],2021-02-07T13:52:52-05:00[America/New_York],NA,2021-02-07,49956,Sunday
1810,C,23,2021-02-07T13:52:52-05:00[America/New_York],2021-02-07T13:53:15-05:00[America/New_York],NA,2021-02-07,49972,Sunday
1810,<A>,61,2021-02-07T13:53:15-05:00[America/New_York],2021-02-07T13:54:16-05:00[America/New_York],NA,2021-02-07,49995,Sunday
1810,B,16,2021-02-07T13:54:16-05:00[America/New_York],2021-02-07T13:54:32-05:00[America/New_York],NA,2021-02-07,50056,Sunday
1810,C,23,2021-02-07T13:54:32-05:00[America/New_York],2021-02-07T13:54:55-05:00[America/New_York],NA,2021-02-07,50072,Sunday
1810,<A>,53,2021-02-07T13:54:55-05:00[America/New_York],2021-02-07T13:55:48-05:00[America/New_York],Yes,2021-02-07,50095,Sunday
1810,B,17,2021-02-07T13:55:48-05:00[America/New_York],2021-02-07T13:56:05-05:00[America/New_York],NA,2021-02-07,50148,Sunday
1810,C,23,2021-02-07T13:56:05-05:00[America/New_York],2021-02-07T13:56:28-05:00[America/New_York],NA,2021-02-07,50165,Sunday
1810,<A>,68,2021-02-07T13:56:28-05:00[America/New_York],2021-02-07T13:57:36-05:00[America/New_York],Yes,2021-02-07,50188,Sunday
1810,C,23,2021-02-07T13:57:36-05:00[America/New_York],2021-02-07T13:57:59-05:00[America/New_York],NA,2021-02-07,50256,Sunday
1810,<A>,69,2021-02-07T13:57:59-05:00[America/New_York],2021-02-07T13:59:08-05:00[America/New_York],Yes,2021-02-07,50279,Sunday
1810,C,23,2021-02-07T13:59:08-05:00[America/New_York],2021-02-07T13:59:31-05:00[America/New_York],NA,2021-02-07,50348,Sunday
1810,<A>,56,2021-02-07T13:59:31-05:00[America/New_York],2021-02-07T14:00:27-05:00[America/New_York],Yes,2021-02-07,50371,Sunday
1810,C,23,2021-02-07T14:00:27-05:00[America/New_York],2021-02-07T14:00:50-05:00[America/New_York],NA,2021-02-07,50427,Sunday
1810,<A>,62,2021-02-07T14:00:50-05:00[America/New_York],2021-02-07T14:01:52-05:00[America/New_York],NA,2021-02-07,50450,Sunday
1810,C,23,2021-02-07T14:01:52-05:00[America/New_York],2021-02-07T14:02:15-05:00[America/New_York],NA,2021-02-07,50512,Sunday
1810,<A>,66,2021-02-07T14:02:15-05:00[America/New_York],2021-02-07T14:03:21-05:00[America/New_York],Yes,2021-02-07,50535,Sunday
1810,B,17,2021-02-07T14:03:21-05:00[America/New_York],2021-02-07T14:03:38-05:00[America/New_York],NA,2021-02-07,50601,Sunday
1810,C,23,2021-02-07T14:03:38-05:00[America/New_York],2021-02-07T14:04:01-05:00[America/New_York],NA,2021-02-07,50618,Sunday
1810,<A>,62,2021-02-07T14:04:01-05:00[America/New_York],2021-02-07T14:05:03-05:00[America/New_York],NA,2021-02-07,50641,Sunday
1810,B,16,2021-02-07T14:05:03-05:00[America/New_York],2021-02-07T14:05:19-05:00[America/New_York],NA,2021-02-07,50703,Sunday
1810,C,21,2021-02-07T14:05:19-05:00[America/New_York],2021-02-07T14:05:40-05:00[America/New_York],NA,2021-02-07,50719,Sunday
1810,<A>,55,2021-02-07T14:05:40-05:00[America/New_York],2021-02-07T14:06:35-05:00[America/New_York],NA,2021-02-07,50740,Sunday
1810,C,23,2021-02-07T14:06:35-05:00[America/New_York],2021-02-07T14:06:58-05:00[America/New_York],NA,2021-02-07,50795,Sunday
1810,<A>,60,2021-02-07T14:06:58-05:00[America/New_York],2021-02-07T14:07:58-05:00[America/New_York],Yes,2021-02-07,50818,Sunday
1810,C,23,2021-02-07T14:07:58-05:00[America/New_York],2021-02-07T14:08:21-05:00[America/New_York],NA,2021-02-07,50878,Sunday
1810,<A>,65,2021-02-07T14:08:21-05:00[America/New_York],2021-02-07T14:09:26-05:00[America/New_York],Yes,2021-02-07,50901,Sunday
1810,B,17,2021-02-07T14:09:26-05:00[America/New_York],2021-02-07T14:09:43-05:00[America/New_York],NA,2021-02-07,50966,Sunday
1810,C,23,2021-02-07T14:09:43-05:00[America/New_York],2021-02-07T14:10:06-05:00[America/New_York],NA,2021-02-07,50983,Sunday
1810,<A>,57,2021-02-07T14:10:06-05:00[America/New_York],2021-02-07T14:11:03-05:00[America/New_York],Yes,2021-02-07,51006,Sunday
1810,B,17,2021-02-07T14:11:03-05:00[America/New_York],2021-02-07T14:11:20-05:00[America/New_York],NA,2021-02-07,51063,Sunday
1810,C,23,2021-02-07T14:11:20-05:00[America/New_York],2021-02-07T14:11:43-05:00[America/New_York],NA,2021-02-07,51080,Sunday
1810,<A>,67,2021-02-07T14:11:43-05:00[America/New_York],2021-02-07T14:12:50-05:00[America/New_York],NA,2021-02-07,51103,Sunday
1810,B,17,2021-02-07T14:12:50-05:00[America/New_York],2021-02-07T14:13:07-05:00[America/New_York],NA,2021-02-07,51170,Sunday
1810,C,23,2021-02-07T14:13:07-05:00[America/New_York],2021-02-07T14:13:30-05:00[America/New_York],NA,2021-02-07,51187,Sunday
1810,<A>,62,2021-02-07T14:13:30-05:00[America/New_York],2021-02-07T14:14:32-05:00[America/New_York],NA,2021-02-07,51210,Sunday
1810,B,16,2021-02-07T14:14:32-05:00[America/New_York],2021-02-07T14:14:48-05:00[America/New_York],NA,2021-02-07,51272,Sunday
1810,C,23,2021-02-07T14:14:48-05:00[America/New_York],2021-02-07T14:15:11-05:00[America/New_York],NA,2021-02-07,51288,Sunday
1810,<A>,62,2021-02-07T14:15:11-05:00[America/New_York],2021-02-07T14:16:13-05:00[America/New_York],NA,2021-02-07,51311,Sunday
1810,C,23,2021-02-07T14:16:13-05:00[America/New_York],2021-02-07T14:16:36-05:00[America/New_York],NA,2021-02-07,51373,Sunday
1810,<A>,62,2021-02-07T14:16:36-05:00[America/New_York],2021-02-07T14:17:38-05:00[America/New_York],Yes,2021-02-07,51396,Sunday
1810,C,23,2021-02-07T14:17:38-05:00[America/New_York],2021-02-07T14:18:01-05:00[America/New_York],NA,2021-02-07,51458,Sunday
1810,<A>,72,2021-02-07T14:18:01-05:00[America/New_York],2021-02-07T14:19:13-05:00[America/New_York],Yes,2021-02-07,51481,Sunday
1810,B,17,2021-02-07T14:19:13-05:00[America/New_York],2021-02-07T14:19:30-05:00[America/New_York],NA,2021-02-07,51553,Sunday
1810,C,23,2021-02-07T14:19:30-05:00[America/New_York],2021-02-07T14:19:53-05:00[America/New_York],NA,2021-02-07,51570,Sunday
1810,<A>,62,2021-02-07T14:19:53-05:00[America/New_York],2021-02-07T14:20:55-05:00[America/New_York],NA,2021-02-07,51593,Sunday
1810,C,23,2021-02-07T14:20:55-05:00[America/New_York],2021-02-07T14:21:18-05:00[America/New_York],NA,2021-02-07,51655,Sunday
1810,<A>,58,2021-02-07T14:21:18-05:00[America/New_York],2021-02-07T14:22:16-05:00[America/New_York],Yes,2021-02-07,51678,Sunday
1810,B,16,2021-02-07T14:22:16-05:00[America/New_York],2021-02-07T14:22:32-05:00[America/New_York],NA,2021-02-07,51736,Sunday
1810,C,23,2021-02-07T14:22:32-05:00[America/New_York],2021-02-07T14:22:55-05:00[America/New_York],NA,2021-02-07,51752,Sunday
1810,<A>,66,2021-02-07T14:22:55-05:00[America/New_York],2021-02-07T14:24:01-05:00[America/New_York],NA,2021-02-07,51775,Sunday
1810,C,23,2021-02-07T14:24:01-05:00[America/New_York],2021-02-07T14:24:24-05:00[America/New_York],NA,2021-02-07,51841,Sunday
1810,<A>,77,2021-02-07T14:24:24-05:00[America/New_York],2021-02-07T14:25:41-05:00[America/New_York],NA,2021-02-07,51864,Sunday
1810,C,23,2021-02-07T14:25:41-05:00[America/New_York],2021-02-07T14:26:04-05:00[America/New_York],NA,2021-02-07,51941,Sunday
1810,<A>,66,2021-02-07T14:26:04-05:00[America/New_York],2021-02-07T14:27:10-05:00[America/New_York],Yes,2021-02-07,51964,Sunday
1810,C,23,2021-02-07T14:27:10-05:00[America/New_York],2021-02-07T14:27:33-05:00[America/New_York],NA,2021-02-07,52030,Sunday
1810,<A>,66,2021-02-07T14:27:33-05:00[America/New_York],2021-02-07T14:28:39-05:00[America/New_York],Yes,2021-02-07,52053,Sunday
1810,C,23,2021-02-07T14:28:39-05:00[America/New_York],2021-02-07T14:29:02-05:00[America/New_York],NA,2021-02-07,52119,Sunday
1810,<A>,70,2021-02-07T14:29:02-05:00[America/New_York],2021-02-07T14:30:12-05:00[America/New_York],Yes,2021-02-07,52142,Sunday
1810,C,23,2021-02-07T14:30:12-05:00[America/New_York],2021-02-07T14:30:35-05:00[America/New_York],NA,2021-02-07,52212,Sunday
1810,<A>,53,2021-02-07T14:30:35-05:00[America/New_York],2021-02-07T14:31:28-05:00[America/New_York],Yes,2021-02-07,52235,Sunday
1810,B,17,2021-02-07T14:31:28-05:00[America/New_York],2021-02-07T14:31:45-05:00[America/New_York],NA,2021-02-07,52288,Sunday
1810,C,23,2021-02-07T14:31:45-05:00[America/New_York],2021-02-07T14:32:08-05:00[America/New_York],NA,2021-02-07,52305,Sunday
1810,<A>,67,2021-02-07T14:32:08-05:00[America/New_York],2021-02-07T14:33:15-05:00[America/New_York],Yes,2021-02-07,52328,Sunday
1810,C,23,2021-02-07T14:33:15-05:00[America/New_York],2021-02-07T14:33:38-05:00[America/New_York],NA,2021-02-07,52395,Sunday
1810,<A>,65,2021-02-07T14:33:38-05:00[America/New_York],2021-02-07T14:34:43-05:00[America/New_York],Yes,2021-02-07,52418,Sunday
1810,C,23,2021-02-07T14:34:43-05:00[America/New_York],2021-02-07T14:35:06-05:00[America/New_York],NA,2021-02-07,52483,Sunday
1810,<A>,60,2021-02-07T14:35:06-05:00[America/New_York],2021-02-07T14:36:06-05:00[America/New_York],Yes,2021-02-07,52506,Sunday
1810,C,23,2021-02-07T14:36:06-05:00[America/New_York],2021-02-07T14:36:29-05:00[America/New_York],NA,2021-02-07,52566,Sunday
1810,<A>,62,2021-02-07T14:36:29-05:00[America/New_York],2021-02-07T14:37:31-05:00[America/New_York],NA,2021-02-07,52589,Sunday
1810,C,23,2021-02-07T14:37:31-05:00[America/New_York],2021-02-07T14:37:54-05:00[America/New_York],NA,2021-02-07,52651,Sunday
1810,<A>,60,2021-02-07T14:37:54-05:00[America/New_York],2021-02-07T14:38:54-05:00[America/New_York],Yes,2021-02-07,52674,Sunday
1810,B,16,2021-02-07T14:38:54-05:00[America/New_York],2021-02-07T14:39:10-05:00[America/New_York],NA,2021-02-07,52734,Sunday
1810,C,23,2021-02-07T14:39:10-05:00[America/New_York],2021-02-07T14:39:33-05:00[America/New_York],NA,2021-02-07,52750,Sunday
1810,<A>,64,2021-02-07T14:39:33-05:00[America/New_York],2021-02-07T14:40:37-05:00[America/New_York],NA,2021-02-07,52773,Sunday
1810,C,23,2021-02-07T14:40:37-05:00[America/New_York],2021-02-07T14:41:00-05:00[America/New_York],NA,2021-02-07,52837,Sunday
1810,<A>,71,2021-02-07T14:41:00-05:00[America/New_York],2021-02-07T14:42:11-05:00[America/New_York],Yes,2021-02-07,52860,Sunday
1810,C,23,2021-02-07T14:42:11-05:00[America/New_York],2021-02-07T14:42:34-05:00[America/New_York],NA,2021-02-07,52931,Sunday
1810,<A>,65,2021-02-07T14:42:34-05:00[America/New_York],2021-02-07T14:43:39-05:00[America/New_York],Yes,2021-02-07,52954,Sunday
1810,C,24,2021-02-07T14:43:39-05:00[America/New_York],2021-02-07T14:44:03-05:00[America/New_York],NA,2021-02-07,53019,Sunday
1810,<A>,61,2021-02-07T14:44:03-05:00[America/New_York],2021-02-07T14:45:04-05:00[America/New_York],Yes,2021-02-07,53043,Sunday
1810,B,16,2021-02-07T14:45:04-05:00[America/New_York],2021-02-07T14:45:20-05:00[America/New_York],NA,2021-02-07,53104,Sunday
1810,C,23,2021-02-07T14:45:20-05:00[America/New_York],2021-02-07T14:45:43-05:00[America/New_York],NA,2021-02-07,53120,Sunday
1810,<A>,63,2021-02-07T14:45:43-05:00[America/New_York],2021-02-07T14:46:46-05:00[America/New_York],NA,2021-02-07,53143,Sunday
1810,B,16,2021-02-07T14:46:46-05:00[America/New_York],2021-02-07T14:47:02-05:00[America/New_York],NA,2021-02-07,53206,Sunday
1810,C,23,2021-02-07T14:47:02-05:00[America/New_York],2021-02-07T14:47:25-05:00[America/New_York],NA,2021-02-07,53222,Sunday
1810,<A>,62,2021-02-07T14:47:25-05:00[America/New_York],2021-02-07T14:48:27-05:00[America/New_York],NA,2021-02-07,53245,Sunday
1810,C,23,2021-02-07T14:48:27-05:00[America/New_York],2021-02-07T14:48:50-05:00[America/New_York],NA,2021-02-07,53307,Sunday
1810,<A>,70,2021-02-07T14:48:50-05:00[America/New_York],2021-02-07T14:50:00-05:00[America/New_York],Yes,2021-02-07,53330,Sunday
1810,C,23,2021-02-07T14:50:00-05:00[America/New_York],2021-02-07T14:50:23-05:00[America/New_York],NA,2021-02-07,53400,Sunday
1810,<A>,66,2021-02-07T14:50:23-05:00[America/New_York],2021-02-07T14:51:29-05:00[America/New_York],Yes,2021-02-07,53423,Sunday
1810,C,23,2021-02-07T14:51:29-05:00[America/New_York],2021-02-07T14:51:52-05:00[America/New_York],NA,2021-02-07,53489,Sunday
1810,<A>,75,2021-02-07T14:51:52-05:00[America/New_York],2021-02-07T14:53:07-05:00[America/New_York],Yes,2021-02-07,53512,Sunday
1810,C,23,2021-02-07T14:53:07-05:00[America/New_York],2021-02-07T14:53:30-05:00[America/New_York],NA,2021-02-07,53587,Sunday
1810,<A>,60,2021-02-07T14:53:30-05:00[America/New_York],2021-02-07T14:54:30-05:00[America/New_York],Yes,2021-02-07,53610,Sunday
1810,C,21,2021-02-07T14:54:30-05:00[America/New_York],2021-02-07T14:54:51-05:00[America/New_York],NA,2021-02-07,53670,Sunday
1810,<A>,55,2021-02-07T14:54:51-05:00[America/New_York],2021-02-07T14:55:46-05:00[America/New_York],NA,2021-02-07,53691,Sunday
1810,C,21,2021-02-07T14:55:46-05:00[America/New_York],2021-02-07T14:56:07-05:00[America/New_York],NA,2021-02-07,53746,Sunday
1810,<A>,73,2021-02-07T14:56:07-05:00[America/New_York],2021-02-07T14:57:20-05:00[America/New_York],Yes,2021-02-07,53767,Sunday
1810,B,16,2021-02-07T14:57:20-05:00[America/New_York],2021-02-07T14:57:36-05:00[America/New_York],NA,2021-02-07,53840,Sunday
1810,C,23,2021-02-07T14:57:36-05:00[America/New_York],2021-02-07T14:57:59-05:00[America/New_York],NA,2021-02-07,53856,Sunday
1810,<A>,62,2021-02-07T14:57:59-05:00[America/New_York],2021-02-07T14:59:01-05:00[America/New_York],NA,2021-02-07,53879,Sunday
1810,C,23,2021-02-07T14:59:01-05:00[America/New_York],2021-02-07T14:59:24-05:00[America/New_York],NA,2021-02-07,53941,Sunday
1810,<A>,65,2021-02-07T14:59:24-05:00[America/New_York],2021-02-07T15:00:29-05:00[America/New_York],Yes,2021-02-07,53964,Sunday
1810,B,17,2021-02-07T15:00:29-05:00[America/New_York],2021-02-07T15:00:46-05:00[America/New_York],NA,2021-02-07,54029,Sunday
1810,C,23,2021-02-07T15:00:46-05:00[America/New_York],2021-02-07T15:01:09-05:00[America/New_York],NA,2021-02-07,54046,Sunday
1810,<A>,59,2021-02-07T15:01:09-05:00[America/New_York],2021-02-07T15:02:08-05:00[America/New_York],NA,2021-02-07,54069,Sunday
1810,C,26,2021-02-07T15:02:08-05:00[America/New_York],2021-02-07T15:02:34-05:00[America/New_York],NA,2021-02-07,54128,Sunday
1810,<A>,72,2021-02-07T15:02:34-05:00[America/New_York],2021-02-07T15:03:46-05:00[America/New_York],NA,2021-02-07,54154,Sunday
1810,C,28,2021-02-07T15:03:46-05:00[America/New_York],2021-02-07T15:04:14-05:00[America/New_York],NA,2021-02-07,54226,Sunday
1810,<A>,74,2021-02-07T15:04:14-05:00[America/New_York],2021-02-07T15:05:28-05:00[America/New_York],NA,2021-02-07,54254,Sunday
1810,C,26,2021-02-07T15:05:28-05:00[America/New_York],2021-02-07T15:05:54-05:00[America/New_York],NA,2021-02-07,54328,Sunday
1810,<A>,72,2021-02-07T15:05:54-05:00[America/New_York],2021-02-07T15:07:06-05:00[America/New_York],Yes,2021-02-07,54354,Sunday
1810,C,23,2021-02-07T15:07:06-05:00[America/New_York],2021-02-07T15:07:29-05:00[America/New_York],NA,2021-02-07,54426,Sunday
1810,<A>,53,2021-02-07T15:07:29-05:00[America/New_York],2021-02-07T15:08:22-05:00[America/New_York],Yes,2021-02-07,54449,Sunday
1810,B,17,2021-02-07T15:08:22-05:00[America/New_York],2021-02-07T15:08:39-05:00[America/New_York],NA,2021-02-07,54502,Sunday
1810,C,23,2021-02-07T15:08:39-05:00[America/New_York],2021-02-07T15:09:02-05:00[America/New_York],NA,2021-02-07,54519,Sunday
1810,<A>,68,2021-02-07T15:09:02-05:00[America/New_York],2021-02-07T15:10:10-05:00[America/New_York],Yes,2021-02-07,54542,Sunday
1810,C,23,2021-02-07T15:10:10-05:00[America/New_York],2021-02-07T15:10:33-05:00[America/New_York],NA,2021-02-07,54610,Sunday
1810,<A>,62,2021-02-07T15:10:33-05:00[America/New_York],2021-02-07T15:11:35-05:00[America/New_York],Yes,2021-02-07,54633,Sunday
1810,B,17,2021-02-07T15:11:35-05:00[America/New_York],2021-02-07T15:11:52-05:00[America/New_York],NA,2021-02-07,54695,Sunday
1810,C,23,2021-02-07T15:11:52-05:00[America/New_York],2021-02-07T15:12:15-05:00[America/New_York],NA,2021-02-07,54712,Sunday
1810,<A>,62,2021-02-07T15:12:15-05:00[America/New_York],2021-02-07T15:13:17-05:00[America/New_York],NA,2021-02-07,54735,Sunday
1810,B,16,2021-02-07T15:13:17-05:00[America/New_York],2021-02-07T15:13:33-05:00[America/New_York],NA,2021-02-07,54797,Sunday
1810,C,23,2021-02-07T15:13:33-05:00[America/New_York],2021-02-07T15:13:56-05:00[America/New_York],NA,2021-02-07,54813,Sunday
1810,<A>,62,2021-02-07T15:13:56-05:00[America/New_York],2021-02-07T15:14:58-05:00[America/New_York],NA,2021-02-07,54836,Sunday
1810,C,23,2021-02-07T15:14:58-05:00[America/New_York],2021-02-07T15:15:21-05:00[America/New_York],NA,2021-02-07,54898,Sunday
1810,<A>,66,2021-02-07T15:15:21-05:00[America/New_York],2021-02-07T15:16:27-05:00[America/New_York],Yes,2021-02-07,54921,Sunday
1810,C,23,2021-02-07T15:16:27-05:00[America/New_York],2021-02-07T15:16:50-05:00[America/New_York],NA,2021-02-07,54987,Sunday
1810,<A>,67,2021-02-07T15:16:50-05:00[America/New_York],2021-02-07T15:17:57-05:00[America/New_York],Yes,2021-02-07,55010,Sunday
1810,B,16,2021-02-07T15:17:57-05:00[America/New_York],2021-02-07T15:18:13-05:00[America/New_York],NA,2021-02-07,55077,Sunday
1810,C,23,2021-02-07T15:18:13-05:00[America/New_York],2021-02-07T15:18:36-05:00[America/New_York],NA,2021-02-07,55093,Sunday
1810,<A>,62,2021-02-07T15:18:36-05:00[America/New_York],2021-02-07T15:19:38-05:00[America/New_York],NA,2021-02-07,55116,Sunday
1810,B,17,2021-02-07T15:19:38-05:00[America/New_York],2021-02-07T15:19:55-05:00[America/New_York],NA,2021-02-07,55178,Sunday
1810,C,23,2021-02-07T15:19:55-05:00[America/New_York],2021-02-07T15:20:18-05:00[America/New_York],NA,2021-02-07,55195,Sunday
1810,<A>,62,2021-02-07T15:20:18-05:00[America/New_York],2021-02-07T15:21:20-05:00[America/New_York],NA,2021-02-07,55218,Sunday
1810,B,16,2021-02-07T15:21:20-05:00[America/New_York],2021-02-07T15:21:36-05:00[America/New_York],NA,2021-02-07,55280,Sunday
1810,C,23,2021-02-07T15:21:36-05:00[America/New_York],2021-02-07T15:21:59-05:00[America/New_York],NA,2021-02-07,55296,Sunday
1810,<A>,60,2021-02-07T15:21:59-05:00[America/New_York],2021-02-07T15:22:59-05:00[America/New_York],Yes,2021-02-07,55319,Sunday
1810,C,23,2021-02-07T15:22:59-05:00[America/New_York],2021-02-07T15:23:22-05:00[America/New_York],NA,2021-02-07,55379,Sunday
1810,<A>,69,2021-02-07T15:23:22-05:00[America/New_York],2021-02-07T15:24:31-05:00[America/New_York],Yes,2021-02-07,55402,Sunday
1810,B,16,2021-02-07T15:24:31-05:00[America/New_York],2021-02-07T15:24:47-05:00[America/New_York],NA,2021-02-07,55471,Sunday
1810,C,23,2021-02-07T15:24:47-05:00[America/New_York],2021-02-07T15:25:10-05:00[America/New_York],NA,2021-02-07,55487,Sunday
1810,<A>,59,2021-02-07T15:25:10-05:00[America/New_York],2021-02-07T15:26:09-05:00[America/New_York],Yes,2021-02-07,55510,Sunday
1810,C,23,2021-02-07T15:26:09-05:00[America/New_York],2021-02-07T15:26:32-05:00[America/New_York],NA,2021-02-07,55569,Sunday
1810,<A>,47,2021-02-07T15:26:32-05:00[America/New_York],2021-02-07T15:27:19-05:00[America/New_York],Yes,2021-02-07,55592,Sunday
1810,C,23,2021-02-07T15:27:19-05:00[America/New_York],2021-02-07T15:27:42-05:00[America/New_York],NA,2021-02-07,55639,Sunday
1810,<A>,57,2021-02-07T15:27:42-05:00[America/New_York],2021-02-07T15:28:39-05:00[America/New_York],Yes,2021-02-07,55662,Sunday
1810,C,23,2021-02-07T15:28:39-05:00[America/New_York],2021-02-07T15:29:02-05:00[America/New_York],NA,2021-02-07,55719,Sunday
1810,<A>,66,2021-02-07T15:29:02-05:00[America/New_York],2021-02-07T15:30:08-05:00[America/New_York],Yes,2021-02-07,55742,Sunday
1810,C,23,2021-02-07T15:30:08-05:00[America/New_York],2021-02-07T15:30:31-05:00[America/New_York],NA,2021-02-07,55808,Sunday
1810,<A>,66,2021-02-07T15:30:31-05:00[America/New_York],2021-02-07T15:31:37-05:00[America/New_York],Yes,2021-02-07,55831,Sunday
1810,C,23,2021-02-07T15:31:37-05:00[America/New_York],2021-02-07T15:32:00-05:00[America/New_York],NA,2021-02-07,55897,Sunday
1810,<A>,62,2021-02-07T15:32:00-05:00[America/New_York],2021-02-07T15:33:02-05:00[America/New_York],NA,2021-02-07,55920,Sunday
1810,C,23,2021-02-07T15:33:02-05:00[America/New_York],2021-02-07T15:33:25-05:00[America/New_York],NA,2021-02-07,55982,Sunday
1810,<A>,67,2021-02-07T15:33:25-05:00[America/New_York],2021-02-07T15:34:32-05:00[America/New_York],Yes,2021-02-07,56005,Sunday
1810,C,23,2021-02-07T15:34:32-05:00[America/New_York],2021-02-07T15:34:55-05:00[America/New_York],NA,2021-02-07,56072,Sunday
1810,<A>,63,2021-02-07T15:34:55-05:00[America/New_York],2021-02-07T15:35:58-05:00[America/New_York],Yes,2021-02-07,56095,Sunday
1810,C,23,2021-02-07T15:35:58-05:00[America/New_York],2021-02-07T15:36:21-05:00[America/New_York],NA,2021-02-07,56158,Sunday
1810,<A>,61,2021-02-07T15:36:21-05:00[America/New_York],2021-02-07T15:37:22-05:00[America/New_York],NA,2021-02-07,56181,Sunday
1810,C,23,2021-02-07T15:37:22-05:00[America/New_York],2021-02-07T15:37:45-05:00[America/New_York],NA,2021-02-07,56242,Sunday
1810,<A>,64,2021-02-07T15:37:45-05:00[America/New_York],2021-02-07T15:38:49-05:00[America/New_York],Yes,2021-02-07,56265,Sunday
1810,C,23,2021-02-07T15:38:49-05:00[America/New_York],2021-02-07T15:39:12-05:00[America/New_York],NA,2021-02-07,56329,Sunday
1810,<A>,91,2021-02-07T15:39:12-05:00[America/New_York],2021-02-07T15:40:43-05:00[America/New_York],NA,2021-02-07,56352,Sunday
1810,C,23,2021-02-07T15:40:43-05:00[America/New_York],2021-02-07T15:41:06-05:00[America/New_York],NA,2021-02-07,56443,Sunday
1810,<A>,77,2021-02-07T15:41:06-05:00[America/New_York],2021-02-07T15:42:23-05:00[America/New_York],NA,2021-02-07,56466,Sunday
1810,B,16,2021-02-07T15:42:23-05:00[America/New_York],2021-02-07T15:42:39-05:00[America/New_York],NA,2021-02-07,56543,Sunday
1810,C,23,2021-02-07T15:42:39-05:00[America/New_York],2021-02-07T15:43:02-05:00[America/New_York],NA,2021-02-07,56559,Sunday
1810,<A>,62,2021-02-07T15:43:02-05:00[America/New_York],2021-02-07T15:44:04-05:00[America/New_York],NA,2021-02-07,56582,Sunday
1810,C,23,2021-02-07T15:44:04-05:00[America/New_York],2021-02-07T15:44:27-05:00[America/New_York],NA,2021-02-07,56644,Sunday
1810,<A>,68,2021-02-07T15:44:27-05:00[America/New_York],2021-02-07T15:45:35-05:00[America/New_York],Yes,2021-02-07,56667,Sunday
1810,B,16,2021-02-07T15:45:35-05:00[America/New_York],2021-02-07T15:45:51-05:00[America/New_York],NA,2021-02-07,56735,Sunday
1810,C,23,2021-02-07T15:45:51-05:00[America/New_York],2021-02-07T15:46:14-05:00[America/New_York],NA,2021-02-07,56751,Sunday
1810,<A>,61,2021-02-07T15:46:14-05:00[America/New_York],2021-02-07T15:47:15-05:00[America/New_York],NA,2021-02-07,56774,Sunday
1810,B,16,2021-02-07T15:47:15-05:00[America/New_York],2021-02-07T15:47:31-05:00[America/New_York],NA,2021-02-07,56835,Sunday
1810,C,23,2021-02-07T15:47:31-05:00[America/New_York],2021-02-07T15:47:54-05:00[America/New_York],NA,2021-02-07,56851,Sunday
1810,<A>,59,2021-02-07T15:47:54-05:00[America/New_York],2021-02-07T15:48:53-05:00[America/New_York],Yes,2021-02-07,56874,Sunday
1810,C,23,2021-02-07T15:48:53-05:00[America/New_York],2021-02-07T15:49:16-05:00[America/New_York],NA,2021-02-07,56933,Sunday
1810,<A>,56,2021-02-07T15:49:16-05:00[America/New_York],2021-02-07T15:50:12-05:00[America/New_York],Yes,2021-02-07,56956,Sunday
1810,C,23,2021-02-07T15:50:12-05:00[America/New_York],2021-02-07T15:50:35-05:00[America/New_York],NA,2021-02-07,57012,Sunday
1810,<A>,70,2021-02-07T15:50:35-05:00[America/New_York],2021-02-07T15:51:45-05:00[America/New_York],Yes,2021-02-07,57035,Sunday
1810,B,17,2021-02-07T15:51:45-05:00[America/New_York],2021-02-07T15:52:02-05:00[America/New_York],NA,2021-02-07,57105,Sunday
1810,C,23,2021-02-07T15:52:02-05:00[America/New_York],2021-02-07T15:52:25-05:00[America/New_York],NA,2021-02-07,57122,Sunday
1810,<A>,61,2021-02-07T15:52:25-05:00[America/New_York],2021-02-07T15:53:26-05:00[America/New_York],NA,2021-02-07,57145,Sunday
1810,C,24,2021-02-07T15:53:26-05:00[America/New_York],2021-02-07T15:53:50-05:00[America/New_York],NA,2021-02-07,57206,Sunday
1810,<A>,71,2021-02-07T15:53:50-05:00[America/New_York],2021-02-07T15:55:01-05:00[America/New_York],Yes,2021-02-07,57230,Sunday
1810,C,23,2021-02-07T15:55:01-05:00[America/New_York],2021-02-07T15:55:24-05:00[America/New_York],NA,2021-02-07,57301,Sunday
1810,<A>,59,2021-02-07T15:55:24-05:00[America/New_York],2021-02-07T15:56:23-05:00[America/New_York],Yes,2021-02-07,57324,Sunday
1810,C,23,2021-02-07T15:56:23-05:00[America/New_York],2021-02-07T15:56:46-05:00[America/New_York],NA,2021-02-07,57383,Sunday
1810,<A>,61,2021-02-07T15:56:46-05:00[America/New_York],2021-02-07T15:57:47-05:00[America/New_York],NA,2021-02-07,57406,Sunday
1810,C,23,2021-02-07T15:57:47-05:00[America/New_York],2021-02-07T15:58:10-05:00[America/New_York],NA,2021-02-07,57467,Sunday
1810,<A>,62,2021-02-07T15:58:10-05:00[America/New_York],2021-02-07T15:59:12-05:00[America/New_York],Yes,2021-02-07,57490,Sunday
1810,C,23,2021-02-07T15:59:12-05:00[America/New_York],2021-02-07T15:59:35-05:00[America/New_York],NA,2021-02-07,57552,Sunday
1810,<A>,72,2021-02-07T15:59:35-05:00[America/New_York],2021-02-07T16:00:47-05:00[America/New_York],Yes,2021-02-07,57575,Sunday
1810,C,23,2021-02-07T16:00:47-05:00[America/New_York],2021-02-07T16:01:10-05:00[America/New_York],NA,2021-02-07,57647,Sunday
1810,<A>,55,2021-02-07T16:01:10-05:00[America/New_York],2021-02-07T16:02:05-05:00[America/New_York],NA,2021-02-07,57670,Sunday
1810,B,16,2021-02-07T16:02:05-05:00[America/New_York],2021-02-07T16:02:21-05:00[America/New_York],NA,2021-02-07,57725,Sunday
1810,C,21,2021-02-07T16:02:21-05:00[America/New_York],2021-02-07T16:02:42-05:00[America/New_York],NA,2021-02-07,57741,Sunday
1810,<A>,61,2021-02-07T16:02:42-05:00[America/New_York],2021-02-07T16:03:43-05:00[America/New_York],NA,2021-02-07,57762,Sunday
1810,B,16,2021-02-07T16:03:43-05:00[America/New_York],2021-02-07T16:03:59-05:00[America/New_York],NA,2021-02-07,57823,Sunday
1810,C,23,2021-02-07T16:03:59-05:00[America/New_York],2021-02-07T16:04:22-05:00[America/New_York],NA,2021-02-07,57839,Sunday
1810,<A>,61,2021-02-07T16:04:22-05:00[America/New_York],2021-02-07T16:05:23-05:00[America/New_York],NA,2021-02-07,57862,Sunday
1810,C,23,2021-02-07T16:05:23-05:00[America/New_York],2021-02-07T16:05:46-05:00[America/New_York],NA,2021-02-07,57923,Sunday
1810,<A>,54,2021-02-07T16:05:46-05:00[America/New_York],2021-02-07T16:06:40-05:00[America/New_York],Yes,2021-02-07,57946,Sunday
1810,C,23,2021-02-07T16:06:40-05:00[America/New_York],2021-02-07T16:07:03-05:00[America/New_York],NA,2021-02-07,58000,Sunday
1810,<A>,61,2021-02-07T16:07:03-05:00[America/New_York],2021-02-07T16:08:04-05:00[America/New_York],Yes,2021-02-07,58023,Sunday
1810,C,23,2021-02-07T16:08:04-05:00[America/New_York],2021-02-07T16:08:27-05:00[America/New_York],NA,2021-02-07,58084,Sunday
1810,<A>,61,2021-02-07T16:08:27-05:00[America/New_York],2021-02-07T16:09:28-05:00[America/New_York],NA,2021-02-07,58107,Sunday
1810,C,23,2021-02-07T16:09:28-05:00[America/New_York],2021-02-07T16:09:51-05:00[America/New_York],NA,2021-02-07,58168,Sunday
1810,<A>,77,2021-02-07T16:09:51-05:00[America/New_York],2021-02-07T16:11:08-05:00[America/New_York],NA,2021-02-07,58191,Sunday
1810,C,23,2021-02-07T16:11:08-05:00[America/New_York],2021-02-07T16:11:31-05:00[America/New_York],NA,2021-02-07,58268,Sunday
1810,<A>,77,2021-02-07T16:11:31-05:00[America/New_York],2021-02-07T16:12:48-05:00[America/New_York],NA,2021-02-07,58291,Sunday
1810,B,17,2021-02-07T16:12:48-05:00[America/New_York],2021-02-07T16:13:05-05:00[America/New_York],NA,2021-02-07,58368,Sunday
1810,C,23,2021-02-07T16:13:05-05:00[America/New_York],2021-02-07T16:13:28-05:00[America/New_York],NA,2021-02-07,58385,Sunday
1810,<A>,61,2021-02-07T16:13:28-05:00[America/New_York],2021-02-07T16:14:29-05:00[America/New_York],NA,2021-02-07,58408,Sunday
1810,B,16,2021-02-07T16:14:29-05:00[America/New_York],2021-02-07T16:14:45-05:00[America/New_York],NA,2021-02-07,58469,Sunday
1810,C,23,2021-02-07T16:14:45-05:00[America/New_York],2021-02-07T16:15:08-05:00[America/New_York],NA,2021-02-07,58485,Sunday
1810,<A>,61,2021-02-07T16:15:08-05:00[America/New_York],2021-02-07T16:16:09-05:00[America/New_York],NA,2021-02-07,58508,Sunday
1810,C,23,2021-02-07T16:16:09-05:00[America/New_York],2021-02-07T16:16:32-05:00[America/New_York],NA,2021-02-07,58569,Sunday
1810,<A>,70,2021-02-07T16:16:32-05:00[America/New_York],2021-02-07T16:17:42-05:00[America/New_York],Yes,2021-02-07,58592,Sunday
1810,C,24,2021-02-07T16:17:42-05:00[America/New_York],2021-02-07T16:18:06-05:00[America/New_York],NA,2021-02-07,58662,Sunday
1810,<A>,64,2021-02-07T16:18:06-05:00[America/New_York],2021-02-07T16:19:10-05:00[America/New_York],Yes,2021-02-07,58686,Sunday
1810,B,16,2021-02-07T16:19:10-05:00[America/New_York],2021-02-07T16:19:26-05:00[America/New_York],NA,2021-02-07,58750,Sunday
1810,C,23,2021-02-07T16:19:26-05:00[America/New_York],2021-02-07T16:19:49-05:00[America/New_York],NA,2021-02-07,58766,Sunday
1810,<A>,61,2021-02-07T16:19:49-05:00[America/New_York],2021-02-07T16:20:50-05:00[America/New_York],NA,2021-02-07,58789,Sunday
1810,B,16,2021-02-07T16:20:50-05:00[America/New_York],2021-02-07T16:21:06-05:00[America/New_York],NA,2021-02-07,58850,Sunday
1810,C,23,2021-02-07T16:21:06-05:00[America/New_York],2021-02-07T16:21:29-05:00[America/New_York],NA,2021-02-07,58866,Sunday
1810,<A>,63,2021-02-07T16:21:29-05:00[America/New_York],2021-02-07T16:22:32-05:00[America/New_York],NA,2021-02-07,58889,Sunday
1810,B,16,2021-02-07T16:22:32-05:00[America/New_York],2021-02-07T16:22:48-05:00[America/New_York],NA,2021-02-07,58952,Sunday
1810,C,23,2021-02-07T16:22:48-05:00[America/New_York],2021-02-07T16:23:11-05:00[America/New_York],NA,2021-02-07,58968,Sunday
1810,<A>,62,2021-02-07T16:23:11-05:00[America/New_York],2021-02-07T16:24:13-05:00[America/New_York],NA,2021-02-07,58991,Sunday
1810,B,17,2021-02-07T16:24:13-05:00[America/New_York],2021-02-07T16:24:30-05:00[America/New_York],NA,2021-02-07,59053,Sunday
1810,C,23,2021-02-07T16:24:30-05:00[America/New_York],2021-02-07T16:24:53-05:00[America/New_York],NA,2021-02-07,59070,Sunday
1810,<A>,62,2021-02-07T16:24:53-05:00[America/New_York],2021-02-07T16:25:55-05:00[America/New_York],NA,2021-02-07,59093,Sunday
1810,C,23,2021-02-07T16:25:55-05:00[America/New_York],2021-02-07T16:26:18-05:00[America/New_York],NA,2021-02-07,59155,Sunday
1810,<A>,71,2021-02-07T16:26:18-05:00[America/New_York],2021-02-07T16:27:29-05:00[America/New_York],Yes,2021-02-07,59178,Sunday
1810,B,17,2021-02-07T16:27:29-05:00[America/New_York],2021-02-07T16:27:46-05:00[America/New_York],NA,2021-02-07,59249,Sunday
1810,C,23,2021-02-07T16:27:46-05:00[America/New_York],2021-02-07T16:28:09-05:00[America/New_York],NA,2021-02-07,59266,Sunday
1810,<A>,60,2021-02-07T16:28:09-05:00[America/New_York],2021-02-07T16:29:09-05:00[America/New_York],Yes,2021-02-07,59289,Sunday
1810,B,16,2021-02-07T16:29:09-05:00[America/New_York],2021-02-07T16:29:25-05:00[America/New_York],NA,2021-02-07,59349,Sunday
1810,C,23,2021-02-07T16:29:25-05:00[America/New_York],2021-02-07T16:29:48-05:00[America/New_York],NA,2021-02-07,59365,Sunday
1810,<A>,64,2021-02-07T16:29:48-05:00[America/New_York],2021-02-07T16:30:52-05:00[America/New_York],NA,2021-02-07,59388,Sunday
1810,C,23,2021-02-07T16:30:52-05:00[America/New_York],2021-02-07T16:31:15-05:00[America/New_York],NA,2021-02-07,59452,Sunday
1810,<A>,77,2021-02-07T16:31:15-05:00[America/New_York],2021-02-07T16:32:32-05:00[America/New_York],NA,2021-02-07,59475,Sunday
1810,C,23,2021-02-07T16:32:32-05:00[America/New_York],2021-02-07T16:32:55-05:00[America/New_York],NA,2021-02-07,59552,Sunday
1810,<A>,55,2021-02-07T16:32:55-05:00[America/New_York],2021-02-07T16:33:50-05:00[America/New_York],Yes,2021-02-07,59575,Sunday
1810,B,17,2021-02-07T16:33:50-05:00[America/New_York],2021-02-07T16:34:07-05:00[America/New_York],NA,2021-02-07,59630,Sunday
1810,C,23,2021-02-07T16:34:07-05:00[America/New_York],2021-02-07T16:34:30-05:00[America/New_York],NA,2021-02-07,59647,Sunday
1810,<A>,69,2021-02-07T16:34:30-05:00[America/New_York],2021-02-07T16:35:39-05:00[America/New_York],NA,2021-02-07,59670,Sunday
1810,C,23,2021-02-07T16:35:39-05:00[America/New_York],2021-02-07T16:36:02-05:00[America/New_York],NA,2021-02-07,59739,Sunday
1810,<A>,71,2021-02-07T16:36:02-05:00[America/New_York],2021-02-07T16:37:13-05:00[America/New_York],Yes,2021-02-07,59762,Sunday
1810,B,17,2021-02-07T16:37:13-05:00[America/New_York],2021-02-07T16:37:30-05:00[America/New_York],NA,2021-02-07,59833,Sunday
1810,C,24,2021-02-07T16:37:30-05:00[America/New_York],2021-02-07T16:37:54-05:00[America/New_York],NA,2021-02-07,59850,Sunday
1810,<A>,65,2021-02-07T16:37:54-05:00[America/New_York],2021-02-07T16:38:59-05:00[America/New_York],NA,2021-02-07,59874,Sunday
1810,C,24,2021-02-07T16:38:59-05:00[America/New_York],2021-02-07T16:39:23-05:00[America/New_York],NA,2021-02-07,59939,Sunday
1810,<A>,78,2021-02-07T16:39:23-05:00[America/New_York],2021-02-07T16:40:41-05:00[America/New_York],NA,2021-02-07,59963,Sunday
1810,B,17,2021-02-07T16:40:41-05:00[America/New_York],2021-02-07T16:40:58-05:00[America/New_York],NA,2021-02-07,60041,Sunday
1810,C,24,2021-02-07T16:40:58-05:00[America/New_York],2021-02-07T16:41:22-05:00[America/New_York],NA,2021-02-07,60058,Sunday
1810,<A>,66,2021-02-07T16:41:22-05:00[America/New_York],2021-02-07T16:42:28-05:00[America/New_York],NA,2021-02-07,60082,Sunday
1810,B,16,2021-02-07T16:42:28-05:00[America/New_York],2021-02-07T16:42:44-05:00[America/New_York],NA,2021-02-07,60148,Sunday
1810,C,24,2021-02-07T16:42:44-05:00[America/New_York],2021-02-07T16:43:08-05:00[America/New_York],NA,2021-02-07,60164,Sunday
1810,<A>,66,2021-02-07T16:43:08-05:00[America/New_York],2021-02-07T16:44:14-05:00[America/New_York],NA,2021-02-07,60188,Sunday
1810,C,24,2021-02-07T16:44:14-05:00[America/New_York],2021-02-07T16:44:38-05:00[America/New_York],NA,2021-02-07,60254,Sunday
1810,<A>,79,2021-02-07T16:44:38-05:00[America/New_York],2021-02-07T16:45:57-05:00[America/New_York],NA,2021-02-07,60278,Sunday
1810,B,16,2021-02-07T16:45:57-05:00[America/New_York],2021-02-07T16:46:13-05:00[America/New_York],NA,2021-02-07,60357,Sunday
1810,C,23,2021-02-07T16:46:13-05:00[America/New_York],2021-02-07T16:46:36-05:00[America/New_York],NA,2021-02-07,60373,Sunday
1810,<A>,57,2021-02-07T16:46:36-05:00[America/New_York],2021-02-07T16:47:33-05:00[America/New_York],Yes,2021-02-07,60396,Sunday
1810,C,23,2021-02-07T16:47:33-05:00[America/New_York],2021-02-07T16:47:56-05:00[America/New_York],NA,2021-02-07,60453,Sunday
1810,<A>,66,2021-02-07T16:47:56-05:00[America/New_York],2021-02-07T16:49:02-05:00[America/New_York],Yes,2021-02-07,60476,Sunday
1810,B,16,2021-02-07T16:49:02-05:00[America/New_York],2021-02-07T16:49:18-05:00[America/New_York],NA,2021-02-07,60542,Sunday
1810,C,23,2021-02-07T16:49:18-05:00[America/New_York],2021-02-07T16:49:41-05:00[America/New_York],NA,2021-02-07,60558,Sunday
1810,<A>,61,2021-02-07T16:49:41-05:00[America/New_York],2021-02-07T16:50:42-05:00[America/New_York],NA,2021-02-07,60581,Sunday
1810,C,23,2021-02-07T16:50:42-05:00[America/New_York],2021-02-07T16:51:05-05:00[America/New_York],NA,2021-02-07,60642,Sunday
1810,<A>,63,2021-02-07T16:51:05-05:00[America/New_York],2021-02-07T16:52:08-05:00[America/New_York],Yes,2021-02-07,60665,Sunday
1810,C,21,2021-02-07T16:52:08-05:00[America/New_York],2021-02-07T16:52:29-05:00[America/New_York],NA,2021-02-07,60728,Sunday
1810,<A>,81,2021-02-07T16:52:29-05:00[America/New_York],2021-02-07T16:53:50-05:00[America/New_York],Yes,2021-02-07,60749,Sunday
1810,B,17,2021-02-07T16:53:50-05:00[America/New_York],2021-02-07T16:54:07-05:00[America/New_York],NA,2021-02-07,60830,Sunday
1810,C,23,2021-02-07T16:54:07-05:00[America/New_York],2021-02-07T16:54:30-05:00[America/New_York],NA,2021-02-07,60847,Sunday
1810,<A>,61,2021-02-07T16:54:30-05:00[America/New_York],2021-02-07T16:55:31-05:00[America/New_York],NA,2021-02-07,60870,Sunday
1810,C,23,2021-02-07T16:55:31-05:00[America/New_York],2021-02-07T16:55:54-05:00[America/New_York],NA,2021-02-07,60931,Sunday
1810,<A>,56,2021-02-07T16:55:54-05:00[America/New_York],2021-02-07T16:56:50-05:00[America/New_York],Yes,2021-02-07,60954,Sunday
1810,C,23,2021-02-07T16:56:50-05:00[America/New_York],2021-02-07T16:57:13-05:00[America/New_York],NA,2021-02-07,61010,Sunday
1810,<A>,74,2021-02-07T16:57:13-05:00[America/New_York],2021-02-07T16:58:27-05:00[America/New_York],Yes,2021-02-07,61033,Sunday
1810,B,16,2021-02-07T16:58:27-05:00[America/New_York],2021-02-07T16:58:43-05:00[America/New_York],NA,2021-02-07,61107,Sunday
1810,C,23,2021-02-07T16:58:43-05:00[America/New_York],2021-02-07T16:59:06-05:00[America/New_York],NA,2021-02-07,61123,Sunday
1810,<A>,61,2021-02-07T16:59:06-05:00[America/New_York],2021-02-07T17:00:07-05:00[America/New_York],NA,2021-02-07,61146,Sunday
1810,B,16,2021-02-07T17:00:07-05:00[America/New_York],2021-02-07T17:00:23-05:00[America/New_York],NA,2021-02-07,61207,Sunday
1810,C,23,2021-02-07T17:00:23-05:00[America/New_York],2021-02-07T17:00:46-05:00[America/New_York],NA,2021-02-07,61223,Sunday
1810,<A>,61,2021-02-07T17:00:46-05:00[America/New_York],2021-02-07T17:01:47-05:00[America/New_York],NA,2021-02-07,61246,Sunday
1810,C,26,2021-02-07T17:01:47-05:00[America/New_York],2021-02-07T17:02:13-05:00[America/New_York],NA,2021-02-07,61307,Sunday
1810,<A>,45,2021-02-07T17:02:13-05:00[America/New_York],2021-02-07T17:02:58-05:00[America/New_York],NA,2021-02-07,61333,Sunday
1810,C,26,2021-02-07T17:02:58-05:00[America/New_York],2021-02-07T17:03:24-05:00[America/New_York],NA,2021-02-07,61378,Sunday
1810,<A>,68,2021-02-07T17:03:24-05:00[America/New_York],2021-02-07T17:04:32-05:00[America/New_York],NA,2021-02-07,61404,Sunday
1810,B,16,2021-02-07T17:04:32-05:00[America/New_York],2021-02-07T17:04:48-05:00[America/New_York],Yes,2021-02-07,61472,Sunday
1810,C,29,2021-02-07T17:04:48-05:00[America/New_York],2021-02-07T17:05:17-05:00[America/New_York],NA,2021-02-07,61488,Sunday
1810,<A>,80,2021-02-07T17:05:17-05:00[America/New_York],2021-02-07T17:06:37-05:00[America/New_York],NA,2021-02-07,61517,Sunday
1810,B,19,2021-02-07T17:06:37-05:00[America/New_York],2021-02-07T17:06:56-05:00[America/New_York],NA,2021-02-07,61597,Sunday
1810,C,32,2021-02-07T17:06:56-05:00[America/New_York],2021-02-07T17:07:28-05:00[America/New_York],NA,2021-02-07,61616,Sunday
1810,<A>,81,2021-02-07T17:07:28-05:00[America/New_York],2021-02-07T17:08:49-05:00[America/New_York],NA,2021-02-07,61648,Sunday
1810,B,16,2021-02-07T17:08:49-05:00[America/New_York],2021-02-07T17:09:05-05:00[America/New_York],Yes,2021-02-07,61729,Sunday
1810,C,28,2021-02-07T17:09:05-05:00[America/New_York],2021-02-07T17:09:33-05:00[America/New_York],NA,2021-02-07,61745,Sunday
1810,<A>,76,2021-02-07T17:09:33-05:00[America/New_York],2021-02-07T17:10:49-05:00[America/New_York],NA,2021-02-07,61773,Sunday
1810,B,16,2021-02-07T17:10:49-05:00[America/New_York],2021-02-07T17:11:05-05:00[America/New_York],Yes,2021-02-07,61849,Sunday
1810,C,26,2021-02-07T17:11:05-05:00[America/New_York],2021-02-07T17:11:31-05:00[America/New_York],NA,2021-02-07,61865,Sunday
1810,<A>,66,2021-02-07T17:11:31-05:00[America/New_York],2021-02-07T17:12:37-05:00[America/New_York],NA,2021-02-07,61891,Sunday
1810,B,17,2021-02-07T17:12:37-05:00[America/New_York],2021-02-07T17:12:54-05:00[America/New_York],NA,2021-02-07,61957,Sunday
1810,C,24,2021-02-07T17:12:54-05:00[America/New_York],2021-02-07T17:13:18-05:00[America/New_York],NA,2021-02-07,61974,Sunday
1810,<A>,68,2021-02-07T17:13:18-05:00[America/New_York],2021-02-07T17:14:26-05:00[America/New_York],NA,2021-02-07,61998,Sunday
1810,C,25,2021-02-07T17:14:26-05:00[America/New_York],2021-02-07T17:14:51-05:00[America/New_York],NA,2021-02-07,62066,Sunday
1810,<A>,90,2021-02-07T17:14:51-05:00[America/New_York],2021-02-07T17:16:21-05:00[America/New_York],NA,2021-02-07,62091,Sunday
1810,B,17,2021-02-07T17:16:21-05:00[America/New_York],2021-02-07T17:16:38-05:00[America/New_York],Yes,2021-02-07,62181,Sunday
1810,C,32,2021-02-07T17:16:38-05:00[America/New_York],2021-02-07T17:17:10-05:00[America/New_York],NA,2021-02-07,62198,Sunday
1810,<A>,82,2021-02-07T17:17:10-05:00[America/New_York],2021-02-07T17:18:32-05:00[America/New_York],NA,2021-02-07,62230,Sunday
1810,B,18,2021-02-07T17:18:32-05:00[America/New_York],2021-02-07T17:18:50-05:00[America/New_York],Yes,2021-02-07,62312,Sunday
1810,C,31,2021-02-07T17:18:50-05:00[America/New_York],2021-02-07T17:19:21-05:00[America/New_York],NA,2021-02-07,62330,Sunday
1810,<A>,84,2021-02-07T17:19:21-05:00[America/New_York],2021-02-07T17:20:45-05:00[America/New_York],NA,2021-02-07,62361,Sunday
1810,C,31,2021-02-07T17:20:45-05:00[America/New_York],2021-02-07T17:21:16-05:00[America/New_York],NA,2021-02-07,62445,Sunday
1810,<A>,97,2021-02-07T17:21:16-05:00[America/New_York],2021-02-07T17:22:53-05:00[America/New_York],NA,2021-02-07,62476,Sunday
1810,C,29,2021-02-07T17:22:53-05:00[America/New_York],2021-02-07T17:23:22-05:00[America/New_York],NA,2021-02-07,62573,Sunday
1810,<A>,95,2021-02-07T17:23:22-05:00[America/New_York],2021-02-07T17:24:57-05:00[America/New_York],NA,2021-02-07,62602,Sunday
1810,B,16,2021-02-07T17:24:57-05:00[America/New_York],2021-02-07T17:25:13-05:00[America/New_York],Yes,2021-02-07,62697,Sunday
1810,C,25,2021-02-07T17:25:13-05:00[America/New_York],2021-02-07T17:25:38-05:00[America/New_York],NA,2021-02-07,62713,Sunday
1810,<A>,70,2021-02-07T17:25:38-05:00[America/New_York],2021-02-07T17:26:48-05:00[America/New_York],NA,2021-02-07,62738,Sunday
1810,C,25,2021-02-07T17:26:48-05:00[America/New_York],2021-02-07T17:27:13-05:00[America/New_York],NA,2021-02-07,62808,Sunday
1810,<A>,80,2021-02-07T17:27:13-05:00[America/New_York],2021-02-07T17:28:33-05:00[America/New_York],NA,2021-02-07,62833,Sunday
1810,B,16,2021-02-07T17:28:33-05:00[America/New_York],2021-02-07T17:28:49-05:00[America/New_York],NA,2021-02-07,62913,Sunday
1810,C,26,2021-02-07T17:28:49-05:00[America/New_York],2021-02-07T17:29:15-05:00[America/New_York],NA,2021-02-07,62929,Sunday
1810,<A>,69,2021-02-07T17:29:15-05:00[America/New_York],2021-02-07T17:30:24-05:00[America/New_York],NA,2021-02-07,62955,Sunday
1810,B,17,2021-02-07T17:30:24-05:00[America/New_York],2021-02-07T17:30:41-05:00[America/New_York],NA,2021-02-07,63024,Sunday
1810,C,26,2021-02-07T17:30:41-05:00[America/New_York],2021-02-07T17:31:07-05:00[America/New_York],NA,2021-02-07,63041,Sunday
1810,<A>,68,2021-02-07T17:31:07-05:00[America/New_York],2021-02-07T17:32:15-05:00[America/New_York],NA,2021-02-07,63067,Sunday
1810,B,16,2021-02-07T17:32:15-05:00[America/New_York],2021-02-07T17:32:31-05:00[America/New_York],Yes,2021-02-07,63135,Sunday
1810,C,25,2021-02-07T17:32:31-05:00[America/New_York],2021-02-07T17:32:56-05:00[America/New_York],NA,2021-02-07,63151,Sunday
1810,<A>,68,2021-02-07T17:32:56-05:00[America/New_York],2021-02-07T17:34:04-05:00[America/New_York],NA,2021-02-07,63176,Sunday
1810,C,25,2021-02-07T17:34:04-05:00[America/New_York],2021-02-07T17:34:29-05:00[America/New_York],NA,2021-02-07,63244,Sunday
1810,<A>,81,2021-02-07T17:34:29-05:00[America/New_York],2021-02-07T17:35:50-05:00[America/New_York],NA,2021-02-07,63269,Sunday
1810,B,17,2021-02-07T17:35:50-05:00[America/New_York],2021-02-07T17:36:07-05:00[America/New_York],NA,2021-02-07,63350,Sunday
1810,C,26,2021-02-07T17:36:07-05:00[America/New_York],2021-02-07T17:36:33-05:00[America/New_York],NA,2021-02-07,63367,Sunday
1810,<A>,65,2021-02-07T17:36:33-05:00[America/New_York],2021-02-07T17:37:38-05:00[America/New_York],NA,2021-02-07,63393,Sunday
1810,B,16,2021-02-07T17:37:38-05:00[America/New_York],2021-02-07T17:37:54-05:00[America/New_York],NA,2021-02-07,63458,Sunday
1810,C,25,2021-02-07T17:37:54-05:00[America/New_York],2021-02-07T17:38:19-05:00[America/New_York],NA,2021-02-07,63474,Sunday
1810,<A>,66,2021-02-07T17:38:19-05:00[America/New_York],2021-02-07T17:39:25-05:00[America/New_York],NA,2021-02-07,63499,Sunday
1810,C,25,2021-02-07T17:39:25-05:00[America/New_York],2021-02-07T17:39:50-05:00[America/New_York],NA,2021-02-07,63565,Sunday
1810,<A>,78,2021-02-07T17:39:50-05:00[America/New_York],2021-02-07T17:41:08-05:00[America/New_York],NA,2021-02-07,63590,Sunday
1810,C,24,2021-02-07T17:41:08-05:00[America/New_York],2021-02-07T17:41:32-05:00[America/New_York],NA,2021-02-07,63668,Sunday
1810,<A>,79,2021-02-07T17:41:32-05:00[America/New_York],2021-02-07T17:42:51-05:00[America/New_York],NA,2021-02-07,63692,Sunday
1810,B,17,2021-02-07T17:42:51-05:00[America/New_York],2021-02-07T17:43:08-05:00[America/New_York],NA,2021-02-07,63771,Sunday
1810,C,22,2021-02-07T17:43:08-05:00[America/New_York],2021-02-07T17:43:30-05:00[America/New_York],NA,2021-02-07,63788,Sunday
1810,<A>,66,2021-02-07T17:43:30-05:00[America/New_York],2021-02-07T17:44:36-05:00[America/New_York],NA,2021-02-07,63810,Sunday
1810,C,24,2021-02-07T17:44:36-05:00[America/New_York],2021-02-07T17:45:00-05:00[America/New_York],NA,2021-02-07,63876,Sunday
1810,<A>,84,2021-02-07T17:45:00-05:00[America/New_York],2021-02-07T17:46:24-05:00[America/New_York],NA,2021-02-07,63900,Sunday
1810,B,16,2021-02-07T17:46:24-05:00[America/New_York],2021-02-07T17:46:40-05:00[America/New_York],NA,2021-02-07,63984,Sunday
1810,C,24,2021-02-07T17:46:40-05:00[America/New_York],2021-02-07T17:47:04-05:00[America/New_York],NA,2021-02-07,64000,Sunday
1810,<A>,66,2021-02-07T17:47:04-05:00[America/New_York],2021-02-07T17:48:10-05:00[America/New_York],NA,2021-02-07,64024,Sunday
1810,C,24,2021-02-07T17:48:10-05:00[America/New_York],2021-02-07T17:48:34-05:00[America/New_York],NA,2021-02-07,64090,Sunday
1810,<A>,82,2021-02-07T17:48:34-05:00[America/New_York],2021-02-07T17:49:56-05:00[America/New_York],NA,2021-02-07,64114,Sunday
1810,C,25,2021-02-07T17:49:56-05:00[America/New_York],2021-02-07T17:50:21-05:00[America/New_York],NA,2021-02-07,64196,Sunday
1810,<A>,82,2021-02-07T17:50:21-05:00[America/New_York],2021-02-07T17:51:43-05:00[America/New_York],NA,2021-02-07,64221,Sunday
1810,C,25,2021-02-07T17:51:43-05:00[America/New_York],2021-02-07T17:52:08-05:00[America/New_York],NA,2021-02-07,64303,Sunday
1810,<A>,80,2021-02-07T17:52:08-05:00[America/New_York],2021-02-07T17:53:28-05:00[America/New_York],NA,2021-02-07,64328,Sunday
1810,B,16,2021-02-07T17:53:28-05:00[America/New_York],2021-02-07T17:53:44-05:00[America/New_York],NA,2021-02-07,64408,Sunday
1810,C,24,2021-02-07T17:53:44-05:00[America/New_York],2021-02-07T17:54:08-05:00[America/New_York],NA,2021-02-07,64424,Sunday
1810,<A>,60,2021-02-07T17:54:08-05:00[America/New_York],2021-02-07T17:55:08-05:00[America/New_York],NA,2021-02-07,64448,Sunday
1810,C,24,2021-02-07T17:55:08-05:00[America/New_York],2021-02-07T17:55:32-05:00[America/New_York],NA,2021-02-07,64508,Sunday
1810,<A>,58,2021-02-07T17:55:32-05:00[America/New_York],2021-02-07T17:56:30-05:00[America/New_York],Yes,2021-02-07,64532,Sunday
1810,C,24,2021-02-07T17:56:30-05:00[America/New_York],2021-02-07T17:56:54-05:00[America/New_York],NA,2021-02-07,64590,Sunday
1810,<A>,63,2021-02-07T17:56:54-05:00[America/New_York],2021-02-07T17:57:57-05:00[America/New_York],Yes,2021-02-07,64614,Sunday
1810,C,24,2021-02-07T17:57:57-05:00[America/New_York],2021-02-07T17:58:21-05:00[America/New_York],NA,2021-02-07,64677,Sunday
1810,<A>,61,2021-02-07T17:58:21-05:00[America/New_York],2021-02-07T17:59:22-05:00[America/New_York],NA,2021-02-07,64701,Sunday
1810,B,16,2021-02-07T17:59:22-05:00[America/New_York],2021-02-07T17:59:38-05:00[America/New_York],NA,2021-02-07,64762,Sunday
1810,C,24,2021-02-07T17:59:38-05:00[America/New_York],2021-02-07T18:00:02-05:00[America/New_York],NA,2021-02-07,64778,Sunday
1810,<A>,60,2021-02-07T18:00:02-05:00[America/New_York],2021-02-07T18:01:02-05:00[America/New_York],NA,2021-02-07,64802,Sunday
1810,C,24,2021-02-07T18:01:02-05:00[America/New_York],2021-02-07T18:01:26-05:00[America/New_York],NA,2021-02-07,64862,Sunday
1810,<A>,77,2021-02-07T18:01:26-05:00[America/New_York],2021-02-07T18:02:43-05:00[America/New_York],NA,2021-02-07,64886,Sunday
1810,B,17,2021-02-07T18:02:43-05:00[America/New_York],2021-02-07T18:03:00-05:00[America/New_York],NA,2021-02-07,64963,Sunday
1810,C,24,2021-02-07T18:03:00-05:00[America/New_York],2021-02-07T18:03:24-05:00[America/New_York],NA,2021-02-07,64980,Sunday
1810,<A>,61,2021-02-07T18:03:24-05:00[America/New_York],2021-02-07T18:04:25-05:00[America/New_York],NA,2021-02-07,65004,Sunday
1810,B,16,2021-02-07T18:04:25-05:00[America/New_York],2021-02-07T18:04:41-05:00[America/New_York],NA,2021-02-07,65065,Sunday
1810,C,24,2021-02-07T18:04:41-05:00[America/New_York],2021-02-07T18:05:05-05:00[America/New_York],NA,2021-02-07,65081,Sunday
1810,<A>,61,2021-02-07T18:05:05-05:00[America/New_York],2021-02-07T18:06:06-05:00[America/New_York],NA,2021-02-07,65105,Sunday
1810,C,24,2021-02-07T18:06:06-05:00[America/New_York],2021-02-07T18:06:30-05:00[America/New_York],NA,2021-02-07,65166,Sunday
1810,<A>,63,2021-02-07T18:06:30-05:00[America/New_York],2021-02-07T18:07:33-05:00[America/New_York],Yes,2021-02-07,65190,Sunday
1810,B,17,2021-02-07T18:07:33-05:00[America/New_York],2021-02-07T18:07:50-05:00[America/New_York],NA,2021-02-07,65253,Sunday
1810,C,24,2021-02-07T18:07:50-05:00[America/New_York],2021-02-07T18:08:14-05:00[America/New_York],NA,2021-02-07,65270,Sunday
1810,<A>,61,2021-02-07T18:08:14-05:00[America/New_York],2021-02-07T18:09:15-05:00[America/New_York],NA,2021-02-07,65294,Sunday
1810,C,24,2021-02-07T18:09:15-05:00[America/New_York],2021-02-07T18:09:39-05:00[America/New_York],NA,2021-02-07,65355,Sunday
1810,<A>,73,2021-02-07T18:09:39-05:00[America/New_York],2021-02-07T18:10:52-05:00[America/New_York],Yes,2021-02-07,65379,Sunday
1810,C,24,2021-02-07T18:10:52-05:00[America/New_York],2021-02-07T18:11:16-05:00[America/New_York],NA,2021-02-07,65452,Sunday
1810,<A>,58,2021-02-07T18:11:16-05:00[America/New_York],2021-02-07T18:12:14-05:00[America/New_York],Yes,2021-02-07,65476,Sunday
1810,C,24,2021-02-07T18:12:14-05:00[America/New_York],2021-02-07T18:12:38-05:00[America/New_York],NA,2021-02-07,65534,Sunday
1810,<A>,67,2021-02-07T18:12:38-05:00[America/New_York],2021-02-07T18:13:45-05:00[America/New_York],Yes,2021-02-07,65558,Sunday
1810,C,24,2021-02-07T18:13:45-05:00[America/New_York],2021-02-07T18:14:09-05:00[America/New_York],NA,2021-02-07,65625,Sunday
1810,<A>,61,2021-02-07T18:14:09-05:00[America/New_York],2021-02-07T18:15:10-05:00[America/New_York],NA,2021-02-07,65649,Sunday
1810,B,17,2021-02-07T18:15:10-05:00[America/New_York],2021-02-07T18:15:27-05:00[America/New_York],NA,2021-02-07,65710,Sunday
1810,C,24,2021-02-07T18:15:27-05:00[America/New_York],2021-02-07T18:15:51-05:00[America/New_York],NA,2021-02-07,65727,Sunday
1810,<A>,61,2021-02-07T18:15:51-05:00[America/New_York],2021-02-07T18:16:52-05:00[America/New_York],NA,2021-02-07,65751,Sunday
1810,B,16,2021-02-07T18:16:52-05:00[America/New_York],2021-02-07T18:17:08-05:00[America/New_York],NA,2021-02-07,65812,Sunday
1810,C,24,2021-02-07T18:17:08-05:00[America/New_York],2021-02-07T18:17:32-05:00[America/New_York],NA,2021-02-07,65828,Sunday
1810,<A>,61,2021-02-07T18:17:32-05:00[America/New_York],2021-02-07T18:18:33-05:00[America/New_York],NA,2021-02-07,65852,Sunday
1810,B,16,2021-02-07T18:18:33-05:00[America/New_York],2021-02-07T18:18:49-05:00[America/New_York],NA,2021-02-07,65913,Sunday
1810,C,24,2021-02-07T18:18:49-05:00[America/New_York],2021-02-07T18:19:13-05:00[America/New_York],NA,2021-02-07,65929,Sunday
1810,<A>,61,2021-02-07T18:19:13-05:00[America/New_York],2021-02-07T18:20:14-05:00[America/New_York],NA,2021-02-07,65953,Sunday
1810,C,24,2021-02-07T18:20:14-05:00[America/New_York],2021-02-07T18:20:38-05:00[America/New_York],NA,2021-02-07,66014,Sunday
1810,<A>,75,2021-02-07T18:20:38-05:00[America/New_York],2021-02-07T18:21:53-05:00[America/New_York],NA,2021-02-07,66038,Sunday
1810,B,16,2021-02-07T18:21:53-05:00[America/New_York],2021-02-07T18:22:09-05:00[America/New_York],NA,2021-02-07,66113,Sunday
1810,C,24,2021-02-07T18:22:09-05:00[America/New_York],2021-02-07T18:22:33-05:00[America/New_York],NA,2021-02-07,66129,Sunday
1810,<A>,61,2021-02-07T18:22:33-05:00[America/New_York],2021-02-07T18:23:34-05:00[America/New_York],NA,2021-02-07,66153,Sunday
1810,C,24,2021-02-07T18:23:34-05:00[America/New_York],2021-02-07T18:23:58-05:00[America/New_York],NA,2021-02-07,66214,Sunday
1810,<A>,69,2021-02-07T18:23:58-05:00[America/New_York],2021-02-07T18:25:07-05:00[America/New_York],Yes,2021-02-07,66238,Sunday
1810,C,24,2021-02-07T18:25:07-05:00[America/New_York],2021-02-07T18:25:31-05:00[America/New_York],NA,2021-02-07,66307,Sunday
1810,<A>,83,2021-02-07T18:25:31-05:00[America/New_York],2021-02-07T18:26:54-05:00[America/New_York],NA,2021-02-07,66331,Sunday
1810,C,23,2021-02-07T18:26:54-05:00[America/New_York],2021-02-07T18:27:17-05:00[America/New_York],NA,2021-02-07,66414,Sunday
1810,<A>,76,2021-02-07T18:27:17-05:00[America/New_York],2021-02-07T18:28:33-05:00[America/New_York],Yes,2021-02-07,66437,Sunday
1810,B,16,2021-02-07T18:28:33-05:00[America/New_York],2021-02-07T18:28:49-05:00[America/New_York],NA,2021-02-07,66513,Sunday
1810,C,23,2021-02-07T18:28:49-05:00[America/New_York],2021-02-07T18:29:12-05:00[America/New_York],NA,2021-02-07,66529,Sunday
1810,<A>,61,2021-02-07T18:29:12-05:00[America/New_York],2021-02-07T18:30:13-05:00[America/New_York],NA,2021-02-07,66552,Sunday
1810,B,17,2021-02-07T18:30:13-05:00[America/New_York],2021-02-07T18:30:30-05:00[America/New_York],NA,2021-02-07,66613,Sunday
1810,C,24,2021-02-07T18:30:30-05:00[America/New_York],2021-02-07T18:30:54-05:00[America/New_York],NA,2021-02-07,66630,Sunday
1810,<A>,66,2021-02-07T18:30:54-05:00[America/New_York],2021-02-07T18:32:00-05:00[America/New_York],NA,2021-02-07,66654,Sunday
1810,C,24,2021-02-07T18:32:00-05:00[America/New_York],2021-02-07T18:32:24-05:00[America/New_York],NA,2021-02-07,66720,Sunday
1810,<A>,60,2021-02-07T18:32:24-05:00[America/New_York],2021-02-07T18:33:24-05:00[America/New_York],Yes,2021-02-07,66744,Sunday
1810,C,23,2021-02-07T18:33:24-05:00[America/New_York],2021-02-07T18:33:47-05:00[America/New_York],NA,2021-02-07,66804,Sunday
1810,<A>,65,2021-02-07T18:33:47-05:00[America/New_York],2021-02-07T18:34:52-05:00[America/New_York],Yes,2021-02-07,66827,Sunday
1810,C,23,2021-02-07T18:34:52-05:00[America/New_York],2021-02-07T18:35:15-05:00[America/New_York],NA,2021-02-07,66892,Sunday
1810,<A>,55,2021-02-07T18:35:15-05:00[America/New_York],2021-02-07T18:36:10-05:00[America/New_York],Yes,2021-02-07,66915,Sunday
1810,C,23,2021-02-07T18:36:10-05:00[America/New_York],2021-02-07T18:36:33-05:00[America/New_York],NA,2021-02-07,66970,Sunday
1810,<A>,64,2021-02-07T18:36:33-05:00[America/New_York],2021-02-07T18:37:37-05:00[America/New_York],Yes,2021-02-07,66993,Sunday
1810,C,23,2021-02-07T18:37:37-05:00[America/New_York],2021-02-07T18:38:00-05:00[America/New_York],NA,2021-02-07,67057,Sunday
1810,<A>,60,2021-02-07T18:38:00-05:00[America/New_York],2021-02-07T18:39:00-05:00[America/New_York],Yes,2021-02-07,67080,Sunday
1810,C,23,2021-02-07T18:39:00-05:00[America/New_York],2021-02-07T18:39:23-05:00[America/New_York],NA,2021-02-07,67140,Sunday
1810,<A>,62,2021-02-07T18:39:23-05:00[America/New_York],2021-02-07T18:40:25-05:00[America/New_York],NA,2021-02-07,67163,Sunday
1810,B,17,2021-02-07T18:40:25-05:00[America/New_York],2021-02-07T18:40:42-05:00[America/New_York],NA,2021-02-07,67225,Sunday
1810,C,23,2021-02-07T18:40:42-05:00[America/New_York],2021-02-07T18:41:05-05:00[America/New_York],NA,2021-02-07,67242,Sunday
1810,<A>,62,2021-02-07T18:41:05-05:00[America/New_York],2021-02-07T18:42:07-05:00[America/New_York],NA,2021-02-07,67265,Sunday
1810,B,16,2021-02-07T18:42:07-05:00[America/New_York],2021-02-07T18:42:23-05:00[America/New_York],NA,2021-02-07,67327,Sunday
1810,C,23,2021-02-07T18:42:23-05:00[America/New_York],2021-02-07T18:42:46-05:00[America/New_York],NA,2021-02-07,67343,Sunday
1810,<A>,58,2021-02-07T18:42:46-05:00[America/New_York],2021-02-07T18:43:44-05:00[America/New_York],Yes,2021-02-07,67366,Sunday
1810,C,23,2021-02-07T18:43:44-05:00[America/New_York],2021-02-07T18:44:07-05:00[America/New_York],NA,2021-02-07,67424,Sunday
1810,<A>,60,2021-02-07T18:44:07-05:00[America/New_York],2021-02-07T18:45:07-05:00[America/New_York],Yes,2021-02-07,67447,Sunday
1810,C,23,2021-02-07T18:45:07-05:00[America/New_York],2021-02-07T18:45:30-05:00[America/New_York],NA,2021-02-07,67507,Sunday
1810,<A>,64,2021-02-07T18:45:30-05:00[America/New_York],2021-02-07T18:46:34-05:00[America/New_York],Yes,2021-02-07,67530,Sunday
1810,B,17,2021-02-07T18:46:34-05:00[America/New_York],2021-02-07T18:46:51-05:00[America/New_York],NA,2021-02-07,67594,Sunday
1810,C,23,2021-02-07T18:46:51-05:00[America/New_York],2021-02-07T18:47:14-05:00[America/New_York],NA,2021-02-07,67611,Sunday
1810,<A>,55,2021-02-07T18:47:14-05:00[America/New_York],2021-02-07T18:48:09-05:00[America/New_York],NA,2021-02-07,67634,Sunday
1810,C,21,2021-02-07T18:48:09-05:00[America/New_York],2021-02-07T18:48:30-05:00[America/New_York],NA,2021-02-07,67689,Sunday
1810,<A>,62,2021-02-07T18:48:30-05:00[America/New_York],2021-02-07T18:49:32-05:00[America/New_York],Yes,2021-02-07,67710,Sunday
1810,B,17,2021-02-07T18:49:32-05:00[America/New_York],2021-02-07T18:49:49-05:00[America/New_York],NA,2021-02-07,67772,Sunday
1810,C,23,2021-02-07T18:49:49-05:00[America/New_York],2021-02-07T18:50:12-05:00[America/New_York],NA,2021-02-07,67789,Sunday
1810,<A>,61,2021-02-07T18:50:12-05:00[America/New_York],2021-02-07T18:51:13-05:00[America/New_York],NA,2021-02-07,67812,Sunday
1810,C,23,2021-02-07T18:51:13-05:00[America/New_York],2021-02-07T18:51:36-05:00[America/New_York],NA,2021-02-07,67873,Sunday
1810,<A>,60,2021-02-07T18:51:36-05:00[America/New_York],2021-02-07T18:52:36-05:00[America/New_York],Yes,2021-02-07,67896,Sunday
1810,C,23,2021-02-07T18:52:36-05:00[America/New_York],2021-02-07T18:52:59-05:00[America/New_York],NA,2021-02-07,67956,Sunday
1810,<A>,70,2021-02-07T18:52:59-05:00[America/New_York],2021-02-07T18:54:09-05:00[America/New_York],Yes,2021-02-07,67979,Sunday
1810,C,23,2021-02-07T18:54:09-05:00[America/New_York],2021-02-07T18:54:32-05:00[America/New_York],NA,2021-02-07,68049,Sunday
1810,<A>,57,2021-02-07T18:54:32-05:00[America/New_York],2021-02-07T18:55:29-05:00[America/New_York],Yes,2021-02-07,68072,Sunday
1810,C,23,2021-02-07T18:55:29-05:00[America/New_York],2021-02-07T18:55:52-05:00[America/New_York],NA,2021-02-07,68129,Sunday
1810,<A>,61,2021-02-07T18:55:52-05:00[America/New_York],2021-02-07T18:56:53-05:00[America/New_York],Yes,2021-02-07,68152,Sunday
1810,B,16,2021-02-07T18:56:53-05:00[America/New_York],2021-02-07T18:57:09-05:00[America/New_York],NA,2021-02-07,68213,Sunday
1810,C,23,2021-02-07T18:57:09-05:00[America/New_York],2021-02-07T18:57:32-05:00[America/New_York],NA,2021-02-07,68229,Sunday
1810,<A>,63,2021-02-07T18:57:32-05:00[America/New_York],2021-02-07T18:58:35-05:00[America/New_York],NA,2021-02-07,68252,Sunday
1810,C,23,2021-02-07T18:58:35-05:00[America/New_York],2021-02-07T18:58:58-05:00[America/New_York],NA,2021-02-07,68315,Sunday
1810,<A>,60,2021-02-07T18:58:58-05:00[America/New_York],2021-02-07T18:59:58-05:00[America/New_York],Yes,2021-02-07,68338,Sunday
1810,B,17,2021-02-07T18:59:58-05:00[America/New_York],2021-02-07T19:00:15-05:00[America/New_York],NA,2021-02-07,68398,Sunday
1810,C,23,2021-02-07T19:00:15-05:00[America/New_York],2021-02-07T19:00:38-05:00[America/New_York],NA,2021-02-07,68415,Sunday
1810,<A>,64,2021-02-07T19:00:38-05:00[America/New_York],2021-02-07T19:01:42-05:00[America/New_York],NA,2021-02-07,68438,Sunday
1810,C,23,2021-02-07T19:01:42-05:00[America/New_York],2021-02-07T19:02:05-05:00[America/New_York],NA,2021-02-07,68502,Sunday
1810,<A>,59,2021-02-07T19:02:05-05:00[America/New_York],2021-02-07T19:03:04-05:00[America/New_York],Yes,2021-02-07,68525,Sunday
1810,C,23,2021-02-07T19:03:04-05:00[America/New_York],2021-02-07T19:03:27-05:00[America/New_York],NA,2021-02-07,68584,Sunday
1810,<A>,67,2021-02-07T19:03:27-05:00[America/New_York],2021-02-07T19:04:34-05:00[America/New_York],Yes,2021-02-07,68607,Sunday
1810,C,23,2021-02-07T19:04:34-05:00[America/New_York],2021-02-07T19:04:57-05:00[America/New_York],NA,2021-02-07,68674,Sunday
1810,<A>,62,2021-02-07T19:04:57-05:00[America/New_York],2021-02-07T19:05:59-05:00[America/New_York],NA,2021-02-07,68697,Sunday
1810,B,16,2021-02-07T19:05:59-05:00[America/New_York],2021-02-07T19:06:15-05:00[America/New_York],NA,2021-02-07,68759,Sunday
1810,C,23,2021-02-07T19:06:15-05:00[America/New_York],2021-02-07T19:06:38-05:00[America/New_York],NA,2021-02-07,68775,Sunday
1810,<A>,62,2021-02-07T19:06:38-05:00[America/New_York],2021-02-07T19:07:40-05:00[America/New_York],NA,2021-02-07,68798,Sunday
1810,B,16,2021-02-07T19:07:40-05:00[America/New_York],2021-02-07T19:07:56-05:00[America/New_York],NA,2021-02-07,68860,Sunday
1810,C,23,2021-02-07T19:07:56-05:00[America/New_York],2021-02-07T19:08:19-05:00[America/New_York],NA,2021-02-07,68876,Sunday
1810,<A>,61,2021-02-07T19:08:19-05:00[America/New_York],2021-02-07T19:09:20-05:00[America/New_York],NA,2021-02-07,68899,Sunday
1810,C,23,2021-02-07T19:09:20-05:00[America/New_York],2021-02-07T19:09:43-05:00[America/New_York],NA,2021-02-07,68960,Sunday
1810,<A>,64,2021-02-07T19:09:43-05:00[America/New_York],2021-02-07T19:10:47-05:00[America/New_York],Yes,2021-02-07,68983,Sunday
1810,B,17,2021-02-07T19:10:47-05:00[America/New_York],2021-02-07T19:11:04-05:00[America/New_York],NA,2021-02-07,69047,Sunday
1810,C,23,2021-02-07T19:11:04-05:00[America/New_York],2021-02-07T19:11:27-05:00[America/New_York],NA,2021-02-07,69064,Sunday
1810,<A>,55,2021-02-07T19:11:27-05:00[America/New_York],2021-02-07T19:12:22-05:00[America/New_York],Yes,2021-02-07,69087,Sunday
1810,C,23,2021-02-07T19:12:22-05:00[America/New_York],2021-02-07T19:12:45-05:00[America/New_York],NA,2021-02-07,69142,Sunday
1810,<A>,71,2021-02-07T19:12:45-05:00[America/New_York],2021-02-07T19:13:56-05:00[America/New_York],Yes,2021-02-07,69165,Sunday
1810,C,23,2021-02-07T19:13:56-05:00[America/New_York],2021-02-07T19:14:19-05:00[America/New_York],NA,2021-02-07,69236,Sunday
1810,<A>,58,2021-02-07T19:14:19-05:00[America/New_York],2021-02-07T19:15:17-05:00[America/New_York],Yes,2021-02-07,69259,Sunday
1810,B,17,2021-02-07T19:15:17-05:00[America/New_York],2021-02-07T19:15:34-05:00[America/New_York],NA,2021-02-07,69317,Sunday
1810,C,23,2021-02-07T19:15:34-05:00[America/New_York],2021-02-07T19:15:57-05:00[America/New_York],NA,2021-02-07,69334,Sunday
1810,<A>,58,2021-02-07T19:15:57-05:00[America/New_York],2021-02-07T19:16:55-05:00[America/New_York],Yes,2021-02-07,69357,Sunday
1810,C,23,2021-02-07T19:16:55-05:00[America/New_York],2021-02-07T19:17:18-05:00[America/New_York],NA,2021-02-07,69415,Sunday
1810,<A>,64,2021-02-07T19:17:18-05:00[America/New_York],2021-02-07T19:18:22-05:00[America/New_York],Yes,2021-02-07,69438,Sunday
1810,B,16,2021-02-07T19:18:22-05:00[America/New_York],2021-02-07T19:18:38-05:00[America/New_York],NA,2021-02-07,69502,Sunday
1810,C,23,2021-02-07T19:18:38-05:00[America/New_York],2021-02-07T19:19:01-05:00[America/New_York],NA,2021-02-07,69518,Sunday
1810,<A>,62,2021-02-07T19:19:01-05:00[America/New_York],2021-02-07T19:20:03-05:00[America/New_York],NA,2021-02-07,69541,Sunday
1810,B,17,2021-02-07T19:20:03-05:00[America/New_York],2021-02-07T19:20:20-05:00[America/New_York],NA,2021-02-07,69603,Sunday
1810,C,23,2021-02-07T19:20:20-05:00[America/New_York],2021-02-07T19:20:43-05:00[America/New_York],NA,2021-02-07,69620,Sunday
1810,<A>,55,2021-02-07T19:20:43-05:00[America/New_York],2021-02-07T19:21:38-05:00[America/New_York],Yes,2021-02-07,69643,Sunday
1810,C,23,2021-02-07T19:21:38-05:00[America/New_York],2021-02-07T19:22:01-05:00[America/New_York],NA,2021-02-07,69698,Sunday
1810,<A>,58,2021-02-07T19:22:01-05:00[America/New_York],2021-02-07T19:22:59-05:00[America/New_York],Yes,2021-02-07,69721,Sunday
1810,C,23,2021-02-07T19:22:59-05:00[America/New_York],2021-02-07T19:23:22-05:00[America/New_York],NA,2021-02-07,69779,Sunday
1810,<A>,62,2021-02-07T19:23:22-05:00[America/New_York],2021-02-07T19:24:24-05:00[America/New_York],NA,2021-02-07,69802,Sunday
1810,B,16,2021-02-07T19:24:24-05:00[America/New_York],2021-02-07T19:24:40-05:00[America/New_York],NA,2021-02-07,69864,Sunday
1810,C,23,2021-02-07T19:24:40-05:00[America/New_York],2021-02-07T19:25:03-05:00[America/New_York],NA,2021-02-07,69880,Sunday
1810,<A>,62,2021-02-07T19:25:03-05:00[America/New_York],2021-02-07T19:26:05-05:00[America/New_York],NA,2021-02-07,69903,Sunday
1810,B,16,2021-02-07T19:26:05-05:00[America/New_York],2021-02-07T19:26:21-05:00[America/New_York],NA,2021-02-07,69965,Sunday
1810,C,23,2021-02-07T19:26:21-05:00[America/New_York],2021-02-07T19:26:44-05:00[America/New_York],NA,2021-02-07,69981,Sunday
1810,<A>,61,2021-02-07T19:26:44-05:00[America/New_York],2021-02-07T19:27:45-05:00[America/New_York],NA,2021-02-07,70004,Sunday
1810,C,23,2021-02-07T19:27:45-05:00[America/New_York],2021-02-07T19:28:08-05:00[America/New_York],NA,2021-02-07,70065,Sunday
1810,<A>,70,2021-02-07T19:28:08-05:00[America/New_York],2021-02-07T19:29:18-05:00[America/New_York],Yes,2021-02-07,70088,Sunday
1810,B,17,2021-02-07T19:29:18-05:00[America/New_York],2021-02-07T19:29:35-05:00[America/New_York],NA,2021-02-07,70158,Sunday
1810,C,23,2021-02-07T19:29:35-05:00[America/New_York],2021-02-07T19:29:58-05:00[America/New_York],NA,2021-02-07,70175,Sunday
1810,<A>,62,2021-02-07T19:29:58-05:00[America/New_York],2021-02-07T19:31:00-05:00[America/New_York],NA,2021-02-07,70198,Sunday
1810,C,23,2021-02-07T19:31:00-05:00[America/New_York],2021-02-07T19:31:23-05:00[America/New_York],NA,2021-02-07,70260,Sunday
1810,<A>,67,2021-02-07T19:31:23-05:00[America/New_York],2021-02-07T19:32:30-05:00[America/New_York],Yes,2021-02-07,70283,Sunday
1810,B,16,2021-02-07T19:32:30-05:00[America/New_York],2021-02-07T19:32:46-05:00[America/New_York],NA,2021-02-07,70350,Sunday
1810,C,23,2021-02-07T19:32:46-05:00[America/New_York],2021-02-07T19:33:09-05:00[America/New_York],NA,2021-02-07,70366,Sunday
1810,<A>,62,2021-02-07T19:33:09-05:00[America/New_York],2021-02-07T19:34:11-05:00[America/New_York],NA,2021-02-07,70389,Sunday
1810,C,23,2021-02-07T19:34:11-05:00[America/New_York],2021-02-07T19:34:34-05:00[America/New_York],NA,2021-02-07,70451,Sunday
1810,<A>,57,2021-02-07T19:34:34-05:00[America/New_York],2021-02-07T19:35:31-05:00[America/New_York],Yes,2021-02-07,70474,Sunday
1810,C,23,2021-02-07T19:35:31-05:00[America/New_York],2021-02-07T19:35:54-05:00[America/New_York],NA,2021-02-07,70531,Sunday
1810,<A>,57,2021-02-07T19:35:54-05:00[America/New_York],2021-02-07T19:36:51-05:00[America/New_York],Yes,2021-02-07,70554,Sunday
1810,C,23,2021-02-07T19:36:51-05:00[America/New_York],2021-02-07T19:37:14-05:00[America/New_York],NA,2021-02-07,70611,Sunday
1810,<A>,50,2021-02-07T19:37:14-05:00[America/New_York],2021-02-07T19:38:04-05:00[America/New_York],Yes,2021-02-07,70634,Sunday
1810,B,16,2021-02-07T19:38:04-05:00[America/New_York],2021-02-07T19:38:20-05:00[America/New_York],NA,2021-02-07,70684,Sunday
1810,C,23,2021-02-07T19:38:20-05:00[America/New_York],2021-02-07T19:38:43-05:00[America/New_York],NA,2021-02-07,70700,Sunday
1810,<A>,49,2021-02-07T19:38:43-05:00[America/New_York],2021-02-07T19:39:32-05:00[America/New_York],Yes,2021-02-07,70723,Sunday
1810,C,23,2021-02-07T19:39:32-05:00[America/New_York],2021-02-07T19:39:55-05:00[America/New_York],NA,2021-02-07,70772,Sunday
1810,<A>,55,2021-02-07T19:39:55-05:00[America/New_York],2021-02-07T19:40:50-05:00[America/New_York],Yes,2021-02-07,70795,Sunday
1810,C,23,2021-02-07T19:40:50-05:00[America/New_York],2021-02-07T19:41:13-05:00[America/New_York],NA,2021-02-07,70850,Sunday
1810,<A>,62,2021-02-07T19:41:13-05:00[America/New_York],2021-02-07T19:42:15-05:00[America/New_York],Yes,2021-02-07,70873,Sunday
1810,C,23,2021-02-07T19:42:15-05:00[America/New_York],2021-02-07T19:42:38-05:00[America/New_York],NA,2021-02-07,70935,Sunday
1810,<A>,65,2021-02-07T19:42:38-05:00[America/New_York],2021-02-07T19:43:43-05:00[America/New_York],Yes,2021-02-07,70958,Sunday
1810,C,23,2021-02-07T19:43:43-05:00[America/New_York],2021-02-07T19:44:06-05:00[America/New_York],NA,2021-02-07,71023,Sunday
1810,<A>,62,2021-02-07T19:44:06-05:00[America/New_York],2021-02-07T19:45:08-05:00[America/New_York],NA,2021-02-07,71046,Sunday
1810,C,23,2021-02-07T19:45:08-05:00[America/New_York],2021-02-07T19:45:31-05:00[America/New_York],NA,2021-02-07,71108,Sunday
1810,<A>,69,2021-02-07T19:45:31-05:00[America/New_York],2021-02-07T19:46:40-05:00[America/New_York],Yes,2021-02-07,71131,Sunday
1810,C,23,2021-02-07T19:46:40-05:00[America/New_York],2021-02-07T19:47:03-05:00[America/New_York],NA,2021-02-07,71200,Sunday
1810,<A>,59,2021-02-07T19:47:03-05:00[America/New_York],2021-02-07T19:48:02-05:00[America/New_York],Yes,2021-02-07,71223,Sunday
1810,C,23,2021-02-07T19:48:02-05:00[America/New_York],2021-02-07T19:48:25-05:00[America/New_York],NA,2021-02-07,71282,Sunday
1810,<A>,58,2021-02-07T19:48:25-05:00[America/New_York],2021-02-07T19:49:23-05:00[America/New_York],Yes,2021-02-07,71305,Sunday
1810,C,23,2021-02-07T19:49:23-05:00[America/New_York],2021-02-07T19:49:46-05:00[America/New_York],NA,2021-02-07,71363,Sunday
1810,<A>,55,2021-02-07T19:49:46-05:00[America/New_York],2021-02-07T19:50:41-05:00[America/New_York],Yes,2021-02-07,71386,Sunday
1810,C,23,2021-02-07T19:50:41-05:00[America/New_York],2021-02-07T19:51:04-05:00[America/New_York],NA,2021-02-07,71441,Sunday
1810,<A>,54,2021-02-07T19:51:04-05:00[America/New_York],2021-02-07T19:51:58-05:00[America/New_York],Yes,2021-02-07,71464,Sunday
1810,C,23,2021-02-07T19:51:58-05:00[America/New_York],2021-02-07T19:52:21-05:00[America/New_York],NA,2021-02-07,71518,Sunday
1810,<A>,50,2021-02-07T19:52:21-05:00[America/New_York],2021-02-07T19:53:11-05:00[America/New_York],Yes,2021-02-07,71541,Sunday
1810,B,16,2021-02-07T19:53:11-05:00[America/New_York],2021-02-07T19:53:27-05:00[America/New_York],NA,2021-02-07,71591,Sunday
1810,C,23,2021-02-07T19:53:27-05:00[America/New_York],2021-02-07T19:53:50-05:00[America/New_York],NA,2021-02-07,71607,Sunday
1810,<A>,52,2021-02-07T19:53:50-05:00[America/New_York],2021-02-07T19:54:42-05:00[America/New_York],Yes,2021-02-07,71630,Sunday
1810,C,23,2021-02-07T19:54:42-05:00[America/New_York],2021-02-07T19:55:05-05:00[America/New_York],NA,2021-02-07,71682,Sunday
1810,<A>,50,2021-02-07T19:55:05-05:00[America/New_York],2021-02-07T19:55:55-05:00[America/New_York],Yes,2021-02-07,71705,Sunday
1810,C,23,2021-02-07T19:55:55-05:00[America/New_York],2021-02-07T19:56:18-05:00[America/New_York],NA,2021-02-07,71755,Sunday
1810,<A>,56,2021-02-07T19:56:18-05:00[America/New_York],2021-02-07T19:57:14-05:00[America/New_York],Yes,2021-02-07,71778,Sunday
1810,C,23,2021-02-07T19:57:14-05:00[America/New_York],2021-02-07T19:57:37-05:00[America/New_York],NA,2021-02-07,71834,Sunday
1810,<A>,67,2021-02-07T19:57:37-05:00[America/New_York],2021-02-07T19:58:44-05:00[America/New_York],Yes,2021-02-07,71857,Sunday
1810,C,23,2021-02-07T19:58:44-05:00[America/New_York],2021-02-07T19:59:07-05:00[America/New_York],NA,2021-02-07,71924,Sunday
1810,<A>,64,2021-02-07T19:59:07-05:00[America/New_York],2021-02-07T20:00:11-05:00[America/New_York],Yes,2021-02-07,71947,Sunday
1810,C,23,2021-02-07T20:00:11-05:00[America/New_York],2021-02-07T20:00:34-05:00[America/New_York],NA,2021-02-07,72011,Sunday
1810,<A>,47,2021-02-07T20:00:34-05:00[America/New_York],2021-02-07T20:01:21-05:00[America/New_York],Yes,2021-02-07,72034,Sunday
1810,B,16,2021-02-07T20:01:21-05:00[America/New_York],2021-02-07T20:01:37-05:00[America/New_York],NA,2021-02-07,72081,Sunday
1810,C,23,2021-02-07T20:01:37-05:00[America/New_York],2021-02-07T20:02:00-05:00[America/New_York],NA,2021-02-07,72097,Sunday
1810,<A>,52,2021-02-07T20:02:00-05:00[America/New_York],2021-02-07T20:02:52-05:00[America/New_York],Yes,2021-02-07,72120,Sunday
1810,C,23,2021-02-07T20:02:52-05:00[America/New_York],2021-02-07T20:03:15-05:00[America/New_York],NA,2021-02-07,72172,Sunday
1810,<A>,55,2021-02-07T20:03:15-05:00[America/New_York],2021-02-07T20:04:10-05:00[America/New_York],Yes,2021-02-07,72195,Sunday
1810,C,23,2021-02-07T20:04:10-05:00[America/New_York],2021-02-07T20:04:33-05:00[America/New_York],NA,2021-02-07,72250,Sunday
1810,<A>,76,2021-02-07T20:04:33-05:00[America/New_York],2021-02-07T20:05:49-05:00[America/New_York],Yes,2021-02-07,72273,Sunday
1810,B,16,2021-02-07T20:05:49-05:00[America/New_York],2021-02-07T20:06:05-05:00[America/New_York],NA,2021-02-07,72349,Sunday
1810,C,23,2021-02-07T20:06:05-05:00[America/New_York],2021-02-07T20:06:28-05:00[America/New_York],NA,2021-02-07,72365,Sunday
1810,<A>,58,2021-02-07T20:06:28-05:00[America/New_York],2021-02-07T20:07:26-05:00[America/New_York],Yes,2021-02-07,72388,Sunday
1810,C,23,2021-02-07T20:07:26-05:00[America/New_York],2021-02-07T20:07:49-05:00[America/New_York],NA,2021-02-07,72446,Sunday
1810,<A>,55,2021-02-07T20:07:49-05:00[America/New_York],2021-02-07T20:08:44-05:00[America/New_York],Yes,2021-02-07,72469,Sunday
1810,C,23,2021-02-07T20:08:44-05:00[America/New_York],2021-02-07T20:09:07-05:00[America/New_York],NA,2021-02-07,72524,Sunday
1810,<A>,50,2021-02-07T20:09:07-05:00[America/New_York],2021-02-07T20:09:57-05:00[America/New_York],Yes,2021-02-07,72547,Sunday
1810,C,23,2021-02-07T20:09:57-05:00[America/New_York],2021-02-07T20:10:20-05:00[America/New_York],NA,2021-02-07,72597,Sunday
1810,<A>,71,2021-02-07T20:10:20-05:00[America/New_York],2021-02-07T20:11:31-05:00[America/New_York],Yes,2021-02-07,72620,Sunday
1810,C,23,2021-02-07T20:11:31-05:00[America/New_York],2021-02-07T20:11:54-05:00[America/New_York],NA,2021-02-07,72691,Sunday
1810,<A>,56,2021-02-07T20:11:54-05:00[America/New_York],2021-02-07T20:12:50-05:00[America/New_York],Yes,2021-02-07,72714,Sunday
1810,C,23,2021-02-07T20:12:50-05:00[America/New_York],2021-02-07T20:13:13-05:00[America/New_York],NA,2021-02-07,72770,Sunday
1810,<A>,55,2021-02-07T20:13:13-05:00[America/New_York],2021-02-07T20:14:08-05:00[America/New_York],Yes,2021-02-07,72793,Sunday
1810,C,23,2021-02-07T20:14:08-05:00[America/New_York],2021-02-07T20:14:31-05:00[America/New_York],NA,2021-02-07,72848,Sunday
1810,<A>,68,2021-02-07T20:14:31-05:00[America/New_York],2021-02-07T20:15:39-05:00[America/New_York],Yes,2021-02-07,72871,Sunday
1810,B,16,2021-02-07T20:15:39-05:00[America/New_York],2021-02-07T20:15:55-05:00[America/New_York],NA,2021-02-07,72939,Sunday
1810,C,23,2021-02-07T20:15:55-05:00[America/New_York],2021-02-07T20:16:18-05:00[America/New_York],NA,2021-02-07,72955,Sunday
1810,<A>,60,2021-02-07T20:16:18-05:00[America/New_York],2021-02-07T20:17:18-05:00[America/New_York],Yes,2021-02-07,72978,Sunday
1810,B,16,2021-02-07T20:17:18-05:00[America/New_York],2021-02-07T20:17:34-05:00[America/New_York],NA,2021-02-07,73038,Sunday
1810,C,23,2021-02-07T20:17:34-05:00[America/New_York],2021-02-07T20:17:57-05:00[America/New_York],NA,2021-02-07,73054,Sunday
1810,<A>,54,2021-02-07T20:17:57-05:00[America/New_York],2021-02-07T20:18:51-05:00[America/New_York],Yes,2021-02-07,73077,Sunday
1810,C,23,2021-02-07T20:18:51-05:00[America/New_York],2021-02-07T20:19:14-05:00[America/New_York],NA,2021-02-07,73131,Sunday
1810,<A>,47,2021-02-07T20:19:14-05:00[America/New_York],2021-02-07T20:20:01-05:00[America/New_York],Yes,2021-02-07,73154,Sunday
1810,B,16,2021-02-07T20:20:01-05:00[America/New_York],2021-02-07T20:20:17-05:00[America/New_York],NA,2021-02-07,73201,Sunday
1810,C,23,2021-02-07T20:20:17-05:00[America/New_York],2021-02-07T20:20:40-05:00[America/New_York],NA,2021-02-07,73217,Sunday
1810,<A>,59,2021-02-07T20:20:40-05:00[America/New_York],2021-02-07T20:21:39-05:00[America/New_York],Yes,2021-02-07,73240,Sunday
1810,C,23,2021-02-07T20:21:39-05:00[America/New_York],2021-02-07T20:22:02-05:00[America/New_York],NA,2021-02-07,73299,Sunday
1810,<A>,53,2021-02-07T20:22:02-05:00[America/New_York],2021-02-07T20:22:55-05:00[America/New_York],Yes,2021-02-07,73322,Sunday
1810,C,23,2021-02-07T20:22:55-05:00[America/New_York],2021-02-07T20:23:18-05:00[America/New_York],NA,2021-02-07,73375,Sunday
1810,<A>,53,2021-02-07T20:23:18-05:00[America/New_York],2021-02-07T20:24:11-05:00[America/New_York],Yes,2021-02-07,73398,Sunday
1810,B,17,2021-02-07T20:24:11-05:00[America/New_York],2021-02-07T20:24:28-05:00[America/New_York],NA,2021-02-07,73451,Sunday
1810,C,23,2021-02-07T20:24:28-05:00[America/New_York],2021-02-07T20:24:51-05:00[America/New_York],NA,2021-02-07,73468,Sunday
1810,<A>,68,2021-02-07T20:24:51-05:00[America/New_York],2021-02-07T20:25:59-05:00[America/New_York],Yes,2021-02-07,73491,Sunday
1810,C,23,2021-02-07T20:25:59-05:00[America/New_York],2021-02-07T20:26:22-05:00[America/New_York],NA,2021-02-07,73559,Sunday
1810,<A>,58,2021-02-07T20:26:22-05:00[America/New_York],2021-02-07T20:27:20-05:00[America/New_York],Yes,2021-02-07,73582,Sunday
1810,B,16,2021-02-07T20:27:20-05:00[America/New_York],2021-02-07T20:27:36-05:00[America/New_York],NA,2021-02-07,73640,Sunday
1810,C,23,2021-02-07T20:27:36-05:00[America/New_York],2021-02-07T20:27:59-05:00[America/New_York],NA,2021-02-07,73656,Sunday
1810,<A>,59,2021-02-07T20:27:59-05:00[America/New_York],2021-02-07T20:28:58-05:00[America/New_York],Yes,2021-02-07,73679,Sunday
1810,C,23,2021-02-07T20:28:58-05:00[America/New_York],2021-02-07T20:29:21-05:00[America/New_York],NA,2021-02-07,73738,Sunday
1810,<A>,49,2021-02-07T20:29:21-05:00[America/New_York],2021-02-07T20:30:10-05:00[America/New_York],Yes,2021-02-07,73761,Sunday
1810,C,23,2021-02-07T20:30:10-05:00[America/New_York],2021-02-07T20:30:33-05:00[America/New_York],NA,2021-02-07,73810,Sunday
1810,<A>,62,2021-02-07T20:30:33-05:00[America/New_York],2021-02-07T20:31:35-05:00[America/New_York],NA,2021-02-07,73833,Sunday
1810,C,23,2021-02-07T20:31:35-05:00[America/New_York],2021-02-07T20:31:58-05:00[America/New_York],NA,2021-02-07,73895,Sunday
1810,<A>,55,2021-02-07T20:31:58-05:00[America/New_York],2021-02-07T20:32:53-05:00[America/New_York],Yes,2021-02-07,73918,Sunday
1810,C,23,2021-02-07T20:32:53-05:00[America/New_York],2021-02-07T20:33:16-05:00[America/New_York],NA,2021-02-07,73973,Sunday
1810,<A>,58,2021-02-07T20:33:16-05:00[America/New_York],2021-02-07T20:34:14-05:00[America/New_York],Yes,2021-02-07,73996,Sunday
1810,C,23,2021-02-07T20:34:14-05:00[America/New_York],2021-02-07T20:34:37-05:00[America/New_York],NA,2021-02-07,74054,Sunday
1810,<A>,50,2021-02-07T20:34:37-05:00[America/New_York],2021-02-07T20:35:27-05:00[America/New_York],Yes,2021-02-07,74077,Sunday
1810,C,23,2021-02-07T20:35:27-05:00[America/New_York],2021-02-07T20:35:50-05:00[America/New_York],NA,2021-02-07,74127,Sunday
1810,<A>,57,2021-02-07T20:35:50-05:00[America/New_York],2021-02-07T20:36:47-05:00[America/New_York],Yes,2021-02-07,74150,Sunday
1810,C,23,2021-02-07T20:36:47-05:00[America/New_York],2021-02-07T20:37:10-05:00[America/New_York],NA,2021-02-07,74207,Sunday
1810,<A>,52,2021-02-07T20:37:10-05:00[America/New_York],2021-02-07T20:38:02-05:00[America/New_York],Yes,2021-02-07,74230,Sunday
1810,B,16,2021-02-07T20:38:02-05:00[America/New_York],2021-02-07T20:38:18-05:00[America/New_York],NA,2021-02-07,74282,Sunday
1810,C,23,2021-02-07T20:38:18-05:00[America/New_York],2021-02-07T20:38:41-05:00[America/New_York],NA,2021-02-07,74298,Sunday
1810,<A>,62,2021-02-07T20:38:41-05:00[America/New_York],2021-02-07T20:39:43-05:00[America/New_York],Yes,2021-02-07,74321,Sunday
1810,C,23,2021-02-07T20:39:43-05:00[America/New_York],2021-02-07T20:40:06-05:00[America/New_York],NA,2021-02-07,74383,Sunday
1810,<A>,58,2021-02-07T20:40:06-05:00[America/New_York],2021-02-07T20:41:04-05:00[America/New_York],Yes,2021-02-07,74406,Sunday
1810,C,23,2021-02-07T20:41:04-05:00[America/New_York],2021-02-07T20:41:27-05:00[America/New_York],NA,2021-02-07,74464,Sunday
1810,<A>,57,2021-02-07T20:41:27-05:00[America/New_York],2021-02-07T20:42:24-05:00[America/New_York],Yes,2021-02-07,74487,Sunday
1810,C,23,2021-02-07T20:42:24-05:00[America/New_York],2021-02-07T20:42:47-05:00[America/New_York],NA,2021-02-07,74544,Sunday
1810,<A>,65,2021-02-07T20:42:47-05:00[America/New_York],2021-02-07T20:43:52-05:00[America/New_York],Yes,2021-02-07,74567,Sunday
1810,C,23,2021-02-07T20:43:52-05:00[America/New_York],2021-02-07T20:44:15-05:00[America/New_York],NA,2021-02-07,74632,Sunday
1810,<A>,53,2021-02-07T20:44:15-05:00[America/New_York],2021-02-07T20:45:08-05:00[America/New_York],Yes,2021-02-07,74655,Sunday
1810,B,17,2021-02-07T20:45:08-05:00[America/New_York],2021-02-07T20:45:25-05:00[America/New_York],NA,2021-02-07,74708,Sunday
1810,C,23,2021-02-07T20:45:25-05:00[America/New_York],2021-02-07T20:45:48-05:00[America/New_York],NA,2021-02-07,74725,Sunday
1810,<A>,54,2021-02-07T20:45:48-05:00[America/New_York],2021-02-07T20:46:42-05:00[America/New_York],Yes,2021-02-07,74748,Sunday
1810,C,23,2021-02-07T20:46:42-05:00[America/New_York],2021-02-07T20:47:05-05:00[America/New_York],NA,2021-02-07,74802,Sunday
1810,<A>,50,2021-02-07T20:47:05-05:00[America/New_York],2021-02-07T20:47:55-05:00[America/New_York],Yes,2021-02-07,74825,Sunday
1810,C,23,2021-02-07T20:47:55-05:00[America/New_York],2021-02-07T20:48:18-05:00[America/New_York],NA,2021-02-07,74875,Sunday
1810,<A>,62,2021-02-07T20:48:18-05:00[America/New_York],2021-02-07T20:49:20-05:00[America/New_York],NA,2021-02-07,74898,Sunday
1810,C,23,2021-02-07T20:49:20-05:00[America/New_York],2021-02-07T20:49:43-05:00[America/New_York],NA,2021-02-07,74960,Sunday
1810,<A>,56,2021-02-07T20:49:43-05:00[America/New_York],2021-02-07T20:50:39-05:00[America/New_York],Yes,2021-02-07,74983,Sunday
1810,C,23,2021-02-07T20:50:39-05:00[America/New_York],2021-02-07T20:51:02-05:00[America/New_York],NA,2021-02-07,75039,Sunday
1810,<A>,53,2021-02-07T20:51:02-05:00[America/New_York],2021-02-07T20:51:55-05:00[America/New_York],Yes,2021-02-07,75062,Sunday
1810,B,17,2021-02-07T20:51:55-05:00[America/New_York],2021-02-07T20:52:12-05:00[America/New_York],NA,2021-02-07,75115,Sunday
1810,C,23,2021-02-07T20:52:12-05:00[America/New_York],2021-02-07T20:52:35-05:00[America/New_York],NA,2021-02-07,75132,Sunday
1810,<A>,63,2021-02-07T20:52:35-05:00[America/New_York],2021-02-07T20:53:38-05:00[America/New_York],Yes,2021-02-07,75155,Sunday
1810,C,23,2021-02-07T20:53:38-05:00[America/New_York],2021-02-07T20:54:01-05:00[America/New_York],NA,2021-02-07,75218,Sunday
1810,<A>,60,2021-02-07T20:54:01-05:00[America/New_York],2021-02-07T20:55:01-05:00[America/New_York],Yes,2021-02-07,75241,Sunday
1810,C,23,2021-02-07T20:55:01-05:00[America/New_York],2021-02-07T20:55:24-05:00[America/New_York],NA,2021-02-07,75301,Sunday
1810,<A>,50,2021-02-07T20:55:24-05:00[America/New_York],2021-02-07T20:56:14-05:00[America/New_York],Yes,2021-02-07,75324,Sunday
1810,C,23,2021-02-07T20:56:14-05:00[America/New_York],2021-02-07T20:56:37-05:00[America/New_York],NA,2021-02-07,75374,Sunday
1810,<A>,60,2021-02-07T20:56:37-05:00[America/New_York],2021-02-07T20:57:37-05:00[America/New_York],Yes,2021-02-07,75397,Sunday
1810,C,23,2021-02-07T20:57:37-05:00[America/New_York],2021-02-07T20:58:00-05:00[America/New_York],NA,2021-02-07,75457,Sunday
1810,<A>,57,2021-02-07T20:58:00-05:00[America/New_York],2021-02-07T20:58:57-05:00[America/New_York],Yes,2021-02-07,75480,Sunday
1810,B,16,2021-02-07T20:58:57-05:00[America/New_York],2021-02-07T20:59:13-05:00[America/New_York],NA,2021-02-07,75537,Sunday
1810,C,23,2021-02-07T20:59:13-05:00[America/New_York],2021-02-07T20:59:36-05:00[America/New_York],NA,2021-02-07,75553,Sunday
1810,<A>,62,2021-02-07T20:59:36-05:00[America/New_York],2021-02-07T21:00:38-05:00[America/New_York],Yes,2021-02-07,75576,Sunday
1810,C,23,2021-02-07T21:00:38-05:00[America/New_York],2021-02-07T21:01:01-05:00[America/New_York],NA,2021-02-07,75638,Sunday
1810,<A>,58,2021-02-07T21:01:01-05:00[America/New_York],2021-02-07T21:01:59-05:00[America/New_York],Yes,2021-02-07,75661,Sunday
1810,C,23,2021-02-07T21:01:59-05:00[America/New_York],2021-02-07T21:02:22-05:00[America/New_York],NA,2021-02-07,75719,Sunday
1810,<A>,57,2021-02-07T21:02:22-05:00[America/New_York],2021-02-07T21:03:19-05:00[America/New_York],Yes,2021-02-07,75742,Sunday
1810,C,23,2021-02-07T21:03:19-05:00[America/New_York],2021-02-07T21:03:42-05:00[America/New_York],NA,2021-02-07,75799,Sunday
1810,<A>,55,2021-02-07T21:03:42-05:00[America/New_York],2021-02-07T21:04:37-05:00[America/New_York],Yes,2021-02-07,75822,Sunday
1810,C,24,2021-02-07T21:04:37-05:00[America/New_York],2021-02-07T21:05:01-05:00[America/New_York],NA,2021-02-07,75877,Sunday
1810,<A>,52,2021-02-07T21:05:01-05:00[America/New_York],2021-02-07T21:05:53-05:00[America/New_York],Yes,2021-02-07,75901,Sunday
1810,C,27,2021-02-07T21:05:53-05:00[America/New_York],2021-02-07T21:06:20-05:00[America/New_York],NA,2021-02-07,75953,Sunday
1810,<A>,54,2021-02-07T21:06:20-05:00[America/New_York],2021-02-07T21:07:14-05:00[America/New_York],NA,2021-02-07,75980,Sunday
1810,C,27,2021-02-07T21:07:14-05:00[America/New_York],2021-02-07T21:07:41-05:00[America/New_York],NA,2021-02-07,76034,Sunday
1810,<A>,55,2021-02-07T21:07:41-05:00[America/New_York],2021-02-07T21:08:36-05:00[America/New_York],Yes,2021-02-07,76061,Sunday
1810,C,27,2021-02-07T21:08:36-05:00[America/New_York],2021-02-07T21:09:03-05:00[America/New_York],NA,2021-02-07,76116,Sunday
1810,<A>,58,2021-02-07T21:09:03-05:00[America/New_York],2021-02-07T21:10:01-05:00[America/New_York],Yes,2021-02-07,76143,Sunday
1810,B,16,2021-02-07T21:10:01-05:00[America/New_York],2021-02-07T21:10:17-05:00[America/New_York],NA,2021-02-07,76201,Sunday
1810,C,27,2021-02-07T21:10:17-05:00[America/New_York],2021-02-07T21:10:44-05:00[America/New_York],NA,2021-02-07,76217,Sunday
1810,<A>,54,2021-02-07T21:10:44-05:00[America/New_York],2021-02-07T21:11:38-05:00[America/New_York],NA,2021-02-07,76244,Sunday
1810,C,27,2021-02-07T21:11:38-05:00[America/New_York],2021-02-07T21:12:05-05:00[America/New_York],NA,2021-02-07,76298,Sunday
1810,<A>,53,2021-02-07T21:12:05-05:00[America/New_York],2021-02-07T21:12:58-05:00[America/New_York],Yes,2021-02-07,76325,Sunday
1810,B,17,2021-02-07T21:12:58-05:00[America/New_York],2021-02-07T21:13:15-05:00[America/New_York],NA,2021-02-07,76378,Sunday
1810,C,27,2021-02-07T21:13:15-05:00[America/New_York],2021-02-07T21:13:42-05:00[America/New_York],NA,2021-02-07,76395,Sunday
1810,<A>,55,2021-02-07T21:13:42-05:00[America/New_York],2021-02-07T21:14:37-05:00[America/New_York],NA,2021-02-07,76422,Sunday
1810,C,27,2021-02-07T21:14:37-05:00[America/New_York],2021-02-07T21:15:04-05:00[America/New_York],NA,2021-02-07,76477,Sunday
1810,<A>,56,2021-02-07T21:15:04-05:00[America/New_York],2021-02-07T21:16:00-05:00[America/New_York],Yes,2021-02-07,76504,Sunday
1810,C,27,2021-02-07T21:16:00-05:00[America/New_York],2021-02-07T21:16:27-05:00[America/New_York],NA,2021-02-07,76560,Sunday
1810,<A>,60,2021-02-07T21:16:27-05:00[America/New_York],2021-02-07T21:17:27-05:00[America/New_York],Yes,2021-02-07,76587,Sunday
1810,C,24,2021-02-07T21:17:27-05:00[America/New_York],2021-02-07T21:17:51-05:00[America/New_York],NA,2021-02-07,76647,Sunday
1810,<A>,63,2021-02-07T21:17:51-05:00[America/New_York],2021-02-07T21:18:54-05:00[America/New_York],Yes,2021-02-07,76671,Sunday
1810,B,16,2021-02-07T21:18:54-05:00[America/New_York],2021-02-07T21:19:10-05:00[America/New_York],NA,2021-02-07,76734,Sunday
1810,C,24,2021-02-07T21:19:10-05:00[America/New_York],2021-02-07T21:19:34-05:00[America/New_York],NA,2021-02-07,76750,Sunday
1810,<A>,57,2021-02-07T21:19:34-05:00[America/New_York],2021-02-07T21:20:31-05:00[America/New_York],NA,2021-02-07,76774,Sunday
1810,C,24,2021-02-07T21:20:31-05:00[America/New_York],2021-02-07T21:20:55-05:00[America/New_York],NA,2021-02-07,76831,Sunday
1810,<A>,66,2021-02-07T21:20:55-05:00[America/New_York],2021-02-07T21:22:01-05:00[America/New_York],Yes,2021-02-07,76855,Sunday
1810,C,24,2021-02-07T21:22:01-05:00[America/New_York],2021-02-07T21:22:25-05:00[America/New_York],NA,2021-02-07,76921,Sunday
1810,<A>,55,2021-02-07T21:22:25-05:00[America/New_York],2021-02-07T21:23:20-05:00[America/New_York],Yes,2021-02-07,76945,Sunday
1810,C,24,2021-02-07T21:23:20-05:00[America/New_York],2021-02-07T21:23:44-05:00[America/New_York],NA,2021-02-07,77000,Sunday
1810,<A>,51,2021-02-07T21:23:44-05:00[America/New_York],2021-02-07T21:24:35-05:00[America/New_York],Yes,2021-02-07,77024,Sunday
1810,C,24,2021-02-07T21:24:35-05:00[America/New_York],2021-02-07T21:24:59-05:00[America/New_York],NA,2021-02-07,77075,Sunday
1810,<A>,56,2021-02-07T21:24:59-05:00[America/New_York],2021-02-07T21:25:55-05:00[America/New_York],NA,2021-02-07,77099,Sunday
1810,C,24,2021-02-07T21:25:55-05:00[America/New_York],2021-02-07T21:26:19-05:00[America/New_York],NA,2021-02-07,77155,Sunday
1810,<A>,57,2021-02-07T21:26:19-05:00[America/New_York],2021-02-07T21:27:16-05:00[America/New_York],Yes,2021-02-07,77179,Sunday
1810,B,16,2021-02-07T21:27:16-05:00[America/New_York],2021-02-07T21:27:32-05:00[America/New_York],NA,2021-02-07,77236,Sunday
1810,C,24,2021-02-07T21:27:32-05:00[America/New_York],2021-02-07T21:27:56-05:00[America/New_York],NA,2021-02-07,77252,Sunday
1810,<A>,57,2021-02-07T21:27:56-05:00[America/New_York],2021-02-07T21:28:53-05:00[America/New_York],NA,2021-02-07,77276,Sunday
1810,B,16,2021-02-07T21:28:53-05:00[America/New_York],2021-02-07T21:29:09-05:00[America/New_York],NA,2021-02-07,77333,Sunday
1810,C,24,2021-02-07T21:29:09-05:00[America/New_York],2021-02-07T21:29:33-05:00[America/New_York],NA,2021-02-07,77349,Sunday
1810,<A>,57,2021-02-07T21:29:33-05:00[America/New_York],2021-02-07T21:30:30-05:00[America/New_York],NA,2021-02-07,77373,Sunday
1810,C,22,2021-02-07T21:30:30-05:00[America/New_York],2021-02-07T21:30:52-05:00[America/New_York],NA,2021-02-07,77430,Sunday
1810,<A>,48,2021-02-07T21:30:52-05:00[America/New_York],2021-02-07T21:31:40-05:00[America/New_York],Yes,2021-02-07,77452,Sunday
1810,C,22,2021-02-07T21:31:40-05:00[America/New_York],2021-02-07T21:32:02-05:00[America/New_York],NA,2021-02-07,77500,Sunday
1810,<A>,54,2021-02-07T21:32:02-05:00[America/New_York],2021-02-07T21:32:56-05:00[America/New_York],Yes,2021-02-07,77522,Sunday
1810,C,22,2021-02-07T21:32:56-05:00[America/New_York],2021-02-07T21:33:18-05:00[America/New_York],NA,2021-02-07,77576,Sunday
1810,<A>,61,2021-02-07T21:33:18-05:00[America/New_York],2021-02-07T21:34:19-05:00[America/New_York],Yes,2021-02-07,77598,Sunday
1810,C,22,2021-02-07T21:34:19-05:00[America/New_York],2021-02-07T21:34:41-05:00[America/New_York],NA,2021-02-07,77659,Sunday
1810,<A>,51,2021-02-07T21:34:41-05:00[America/New_York],2021-02-07T21:35:32-05:00[America/New_York],Yes,2021-02-07,77681,Sunday
1810,C,22,2021-02-07T21:35:32-05:00[America/New_York],2021-02-07T21:35:54-05:00[America/New_York],NA,2021-02-07,77732,Sunday
1810,<A>,55,2021-02-07T21:35:54-05:00[America/New_York],2021-02-07T21:36:49-05:00[America/New_York],Yes,2021-02-07,77754,Sunday
1810,C,22,2021-02-07T21:36:49-05:00[America/New_York],2021-02-07T21:37:11-05:00[America/New_York],NA,2021-02-07,77809,Sunday
1810,<A>,47,2021-02-07T21:37:11-05:00[America/New_York],2021-02-07T21:37:58-05:00[America/New_York],Yes,2021-02-07,77831,Sunday
1810,C,22,2021-02-07T21:37:58-05:00[America/New_York],2021-02-07T21:38:20-05:00[America/New_York],NA,2021-02-07,77878,Sunday
1810,<A>,59,2021-02-07T21:38:20-05:00[America/New_York],2021-02-07T21:39:19-05:00[America/New_York],NA,2021-02-07,77900,Sunday
1810,C,22,2021-02-07T21:39:19-05:00[America/New_York],2021-02-07T21:39:41-05:00[America/New_York],NA,2021-02-07,77959,Sunday
1810,<A>,48,2021-02-07T21:39:41-05:00[America/New_York],2021-02-07T21:40:29-05:00[America/New_York],Yes,2021-02-07,77981,Sunday
1810,C,22,2021-02-07T21:40:29-05:00[America/New_York],2021-02-07T21:40:51-05:00[America/New_York],NA,2021-02-07,78029,Sunday
1810,<A>,52,2021-02-07T21:40:51-05:00[America/New_York],2021-02-07T21:41:43-05:00[America/New_York],Yes,2021-02-07,78051,Sunday
1810,C,22,2021-02-07T21:41:43-05:00[America/New_York],2021-02-07T21:42:05-05:00[America/New_York],NA,2021-02-07,78103,Sunday
1810,<A>,50,2021-02-07T21:42:05-05:00[America/New_York],2021-02-07T21:42:55-05:00[America/New_York],Yes,2021-02-07,78125,Sunday
1810,C,22,2021-02-07T21:42:55-05:00[America/New_York],2021-02-07T21:43:17-05:00[America/New_York],NA,2021-02-07,78175,Sunday
1810,<A>,53,2021-02-07T21:43:17-05:00[America/New_York],2021-02-07T21:44:10-05:00[America/New_York],Yes,2021-02-07,78197,Sunday
1810,C,22,2021-02-07T21:44:10-05:00[America/New_York],2021-02-07T21:44:32-05:00[America/New_York],NA,2021-02-07,78250,Sunday
1810,<A>,61,2021-02-07T21:44:32-05:00[America/New_York],2021-02-07T21:45:33-05:00[America/New_York],Yes,2021-02-07,78272,Sunday
1810,B,17,2021-02-07T21:45:33-05:00[America/New_York],2021-02-07T21:45:50-05:00[America/New_York],NA,2021-02-07,78333,Sunday
1810,C,22,2021-02-07T21:45:50-05:00[America/New_York],2021-02-07T21:46:12-05:00[America/New_York],NA,2021-02-07,78350,Sunday
1810,<A>,59,2021-02-07T21:46:12-05:00[America/New_York],2021-02-07T21:47:11-05:00[America/New_York],NA,2021-02-07,78372,Sunday
1810,B,16,2021-02-07T21:47:11-05:00[America/New_York],2021-02-07T21:47:27-05:00[America/New_York],NA,2021-02-07,78431,Sunday
1810,C,22,2021-02-07T21:47:27-05:00[America/New_York],2021-02-07T21:47:49-05:00[America/New_York],NA,2021-02-07,78447,Sunday
1810,<A>,51,2021-02-07T21:47:49-05:00[America/New_York],2021-02-07T21:48:40-05:00[America/New_York],Yes,2021-02-07,78469,Sunday
1810,C,22,2021-02-07T21:48:40-05:00[America/New_York],2021-02-07T21:49:02-05:00[America/New_York],NA,2021-02-07,78520,Sunday
1810,<A>,61,2021-02-07T21:49:02-05:00[America/New_York],2021-02-07T21:50:03-05:00[America/New_York],Yes,2021-02-07,78542,Sunday
1810,C,22,2021-02-07T21:50:03-05:00[America/New_York],2021-02-07T21:50:25-05:00[America/New_York],NA,2021-02-07,78603,Sunday
1810,<A>,55,2021-02-07T21:50:25-05:00[America/New_York],2021-02-07T21:51:20-05:00[America/New_York],Yes,2021-02-07,78625,Sunday
1810,B,16,2021-02-07T21:51:20-05:00[America/New_York],2021-02-07T21:51:36-05:00[America/New_York],NA,2021-02-07,78680,Sunday
1810,C,22,2021-02-07T21:51:36-05:00[America/New_York],2021-02-07T21:51:58-05:00[America/New_York],NA,2021-02-07,78696,Sunday
1810,<A>,55,2021-02-07T21:51:58-05:00[America/New_York],2021-02-07T21:52:53-05:00[America/New_York],Yes,2021-02-07,78718,Sunday
1810,C,22,2021-02-07T21:52:53-05:00[America/New_York],2021-02-07T21:53:15-05:00[America/New_York],NA,2021-02-07,78773,Sunday
1810,<A>,56,2021-02-07T21:53:15-05:00[America/New_York],2021-02-07T21:54:11-05:00[America/New_York],Yes,2021-02-07,78795,Sunday
1810,B,16,2021-02-07T21:54:11-05:00[America/New_York],2021-02-07T21:54:27-05:00[America/New_York],NA,2021-02-07,78851,Sunday
1810,C,22,2021-02-07T21:54:27-05:00[America/New_York],2021-02-07T21:54:49-05:00[America/New_York],NA,2021-02-07,78867,Sunday
1810,<A>,59,2021-02-07T21:54:49-05:00[America/New_York],2021-02-07T21:55:48-05:00[America/New_York],Yes,2021-02-07,78889,Sunday
1810,C,22,2021-02-07T21:55:48-05:00[America/New_York],2021-02-07T21:56:10-05:00[America/New_York],NA,2021-02-07,78948,Sunday
1810,<A>,47,2021-02-07T21:56:10-05:00[America/New_York],2021-02-07T21:56:57-05:00[America/New_York],Yes,2021-02-07,78970,Sunday
1810,C,22,2021-02-07T21:56:57-05:00[America/New_York],2021-02-07T21:57:19-05:00[America/New_York],NA,2021-02-07,79017,Sunday
1810,<A>,56,2021-02-07T21:57:19-05:00[America/New_York],2021-02-07T21:58:15-05:00[America/New_York],Yes,2021-02-07,79039,Sunday
1810,C,22,2021-02-07T21:58:15-05:00[America/New_York],2021-02-07T21:58:37-05:00[America/New_York],NA,2021-02-07,79095,Sunday
1810,<A>,52,2021-02-07T21:58:37-05:00[America/New_York],2021-02-07T21:59:29-05:00[America/New_York],Yes,2021-02-07,79117,Sunday
1810,C,22,2021-02-07T21:59:29-05:00[America/New_York],2021-02-07T21:59:51-05:00[America/New_York],NA,2021-02-07,79169,Sunday
1810,<A>,52,2021-02-07T21:59:51-05:00[America/New_York],2021-02-07T22:00:43-05:00[America/New_York],Yes,2021-02-07,79191,Sunday
1810,C,22,2021-02-07T22:00:43-05:00[America/New_York],2021-02-07T22:01:05-05:00[America/New_York],NA,2021-02-07,79243,Sunday
1810,<A>,58,2021-02-07T22:01:05-05:00[America/New_York],2021-02-07T22:02:03-05:00[America/New_York],Yes,2021-02-07,79265,Sunday
1810,B,16,2021-02-07T22:02:03-05:00[America/New_York],2021-02-07T22:02:19-05:00[America/New_York],NA,2021-02-07,79323,Sunday
1810,C,22,2021-02-07T22:02:19-05:00[America/New_York],2021-02-07T22:02:41-05:00[America/New_York],NA,2021-02-07,79339,Sunday
1810,<A>,59,2021-02-07T22:02:41-05:00[America/New_York],2021-02-07T22:03:40-05:00[America/New_York],NA,2021-02-07,79361,Sunday
1810,C,22,2021-02-07T22:03:40-05:00[America/New_York],2021-02-07T22:04:02-05:00[America/New_York],NA,2021-02-07,79420,Sunday
1810,<A>,60,2021-02-07T22:04:02-05:00[America/New_York],2021-02-07T22:05:02-05:00[America/New_York],Yes,2021-02-07,79442,Sunday
1810,B,16,2021-02-07T22:05:02-05:00[America/New_York],2021-02-07T22:05:18-05:00[America/New_York],NA,2021-02-07,79502,Sunday
1810,C,22,2021-02-07T22:05:18-05:00[America/New_York],2021-02-07T22:05:40-05:00[America/New_York],NA,2021-02-07,79518,Sunday
1810,<A>,59,2021-02-07T22:05:40-05:00[America/New_York],2021-02-07T22:06:39-05:00[America/New_York],NA,2021-02-07,79540,Sunday
1810,C,22,2021-02-07T22:06:39-05:00[America/New_York],2021-02-07T22:07:01-05:00[America/New_York],NA,2021-02-07,79599,Sunday
1810,<A>,52,2021-02-07T22:07:01-05:00[America/New_York],2021-02-07T22:07:53-05:00[America/New_York],Yes,2021-02-07,79621,Sunday
1810,C,22,2021-02-07T22:07:53-05:00[America/New_York],2021-02-07T22:08:15-05:00[America/New_York],NA,2021-02-07,79673,Sunday
1810,<A>,49,2021-02-07T22:08:15-05:00[America/New_York],2021-02-07T22:09:04-05:00[America/New_York],Yes,2021-02-07,79695,Sunday
1810,C,24,2021-02-07T22:09:04-05:00[America/New_York],2021-02-07T22:09:28-05:00[America/New_York],NA,2021-02-07,79744,Sunday
1810,<A>,59,2021-02-07T22:09:28-05:00[America/New_York],2021-02-07T22:10:27-05:00[America/New_York],Yes,2021-02-07,79768,Sunday
1810,C,22,2021-02-07T22:10:27-05:00[America/New_York],2021-02-07T22:10:49-05:00[America/New_York],NA,2021-02-07,79827,Sunday
1810,<A>,57,2021-02-07T22:10:49-05:00[America/New_York],2021-02-07T22:11:46-05:00[America/New_York],Yes,2021-02-07,79849,Sunday
1810,C,22,2021-02-07T22:11:46-05:00[America/New_York],2021-02-07T22:12:08-05:00[America/New_York],NA,2021-02-07,79906,Sunday
1810,<A>,59,2021-02-07T22:12:08-05:00[America/New_York],2021-02-07T22:13:07-05:00[America/New_York],NA,2021-02-07,79928,Sunday
1810,C,22,2021-02-07T22:13:07-05:00[America/New_York],2021-02-07T22:13:29-05:00[America/New_York],NA,2021-02-07,79987,Sunday
1810,<A>,48,2021-02-07T22:13:29-05:00[America/New_York],2021-02-07T22:14:17-05:00[America/New_York],Yes,2021-02-07,80009,Sunday
1810,C,22,2021-02-07T22:14:17-05:00[America/New_York],2021-02-07T22:14:39-05:00[America/New_York],NA,2021-02-07,80057,Sunday
1810,<A>,57,2021-02-07T22:14:39-05:00[America/New_York],2021-02-07T22:15:36-05:00[America/New_York],Yes,2021-02-07,80079,Sunday
1810,C,22,2021-02-07T22:15:36-05:00[America/New_York],2021-02-07T22:15:58-05:00[America/New_York],NA,2021-02-07,80136,Sunday
1810,<A>,56,2021-02-07T22:15:58-05:00[America/New_York],2021-02-07T22:16:54-05:00[America/New_York],Yes,2021-02-07,80158,Sunday
1810,C,22,2021-02-07T22:16:54-05:00[America/New_York],2021-02-07T22:17:16-05:00[America/New_York],NA,2021-02-07,80214,Sunday
1810,<A>,55,2021-02-07T22:17:16-05:00[America/New_York],2021-02-07T22:18:11-05:00[America/New_York],Yes,2021-02-07,80236,Sunday
1810,C,22,2021-02-07T22:18:11-05:00[America/New_York],2021-02-07T22:18:33-05:00[America/New_York],NA,2021-02-07,80291,Sunday
1810,<A>,59,2021-02-07T22:18:33-05:00[America/New_York],2021-02-07T22:19:32-05:00[America/New_York],NA,2021-02-07,80313,Sunday
1810,C,22,2021-02-07T22:19:32-05:00[America/New_York],2021-02-07T22:19:54-05:00[America/New_York],NA,2021-02-07,80372,Sunday
1810,<A>,55,2021-02-07T22:19:54-05:00[America/New_York],2021-02-07T22:20:49-05:00[America/New_York],Yes,2021-02-07,80394,Sunday
1810,C,22,2021-02-07T22:20:49-05:00[America/New_York],2021-02-07T22:21:11-05:00[America/New_York],NA,2021-02-07,80449,Sunday
1810,<A>,52,2021-02-07T22:21:11-05:00[America/New_York],2021-02-07T22:22:03-05:00[America/New_York],Yes,2021-02-07,80471,Sunday
1810,B,16,2021-02-07T22:22:03-05:00[America/New_York],2021-02-07T22:22:19-05:00[America/New_York],NA,2021-02-07,80523,Sunday
1810,C,22,2021-02-07T22:22:19-05:00[America/New_York],2021-02-07T22:22:41-05:00[America/New_York],NA,2021-02-07,80539,Sunday
1810,<A>,54,2021-02-07T22:22:41-05:00[America/New_York],2021-02-07T22:23:35-05:00[America/New_York],Yes,2021-02-07,80561,Sunday
1810,C,22,2021-02-07T22:23:35-05:00[America/New_York],2021-02-07T22:23:57-05:00[America/New_York],NA,2021-02-07,80615,Sunday
1810,<A>,58,2021-02-07T22:23:57-05:00[America/New_York],2021-02-07T22:24:55-05:00[America/New_York],Yes,2021-02-07,80637,Sunday
1810,C,22,2021-02-07T22:24:55-05:00[America/New_York],2021-02-07T22:25:17-05:00[America/New_York],NA,2021-02-07,80695,Sunday
1810,<A>,55,2021-02-07T22:25:17-05:00[America/New_York],2021-02-07T22:26:12-05:00[America/New_York],Yes,2021-02-07,80717,Sunday
1810,C,22,2021-02-07T22:26:12-05:00[America/New_York],2021-02-07T22:26:34-05:00[America/New_York],NA,2021-02-07,80772,Sunday
1810,<A>,57,2021-02-07T22:26:34-05:00[America/New_York],2021-02-07T22:27:31-05:00[America/New_York],Yes,2021-02-07,80794,Sunday
1810,C,22,2021-02-07T22:27:31-05:00[America/New_York],2021-02-07T22:27:53-05:00[America/New_York],NA,2021-02-07,80851,Sunday
1810,<A>,48,2021-02-07T22:27:53-05:00[America/New_York],2021-02-07T22:28:41-05:00[America/New_York],Yes,2021-02-07,80873,Sunday
1810,B,16,2021-02-07T22:28:41-05:00[America/New_York],2021-02-07T22:28:57-05:00[America/New_York],NA,2021-02-07,80921,Sunday
1810,C,22,2021-02-07T22:28:57-05:00[America/New_York],2021-02-07T22:29:19-05:00[America/New_York],NA,2021-02-07,80937,Sunday
1810,<A>,49,2021-02-07T22:29:19-05:00[America/New_York],2021-02-07T22:30:08-05:00[America/New_York],Yes,2021-02-07,80959,Sunday
1810,C,22,2021-02-07T22:30:08-05:00[America/New_York],2021-02-07T22:30:30-05:00[America/New_York],NA,2021-02-07,81008,Sunday
1810,<A>,49,2021-02-07T22:30:30-05:00[America/New_York],2021-02-07T22:31:19-05:00[America/New_York],Yes,2021-02-07,81030,Sunday
1810,C,22,2021-02-07T22:31:19-05:00[America/New_York],2021-02-07T22:31:41-05:00[America/New_York],NA,2021-02-07,81079,Sunday
1810,<A>,53,2021-02-07T22:31:41-05:00[America/New_York],2021-02-07T22:32:34-05:00[America/New_York],Yes,2021-02-07,81101,Sunday
1810,C,22,2021-02-07T22:32:34-05:00[America/New_York],2021-02-07T22:32:56-05:00[America/New_York],NA,2021-02-07,81154,Sunday
1810,<A>,70,2021-02-07T22:32:56-05:00[America/New_York],2021-02-07T22:34:06-05:00[America/New_York],Yes,2021-02-07,81176,Sunday
1810,C,22,2021-02-07T22:34:06-05:00[America/New_York],2021-02-07T22:34:28-05:00[America/New_York],NA,2021-02-07,81246,Sunday
1810,<A>,63,2021-02-07T22:34:28-05:00[America/New_York],2021-02-07T22:35:31-05:00[America/New_York],Yes,2021-02-07,81268,Sunday
1810,B,16,2021-02-07T22:35:31-05:00[America/New_York],2021-02-07T22:35:47-05:00[America/New_York],NA,2021-02-07,81331,Sunday
1810,C,22,2021-02-07T22:35:47-05:00[America/New_York],2021-02-07T22:36:09-05:00[America/New_York],NA,2021-02-07,81347,Sunday
1810,<A>,56,2021-02-07T22:36:09-05:00[America/New_York],2021-02-07T22:37:05-05:00[America/New_York],Yes,2021-02-07,81369,Sunday
1810,C,22,2021-02-07T22:37:05-05:00[America/New_York],2021-02-07T22:37:27-05:00[America/New_York],NA,2021-02-07,81425,Sunday
1810,<A>,66,2021-02-07T22:37:27-05:00[America/New_York],2021-02-07T22:38:33-05:00[America/New_York],Yes,2021-02-07,81447,Sunday
1810,B,16,2021-02-07T22:38:33-05:00[America/New_York],2021-02-07T22:38:49-05:00[America/New_York],NA,2021-02-07,81513,Sunday
1810,C,22,2021-02-07T22:38:49-05:00[America/New_York],2021-02-07T22:39:11-05:00[America/New_York],NA,2021-02-07,81529,Sunday
1810,<A>,59,2021-02-07T22:39:11-05:00[America/New_York],2021-02-07T22:40:10-05:00[America/New_York],NA,2021-02-07,81551,Sunday
1810,C,22,2021-02-07T22:40:10-05:00[America/New_York],2021-02-07T22:40:32-05:00[America/New_York],NA,2021-02-07,81610,Sunday
1810,<A>,65,2021-02-07T22:40:32-05:00[America/New_York],2021-02-07T22:41:37-05:00[America/New_York],Yes,2021-02-07,81632,Sunday
1810,C,22,2021-02-07T22:41:37-05:00[America/New_York],2021-02-07T22:41:59-05:00[America/New_York],NA,2021-02-07,81697,Sunday
1810,<A>,68,2021-02-07T22:41:59-05:00[America/New_York],2021-02-07T22:43:07-05:00[America/New_York],Yes,2021-02-07,81719,Sunday
1810,B,17,2021-02-07T22:43:07-05:00[America/New_York],2021-02-07T22:43:24-05:00[America/New_York],NA,2021-02-07,81787,Sunday
1810,C,22,2021-02-07T22:43:24-05:00[America/New_York],2021-02-07T22:43:46-05:00[America/New_York],NA,2021-02-07,81804,Sunday
1810,<A>,47,2021-02-07T22:43:46-05:00[America/New_York],2021-02-07T22:44:33-05:00[America/New_York],NA,2021-02-07,81826,Sunday
1810,C,17,2021-02-07T22:44:33-05:00[America/New_York],2021-02-07T22:44:50-05:00[America/New_York],NA,2021-02-07,81873,Sunday
1810,<A>,65,2021-02-07T22:44:50-05:00[America/New_York],2021-02-07T22:45:55-05:00[America/New_York],Yes,2021-02-07,81890,Sunday
1810,B,16,2021-02-07T22:45:55-05:00[America/New_York],2021-02-07T22:46:11-05:00[America/New_York],NA,2021-02-07,81955,Sunday
1810,C,22,2021-02-07T22:46:11-05:00[America/New_York],2021-02-07T22:46:33-05:00[America/New_York],NA,2021-02-07,81971,Sunday
1810,<A>,59,2021-02-07T22:46:33-05:00[America/New_York],2021-02-07T22:47:32-05:00[America/New_York],NA,2021-02-07,81993,Sunday
1810,C,22,2021-02-07T22:47:32-05:00[America/New_York],2021-02-07T22:47:54-05:00[America/New_York],NA,2021-02-07,82052,Sunday
1810,<A>,71,2021-02-07T22:47:54-05:00[America/New_York],2021-02-07T22:49:05-05:00[America/New_York],Yes,2021-02-07,82074,Sunday
1810,C,24,2021-02-07T22:49:05-05:00[America/New_York],2021-02-07T22:49:29-05:00[America/New_York],NA,2021-02-07,82145,Sunday
1810,<A>,63,2021-02-07T22:49:29-05:00[America/New_York],2021-02-07T22:50:32-05:00[America/New_York],Yes,2021-02-07,82169,Sunday
1810,C,23,2021-02-07T22:50:32-05:00[America/New_York],2021-02-07T22:50:55-05:00[America/New_York],NA,2021-02-07,82232,Sunday
1810,<A>,58,2021-02-07T22:50:55-05:00[America/New_York],2021-02-07T22:51:53-05:00[America/New_York],Yes,2021-02-07,82255,Sunday
1810,C,23,2021-02-07T22:51:53-05:00[America/New_York],2021-02-07T22:52:16-05:00[America/New_York],NA,2021-02-07,82313,Sunday
1810,<A>,61,2021-02-07T22:52:16-05:00[America/New_York],2021-02-07T22:53:17-05:00[America/New_York],Yes,2021-02-07,82336,Sunday
1810,C,24,2021-02-07T22:53:17-05:00[America/New_York],2021-02-07T22:53:41-05:00[America/New_York],NA,2021-02-07,82397,Sunday
1810,<A>,64,2021-02-07T22:53:41-05:00[America/New_York],2021-02-07T22:54:45-05:00[America/New_York],Yes,2021-02-07,82421,Sunday
1810,C,23,2021-02-07T22:54:45-05:00[America/New_York],2021-02-07T22:55:08-05:00[America/New_York],NA,2021-02-07,82485,Sunday
1810,<A>,59,2021-02-07T22:55:08-05:00[America/New_York],2021-02-07T22:56:07-05:00[America/New_York],Yes,2021-02-07,82508,Sunday
1810,B,17,2021-02-07T22:56:07-05:00[America/New_York],2021-02-07T22:56:24-05:00[America/New_York],NA,2021-02-07,82567,Sunday
1810,C,23,2021-02-07T22:56:24-05:00[America/New_York],2021-02-07T22:56:47-05:00[America/New_York],NA,2021-02-07,82584,Sunday
1810,<A>,65,2021-02-07T22:56:47-05:00[America/New_York],2021-02-07T22:57:52-05:00[America/New_York],NA,2021-02-07,82607,Sunday
1810,C,23,2021-02-07T22:57:52-05:00[America/New_York],2021-02-07T22:58:15-05:00[America/New_York],NA,2021-02-07,82672,Sunday
1810,<A>,53,2021-02-07T22:58:15-05:00[America/New_York],2021-02-07T22:59:08-05:00[America/New_York],Yes,2021-02-07,82695,Sunday
1810,C,23,2021-02-07T22:59:08-05:00[America/New_York],2021-02-07T22:59:31-05:00[America/New_York],NA,2021-02-07,82748,Sunday
1810,<A>,56,2021-02-07T22:59:31-05:00[America/New_York],2021-02-07T23:00:27-05:00[America/New_York],Yes,2021-02-07,82771,Sunday
1810,C,23,2021-02-07T23:00:27-05:00[America/New_York],2021-02-07T23:00:50-05:00[America/New_York],NA,2021-02-07,82827,Sunday
1810,<A>,71,2021-02-07T23:00:50-05:00[America/New_York],2021-02-07T23:02:01-05:00[America/New_York],Yes,2021-02-07,82850,Sunday
1810,C,23,2021-02-07T23:02:01-05:00[America/New_York],2021-02-07T23:02:24-05:00[America/New_York],NA,2021-02-07,82921,Sunday
1810,<A>,69,2021-02-07T23:02:24-05:00[America/New_York],2021-02-07T23:03:33-05:00[America/New_York],Yes,2021-02-07,82944,Sunday
1810,C,23,2021-02-07T23:03:33-05:00[America/New_York],2021-02-07T23:03:56-05:00[America/New_York],NA,2021-02-07,83013,Sunday
1810,<A>,54,2021-02-07T23:03:56-05:00[America/New_York],2021-02-07T23:04:50-05:00[America/New_York],Yes,2021-02-07,83036,Sunday
1810,C,21,2021-02-07T23:04:50-05:00[America/New_York],2021-02-07T23:05:11-05:00[America/New_York],NA,2021-02-07,83090,Sunday
1810,<A>,50,2021-02-07T23:05:11-05:00[America/New_York],2021-02-07T23:06:01-05:00[America/New_York],Yes,2021-02-07,83111,Sunday
1810,C,21,2021-02-07T23:06:01-05:00[America/New_York],2021-02-07T23:06:22-05:00[America/New_York],NA,2021-02-07,83161,Sunday
1810,<A>,61,2021-02-07T23:06:22-05:00[America/New_York],2021-02-07T23:07:23-05:00[America/New_York],Yes,2021-02-07,83182,Sunday
1810,B,16,2021-02-07T23:07:23-05:00[America/New_York],2021-02-07T23:07:39-05:00[America/New_York],NA,2021-02-07,83243,Sunday
1810,C,23,2021-02-07T23:07:39-05:00[America/New_York],2021-02-07T23:08:02-05:00[America/New_York],NA,2021-02-07,83259,Sunday
1810,<A>,58,2021-02-07T23:08:02-05:00[America/New_York],2021-02-07T23:09:00-05:00[America/New_York],Yes,2021-02-07,83282,Sunday
1810,C,23,2021-02-07T23:09:00-05:00[America/New_York],2021-02-07T23:09:23-05:00[America/New_York],NA,2021-02-07,83340,Sunday
1810,<A>,59,2021-02-07T23:09:23-05:00[America/New_York],2021-02-07T23:10:22-05:00[America/New_York],Yes,2021-02-07,83363,Sunday
1810,C,23,2021-02-07T23:10:22-05:00[America/New_York],2021-02-07T23:10:45-05:00[America/New_York],NA,2021-02-07,83422,Sunday
1810,<A>,66,2021-02-07T23:10:45-05:00[America/New_York],2021-02-07T23:11:51-05:00[America/New_York],Yes,2021-02-07,83445,Sunday
1810,C,23,2021-02-07T23:11:51-05:00[America/New_York],2021-02-07T23:12:14-05:00[America/New_York],NA,2021-02-07,83511,Sunday
1810,<A>,62,2021-02-07T23:12:14-05:00[America/New_York],2021-02-07T23:13:16-05:00[America/New_York],NA,2021-02-07,83534,Sunday
1810,C,23,2021-02-07T23:13:16-05:00[America/New_York],2021-02-07T23:13:39-05:00[America/New_York],NA,2021-02-07,83596,Sunday
1810,<A>,53,2021-02-07T23:13:39-05:00[America/New_York],2021-02-07T23:14:32-05:00[America/New_York],Yes,2021-02-07,83619,Sunday
1810,C,23,2021-02-07T23:14:32-05:00[America/New_York],2021-02-07T23:14:55-05:00[America/New_York],NA,2021-02-07,83672,Sunday
1810,<A>,57,2021-02-07T23:14:55-05:00[America/New_York],2021-02-07T23:15:52-05:00[America/New_York],Yes,2021-02-07,83695,Sunday
1810,C,23,2021-02-07T23:15:52-05:00[America/New_York],2021-02-07T23:16:15-05:00[America/New_York],NA,2021-02-07,83752,Sunday
1810,<A>,70,2021-02-07T23:16:15-05:00[America/New_York],2021-02-07T23:17:25-05:00[America/New_York],Yes,2021-02-07,83775,Sunday
1810,C,23,2021-02-07T23:17:25-05:00[America/New_York],2021-02-07T23:17:48-05:00[America/New_York],NA,2021-02-07,83845,Sunday
1810,<A>,57,2021-02-07T23:17:48-05:00[America/New_York],2021-02-07T23:18:45-05:00[America/New_York],Yes,2021-02-07,83868,Sunday
1810,C,23,2021-02-07T23:18:45-05:00[America/New_York],2021-02-07T23:19:08-05:00[America/New_York],NA,2021-02-07,83925,Sunday
1810,<A>,55,2021-02-07T23:19:08-05:00[America/New_York],2021-02-07T23:20:03-05:00[America/New_York],Yes,2021-02-07,83948,Sunday
1810,C,23,2021-02-07T23:20:03-05:00[America/New_York],2021-02-07T23:20:26-05:00[America/New_York],NA,2021-02-07,84003,Sunday
1810,<A>,60,2021-02-07T23:20:26-05:00[America/New_York],2021-02-07T23:21:26-05:00[America/New_York],Yes,2021-02-07,84026,Sunday
1810,C,23,2021-02-07T23:21:26-05:00[America/New_York],2021-02-07T23:21:49-05:00[America/New_York],NA,2021-02-07,84086,Sunday
1810,<A>,57,2021-02-07T23:21:49-05:00[America/New_York],2021-02-07T23:22:46-05:00[America/New_York],Yes,2021-02-07,84109,Sunday
1810,C,23,2021-02-07T23:22:46-05:00[America/New_York],2021-02-07T23:23:09-05:00[America/New_York],NA,2021-02-07,84166,Sunday
1810,<A>,47,2021-02-07T23:23:09-05:00[America/New_York],2021-02-07T23:23:56-05:00[America/New_York],Yes,2021-02-07,84189,Sunday
1810,C,23,2021-02-07T23:23:56-05:00[America/New_York],2021-02-07T23:24:19-05:00[America/New_York],NA,2021-02-07,84236,Sunday
1810,<A>,51,2021-02-07T23:24:19-05:00[America/New_York],2021-02-07T23:25:10-05:00[America/New_York],Yes,2021-02-07,84259,Sunday
1810,C,23,2021-02-07T23:25:10-05:00[America/New_York],2021-02-07T23:25:33-05:00[America/New_York],NA,2021-02-07,84310,Sunday
1810,<A>,54,2021-02-07T23:25:33-05:00[America/New_York],2021-02-07T23:26:27-05:00[America/New_York],Yes,2021-02-07,84333,Sunday
1810,C,23,2021-02-07T23:26:27-05:00[America/New_York],2021-02-07T23:26:50-05:00[America/New_York],NA,2021-02-07,84387,Sunday
1810,<A>,51,2021-02-07T23:26:50-05:00[America/New_York],2021-02-07T23:27:41-05:00[America/New_York],Yes,2021-02-07,84410,Sunday
1810,C,23,2021-02-07T23:27:41-05:00[America/New_York],2021-02-07T23:28:04-05:00[America/New_York],NA,2021-02-07,84461,Sunday
1810,<A>,50,2021-02-07T23:28:04-05:00[America/New_York],2021-02-07T23:28:54-05:00[America/New_York],Yes,2021-02-07,84484,Sunday
1810,C,23,2021-02-07T23:28:54-05:00[America/New_York],2021-02-07T23:29:17-05:00[America/New_York],NA,2021-02-07,84534,Sunday
1810,<A>,49,2021-02-07T23:29:17-05:00[America/New_York],2021-02-07T23:30:06-05:00[America/New_York],Yes,2021-02-07,84557,Sunday
1810,C,23,2021-02-07T23:30:06-05:00[America/New_York],2021-02-07T23:30:29-05:00[America/New_York],NA,2021-02-07,84606,Sunday
1810,<A>,57,2021-02-07T23:30:29-05:00[America/New_York],2021-02-07T23:31:26-05:00[America/New_York],Yes,2021-02-07,84629,Sunday
1810,C,23,2021-02-07T23:31:26-05:00[America/New_York],2021-02-07T23:31:49-05:00[America/New_York],NA,2021-02-07,84686,Sunday
1810,<A>,62,2021-02-07T23:31:49-05:00[America/New_York],2021-02-07T23:32:51-05:00[America/New_York],NA,2021-02-07,84709,Sunday
1810,B,16,2021-02-07T23:32:51-05:00[America/New_York],2021-02-07T23:33:07-05:00[America/New_York],NA,2021-02-07,84771,Sunday
1810,C,23,2021-02-07T23:33:07-05:00[America/New_York],2021-02-07T23:33:30-05:00[America/New_York],NA,2021-02-07,84787,Sunday
1810,<A>,59,2021-02-07T23:33:30-05:00[America/New_York],2021-02-07T23:34:29-05:00[America/New_York],Yes,2021-02-07,84810,Sunday
1810,C,23,2021-02-07T23:34:29-05:00[America/New_York],2021-02-07T23:34:52-05:00[America/New_York],NA,2021-02-07,84869,Sunday
1810,<A>,52,2021-02-07T23:34:52-05:00[America/New_York],2021-02-07T23:35:44-05:00[America/New_York],Yes,2021-02-07,84892,Sunday
1810,C,23,2021-02-07T23:35:44-05:00[America/New_York],2021-02-07T23:36:07-05:00[America/New_York],NA,2021-02-07,84944,Sunday
1810,<A>,56,2021-02-07T23:36:07-05:00[America/New_York],2021-02-07T23:37:03-05:00[America/New_York],Yes,2021-02-07,84967,Sunday
1810,B,16,2021-02-07T23:37:03-05:00[America/New_York],2021-02-07T23:37:19-05:00[America/New_York],NA,2021-02-07,85023,Sunday
1810,C,23,2021-02-07T23:37:19-05:00[America/New_York],2021-02-07T23:37:42-05:00[America/New_York],NA,2021-02-07,85039,Sunday
1810,<A>,62,2021-02-07T23:37:42-05:00[America/New_York],2021-02-07T23:38:44-05:00[America/New_York],Yes,2021-02-07,85062,Sunday
1810,C,23,2021-02-07T23:38:44-05:00[America/New_York],2021-02-07T23:39:07-05:00[America/New_York],NA,2021-02-07,85124,Sunday
1810,<A>,52,2021-02-07T23:39:07-05:00[America/New_York],2021-02-07T23:39:59-05:00[America/New_York],Yes,2021-02-07,85147,Sunday
1810,C,23,2021-02-07T23:39:59-05:00[America/New_York],2021-02-07T23:40:22-05:00[America/New_York],NA,2021-02-07,85199,Sunday
1810,<A>,49,2021-02-07T23:40:22-05:00[America/New_York],2021-02-07T23:41:11-05:00[America/New_York],Yes,2021-02-07,85222,Sunday
1810,C,23,2021-02-07T23:41:11-05:00[America/New_York],2021-02-07T23:41:34-05:00[America/New_York],NA,2021-02-07,85271,Sunday
1810,<A>,50,2021-02-07T23:41:34-05:00[America/New_York],2021-02-07T23:42:24-05:00[America/New_York],Yes,2021-02-07,85294,Sunday
1810,C,23,2021-02-07T23:42:24-05:00[America/New_York],2021-02-07T23:42:47-05:00[America/New_York],NA,2021-02-07,85344,Sunday
1810,<A>,55,2021-02-07T23:42:47-05:00[America/New_York],2021-02-07T23:43:42-05:00[America/New_York],Yes,2021-02-07,85367,Sunday
1810,B,16,2021-02-07T23:43:42-05:00[America/New_York],2021-02-07T23:43:58-05:00[America/New_York],NA,2021-02-07,85422,Sunday
1810,C,23,2021-02-07T23:43:58-05:00[America/New_York],2021-02-07T23:44:21-05:00[America/New_York],NA,2021-02-07,85438,Sunday
1810,<A>,60,2021-02-07T23:44:21-05:00[America/New_York],2021-02-07T23:45:21-05:00[America/New_York],Yes,2021-02-07,85461,Sunday
1810,C,23,2021-02-07T23:45:21-05:00[America/New_York],2021-02-07T23:45:44-05:00[America/New_York],NA,2021-02-07,85521,Sunday
1810,<A>,48,2021-02-07T23:45:44-05:00[America/New_York],2021-02-07T23:46:32-05:00[America/New_York],Yes,2021-02-07,85544,Sunday
1810,C,23,2021-02-07T23:46:32-05:00[America/New_York],2021-02-07T23:46:55-05:00[America/New_York],NA,2021-02-07,85592,Sunday
1810,<A>,57,2021-02-07T23:46:55-05:00[America/New_York],2021-02-07T23:47:52-05:00[America/New_York],Yes,2021-02-07,85615,Sunday
1810,C,23,2021-02-07T23:47:52-05:00[America/New_York],2021-02-07T23:48:15-05:00[America/New_York],NA,2021-02-07,85672,Sunday
1810,<A>,64,2021-02-07T23:48:15-05:00[America/New_York],2021-02-07T23:49:19-05:00[America/New_York],Yes,2021-02-07,85695,Sunday
1810,C,23,2021-02-07T23:49:19-05:00[America/New_York],2021-02-07T23:49:42-05:00[America/New_York],NA,2021-02-07,85759,Sunday
1810,<A>,53,2021-02-07T23:49:42-05:00[America/New_York],2021-02-07T23:50:35-05:00[America/New_York],Yes,2021-02-07,85782,Sunday
1810,C,23,2021-02-07T23:50:35-05:00[America/New_York],2021-02-07T23:50:58-05:00[America/New_York],NA,2021-02-07,85835,Sunday
1810,<A>,52,2021-02-07T23:50:58-05:00[America/New_York],2021-02-07T23:51:50-05:00[America/New_York],Yes,2021-02-07,85858,Sunday
1810,C,21,2021-02-07T23:51:50-05:00[America/New_York],2021-02-07T23:52:11-05:00[America/New_York],NA,2021-02-07,85910,Sunday
1810,<A>,50,2021-02-07T23:52:11-05:00[America/New_York],2021-02-07T23:53:01-05:00[America/New_York],Yes,2021-02-07,85931,Sunday
1810,B,17,2021-02-07T23:53:01-05:00[America/New_York],2021-02-07T23:53:18-05:00[America/New_York],NA,2021-02-07,85981,Sunday
1810,C,22,2021-02-07T23:53:18-05:00[America/New_York],2021-02-07T23:53:40-05:00[America/New_York],NA,2021-02-07,85998,Sunday
1810,<A>,61,2021-02-07T23:53:40-05:00[America/New_York],2021-02-07T23:54:41-05:00[America/New_York],Yes,2021-02-07,86020,Sunday
1810,C,22,2021-02-07T23:54:41-05:00[America/New_York],2021-02-07T23:55:03-05:00[America/New_York],NA,2021-02-07,86081,Sunday
1810,<A>,57,2021-02-07T23:55:03-05:00[America/New_York],2021-02-07T23:56:00-05:00[America/New_York],Yes,2021-02-07,86103,Sunday
1810,C,22,2021-02-07T23:56:00-05:00[America/New_York],2021-02-07T23:56:22-05:00[America/New_York],NA,2021-02-07,86160,Sunday
1810,<A>,55,2021-02-07T23:56:22-05:00[America/New_York],2021-02-07T23:57:17-05:00[America/New_York],Yes,2021-02-07,86182,Sunday
1810,C,22,2021-02-07T23:57:17-05:00[America/New_York],2021-02-07T23:57:39-05:00[America/New_York],NA,2021-02-07,86237,Sunday
1810,<A>,50,2021-02-07T23:57:39-05:00[America/New_York],2021-02-07T23:58:29-05:00[America/New_York],Yes,2021-02-07,86259,Sunday
1810,C,22,2021-02-07T23:58:29-05:00[America/New_York],2021-02-07T23:58:51-05:00[America/New_York],NA,2021-02-07,86309,Sunday
1810,<A>,52,2021-02-07T23:58:51-05:00[America/New_York],2021-02-07T23:59:43-05:00[America/New_York],Yes,2021-02-07,86331,Sunday
1810,C,16,2021-02-07T23:59:43-05:00[America/New_York],2021-02-07T23:59:59-05:00[America/New_York],NA,2021-02-07,86383,Sunday
1811,B,12,2021-02-07T00:00:03-05:00[America/New_York],2021-02-07T00:00:15-05:00[America/New_York],Yes,2021-02-07,3,Sunday
1811,<A>,31,2021-02-07T00:00:15-05:00[America/New_York],2021-02-07T00:00:46-05:00[America/New_York],Yes,2021-02-07,15,Sunday
1811,B,12,2021-02-07T00:00:46-05:00[America/New_York],2021-02-07T00:00:58-05:00[America/New_York],Yes,2021-02-07,46,Sunday
1811,<A>,48,2021-02-07T00:00:58-05:00[America/New_York],2021-02-07T00:01:46-05:00[America/New_York],Yes,2021-02-07,58,Sunday
1811,B,12,2021-02-07T00:01:46-05:00[America/New_York],2021-02-07T00:01:58-05:00[America/New_York],Yes,2021-02-07,106,Sunday
1811,<A>,49,2021-02-07T00:01:58-05:00[America/New_York],2021-02-07T00:02:47-05:00[America/New_York],Yes,2021-02-07,118,Sunday
1811,B,12,2021-02-07T00:02:47-05:00[America/New_York],2021-02-07T00:02:59-05:00[America/New_York],Yes,2021-02-07,167,Sunday
1811,<A>,483,2021-02-07T00:02:59-05:00[America/New_York],2021-02-07T00:11:02-05:00[America/New_York],NA,2021-02-07,179,Sunday
1811,B,12,2021-02-07T00:11:02-05:00[America/New_York],2021-02-07T00:11:14-05:00[America/New_York],Yes,2021-02-07,662,Sunday
1811,<A>,39,2021-02-07T00:11:14-05:00[America/New_York],2021-02-07T00:11:53-05:00[America/New_York],Yes,2021-02-07,674,Sunday
1811,B,12,2021-02-07T00:11:53-05:00[America/New_York],2021-02-07T00:12:05-05:00[America/New_York],Yes,2021-02-07,713,Sunday
1811,<A>,65,2021-02-07T00:12:05-05:00[America/New_York],2021-02-07T00:13:10-05:00[America/New_York],NA,2021-02-07,725,Sunday
1811,B,12,2021-02-07T00:13:10-05:00[America/New_York],2021-02-07T00:13:22-05:00[America/New_York],Yes,2021-02-07,790,Sunday
1811,<A>,122,2021-02-07T00:13:22-05:00[America/New_York],2021-02-07T00:15:24-05:00[America/New_York],Yes,2021-02-07,802,Sunday
1811,B,12,2021-02-07T00:15:24-05:00[America/New_York],2021-02-07T00:15:36-05:00[America/New_York],Yes,2021-02-07,924,Sunday
1811,<A>,36,2021-02-07T00:15:36-05:00[America/New_York],2021-02-07T00:16:12-05:00[America/New_York],Yes,2021-02-07,936,Sunday
1811,B,12,2021-02-07T00:16:12-05:00[America/New_York],2021-02-07T00:16:24-05:00[America/New_York],Yes,2021-02-07,972,Sunday
1811,<A>,51,2021-02-07T00:16:24-05:00[America/New_York],2021-02-07T00:17:15-05:00[America/New_York],Yes,2021-02-07,984,Sunday
1811,B,12,2021-02-07T00:17:15-05:00[America/New_York],2021-02-07T00:17:27-05:00[America/New_York],Yes,2021-02-07,1035,Sunday
1811,<A>,124,2021-02-07T00:17:27-05:00[America/New_York],2021-02-07T00:19:31-05:00[America/New_York],Yes,2021-02-07,1047,Sunday
1811,B,12,2021-02-07T00:19:31-05:00[America/New_York],2021-02-07T00:19:43-05:00[America/New_York],Yes,2021-02-07,1171,Sunday
1811,<A>,139,2021-02-07T00:19:43-05:00[America/New_York],2021-02-07T00:22:02-05:00[America/New_York],Yes,2021-02-07,1183,Sunday
1811,B,12,2021-02-07T00:22:02-05:00[America/New_York],2021-02-07T00:22:14-05:00[America/New_York],Yes,2021-02-07,1322,Sunday
1811,<A>,369,2021-02-07T00:22:14-05:00[America/New_York],2021-02-07T00:28:23-05:00[America/New_York],NA,2021-02-07,1334,Sunday
1811,B,12,2021-02-07T00:28:23-05:00[America/New_York],2021-02-07T00:28:35-05:00[America/New_York],Yes,2021-02-07,1703,Sunday
1811,<A>,426,2021-02-07T00:28:35-05:00[America/New_York],2021-02-07T00:35:41-05:00[America/New_York],Yes,2021-02-07,1715,Sunday
1811,B,12,2021-02-07T00:35:41-05:00[America/New_York],2021-02-07T00:35:53-05:00[America/New_York],Yes,2021-02-07,2141,Sunday
1811,<A>,192,2021-02-07T00:35:53-05:00[America/New_York],2021-02-07T00:39:05-05:00[America/New_York],NA,2021-02-07,2153,Sunday
1811,B,12,2021-02-07T00:39:05-05:00[America/New_York],2021-02-07T00:39:17-05:00[America/New_York],Yes,2021-02-07,2345,Sunday
1811,<A>,30,2021-02-07T00:39:17-05:00[America/New_York],2021-02-07T00:39:47-05:00[America/New_York],Yes,2021-02-07,2357,Sunday
1811,B,13,2021-02-07T00:39:47-05:00[America/New_York],2021-02-07T00:40:00-05:00[America/New_York],Yes,2021-02-07,2387,Sunday
1811,<A>,90,2021-02-07T00:40:00-05:00[America/New_York],2021-02-07T00:41:30-05:00[America/New_York],NA,2021-02-07,2400,Sunday
1811,B,12,2021-02-07T00:41:30-05:00[America/New_York],2021-02-07T00:41:42-05:00[America/New_York],Yes,2021-02-07,2490,Sunday
1811,<A>,275,2021-02-07T00:41:42-05:00[America/New_York],2021-02-07T00:46:17-05:00[America/New_York],NA,2021-02-07,2502,Sunday
1811,B,12,2021-02-07T00:46:17-05:00[America/New_York],2021-02-07T00:46:29-05:00[America/New_York],Yes,2021-02-07,2777,Sunday
1811,<A>,98,2021-02-07T00:46:29-05:00[America/New_York],2021-02-07T00:48:07-05:00[America/New_York],NA,2021-02-07,2789,Sunday
1811,B,12,2021-02-07T00:48:07-05:00[America/New_York],2021-02-07T00:48:19-05:00[America/New_York],Yes,2021-02-07,2887,Sunday
1811,<A>,62,2021-02-07T00:48:19-05:00[America/New_York],2021-02-07T00:49:21-05:00[America/New_York],Yes,2021-02-07,2899,Sunday
1811,B,12,2021-02-07T00:49:21-05:00[America/New_York],2021-02-07T00:49:33-05:00[America/New_York],Yes,2021-02-07,2961,Sunday
1811,<A>,102,2021-02-07T00:49:33-05:00[America/New_York],2021-02-07T00:51:15-05:00[America/New_York],NA,2021-02-07,2973,Sunday
1811,B,12,2021-02-07T00:51:15-05:00[America/New_York],2021-02-07T00:51:27-05:00[America/New_York],Yes,2021-02-07,3075,Sunday
1811,<A>,261,2021-02-07T00:51:27-05:00[America/New_York],2021-02-07T00:55:48-05:00[America/New_York],NA,2021-02-07,3087,Sunday
1811,B,12,2021-02-07T00:55:48-05:00[America/New_York],2021-02-07T00:56:00-05:00[America/New_York],Yes,2021-02-07,3348,Sunday
1811,<A>,43,2021-02-07T00:56:00-05:00[America/New_York],2021-02-07T00:56:43-05:00[America/New_York],Yes,2021-02-07,3360,Sunday
1811,B,12,2021-02-07T00:56:43-05:00[America/New_York],2021-02-07T00:56:55-05:00[America/New_York],Yes,2021-02-07,3403,Sunday
1811,<A>,53,2021-02-07T00:56:55-05:00[America/New_York],2021-02-07T00:57:48-05:00[America/New_York],Yes,2021-02-07,3415,Sunday
1811,B,12,2021-02-07T00:57:48-05:00[America/New_York],2021-02-07T00:58:00-05:00[America/New_York],Yes,2021-02-07,3468,Sunday
1811,<A>,48,2021-02-07T00:58:00-05:00[America/New_York],2021-02-07T00:58:48-05:00[America/New_York],Yes,2021-02-07,3480,Sunday
1811,B,12,2021-02-07T00:58:48-05:00[America/New_York],2021-02-07T00:59:00-05:00[America/New_York],Yes,2021-02-07,3528,Sunday
1811,<A>,199,2021-02-07T00:59:00-05:00[America/New_York],2021-02-07T01:02:19-05:00[America/New_York],NA,2021-02-07,3540,Sunday
1811,B,12,2021-02-07T01:02:19-05:00[America/New_York],2021-02-07T01:02:31-05:00[America/New_York],Yes,2021-02-07,3739,Sunday
1811,<A>,30,2021-02-07T01:02:31-05:00[America/New_York],2021-02-07T01:03:01-05:00[America/New_York],Yes,2021-02-07,3751,Sunday
1811,B,13,2021-02-07T01:03:01-05:00[America/New_York],2021-02-07T01:03:14-05:00[America/New_York],Yes,2021-02-07,3781,Sunday
1811,<A>,87,2021-02-07T01:03:14-05:00[America/New_York],2021-02-07T01:04:41-05:00[America/New_York],NA,2021-02-07,3794,Sunday
1811,B,12,2021-02-07T01:04:41-05:00[America/New_York],2021-02-07T01:04:53-05:00[America/New_York],Yes,2021-02-07,3881,Sunday
1811,<A>,33,2021-02-07T01:04:53-05:00[America/New_York],2021-02-07T01:05:26-05:00[America/New_York],Yes,2021-02-07,3893,Sunday
1811,B,12,2021-02-07T01:05:26-05:00[America/New_York],2021-02-07T01:05:38-05:00[America/New_York],Yes,2021-02-07,3926,Sunday
1811,<A>,83,2021-02-07T01:05:38-05:00[America/New_York],2021-02-07T01:07:01-05:00[America/New_York],NA,2021-02-07,3938,Sunday
1811,B,12,2021-02-07T01:07:01-05:00[America/New_York],2021-02-07T01:07:13-05:00[America/New_York],Yes,2021-02-07,4021,Sunday
1811,<A>,234,2021-02-07T01:07:13-05:00[America/New_York],2021-02-07T01:11:07-05:00[America/New_York],Yes,2021-02-07,4033,Sunday
1811,B,12,2021-02-07T01:11:07-05:00[America/New_York],2021-02-07T01:11:19-05:00[America/New_York],Yes,2021-02-07,4267,Sunday
1811,<A>,198,2021-02-07T01:11:19-05:00[America/New_York],2021-02-07T01:14:37-05:00[America/New_York],NA,2021-02-07,4279,Sunday
1811,B,12,2021-02-07T01:14:37-05:00[America/New_York],2021-02-07T01:14:49-05:00[America/New_York],Yes,2021-02-07,4477,Sunday
1811,<A>,63,2021-02-07T01:14:49-05:00[America/New_York],2021-02-07T01:15:52-05:00[America/New_York],Yes,2021-02-07,4489,Sunday
1811,B,12,2021-02-07T01:15:52-05:00[America/New_York],2021-02-07T01:16:04-05:00[America/New_York],Yes,2021-02-07,4552,Sunday
1811,<A>,252,2021-02-07T01:16:04-05:00[America/New_York],2021-02-07T01:20:16-05:00[America/New_York],NA,2021-02-07,4564,Sunday
1811,B,12,2021-02-07T01:20:16-05:00[America/New_York],2021-02-07T01:20:28-05:00[America/New_York],Yes,2021-02-07,4816,Sunday
1811,<A>,305,2021-02-07T01:20:28-05:00[America/New_York],2021-02-07T01:25:33-05:00[America/New_York],Yes,2021-02-07,4828,Sunday
1811,B,12,2021-02-07T01:25:33-05:00[America/New_York],2021-02-07T01:25:45-05:00[America/New_York],Yes,2021-02-07,5133,Sunday
1811,<A>,147,2021-02-07T01:25:45-05:00[America/New_York],2021-02-07T01:28:12-05:00[America/New_York],NA,2021-02-07,5145,Sunday
1811,B,39,2021-02-07T01:28:12-05:00[America/New_York],2021-02-07T01:28:51-05:00[America/New_York],Yes,2021-02-07,5292,Sunday
1811,<A>,238,2021-02-07T01:28:51-05:00[America/New_York],2021-02-07T01:32:49-05:00[America/New_York],Yes,2021-02-07,5331,Sunday
1811,B,12,2021-02-07T01:32:49-05:00[America/New_York],2021-02-07T01:33:01-05:00[America/New_York],Yes,2021-02-07,5569,Sunday
1811,<A>,34,2021-02-07T01:33:01-05:00[America/New_York],2021-02-07T01:33:35-05:00[America/New_York],Yes,2021-02-07,5581,Sunday
1811,B,12,2021-02-07T01:33:35-05:00[America/New_York],2021-02-07T01:33:47-05:00[America/New_York],Yes,2021-02-07,5615,Sunday
1811,<A>,61,2021-02-07T01:33:47-05:00[America/New_York],2021-02-07T01:34:48-05:00[America/New_York],NA,2021-02-07,5627,Sunday
1811,B,12,2021-02-07T01:34:48-05:00[America/New_York],2021-02-07T01:35:00-05:00[America/New_York],Yes,2021-02-07,5688,Sunday
1811,<A>,185,2021-02-07T01:35:00-05:00[America/New_York],2021-02-07T01:38:05-05:00[America/New_York],NA,2021-02-07,5700,Sunday
1811,B,12,2021-02-07T01:38:05-05:00[America/New_York],2021-02-07T01:38:17-05:00[America/New_York],Yes,2021-02-07,5885,Sunday
1811,<A>,31,2021-02-07T01:38:17-05:00[America/New_York],2021-02-07T01:38:48-05:00[America/New_York],Yes,2021-02-07,5897,Sunday
1811,B,12,2021-02-07T01:38:48-05:00[America/New_York],2021-02-07T01:39:00-05:00[America/New_York],Yes,2021-02-07,5928,Sunday
1811,<A>,716,2021-02-07T01:39:00-05:00[America/New_York],2021-02-07T01:50:56-05:00[America/New_York],Yes,2021-02-07,5940,Sunday
1811,B,12,2021-02-07T01:50:56-05:00[America/New_York],2021-02-07T01:51:08-05:00[America/New_York],Yes,2021-02-07,6656,Sunday
1811,<A>,121,2021-02-07T01:51:08-05:00[America/New_York],2021-02-07T01:53:09-05:00[America/New_York],Yes,2021-02-07,6668,Sunday
1811,B,43,2021-02-07T01:53:09-05:00[America/New_York],2021-02-07T01:53:52-05:00[America/New_York],NA,2021-02-07,6789,Sunday
1811,<A>,30,2021-02-07T01:53:52-05:00[America/New_York],2021-02-07T01:54:22-05:00[America/New_York],Yes,2021-02-07,6832,Sunday
1811,B,13,2021-02-07T01:54:22-05:00[America/New_York],2021-02-07T01:54:35-05:00[America/New_York],Yes,2021-02-07,6862,Sunday
1811,<A>,460,2021-02-07T01:54:35-05:00[America/New_York],2021-02-07T02:02:15-05:00[America/New_York],NA,2021-02-07,6875,Sunday
1811,B,12,2021-02-07T02:02:15-05:00[America/New_York],2021-02-07T02:02:27-05:00[America/New_York],Yes,2021-02-07,7335,Sunday
1811,<A>,456,2021-02-07T02:02:27-05:00[America/New_York],2021-02-07T02:10:03-05:00[America/New_York],NA,2021-02-07,7347,Sunday
1811,B,12,2021-02-07T02:10:03-05:00[America/New_York],2021-02-07T02:10:15-05:00[America/New_York],Yes,2021-02-07,7803,Sunday
1811,<A>,247,2021-02-07T02:10:15-05:00[America/New_York],2021-02-07T02:14:22-05:00[America/New_York],NA,2021-02-07,7815,Sunday
1811,B,12,2021-02-07T02:14:22-05:00[America/New_York],2021-02-07T02:14:34-05:00[America/New_York],Yes,2021-02-07,8062,Sunday
1811,<A>,100,2021-02-07T02:14:34-05:00[America/New_York],2021-02-07T02:16:14-05:00[America/New_York],NA,2021-02-07,8074,Sunday
1811,B,12,2021-02-07T02:16:14-05:00[America/New_York],2021-02-07T02:16:26-05:00[America/New_York],Yes,2021-02-07,8174,Sunday
1811,<A>,272,2021-02-07T02:16:26-05:00[America/New_York],2021-02-07T02:20:58-05:00[America/New_York],NA,2021-02-07,8186,Sunday
1811,B,12,2021-02-07T02:20:58-05:00[America/New_York],2021-02-07T02:21:10-05:00[America/New_York],Yes,2021-02-07,8458,Sunday
1811,<A>,313,2021-02-07T02:21:10-05:00[America/New_York],2021-02-07T02:26:23-05:00[America/New_York],Yes,2021-02-07,8470,Sunday
1811,B,12,2021-02-07T02:26:23-05:00[America/New_York],2021-02-07T02:26:35-05:00[America/New_York],Yes,2021-02-07,8783,Sunday
1811,<A>,113,2021-02-07T02:26:35-05:00[America/New_York],2021-02-07T02:28:28-05:00[America/New_York],Yes,2021-02-07,8795,Sunday
1811,B,12,2021-02-07T02:28:28-05:00[America/New_York],2021-02-07T02:28:40-05:00[America/New_York],Yes,2021-02-07,8908,Sunday
1811,<A>,331,2021-02-07T02:28:40-05:00[America/New_York],2021-02-07T02:34:11-05:00[America/New_York],Yes,2021-02-07,8920,Sunday
1811,B,12,2021-02-07T02:34:11-05:00[America/New_York],2021-02-07T02:34:23-05:00[America/New_York],Yes,2021-02-07,9251,Sunday
1811,<A>,30,2021-02-07T02:34:23-05:00[America/New_York],2021-02-07T02:34:53-05:00[America/New_York],Yes,2021-02-07,9263,Sunday
1811,B,14,2021-02-07T02:34:53-05:00[America/New_York],2021-02-07T02:35:07-05:00[America/New_York],Yes,2021-02-07,9293,Sunday
1811,<A>,92,2021-02-07T02:35:07-05:00[America/New_York],2021-02-07T02:36:39-05:00[America/New_York],NA,2021-02-07,9307,Sunday
1811,B,12,2021-02-07T02:36:39-05:00[America/New_York],2021-02-07T02:36:51-05:00[America/New_York],Yes,2021-02-07,9399,Sunday
1811,<A>,48,2021-02-07T02:36:51-05:00[America/New_York],2021-02-07T02:37:39-05:00[America/New_York],Yes,2021-02-07,9411,Sunday
1811,B,12,2021-02-07T02:37:39-05:00[America/New_York],2021-02-07T02:37:51-05:00[America/New_York],Yes,2021-02-07,9459,Sunday
1811,<A>,497,2021-02-07T02:37:51-05:00[America/New_York],2021-02-07T02:46:08-05:00[America/New_York],Yes,2021-02-07,9471,Sunday
1811,B,12,2021-02-07T02:46:08-05:00[America/New_York],2021-02-07T02:46:20-05:00[America/New_York],Yes,2021-02-07,9968,Sunday
1811,<A>,128,2021-02-07T02:46:20-05:00[America/New_York],2021-02-07T02:48:28-05:00[America/New_York],Yes,2021-02-07,9980,Sunday
1811,B,12,2021-02-07T02:48:28-05:00[America/New_York],2021-02-07T02:48:40-05:00[America/New_York],Yes,2021-02-07,10108,Sunday
1811,<A>,535,2021-02-07T02:48:40-05:00[America/New_York],2021-02-07T02:57:35-05:00[America/New_York],NA,2021-02-07,10120,Sunday
1811,B,12,2021-02-07T02:57:35-05:00[America/New_York],2021-02-07T02:57:47-05:00[America/New_York],Yes,2021-02-07,10655,Sunday
1811,<A>,252,2021-02-07T02:57:47-05:00[America/New_York],2021-02-07T03:01:59-05:00[America/New_York],NA,2021-02-07,10667,Sunday
1811,B,31,2021-02-07T03:01:59-05:00[America/New_York],2021-02-07T03:02:30-05:00[America/New_York],Yes,2021-02-07,10919,Sunday
1811,<A>,123,2021-02-07T03:02:30-05:00[America/New_York],2021-02-07T03:04:33-05:00[America/New_York],Yes,2021-02-07,10950,Sunday
1811,B,12,2021-02-07T03:04:33-05:00[America/New_York],2021-02-07T03:04:45-05:00[America/New_York],Yes,2021-02-07,11073,Sunday
1811,<A>,258,2021-02-07T03:04:45-05:00[America/New_York],2021-02-07T03:09:03-05:00[America/New_York],NA,2021-02-07,11085,Sunday
1811,B,12,2021-02-07T03:09:03-05:00[America/New_York],2021-02-07T03:09:15-05:00[America/New_York],Yes,2021-02-07,11343,Sunday
1811,<A>,230,2021-02-07T03:09:15-05:00[America/New_York],2021-02-07T03:13:05-05:00[America/New_York],Yes,2021-02-07,11355,Sunday
1811,B,12,2021-02-07T03:13:05-05:00[America/New_York],2021-02-07T03:13:17-05:00[America/New_York],Yes,2021-02-07,11585,Sunday
1811,<A>,326,2021-02-07T03:13:17-05:00[America/New_York],2021-02-07T03:18:43-05:00[America/New_York],Yes,2021-02-07,11597,Sunday
1811,B,12,2021-02-07T03:18:43-05:00[America/New_York],2021-02-07T03:18:55-05:00[America/New_York],Yes,2021-02-07,11923,Sunday
1811,<A>,237,2021-02-07T03:18:55-05:00[America/New_York],2021-02-07T03:22:52-05:00[America/New_York],Yes,2021-02-07,11935,Sunday
1811,B,12,2021-02-07T03:22:52-05:00[America/New_York],2021-02-07T03:23:04-05:00[America/New_York],Yes,2021-02-07,12172,Sunday
1811,<A>,172,2021-02-07T03:23:04-05:00[America/New_York],2021-02-07T03:25:56-05:00[America/New_York],NA,2021-02-07,12184,Sunday
1811,B,14,2021-02-07T03:25:56-05:00[America/New_York],2021-02-07T03:26:10-05:00[America/New_York],Yes,2021-02-07,12356,Sunday
1811,<A>,30,2021-02-07T03:26:10-05:00[America/New_York],2021-02-07T03:26:40-05:00[America/New_York],Yes,2021-02-07,12370,Sunday
1811,B,13,2021-02-07T03:26:40-05:00[America/New_York],2021-02-07T03:26:53-05:00[America/New_York],Yes,2021-02-07,12400,Sunday
1811,<A>,30,2021-02-07T03:26:53-05:00[America/New_York],2021-02-07T03:27:23-05:00[America/New_York],Yes,2021-02-07,12413,Sunday
1811,B,13,2021-02-07T03:27:23-05:00[America/New_York],2021-02-07T03:27:36-05:00[America/New_York],Yes,2021-02-07,12443,Sunday
1811,<A>,416,2021-02-07T03:27:36-05:00[America/New_York],2021-02-07T03:34:32-05:00[America/New_York],Yes,2021-02-07,12456,Sunday
1811,B,12,2021-02-07T03:34:32-05:00[America/New_York],2021-02-07T03:34:44-05:00[America/New_York],Yes,2021-02-07,12872,Sunday
1811,<A>,30,2021-02-07T03:34:44-05:00[America/New_York],2021-02-07T03:35:14-05:00[America/New_York],Yes,2021-02-07,12884,Sunday
1811,B,13,2021-02-07T03:35:14-05:00[America/New_York],2021-02-07T03:35:27-05:00[America/New_York],Yes,2021-02-07,12914,Sunday
1811,<A>,547,2021-02-07T03:35:27-05:00[America/New_York],2021-02-07T03:44:34-05:00[America/New_York],NA,2021-02-07,12927,Sunday
1811,B,12,2021-02-07T03:44:34-05:00[America/New_York],2021-02-07T03:44:46-05:00[America/New_York],Yes,2021-02-07,13474,Sunday
1811,<A>,30,2021-02-07T03:44:46-05:00[America/New_York],2021-02-07T03:45:16-05:00[America/New_York],Yes,2021-02-07,13486,Sunday
1811,B,13,2021-02-07T03:45:16-05:00[America/New_York],2021-02-07T03:45:29-05:00[America/New_York],Yes,2021-02-07,13516,Sunday
1811,<A>,636,2021-02-07T03:45:29-05:00[America/New_York],2021-02-07T03:56:05-05:00[America/New_York],NA,2021-02-07,13529,Sunday
1811,B,12,2021-02-07T03:56:05-05:00[America/New_York],2021-02-07T03:56:17-05:00[America/New_York],Yes,2021-02-07,14165,Sunday
1811,<A>,722,2021-02-07T03:56:17-05:00[America/New_York],2021-02-07T04:08:19-05:00[America/New_York],NA,2021-02-07,14177,Sunday
1811,B,12,2021-02-07T04:08:19-05:00[America/New_York],2021-02-07T04:08:31-05:00[America/New_York],Yes,2021-02-07,14899,Sunday
1811,<A>,791,2021-02-07T04:08:31-05:00[America/New_York],2021-02-07T04:21:42-05:00[America/New_York],Yes,2021-02-07,14911,Sunday
1811,B,12,2021-02-07T04:21:42-05:00[America/New_York],2021-02-07T04:21:54-05:00[America/New_York],Yes,2021-02-07,15702,Sunday
1811,<A>,515,2021-02-07T04:21:54-05:00[America/New_York],2021-02-07T04:30:29-05:00[America/New_York],Yes,2021-02-07,15714,Sunday
1811,B,12,2021-02-07T04:30:29-05:00[America/New_York],2021-02-07T04:30:41-05:00[America/New_York],Yes,2021-02-07,16229,Sunday
1811,<A>,131,2021-02-07T04:30:41-05:00[America/New_York],2021-02-07T04:32:52-05:00[America/New_York],Yes,2021-02-07,16241,Sunday
1811,B,12,2021-02-07T04:32:52-05:00[America/New_York],2021-02-07T04:33:04-05:00[America/New_York],Yes,2021-02-07,16372,Sunday
1811,<A>,447,2021-02-07T04:33:04-05:00[America/New_York],2021-02-07T04:40:31-05:00[America/New_York],NA,2021-02-07,16384,Sunday
1811,B,12,2021-02-07T04:40:31-05:00[America/New_York],2021-02-07T04:40:43-05:00[America/New_York],Yes,2021-02-07,16831,Sunday
1811,<A>,101,2021-02-07T04:40:43-05:00[America/New_York],2021-02-07T04:42:24-05:00[America/New_York],NA,2021-02-07,16843,Sunday
1811,B,12,2021-02-07T04:42:24-05:00[America/New_York],2021-02-07T04:42:36-05:00[America/New_York],Yes,2021-02-07,16944,Sunday
1811,<A>,223,2021-02-07T04:42:36-05:00[America/New_York],2021-02-07T04:46:19-05:00[America/New_York],Yes,2021-02-07,16956,Sunday
1811,B,12,2021-02-07T04:46:19-05:00[America/New_York],2021-02-07T04:46:31-05:00[America/New_York],Yes,2021-02-07,17179,Sunday
1811,<A>,215,2021-02-07T04:46:31-05:00[America/New_York],2021-02-07T04:50:06-05:00[America/New_York],Yes,2021-02-07,17191,Sunday
1811,B,12,2021-02-07T04:50:06-05:00[America/New_York],2021-02-07T04:50:18-05:00[America/New_York],Yes,2021-02-07,17406,Sunday
1811,<A>,74,2021-02-07T04:50:18-05:00[America/New_York],2021-02-07T04:51:32-05:00[America/New_York],NA,2021-02-07,17418,Sunday
1811,B,12,2021-02-07T04:51:32-05:00[America/New_York],2021-02-07T04:51:44-05:00[America/New_York],Yes,2021-02-07,17492,Sunday
1811,<A>,269,2021-02-07T04:51:44-05:00[America/New_York],2021-02-07T04:56:13-05:00[America/New_York],NA,2021-02-07,17504,Sunday
1811,B,12,2021-02-07T04:56:13-05:00[America/New_York],2021-02-07T04:56:25-05:00[America/New_York],Yes,2021-02-07,17773,Sunday
1811,<A>,45,2021-02-07T04:56:25-05:00[America/New_York],2021-02-07T04:57:10-05:00[America/New_York],Yes,2021-02-07,17785,Sunday
1811,B,12,2021-02-07T04:57:10-05:00[America/New_York],2021-02-07T04:57:22-05:00[America/New_York],Yes,2021-02-07,17830,Sunday
1811,<A>,249,2021-02-07T04:57:22-05:00[America/New_York],2021-02-07T05:01:31-05:00[America/New_York],NA,2021-02-07,17842,Sunday
1811,B,13,2021-02-07T05:01:31-05:00[America/New_York],2021-02-07T05:01:44-05:00[America/New_York],Yes,2021-02-07,18091,Sunday
1811,<A>,950,2021-02-07T05:01:44-05:00[America/New_York],2021-02-07T05:17:34-05:00[America/New_York],NA,2021-02-07,18104,Sunday
1811,B,42,2021-02-07T05:17:34-05:00[America/New_York],2021-02-07T05:18:16-05:00[America/New_York],NA,2021-02-07,19054,Sunday
1811,<A>,31,2021-02-07T05:18:16-05:00[America/New_York],2021-02-07T05:18:47-05:00[America/New_York],Yes,2021-02-07,19096,Sunday
1811,B,12,2021-02-07T05:18:47-05:00[America/New_York],2021-02-07T05:18:59-05:00[America/New_York],Yes,2021-02-07,19127,Sunday
1811,<A>,76,2021-02-07T05:18:59-05:00[America/New_York],2021-02-07T05:20:15-05:00[America/New_York],NA,2021-02-07,19139,Sunday
1811,B,12,2021-02-07T05:20:15-05:00[America/New_York],2021-02-07T05:20:27-05:00[America/New_York],Yes,2021-02-07,19215,Sunday
1811,<A>,175,2021-02-07T05:20:27-05:00[America/New_York],2021-02-07T05:23:22-05:00[America/New_York],NA,2021-02-07,19227,Sunday
1811,B,12,2021-02-07T05:23:22-05:00[America/New_York],2021-02-07T05:23:34-05:00[America/New_York],Yes,2021-02-07,19402,Sunday
1811,<A>,173,2021-02-07T05:23:34-05:00[America/New_York],2021-02-07T05:26:27-05:00[America/New_York],NA,2021-02-07,19414,Sunday
1811,B,12,2021-02-07T05:26:27-05:00[America/New_York],2021-02-07T05:26:39-05:00[America/New_York],Yes,2021-02-07,19587,Sunday
1811,<A>,30,2021-02-07T05:26:39-05:00[America/New_York],2021-02-07T05:27:09-05:00[America/New_York],Yes,2021-02-07,19599,Sunday
1811,B,13,2021-02-07T05:27:09-05:00[America/New_York],2021-02-07T05:27:22-05:00[America/New_York],Yes,2021-02-07,19629,Sunday
1811,<A>,52,2021-02-07T05:27:22-05:00[America/New_York],2021-02-07T05:28:14-05:00[America/New_York],Yes,2021-02-07,19642,Sunday
1811,B,12,2021-02-07T05:28:14-05:00[America/New_York],2021-02-07T05:28:26-05:00[America/New_York],Yes,2021-02-07,19694,Sunday
1811,<A>,435,2021-02-07T05:28:26-05:00[America/New_York],2021-02-07T05:35:41-05:00[America/New_York],NA,2021-02-07,19706,Sunday
1811,B,12,2021-02-07T05:35:41-05:00[America/New_York],2021-02-07T05:35:53-05:00[America/New_York],Yes,2021-02-07,20141,Sunday
1811,<A>,258,2021-02-07T05:35:53-05:00[America/New_York],2021-02-07T05:40:11-05:00[America/New_York],NA,2021-02-07,20153,Sunday
1811,B,12,2021-02-07T05:40:11-05:00[America/New_York],2021-02-07T05:40:23-05:00[America/New_York],Yes,2021-02-07,20411,Sunday
1811,<A>,30,2021-02-07T05:40:23-05:00[America/New_York],2021-02-07T05:40:53-05:00[America/New_York],Yes,2021-02-07,20423,Sunday
1811,B,13,2021-02-07T05:40:53-05:00[America/New_York],2021-02-07T05:41:06-05:00[America/New_York],Yes,2021-02-07,20453,Sunday
1811,<A>,40,2021-02-07T05:41:06-05:00[America/New_York],2021-02-07T05:41:46-05:00[America/New_York],Yes,2021-02-07,20466,Sunday
1811,B,39,2021-02-07T05:41:46-05:00[America/New_York],2021-02-07T05:42:25-05:00[America/New_York],Yes,2021-02-07,20506,Sunday
1811,<A>,31,2021-02-07T05:42:25-05:00[America/New_York],2021-02-07T05:42:56-05:00[America/New_York],Yes,2021-02-07,20545,Sunday
1811,B,12,2021-02-07T05:42:56-05:00[America/New_York],2021-02-07T05:43:08-05:00[America/New_York],Yes,2021-02-07,20576,Sunday
1811,<A>,206,2021-02-07T05:43:08-05:00[America/New_York],2021-02-07T05:46:34-05:00[America/New_York],Yes,2021-02-07,20588,Sunday
1811,B,12,2021-02-07T05:46:34-05:00[America/New_York],2021-02-07T05:46:46-05:00[America/New_York],Yes,2021-02-07,20794,Sunday
1811,<A>,173,2021-02-07T05:46:46-05:00[America/New_York],2021-02-07T05:49:39-05:00[America/New_York],NA,2021-02-07,20806,Sunday
1811,B,12,2021-02-07T05:49:39-05:00[America/New_York],2021-02-07T05:49:51-05:00[America/New_York],Yes,2021-02-07,20979,Sunday
1811,<A>,40,2021-02-07T05:49:51-05:00[America/New_York],2021-02-07T05:50:31-05:00[America/New_York],Yes,2021-02-07,20991,Sunday
1811,B,12,2021-02-07T05:50:31-05:00[America/New_York],2021-02-07T05:50:43-05:00[America/New_York],Yes,2021-02-07,21031,Sunday
1811,<A>,137,2021-02-07T05:50:43-05:00[America/New_York],2021-02-07T05:53:00-05:00[America/New_York],Yes,2021-02-07,21043,Sunday
1811,B,12,2021-02-07T05:53:00-05:00[America/New_York],2021-02-07T05:53:12-05:00[America/New_York],Yes,2021-02-07,21180,Sunday
1811,<A>,250,2021-02-07T05:53:12-05:00[America/New_York],2021-02-07T05:57:22-05:00[America/New_York],NA,2021-02-07,21192,Sunday
1811,B,12,2021-02-07T05:57:22-05:00[America/New_York],2021-02-07T05:57:34-05:00[America/New_York],Yes,2021-02-07,21442,Sunday
1811,<A>,151,2021-02-07T05:57:34-05:00[America/New_York],2021-02-07T06:00:05-05:00[America/New_York],NA,2021-02-07,21454,Sunday
1811,B,12,2021-02-07T06:00:05-05:00[America/New_York],2021-02-07T06:00:17-05:00[America/New_York],Yes,2021-02-07,21605,Sunday
1811,<A>,132,2021-02-07T06:00:17-05:00[America/New_York],2021-02-07T06:02:29-05:00[America/New_York],Yes,2021-02-07,21617,Sunday
1811,B,12,2021-02-07T06:02:29-05:00[America/New_York],2021-02-07T06:02:41-05:00[America/New_York],Yes,2021-02-07,21749,Sunday
1811,<A>,54,2021-02-07T06:02:41-05:00[America/New_York],2021-02-07T06:03:35-05:00[America/New_York],NA,2021-02-07,21761,Sunday
1811,B,12,2021-02-07T06:03:35-05:00[America/New_York],2021-02-07T06:03:47-05:00[America/New_York],Yes,2021-02-07,21815,Sunday
1811,<A>,75,2021-02-07T06:03:47-05:00[America/New_York],2021-02-07T06:05:02-05:00[America/New_York],Yes,2021-02-07,21827,Sunday
1811,B,12,2021-02-07T06:05:02-05:00[America/New_York],2021-02-07T06:05:14-05:00[America/New_York],Yes,2021-02-07,21902,Sunday
1811,<A>,30,2021-02-07T06:05:14-05:00[America/New_York],2021-02-07T06:05:44-05:00[America/New_York],Yes,2021-02-07,21914,Sunday
1811,B,13,2021-02-07T06:05:44-05:00[America/New_York],2021-02-07T06:05:57-05:00[America/New_York],Yes,2021-02-07,21944,Sunday
1811,<A>,151,2021-02-07T06:05:57-05:00[America/New_York],2021-02-07T06:08:28-05:00[America/New_York],NA,2021-02-07,21957,Sunday
1811,B,12,2021-02-07T06:08:28-05:00[America/New_York],2021-02-07T06:08:40-05:00[America/New_York],Yes,2021-02-07,22108,Sunday
1811,<A>,232,2021-02-07T06:08:40-05:00[America/New_York],2021-02-07T06:12:32-05:00[America/New_York],Yes,2021-02-07,22120,Sunday
1811,B,12,2021-02-07T06:12:32-05:00[America/New_York],2021-02-07T06:12:44-05:00[America/New_York],Yes,2021-02-07,22352,Sunday
1811,<A>,37,2021-02-07T06:12:44-05:00[America/New_York],2021-02-07T06:13:21-05:00[America/New_York],Yes,2021-02-07,22364,Sunday
1811,B,12,2021-02-07T06:13:21-05:00[America/New_York],2021-02-07T06:13:33-05:00[America/New_York],Yes,2021-02-07,22401,Sunday
1811,<A>,67,2021-02-07T06:13:33-05:00[America/New_York],2021-02-07T06:14:40-05:00[America/New_York],NA,2021-02-07,22413,Sunday
1811,B,12,2021-02-07T06:14:40-05:00[America/New_York],2021-02-07T06:14:52-05:00[America/New_York],Yes,2021-02-07,22480,Sunday
1811,<A>,468,2021-02-07T06:14:52-05:00[America/New_York],2021-02-07T06:22:40-05:00[America/New_York],NA,2021-02-07,22492,Sunday
1811,B,12,2021-02-07T06:22:40-05:00[America/New_York],2021-02-07T06:22:52-05:00[America/New_York],Yes,2021-02-07,22960,Sunday
1811,<A>,84,2021-02-07T06:22:52-05:00[America/New_York],2021-02-07T06:24:16-05:00[America/New_York],NA,2021-02-07,22972,Sunday
1811,B,12,2021-02-07T06:24:16-05:00[America/New_York],2021-02-07T06:24:28-05:00[America/New_York],Yes,2021-02-07,23056,Sunday
1811,<A>,114,2021-02-07T06:24:28-05:00[America/New_York],2021-02-07T06:26:22-05:00[America/New_York],Yes,2021-02-07,23068,Sunday
1811,B,12,2021-02-07T06:26:22-05:00[America/New_York],2021-02-07T06:26:34-05:00[America/New_York],Yes,2021-02-07,23182,Sunday
1811,<A>,398,2021-02-07T06:26:34-05:00[America/New_York],2021-02-07T06:33:12-05:00[America/New_York],Yes,2021-02-07,23194,Sunday
1811,B,12,2021-02-07T06:33:12-05:00[America/New_York],2021-02-07T06:33:24-05:00[America/New_York],Yes,2021-02-07,23592,Sunday
1811,<A>,204,2021-02-07T06:33:24-05:00[America/New_York],2021-02-07T06:36:48-05:00[America/New_York],Yes,2021-02-07,23604,Sunday
1811,B,12,2021-02-07T06:36:48-05:00[America/New_York],2021-02-07T06:37:00-05:00[America/New_York],Yes,2021-02-07,23808,Sunday
1811,<A>,81,2021-02-07T06:37:00-05:00[America/New_York],2021-02-07T06:38:21-05:00[America/New_York],NA,2021-02-07,23820,Sunday
1811,B,12,2021-02-07T06:38:21-05:00[America/New_York],2021-02-07T06:38:33-05:00[America/New_York],Yes,2021-02-07,23901,Sunday
1811,<A>,68,2021-02-07T06:38:33-05:00[America/New_York],2021-02-07T06:39:41-05:00[America/New_York],Yes,2021-02-07,23913,Sunday
1811,B,12,2021-02-07T06:39:41-05:00[America/New_York],2021-02-07T06:39:53-05:00[America/New_York],Yes,2021-02-07,23981,Sunday
1811,<A>,30,2021-02-07T06:39:53-05:00[America/New_York],2021-02-07T06:40:23-05:00[America/New_York],Yes,2021-02-07,23993,Sunday
1811,B,13,2021-02-07T06:40:23-05:00[America/New_York],2021-02-07T06:40:36-05:00[America/New_York],Yes,2021-02-07,24023,Sunday
1811,<A>,139,2021-02-07T06:40:36-05:00[America/New_York],2021-02-07T06:42:55-05:00[America/New_York],Yes,2021-02-07,24036,Sunday
1811,B,12,2021-02-07T06:42:55-05:00[America/New_York],2021-02-07T06:43:07-05:00[America/New_York],Yes,2021-02-07,24175,Sunday
1811,<A>,75,2021-02-07T06:43:07-05:00[America/New_York],2021-02-07T06:44:22-05:00[America/New_York],NA,2021-02-07,24187,Sunday
1811,B,12,2021-02-07T06:44:22-05:00[America/New_York],2021-02-07T06:44:34-05:00[America/New_York],Yes,2021-02-07,24262,Sunday
1811,<A>,57,2021-02-07T06:44:34-05:00[America/New_York],2021-02-07T06:45:31-05:00[America/New_York],Yes,2021-02-07,24274,Sunday
1811,B,12,2021-02-07T06:45:31-05:00[America/New_York],2021-02-07T06:45:43-05:00[America/New_York],Yes,2021-02-07,24331,Sunday
1811,<A>,70,2021-02-07T06:45:43-05:00[America/New_York],2021-02-07T06:46:53-05:00[America/New_York],Yes,2021-02-07,24343,Sunday
1811,B,12,2021-02-07T06:46:53-05:00[America/New_York],2021-02-07T06:47:05-05:00[America/New_York],Yes,2021-02-07,24413,Sunday
1811,<A>,171,2021-02-07T06:47:05-05:00[America/New_York],2021-02-07T06:49:56-05:00[America/New_York],NA,2021-02-07,24425,Sunday
1811,B,12,2021-02-07T06:49:56-05:00[America/New_York],2021-02-07T06:50:08-05:00[America/New_York],Yes,2021-02-07,24596,Sunday
1811,<A>,173,2021-02-07T06:50:08-05:00[America/New_York],2021-02-07T06:53:01-05:00[America/New_York],NA,2021-02-07,24608,Sunday
1811,B,12,2021-02-07T06:53:01-05:00[America/New_York],2021-02-07T06:53:13-05:00[America/New_York],Yes,2021-02-07,24781,Sunday
1811,<A>,31,2021-02-07T06:53:13-05:00[America/New_York],2021-02-07T06:53:44-05:00[America/New_York],Yes,2021-02-07,24793,Sunday
1811,B,12,2021-02-07T06:53:44-05:00[America/New_York],2021-02-07T06:53:56-05:00[America/New_York],Yes,2021-02-07,24824,Sunday
1811,<A>,80,2021-02-07T06:53:56-05:00[America/New_York],2021-02-07T06:55:16-05:00[America/New_York],NA,2021-02-07,24836,Sunday
1811,B,12,2021-02-07T06:55:16-05:00[America/New_York],2021-02-07T06:55:28-05:00[America/New_York],Yes,2021-02-07,24916,Sunday
1811,<A>,323,2021-02-07T06:55:28-05:00[America/New_York],2021-02-07T07:00:51-05:00[America/New_York],Yes,2021-02-07,24928,Sunday
1811,B,12,2021-02-07T07:00:51-05:00[America/New_York],2021-02-07T07:01:03-05:00[America/New_York],Yes,2021-02-07,25251,Sunday
1811,<A>,64,2021-02-07T07:01:03-05:00[America/New_York],2021-02-07T07:02:07-05:00[America/New_York],NA,2021-02-07,25263,Sunday
1811,B,43,2021-02-07T07:02:07-05:00[America/New_York],2021-02-07T07:02:50-05:00[America/New_York],NA,2021-02-07,25327,Sunday
1811,<A>,30,2021-02-07T07:02:50-05:00[America/New_York],2021-02-07T07:03:20-05:00[America/New_York],Yes,2021-02-07,25370,Sunday
1811,B,12,2021-02-07T07:03:20-05:00[America/New_York],2021-02-07T07:03:32-05:00[America/New_York],Yes,2021-02-07,25400,Sunday
1811,<A>,311,2021-02-07T07:03:32-05:00[America/New_York],2021-02-07T07:08:43-05:00[America/New_York],Yes,2021-02-07,25412,Sunday
1811,B,12,2021-02-07T07:08:43-05:00[America/New_York],2021-02-07T07:08:55-05:00[America/New_York],Yes,2021-02-07,25723,Sunday
1811,<A>,33,2021-02-07T07:08:55-05:00[America/New_York],2021-02-07T07:09:28-05:00[America/New_York],Yes,2021-02-07,25735,Sunday
1811,B,13,2021-02-07T07:09:28-05:00[America/New_York],2021-02-07T07:09:41-05:00[America/New_York],Yes,2021-02-07,25768,Sunday
1811,<A>,282,2021-02-07T07:09:41-05:00[America/New_York],2021-02-07T07:14:23-05:00[America/New_York],NA,2021-02-07,25781,Sunday
1811,B,12,2021-02-07T07:14:23-05:00[America/New_York],2021-02-07T07:14:35-05:00[America/New_York],Yes,2021-02-07,26063,Sunday
1811,<A>,58,2021-02-07T07:14:35-05:00[America/New_York],2021-02-07T07:15:33-05:00[America/New_York],Yes,2021-02-07,26075,Sunday
1811,B,12,2021-02-07T07:15:33-05:00[America/New_York],2021-02-07T07:15:45-05:00[America/New_York],Yes,2021-02-07,26133,Sunday
1811,<A>,167,2021-02-07T07:15:45-05:00[America/New_York],2021-02-07T07:18:32-05:00[America/New_York],NA,2021-02-07,26145,Sunday
1811,B,12,2021-02-07T07:18:32-05:00[America/New_York],2021-02-07T07:18:44-05:00[America/New_York],Yes,2021-02-07,26312,Sunday
1811,<A>,48,2021-02-07T07:18:44-05:00[America/New_York],2021-02-07T07:19:32-05:00[America/New_York],Yes,2021-02-07,26324,Sunday
1811,B,12,2021-02-07T07:19:32-05:00[America/New_York],2021-02-07T07:19:44-05:00[America/New_York],Yes,2021-02-07,26372,Sunday
1811,<A>,155,2021-02-07T07:19:44-05:00[America/New_York],2021-02-07T07:22:19-05:00[America/New_York],NA,2021-02-07,26384,Sunday
1811,B,12,2021-02-07T07:22:19-05:00[America/New_York],2021-02-07T07:22:31-05:00[America/New_York],Yes,2021-02-07,26539,Sunday
1811,<A>,31,2021-02-07T07:22:31-05:00[America/New_York],2021-02-07T07:23:02-05:00[America/New_York],Yes,2021-02-07,26551,Sunday
1811,B,12,2021-02-07T07:23:02-05:00[America/New_York],2021-02-07T07:23:14-05:00[America/New_York],Yes,2021-02-07,26582,Sunday
1811,<A>,84,2021-02-07T07:23:14-05:00[America/New_York],2021-02-07T07:24:38-05:00[America/New_York],NA,2021-02-07,26594,Sunday
1811,B,12,2021-02-07T07:24:38-05:00[America/New_York],2021-02-07T07:24:50-05:00[America/New_York],Yes,2021-02-07,26678,Sunday
1811,<A>,36,2021-02-07T07:24:50-05:00[America/New_York],2021-02-07T07:25:26-05:00[America/New_York],Yes,2021-02-07,26690,Sunday
1811,B,12,2021-02-07T07:25:26-05:00[America/New_York],2021-02-07T07:25:38-05:00[America/New_York],Yes,2021-02-07,26726,Sunday
1811,<A>,30,2021-02-07T07:25:38-05:00[America/New_York],2021-02-07T07:26:08-05:00[America/New_York],Yes,2021-02-07,26738,Sunday
1811,B,13,2021-02-07T07:26:08-05:00[America/New_York],2021-02-07T07:26:21-05:00[America/New_York],Yes,2021-02-07,26768,Sunday
1811,<A>,154,2021-02-07T07:26:21-05:00[America/New_York],2021-02-07T07:28:55-05:00[America/New_York],NA,2021-02-07,26781,Sunday
1811,B,12,2021-02-07T07:28:55-05:00[America/New_York],2021-02-07T07:29:07-05:00[America/New_York],Yes,2021-02-07,26935,Sunday
1811,<A>,30,2021-02-07T07:29:07-05:00[America/New_York],2021-02-07T07:29:37-05:00[America/New_York],Yes,2021-02-07,26947,Sunday
1811,B,14,2021-02-07T07:29:37-05:00[America/New_York],2021-02-07T07:29:51-05:00[America/New_York],Yes,2021-02-07,26977,Sunday
1811,<A>,130,2021-02-07T07:29:51-05:00[America/New_York],2021-02-07T07:32:01-05:00[America/New_York],Yes,2021-02-07,26991,Sunday
1811,B,12,2021-02-07T07:32:01-05:00[America/New_York],2021-02-07T07:32:13-05:00[America/New_York],Yes,2021-02-07,27121,Sunday
1811,<A>,83,2021-02-07T07:32:13-05:00[America/New_York],2021-02-07T07:33:36-05:00[America/New_York],NA,2021-02-07,27133,Sunday
1811,B,12,2021-02-07T07:33:36-05:00[America/New_York],2021-02-07T07:33:48-05:00[America/New_York],Yes,2021-02-07,27216,Sunday
1811,<A>,180,2021-02-07T07:33:48-05:00[America/New_York],2021-02-07T07:36:48-05:00[America/New_York],NA,2021-02-07,27228,Sunday
1811,B,12,2021-02-07T07:36:48-05:00[America/New_York],2021-02-07T07:37:00-05:00[America/New_York],Yes,2021-02-07,27408,Sunday
1811,<A>,48,2021-02-07T07:37:00-05:00[America/New_York],2021-02-07T07:37:48-05:00[America/New_York],Yes,2021-02-07,27420,Sunday
1811,B,12,2021-02-07T07:37:48-05:00[America/New_York],2021-02-07T07:38:00-05:00[America/New_York],Yes,2021-02-07,27468,Sunday
1811,<A>,53,2021-02-07T07:38:00-05:00[America/New_York],2021-02-07T07:38:53-05:00[America/New_York],Yes,2021-02-07,27480,Sunday
1811,B,12,2021-02-07T07:38:53-05:00[America/New_York],2021-02-07T07:39:05-05:00[America/New_York],Yes,2021-02-07,27533,Sunday
1811,<A>,92,2021-02-07T07:39:05-05:00[America/New_York],2021-02-07T07:40:37-05:00[America/New_York],NA,2021-02-07,27545,Sunday
1811,B,12,2021-02-07T07:40:37-05:00[America/New_York],2021-02-07T07:40:49-05:00[America/New_York],Yes,2021-02-07,27637,Sunday
1811,<A>,129,2021-02-07T07:40:49-05:00[America/New_York],2021-02-07T07:42:58-05:00[America/New_York],Yes,2021-02-07,27649,Sunday
1811,B,12,2021-02-07T07:42:58-05:00[America/New_York],2021-02-07T07:43:10-05:00[America/New_York],Yes,2021-02-07,27778,Sunday
1811,<A>,45,2021-02-07T07:43:10-05:00[America/New_York],2021-02-07T07:43:55-05:00[America/New_York],Yes,2021-02-07,27790,Sunday
1811,B,12,2021-02-07T07:43:55-05:00[America/New_York],2021-02-07T07:44:07-05:00[America/New_York],Yes,2021-02-07,27835,Sunday
1811,<A>,58,2021-02-07T07:44:07-05:00[America/New_York],2021-02-07T07:45:05-05:00[America/New_York],Yes,2021-02-07,27847,Sunday
1811,B,12,2021-02-07T07:45:05-05:00[America/New_York],2021-02-07T07:45:17-05:00[America/New_York],Yes,2021-02-07,27905,Sunday
1811,<A>,43,2021-02-07T07:45:17-05:00[America/New_York],2021-02-07T07:46:00-05:00[America/New_York],Yes,2021-02-07,27917,Sunday
1811,B,12,2021-02-07T07:46:00-05:00[America/New_York],2021-02-07T07:46:12-05:00[America/New_York],Yes,2021-02-07,27960,Sunday
1811,<A>,31,2021-02-07T07:46:12-05:00[America/New_York],2021-02-07T07:46:43-05:00[America/New_York],Yes,2021-02-07,27972,Sunday
1811,B,12,2021-02-07T07:46:43-05:00[America/New_York],2021-02-07T07:46:55-05:00[America/New_York],Yes,2021-02-07,28003,Sunday
1811,<A>,32,2021-02-07T07:46:55-05:00[America/New_York],2021-02-07T07:47:27-05:00[America/New_York],Yes,2021-02-07,28015,Sunday
1811,B,12,2021-02-07T07:47:27-05:00[America/New_York],2021-02-07T07:47:39-05:00[America/New_York],Yes,2021-02-07,28047,Sunday
1811,<A>,121,2021-02-07T07:47:39-05:00[America/New_York],2021-02-07T07:49:40-05:00[America/New_York],Yes,2021-02-07,28059,Sunday
1811,B,12,2021-02-07T07:49:40-05:00[America/New_York],2021-02-07T07:49:52-05:00[America/New_York],Yes,2021-02-07,28180,Sunday
1811,<A>,34,2021-02-07T07:49:52-05:00[America/New_York],2021-02-07T07:50:26-05:00[America/New_York],Yes,2021-02-07,28192,Sunday
1811,B,12,2021-02-07T07:50:26-05:00[America/New_York],2021-02-07T07:50:38-05:00[America/New_York],Yes,2021-02-07,28226,Sunday
1811,<A>,73,2021-02-07T07:50:38-05:00[America/New_York],2021-02-07T07:51:51-05:00[America/New_York],NA,2021-02-07,28238,Sunday
1811,B,12,2021-02-07T07:51:51-05:00[America/New_York],2021-02-07T07:52:03-05:00[America/New_York],Yes,2021-02-07,28311,Sunday
1811,<A>,72,2021-02-07T07:52:03-05:00[America/New_York],2021-02-07T07:53:15-05:00[America/New_York],Yes,2021-02-07,28323,Sunday
1811,B,12,2021-02-07T07:53:15-05:00[America/New_York],2021-02-07T07:53:27-05:00[America/New_York],Yes,2021-02-07,28395,Sunday
1811,<A>,81,2021-02-07T07:53:27-05:00[America/New_York],2021-02-07T07:54:48-05:00[America/New_York],Yes,2021-02-07,28407,Sunday
1811,B,39,2021-02-07T07:54:48-05:00[America/New_York],2021-02-07T07:55:27-05:00[America/New_York],NA,2021-02-07,28488,Sunday
1811,<A>,30,2021-02-07T07:55:27-05:00[America/New_York],2021-02-07T07:55:57-05:00[America/New_York],Yes,2021-02-07,28527,Sunday
1811,B,12,2021-02-07T07:55:57-05:00[America/New_York],2021-02-07T07:56:09-05:00[America/New_York],Yes,2021-02-07,28557,Sunday
1811,<A>,42,2021-02-07T07:56:09-05:00[America/New_York],2021-02-07T07:56:51-05:00[America/New_York],Yes,2021-02-07,28569,Sunday
1811,B,12,2021-02-07T07:56:51-05:00[America/New_York],2021-02-07T07:57:03-05:00[America/New_York],Yes,2021-02-07,28611,Sunday
1811,<A>,56,2021-02-07T07:57:03-05:00[America/New_York],2021-02-07T07:57:59-05:00[America/New_York],Yes,2021-02-07,28623,Sunday
1811,B,12,2021-02-07T07:57:59-05:00[America/New_York],2021-02-07T07:58:11-05:00[America/New_York],Yes,2021-02-07,28679,Sunday
1811,<A>,33,2021-02-07T07:58:11-05:00[America/New_York],2021-02-07T07:58:44-05:00[America/New_York],Yes,2021-02-07,28691,Sunday
1811,B,12,2021-02-07T07:58:44-05:00[America/New_York],2021-02-07T07:58:56-05:00[America/New_York],Yes,2021-02-07,28724,Sunday
1811,<A>,32,2021-02-07T07:58:56-05:00[America/New_York],2021-02-07T07:59:28-05:00[America/New_York],Yes,2021-02-07,28736,Sunday
1811,B,12,2021-02-07T07:59:28-05:00[America/New_York],2021-02-07T07:59:40-05:00[America/New_York],Yes,2021-02-07,28768,Sunday
1811,<A>,84,2021-02-07T07:59:40-05:00[America/New_York],2021-02-07T08:01:04-05:00[America/New_York],NA,2021-02-07,28780,Sunday
1811,B,12,2021-02-07T08:01:04-05:00[America/New_York],2021-02-07T08:01:16-05:00[America/New_York],Yes,2021-02-07,28864,Sunday
1811,<A>,71,2021-02-07T08:01:16-05:00[America/New_York],2021-02-07T08:02:27-05:00[America/New_York],Yes,2021-02-07,28876,Sunday
1811,B,19,2021-02-07T08:02:27-05:00[America/New_York],2021-02-07T08:02:46-05:00[America/New_York],Yes,2021-02-07,28947,Sunday
1811,<A>,121,2021-02-07T08:02:46-05:00[America/New_York],2021-02-07T08:04:47-05:00[America/New_York],Yes,2021-02-07,28966,Sunday
1811,B,12,2021-02-07T08:04:47-05:00[America/New_York],2021-02-07T08:04:59-05:00[America/New_York],Yes,2021-02-07,29087,Sunday
1811,<A>,32,2021-02-07T08:04:59-05:00[America/New_York],2021-02-07T08:05:31-05:00[America/New_York],Yes,2021-02-07,29099,Sunday
1811,B,12,2021-02-07T08:05:31-05:00[America/New_York],2021-02-07T08:05:43-05:00[America/New_York],Yes,2021-02-07,29131,Sunday
1811,<A>,85,2021-02-07T08:05:43-05:00[America/New_York],2021-02-07T08:07:08-05:00[America/New_York],NA,2021-02-07,29143,Sunday
1811,B,12,2021-02-07T08:07:08-05:00[America/New_York],2021-02-07T08:07:20-05:00[America/New_York],Yes,2021-02-07,29228,Sunday
1811,<A>,30,2021-02-07T08:07:20-05:00[America/New_York],2021-02-07T08:07:50-05:00[America/New_York],Yes,2021-02-07,29240,Sunday
1811,B,13,2021-02-07T08:07:50-05:00[America/New_York],2021-02-07T08:08:03-05:00[America/New_York],Yes,2021-02-07,29270,Sunday
1811,<A>,35,2021-02-07T08:08:03-05:00[America/New_York],2021-02-07T08:08:38-05:00[America/New_York],Yes,2021-02-07,29283,Sunday
1811,B,12,2021-02-07T08:08:38-05:00[America/New_York],2021-02-07T08:08:50-05:00[America/New_York],Yes,2021-02-07,29318,Sunday
1811,<A>,30,2021-02-07T08:08:50-05:00[America/New_York],2021-02-07T08:09:20-05:00[America/New_York],Yes,2021-02-07,29330,Sunday
1811,B,13,2021-02-07T08:09:20-05:00[America/New_York],2021-02-07T08:09:33-05:00[America/New_York],Yes,2021-02-07,29360,Sunday
1811,<A>,63,2021-02-07T08:09:33-05:00[America/New_York],2021-02-07T08:10:36-05:00[America/New_York],NA,2021-02-07,29373,Sunday
1811,B,12,2021-02-07T08:10:36-05:00[America/New_York],2021-02-07T08:10:48-05:00[America/New_York],Yes,2021-02-07,29436,Sunday
1811,<A>,73,2021-02-07T08:10:48-05:00[America/New_York],2021-02-07T08:12:01-05:00[America/New_York],Yes,2021-02-07,29448,Sunday
1811,B,12,2021-02-07T08:12:01-05:00[America/New_York],2021-02-07T08:12:13-05:00[America/New_York],Yes,2021-02-07,29521,Sunday
1811,<A>,82,2021-02-07T08:12:13-05:00[America/New_York],2021-02-07T08:13:35-05:00[America/New_York],NA,2021-02-07,29533,Sunday
1811,B,12,2021-02-07T08:13:35-05:00[America/New_York],2021-02-07T08:13:47-05:00[America/New_York],Yes,2021-02-07,29615,Sunday
1811,<A>,30,2021-02-07T08:13:47-05:00[America/New_York],2021-02-07T08:14:17-05:00[America/New_York],Yes,2021-02-07,29627,Sunday
1811,B,13,2021-02-07T08:14:17-05:00[America/New_York],2021-02-07T08:14:30-05:00[America/New_York],Yes,2021-02-07,29657,Sunday
1811,<A>,162,2021-02-07T08:14:30-05:00[America/New_York],2021-02-07T08:17:12-05:00[America/New_York],NA,2021-02-07,29670,Sunday
1811,B,12,2021-02-07T08:17:12-05:00[America/New_York],2021-02-07T08:17:24-05:00[America/New_York],Yes,2021-02-07,29832,Sunday
1811,<A>,118,2021-02-07T08:17:24-05:00[America/New_York],2021-02-07T08:19:22-05:00[America/New_York],Yes,2021-02-07,29844,Sunday
1811,B,12,2021-02-07T08:19:22-05:00[America/New_York],2021-02-07T08:19:34-05:00[America/New_York],Yes,2021-02-07,29962,Sunday
1811,<A>,30,2021-02-07T08:19:34-05:00[America/New_York],2021-02-07T08:20:04-05:00[America/New_York],Yes,2021-02-07,29974,Sunday
1811,B,13,2021-02-07T08:20:04-05:00[America/New_York],2021-02-07T08:20:17-05:00[America/New_York],Yes,2021-02-07,30004,Sunday
1811,<A>,39,2021-02-07T08:20:17-05:00[America/New_York],2021-02-07T08:20:56-05:00[America/New_York],Yes,2021-02-07,30017,Sunday
1811,B,12,2021-02-07T08:20:56-05:00[America/New_York],2021-02-07T08:21:08-05:00[America/New_York],Yes,2021-02-07,30056,Sunday
1811,<A>,91,2021-02-07T08:21:08-05:00[America/New_York],2021-02-07T08:22:39-05:00[America/New_York],NA,2021-02-07,30068,Sunday
1811,B,12,2021-02-07T08:22:39-05:00[America/New_York],2021-02-07T08:22:51-05:00[America/New_York],Yes,2021-02-07,30159,Sunday
1811,<A>,52,2021-02-07T08:22:51-05:00[America/New_York],2021-02-07T08:23:43-05:00[America/New_York],Yes,2021-02-07,30171,Sunday
1811,B,12,2021-02-07T08:23:43-05:00[America/New_York],2021-02-07T08:23:55-05:00[America/New_York],Yes,2021-02-07,30223,Sunday
1811,<A>,69,2021-02-07T08:23:55-05:00[America/New_York],2021-02-07T08:25:04-05:00[America/New_York],Yes,2021-02-07,30235,Sunday
1811,B,12,2021-02-07T08:25:04-05:00[America/New_York],2021-02-07T08:25:16-05:00[America/New_York],Yes,2021-02-07,30304,Sunday
1811,<A>,109,2021-02-07T08:25:16-05:00[America/New_York],2021-02-07T08:27:05-05:00[America/New_York],Yes,2021-02-07,30316,Sunday
1811,B,12,2021-02-07T08:27:05-05:00[America/New_York],2021-02-07T08:27:17-05:00[America/New_York],Yes,2021-02-07,30425,Sunday
1811,<A>,64,2021-02-07T08:27:17-05:00[America/New_York],2021-02-07T08:28:21-05:00[America/New_York],NA,2021-02-07,30437,Sunday
1811,B,12,2021-02-07T08:28:21-05:00[America/New_York],2021-02-07T08:28:33-05:00[America/New_York],Yes,2021-02-07,30501,Sunday
1811,<A>,43,2021-02-07T08:28:33-05:00[America/New_York],2021-02-07T08:29:16-05:00[America/New_York],Yes,2021-02-07,30513,Sunday
1811,B,12,2021-02-07T08:29:16-05:00[America/New_York],2021-02-07T08:29:28-05:00[America/New_York],Yes,2021-02-07,30556,Sunday
1811,<A>,52,2021-02-07T08:29:28-05:00[America/New_York],2021-02-07T08:30:20-05:00[America/New_York],Yes,2021-02-07,30568,Sunday
1811,B,12,2021-02-07T08:30:20-05:00[America/New_York],2021-02-07T08:30:32-05:00[America/New_York],Yes,2021-02-07,30620,Sunday
1811,<A>,67,2021-02-07T08:30:32-05:00[America/New_York],2021-02-07T08:31:39-05:00[America/New_York],Yes,2021-02-07,30632,Sunday
1811,B,12,2021-02-07T08:31:39-05:00[America/New_York],2021-02-07T08:31:51-05:00[America/New_York],Yes,2021-02-07,30699,Sunday
1811,<A>,164,2021-02-07T08:31:51-05:00[America/New_York],2021-02-07T08:34:35-05:00[America/New_York],NA,2021-02-07,30711,Sunday
1811,B,12,2021-02-07T08:34:35-05:00[America/New_York],2021-02-07T08:34:47-05:00[America/New_York],Yes,2021-02-07,30875,Sunday
1811,<A>,50,2021-02-07T08:34:47-05:00[America/New_York],2021-02-07T08:35:37-05:00[America/New_York],Yes,2021-02-07,30887,Sunday
1811,B,12,2021-02-07T08:35:37-05:00[America/New_York],2021-02-07T08:35:49-05:00[America/New_York],Yes,2021-02-07,30937,Sunday
1811,<A>,45,2021-02-07T08:35:49-05:00[America/New_York],2021-02-07T08:36:34-05:00[America/New_York],Yes,2021-02-07,30949,Sunday
1811,B,12,2021-02-07T08:36:34-05:00[America/New_York],2021-02-07T08:36:46-05:00[America/New_York],Yes,2021-02-07,30994,Sunday
1811,<A>,83,2021-02-07T08:36:46-05:00[America/New_York],2021-02-07T08:38:09-05:00[America/New_York],Yes,2021-02-07,31006,Sunday
1811,B,12,2021-02-07T08:38:09-05:00[America/New_York],2021-02-07T08:38:21-05:00[America/New_York],Yes,2021-02-07,31089,Sunday
1811,<A>,31,2021-02-07T08:38:21-05:00[America/New_York],2021-02-07T08:38:52-05:00[America/New_York],Yes,2021-02-07,31101,Sunday
1811,B,12,2021-02-07T08:38:52-05:00[America/New_York],2021-02-07T08:39:04-05:00[America/New_York],Yes,2021-02-07,31132,Sunday
1811,<A>,46,2021-02-07T08:39:04-05:00[America/New_York],2021-02-07T08:39:50-05:00[America/New_York],Yes,2021-02-07,31144,Sunday
1811,B,12,2021-02-07T08:39:50-05:00[America/New_York],2021-02-07T08:40:02-05:00[America/New_York],Yes,2021-02-07,31190,Sunday
1811,<A>,30,2021-02-07T08:40:02-05:00[America/New_York],2021-02-07T08:40:32-05:00[America/New_York],Yes,2021-02-07,31202,Sunday
1811,B,13,2021-02-07T08:40:32-05:00[America/New_York],2021-02-07T08:40:45-05:00[America/New_York],Yes,2021-02-07,31232,Sunday
1811,<A>,30,2021-02-07T08:40:45-05:00[America/New_York],2021-02-07T08:41:15-05:00[America/New_York],Yes,2021-02-07,31245,Sunday
1811,B,13,2021-02-07T08:41:15-05:00[America/New_York],2021-02-07T08:41:28-05:00[America/New_York],Yes,2021-02-07,31275,Sunday
1811,<A>,55,2021-02-07T08:41:28-05:00[America/New_York],2021-02-07T08:42:23-05:00[America/New_York],NA,2021-02-07,31288,Sunday
1811,B,12,2021-02-07T08:42:23-05:00[America/New_York],2021-02-07T08:42:35-05:00[America/New_York],Yes,2021-02-07,31343,Sunday
1811,<A>,40,2021-02-07T08:42:35-05:00[America/New_York],2021-02-07T08:43:15-05:00[America/New_York],Yes,2021-02-07,31355,Sunday
1811,B,12,2021-02-07T08:43:15-05:00[America/New_York],2021-02-07T08:43:27-05:00[America/New_York],Yes,2021-02-07,31395,Sunday
1811,<A>,118,2021-02-07T08:43:27-05:00[America/New_York],2021-02-07T08:45:25-05:00[America/New_York],Yes,2021-02-07,31407,Sunday
1811,B,12,2021-02-07T08:45:25-05:00[America/New_York],2021-02-07T08:45:37-05:00[America/New_York],Yes,2021-02-07,31525,Sunday
1811,<A>,31,2021-02-07T08:45:37-05:00[America/New_York],2021-02-07T08:46:08-05:00[America/New_York],Yes,2021-02-07,31537,Sunday
1811,B,12,2021-02-07T08:46:08-05:00[America/New_York],2021-02-07T08:46:20-05:00[America/New_York],Yes,2021-02-07,31568,Sunday
1811,<A>,31,2021-02-07T08:46:20-05:00[America/New_York],2021-02-07T08:46:51-05:00[America/New_York],Yes,2021-02-07,31580,Sunday
1811,B,14,2021-02-07T08:46:51-05:00[America/New_York],2021-02-07T08:47:05-05:00[America/New_York],Yes,2021-02-07,31611,Sunday
1811,<A>,30,2021-02-07T08:47:05-05:00[America/New_York],2021-02-07T08:47:35-05:00[America/New_York],Yes,2021-02-07,31625,Sunday
1811,B,13,2021-02-07T08:47:35-05:00[America/New_York],2021-02-07T08:47:48-05:00[America/New_York],Yes,2021-02-07,31655,Sunday
1811,<A>,91,2021-02-07T08:47:48-05:00[America/New_York],2021-02-07T08:49:19-05:00[America/New_York],NA,2021-02-07,31668,Sunday
1811,B,12,2021-02-07T08:49:19-05:00[America/New_York],2021-02-07T08:49:31-05:00[America/New_York],Yes,2021-02-07,31759,Sunday
1811,<A>,54,2021-02-07T08:49:31-05:00[America/New_York],2021-02-07T08:50:25-05:00[America/New_York],Yes,2021-02-07,31771,Sunday
1811,B,12,2021-02-07T08:50:25-05:00[America/New_York],2021-02-07T08:50:37-05:00[America/New_York],Yes,2021-02-07,31825,Sunday
1811,<A>,41,2021-02-07T08:50:37-05:00[America/New_York],2021-02-07T08:51:18-05:00[America/New_York],Yes,2021-02-07,31837,Sunday
1811,B,12,2021-02-07T08:51:18-05:00[America/New_York],2021-02-07T08:51:30-05:00[America/New_York],Yes,2021-02-07,31878,Sunday
1811,<A>,62,2021-02-07T08:51:30-05:00[America/New_York],2021-02-07T08:52:32-05:00[America/New_York],NA,2021-02-07,31890,Sunday
1811,B,12,2021-02-07T08:52:32-05:00[America/New_York],2021-02-07T08:52:44-05:00[America/New_York],Yes,2021-02-07,31952,Sunday
1811,<A>,80,2021-02-07T08:52:44-05:00[America/New_York],2021-02-07T08:54:04-05:00[America/New_York],Yes,2021-02-07,31964,Sunday
1811,B,12,2021-02-07T08:54:04-05:00[America/New_York],2021-02-07T08:54:16-05:00[America/New_York],Yes,2021-02-07,32044,Sunday
1811,<A>,31,2021-02-07T08:54:16-05:00[America/New_York],2021-02-07T08:54:47-05:00[America/New_York],Yes,2021-02-07,32056,Sunday
1811,B,12,2021-02-07T08:54:47-05:00[America/New_York],2021-02-07T08:54:59-05:00[America/New_York],Yes,2021-02-07,32087,Sunday
1811,<A>,31,2021-02-07T08:54:59-05:00[America/New_York],2021-02-07T08:55:30-05:00[America/New_York],Yes,2021-02-07,32099,Sunday
1811,B,12,2021-02-07T08:55:30-05:00[America/New_York],2021-02-07T08:55:42-05:00[America/New_York],Yes,2021-02-07,32130,Sunday
1811,<A>,32,2021-02-07T08:55:42-05:00[America/New_York],2021-02-07T08:56:14-05:00[America/New_York],Yes,2021-02-07,32142,Sunday
1811,B,12,2021-02-07T08:56:14-05:00[America/New_York],2021-02-07T08:56:26-05:00[America/New_York],Yes,2021-02-07,32174,Sunday
1811,<A>,48,2021-02-07T08:56:26-05:00[America/New_York],2021-02-07T08:57:14-05:00[America/New_York],Yes,2021-02-07,32186,Sunday
1811,B,31,2021-02-07T08:57:14-05:00[America/New_York],2021-02-07T08:57:45-05:00[America/New_York],NA,2021-02-07,32234,Sunday
1811,<A>,30,2021-02-07T08:57:45-05:00[America/New_York],2021-02-07T08:58:15-05:00[America/New_York],Yes,2021-02-07,32265,Sunday
1811,B,31,2021-02-07T08:58:15-05:00[America/New_York],2021-02-07T08:58:46-05:00[America/New_York],NA,2021-02-07,32295,Sunday
1811,<A>,30,2021-02-07T08:58:46-05:00[America/New_York],2021-02-07T08:59:16-05:00[America/New_York],Yes,2021-02-07,32326,Sunday
1811,B,43,2021-02-07T08:59:16-05:00[America/New_York],2021-02-07T08:59:59-05:00[America/New_York],NA,2021-02-07,32356,Sunday
1811,<A>,30,2021-02-07T08:59:59-05:00[America/New_York],2021-02-07T09:00:29-05:00[America/New_York],Yes,2021-02-07,32399,Sunday
1811,B,40,2021-02-07T09:00:29-05:00[America/New_York],2021-02-07T09:01:09-05:00[America/New_York],NA,2021-02-07,32429,Sunday
1811,<A>,30,2021-02-07T09:01:09-05:00[America/New_York],2021-02-07T09:01:39-05:00[America/New_York],Yes,2021-02-07,32469,Sunday
1811,B,40,2021-02-07T09:01:39-05:00[America/New_York],2021-02-07T09:02:19-05:00[America/New_York],NA,2021-02-07,32499,Sunday
1811,<A>,31,2021-02-07T09:02:19-05:00[America/New_York],2021-02-07T09:02:50-05:00[America/New_York],Yes,2021-02-07,32539,Sunday
1811,B,37,2021-02-07T09:02:50-05:00[America/New_York],2021-02-07T09:03:27-05:00[America/New_York],NA,2021-02-07,32570,Sunday
1811,<A>,30,2021-02-07T09:03:27-05:00[America/New_York],2021-02-07T09:03:57-05:00[America/New_York],Yes,2021-02-07,32607,Sunday
1811,B,34,2021-02-07T09:03:57-05:00[America/New_York],2021-02-07T09:04:31-05:00[America/New_York],NA,2021-02-07,32637,Sunday
1811,<A>,30,2021-02-07T09:04:31-05:00[America/New_York],2021-02-07T09:05:01-05:00[America/New_York],Yes,2021-02-07,32671,Sunday
1811,B,32,2021-02-07T09:05:01-05:00[America/New_York],2021-02-07T09:05:33-05:00[America/New_York],NA,2021-02-07,32701,Sunday
1811,<A>,30,2021-02-07T09:05:33-05:00[America/New_York],2021-02-07T09:06:03-05:00[America/New_York],Yes,2021-02-07,32733,Sunday
1811,B,32,2021-02-07T09:06:03-05:00[America/New_York],2021-02-07T09:06:35-05:00[America/New_York],NA,2021-02-07,32763,Sunday
1811,<A>,30,2021-02-07T09:06:35-05:00[America/New_York],2021-02-07T09:07:05-05:00[America/New_York],Yes,2021-02-07,32795,Sunday
1811,B,43,2021-02-07T09:07:05-05:00[America/New_York],2021-02-07T09:07:48-05:00[America/New_York],NA,2021-02-07,32825,Sunday
1811,<A>,30,2021-02-07T09:07:48-05:00[America/New_York],2021-02-07T09:08:18-05:00[America/New_York],Yes,2021-02-07,32868,Sunday
1811,B,43,2021-02-07T09:08:18-05:00[America/New_York],2021-02-07T09:09:01-05:00[America/New_York],NA,2021-02-07,32898,Sunday
1811,<A>,30,2021-02-07T09:09:01-05:00[America/New_York],2021-02-07T09:09:31-05:00[America/New_York],Yes,2021-02-07,32941,Sunday
1811,B,43,2021-02-07T09:09:31-05:00[America/New_York],2021-02-07T09:10:14-05:00[America/New_York],NA,2021-02-07,32971,Sunday
1811,<A>,31,2021-02-07T09:10:14-05:00[America/New_York],2021-02-07T09:10:45-05:00[America/New_York],Yes,2021-02-07,33014,Sunday
1811,B,41,2021-02-07T09:10:45-05:00[America/New_York],2021-02-07T09:11:26-05:00[America/New_York],NA,2021-02-07,33045,Sunday
1811,<A>,30,2021-02-07T09:11:26-05:00[America/New_York],2021-02-07T09:11:56-05:00[America/New_York],Yes,2021-02-07,33086,Sunday
1811,B,38,2021-02-07T09:11:56-05:00[America/New_York],2021-02-07T09:12:34-05:00[America/New_York],NA,2021-02-07,33116,Sunday
1811,<A>,38,2021-02-07T09:12:34-05:00[America/New_York],2021-02-07T09:13:12-05:00[America/New_York],Yes,2021-02-07,33154,Sunday
1811,B,35,2021-02-07T09:13:12-05:00[America/New_York],2021-02-07T09:13:47-05:00[America/New_York],NA,2021-02-07,33192,Sunday
1811,<A>,30,2021-02-07T09:13:47-05:00[America/New_York],2021-02-07T09:14:17-05:00[America/New_York],Yes,2021-02-07,33227,Sunday
1811,B,35,2021-02-07T09:14:17-05:00[America/New_York],2021-02-07T09:14:52-05:00[America/New_York],NA,2021-02-07,33257,Sunday
1811,<A>,30,2021-02-07T09:14:52-05:00[America/New_York],2021-02-07T09:15:22-05:00[America/New_York],Yes,2021-02-07,33292,Sunday
1811,B,32,2021-02-07T09:15:22-05:00[America/New_York],2021-02-07T09:15:54-05:00[America/New_York],NA,2021-02-07,33322,Sunday
1811,<A>,35,2021-02-07T09:15:54-05:00[America/New_York],2021-02-07T09:16:29-05:00[America/New_York],Yes,2021-02-07,33354,Sunday
1811,B,32,2021-02-07T09:16:29-05:00[America/New_York],2021-02-07T09:17:01-05:00[America/New_York],NA,2021-02-07,33389,Sunday
1811,<A>,30,2021-02-07T09:17:01-05:00[America/New_York],2021-02-07T09:17:31-05:00[America/New_York],Yes,2021-02-07,33421,Sunday
1811,B,32,2021-02-07T09:17:31-05:00[America/New_York],2021-02-07T09:18:03-05:00[America/New_York],NA,2021-02-07,33451,Sunday
1811,<A>,30,2021-02-07T09:18:03-05:00[America/New_York],2021-02-07T09:18:33-05:00[America/New_York],Yes,2021-02-07,33483,Sunday
1811,B,30,2021-02-07T09:18:33-05:00[America/New_York],2021-02-07T09:19:03-05:00[America/New_York],NA,2021-02-07,33513,Sunday
1811,<A>,65,2021-02-07T09:19:03-05:00[America/New_York],2021-02-07T09:20:08-05:00[America/New_York],NA,2021-02-07,33543,Sunday
1811,B,30,2021-02-07T09:20:08-05:00[America/New_York],2021-02-07T09:20:38-05:00[America/New_York],NA,2021-02-07,33608,Sunday
1811,<A>,65,2021-02-07T09:20:38-05:00[America/New_York],2021-02-07T09:21:43-05:00[America/New_York],NA,2021-02-07,33638,Sunday
1811,B,43,2021-02-07T09:21:43-05:00[America/New_York],2021-02-07T09:22:26-05:00[America/New_York],NA,2021-02-07,33703,Sunday
1811,<A>,52,2021-02-07T09:22:26-05:00[America/New_York],2021-02-07T09:23:18-05:00[America/New_York],NA,2021-02-07,33746,Sunday
1811,B,43,2021-02-07T09:23:18-05:00[America/New_York],2021-02-07T09:24:01-05:00[America/New_York],NA,2021-02-07,33798,Sunday
1811,<A>,52,2021-02-07T09:24:01-05:00[America/New_York],2021-02-07T09:24:53-05:00[America/New_York],NA,2021-02-07,33841,Sunday
1811,B,43,2021-02-07T09:24:53-05:00[America/New_York],2021-02-07T09:25:36-05:00[America/New_York],NA,2021-02-07,33893,Sunday
1811,<A>,55,2021-02-07T09:25:36-05:00[America/New_York],2021-02-07T09:26:31-05:00[America/New_York],NA,2021-02-07,33936,Sunday
1811,B,40,2021-02-07T09:26:31-05:00[America/New_York],2021-02-07T09:27:11-05:00[America/New_York],NA,2021-02-07,33991,Sunday
1811,<A>,58,2021-02-07T09:27:11-05:00[America/New_York],2021-02-07T09:28:09-05:00[America/New_York],NA,2021-02-07,34031,Sunday
1811,B,37,2021-02-07T09:28:09-05:00[America/New_York],2021-02-07T09:28:46-05:00[America/New_York],NA,2021-02-07,34089,Sunday
1811,<A>,60,2021-02-07T09:28:46-05:00[America/New_York],2021-02-07T09:29:46-05:00[America/New_York],NA,2021-02-07,34126,Sunday
1811,B,35,2021-02-07T09:29:46-05:00[America/New_York],2021-02-07T09:30:21-05:00[America/New_York],NA,2021-02-07,34186,Sunday
1811,<A>,63,2021-02-07T09:30:21-05:00[America/New_York],2021-02-07T09:31:24-05:00[America/New_York],NA,2021-02-07,34221,Sunday
1811,B,32,2021-02-07T09:31:24-05:00[America/New_York],2021-02-07T09:31:56-05:00[America/New_York],NA,2021-02-07,34284,Sunday
1811,<A>,64,2021-02-07T09:31:56-05:00[America/New_York],2021-02-07T09:33:00-05:00[America/New_York],NA,2021-02-07,34316,Sunday
1811,B,31,2021-02-07T09:33:00-05:00[America/New_York],2021-02-07T09:33:31-05:00[America/New_York],NA,2021-02-07,34380,Sunday
1811,<A>,52,2021-02-07T09:33:31-05:00[America/New_York],2021-02-07T09:34:23-05:00[America/New_York],NA,2021-02-07,34411,Sunday
1811,B,43,2021-02-07T09:34:23-05:00[America/New_York],2021-02-07T09:35:06-05:00[America/New_York],NA,2021-02-07,34463,Sunday
1811,<A>,55,2021-02-07T09:35:06-05:00[America/New_York],2021-02-07T09:36:01-05:00[America/New_York],NA,2021-02-07,34506,Sunday
1811,B,40,2021-02-07T09:36:01-05:00[America/New_York],2021-02-07T09:36:41-05:00[America/New_York],NA,2021-02-07,34561,Sunday
1811,<A>,52,2021-02-07T09:36:41-05:00[America/New_York],2021-02-07T09:37:33-05:00[America/New_York],NA,2021-02-07,34601,Sunday
1811,B,43,2021-02-07T09:37:33-05:00[America/New_York],2021-02-07T09:38:16-05:00[America/New_York],NA,2021-02-07,34653,Sunday
1811,<A>,55,2021-02-07T09:38:16-05:00[America/New_York],2021-02-07T09:39:11-05:00[America/New_York],NA,2021-02-07,34696,Sunday
1811,B,40,2021-02-07T09:39:11-05:00[America/New_York],2021-02-07T09:39:51-05:00[America/New_York],NA,2021-02-07,34751,Sunday
1811,<A>,58,2021-02-07T09:39:51-05:00[America/New_York],2021-02-07T09:40:49-05:00[America/New_York],NA,2021-02-07,34791,Sunday
1811,B,37,2021-02-07T09:40:49-05:00[America/New_York],2021-02-07T09:41:26-05:00[America/New_York],NA,2021-02-07,34849,Sunday
1811,<A>,61,2021-02-07T09:41:26-05:00[America/New_York],2021-02-07T09:42:27-05:00[America/New_York],NA,2021-02-07,34886,Sunday
1811,B,34,2021-02-07T09:42:27-05:00[America/New_York],2021-02-07T09:43:01-05:00[America/New_York],NA,2021-02-07,34947,Sunday
1811,<A>,52,2021-02-07T09:43:01-05:00[America/New_York],2021-02-07T09:43:53-05:00[America/New_York],NA,2021-02-07,34981,Sunday
1811,B,43,2021-02-07T09:43:53-05:00[America/New_York],2021-02-07T09:44:36-05:00[America/New_York],NA,2021-02-07,35033,Sunday
1811,<A>,52,2021-02-07T09:44:36-05:00[America/New_York],2021-02-07T09:45:28-05:00[America/New_York],NA,2021-02-07,35076,Sunday
1811,B,43,2021-02-07T09:45:28-05:00[America/New_York],2021-02-07T09:46:11-05:00[America/New_York],NA,2021-02-07,35128,Sunday
1811,<A>,54,2021-02-07T09:46:11-05:00[America/New_York],2021-02-07T09:47:05-05:00[America/New_York],NA,2021-02-07,35171,Sunday
1811,B,41,2021-02-07T09:47:05-05:00[America/New_York],2021-02-07T09:47:46-05:00[America/New_York],NA,2021-02-07,35225,Sunday
1811,<A>,52,2021-02-07T09:47:46-05:00[America/New_York],2021-02-07T09:48:38-05:00[America/New_York],NA,2021-02-07,35266,Sunday
1811,B,43,2021-02-07T09:48:38-05:00[America/New_York],2021-02-07T09:49:21-05:00[America/New_York],NA,2021-02-07,35318,Sunday
1811,<A>,52,2021-02-07T09:49:21-05:00[America/New_York],2021-02-07T09:50:13-05:00[America/New_York],NA,2021-02-07,35361,Sunday
1811,B,43,2021-02-07T09:50:13-05:00[America/New_York],2021-02-07T09:50:56-05:00[America/New_York],NA,2021-02-07,35413,Sunday
1811,<A>,52,2021-02-07T09:50:56-05:00[America/New_York],2021-02-07T09:51:48-05:00[America/New_York],NA,2021-02-07,35456,Sunday
1811,B,43,2021-02-07T09:51:48-05:00[America/New_York],2021-02-07T09:52:31-05:00[America/New_York],NA,2021-02-07,35508,Sunday
1811,<A>,49,2021-02-07T09:52:31-05:00[America/New_York],2021-02-07T09:53:20-05:00[America/New_York],Yes,2021-02-07,35551,Sunday
1811,B,43,2021-02-07T09:53:20-05:00[America/New_York],2021-02-07T09:54:03-05:00[America/New_York],Yes,2021-02-07,35600,Sunday
1811,<A>,50,2021-02-07T09:54:03-05:00[America/New_York],2021-02-07T09:54:53-05:00[America/New_York],Yes,2021-02-07,35643,Sunday
1811,B,43,2021-02-07T09:54:53-05:00[America/New_York],2021-02-07T09:55:36-05:00[America/New_York],Yes,2021-02-07,35693,Sunday
1811,<A>,50,2021-02-07T09:55:36-05:00[America/New_York],2021-02-07T09:56:26-05:00[America/New_York],Yes,2021-02-07,35736,Sunday
1811,B,43,2021-02-07T09:56:26-05:00[America/New_York],2021-02-07T09:57:09-05:00[America/New_York],Yes,2021-02-07,35786,Sunday
1811,<A>,49,2021-02-07T09:57:09-05:00[America/New_York],2021-02-07T09:57:58-05:00[America/New_York],Yes,2021-02-07,35829,Sunday
1811,B,44,2021-02-07T09:57:58-05:00[America/New_York],2021-02-07T09:58:42-05:00[America/New_York],Yes,2021-02-07,35878,Sunday
1811,<A>,49,2021-02-07T09:58:42-05:00[America/New_York],2021-02-07T09:59:31-05:00[America/New_York],Yes,2021-02-07,35922,Sunday
1811,B,44,2021-02-07T09:59:31-05:00[America/New_York],2021-02-07T10:00:15-05:00[America/New_York],Yes,2021-02-07,35971,Sunday
1811,<A>,49,2021-02-07T10:00:15-05:00[America/New_York],2021-02-07T10:01:04-05:00[America/New_York],Yes,2021-02-07,36015,Sunday
1811,B,44,2021-02-07T10:01:04-05:00[America/New_York],2021-02-07T10:01:48-05:00[America/New_York],Yes,2021-02-07,36064,Sunday
1811,<A>,49,2021-02-07T10:01:48-05:00[America/New_York],2021-02-07T10:02:37-05:00[America/New_York],Yes,2021-02-07,36108,Sunday
1811,B,43,2021-02-07T10:02:37-05:00[America/New_York],2021-02-07T10:03:20-05:00[America/New_York],Yes,2021-02-07,36157,Sunday
1811,<A>,50,2021-02-07T10:03:20-05:00[America/New_York],2021-02-07T10:04:10-05:00[America/New_York],Yes,2021-02-07,36200,Sunday
1811,B,43,2021-02-07T10:04:10-05:00[America/New_York],2021-02-07T10:04:53-05:00[America/New_York],Yes,2021-02-07,36250,Sunday
1811,<A>,50,2021-02-07T10:04:53-05:00[America/New_York],2021-02-07T10:05:43-05:00[America/New_York],Yes,2021-02-07,36293,Sunday
1811,B,43,2021-02-07T10:05:43-05:00[America/New_York],2021-02-07T10:06:26-05:00[America/New_York],Yes,2021-02-07,36343,Sunday
1811,<A>,49,2021-02-07T10:06:26-05:00[America/New_York],2021-02-07T10:07:15-05:00[America/New_York],Yes,2021-02-07,36386,Sunday
1811,B,44,2021-02-07T10:07:15-05:00[America/New_York],2021-02-07T10:07:59-05:00[America/New_York],Yes,2021-02-07,36435,Sunday
1811,<A>,49,2021-02-07T10:07:59-05:00[America/New_York],2021-02-07T10:08:48-05:00[America/New_York],Yes,2021-02-07,36479,Sunday
1811,B,44,2021-02-07T10:08:48-05:00[America/New_York],2021-02-07T10:09:32-05:00[America/New_York],Yes,2021-02-07,36528,Sunday
1811,<A>,49,2021-02-07T10:09:32-05:00[America/New_York],2021-02-07T10:10:21-05:00[America/New_York],Yes,2021-02-07,36572,Sunday
1811,B,43,2021-02-07T10:10:21-05:00[America/New_York],2021-02-07T10:11:04-05:00[America/New_York],Yes,2021-02-07,36621,Sunday
1811,<A>,50,2021-02-07T10:11:04-05:00[America/New_York],2021-02-07T10:11:54-05:00[America/New_York],Yes,2021-02-07,36664,Sunday
1811,B,43,2021-02-07T10:11:54-05:00[America/New_York],2021-02-07T10:12:37-05:00[America/New_York],Yes,2021-02-07,36714,Sunday
1811,<A>,49,2021-02-07T10:12:37-05:00[America/New_York],2021-02-07T10:13:26-05:00[America/New_York],Yes,2021-02-07,36757,Sunday
1811,B,44,2021-02-07T10:13:26-05:00[America/New_York],2021-02-07T10:14:10-05:00[America/New_York],Yes,2021-02-07,36806,Sunday
1811,<A>,49,2021-02-07T10:14:10-05:00[America/New_York],2021-02-07T10:14:59-05:00[America/New_York],Yes,2021-02-07,36850,Sunday
1811,B,44,2021-02-07T10:14:59-05:00[America/New_York],2021-02-07T10:15:43-05:00[America/New_York],Yes,2021-02-07,36899,Sunday
1811,<A>,49,2021-02-07T10:15:43-05:00[America/New_York],2021-02-07T10:16:32-05:00[America/New_York],Yes,2021-02-07,36943,Sunday
1811,B,43,2021-02-07T10:16:32-05:00[America/New_York],2021-02-07T10:17:15-05:00[America/New_York],Yes,2021-02-07,36992,Sunday
1811,<A>,50,2021-02-07T10:17:15-05:00[America/New_York],2021-02-07T10:18:05-05:00[America/New_York],Yes,2021-02-07,37035,Sunday
1811,B,43,2021-02-07T10:18:05-05:00[America/New_York],2021-02-07T10:18:48-05:00[America/New_York],Yes,2021-02-07,37085,Sunday
1811,<A>,50,2021-02-07T10:18:48-05:00[America/New_York],2021-02-07T10:19:38-05:00[America/New_York],Yes,2021-02-07,37128,Sunday
1811,B,43,2021-02-07T10:19:38-05:00[America/New_York],2021-02-07T10:20:21-05:00[America/New_York],Yes,2021-02-07,37178,Sunday
1811,<A>,49,2021-02-07T10:20:21-05:00[America/New_York],2021-02-07T10:21:10-05:00[America/New_York],Yes,2021-02-07,37221,Sunday
1811,B,44,2021-02-07T10:21:10-05:00[America/New_York],2021-02-07T10:21:54-05:00[America/New_York],Yes,2021-02-07,37270,Sunday
1811,<A>,49,2021-02-07T10:21:54-05:00[America/New_York],2021-02-07T10:22:43-05:00[America/New_York],Yes,2021-02-07,37314,Sunday
1811,B,44,2021-02-07T10:22:43-05:00[America/New_York],2021-02-07T10:23:27-05:00[America/New_York],Yes,2021-02-07,37363,Sunday
1811,<A>,49,2021-02-07T10:23:27-05:00[America/New_York],2021-02-07T10:24:16-05:00[America/New_York],Yes,2021-02-07,37407,Sunday
1811,B,43,2021-02-07T10:24:16-05:00[America/New_York],2021-02-07T10:24:59-05:00[America/New_York],Yes,2021-02-07,37456,Sunday
1811,<A>,50,2021-02-07T10:24:59-05:00[America/New_York],2021-02-07T10:25:49-05:00[America/New_York],Yes,2021-02-07,37499,Sunday
1811,B,43,2021-02-07T10:25:49-05:00[America/New_York],2021-02-07T10:26:32-05:00[America/New_York],Yes,2021-02-07,37549,Sunday
1811,<A>,50,2021-02-07T10:26:32-05:00[America/New_York],2021-02-07T10:27:22-05:00[America/New_York],Yes,2021-02-07,37592,Sunday
1811,B,43,2021-02-07T10:27:22-05:00[America/New_York],2021-02-07T10:28:05-05:00[America/New_York],Yes,2021-02-07,37642,Sunday
1811,<A>,49,2021-02-07T10:28:05-05:00[America/New_York],2021-02-07T10:28:54-05:00[America/New_York],Yes,2021-02-07,37685,Sunday
1811,B,44,2021-02-07T10:28:54-05:00[America/New_York],2021-02-07T10:29:38-05:00[America/New_York],Yes,2021-02-07,37734,Sunday
1811,<A>,49,2021-02-07T10:29:38-05:00[America/New_York],2021-02-07T10:30:27-05:00[America/New_York],Yes,2021-02-07,37778,Sunday
1811,B,43,2021-02-07T10:30:27-05:00[America/New_York],2021-02-07T10:31:10-05:00[America/New_York],Yes,2021-02-07,37827,Sunday
1811,<A>,50,2021-02-07T10:31:10-05:00[America/New_York],2021-02-07T10:32:00-05:00[America/New_York],Yes,2021-02-07,37870,Sunday
1811,B,43,2021-02-07T10:32:00-05:00[America/New_York],2021-02-07T10:32:43-05:00[America/New_York],Yes,2021-02-07,37920,Sunday
1811,<A>,50,2021-02-07T10:32:43-05:00[America/New_York],2021-02-07T10:33:33-05:00[America/New_York],Yes,2021-02-07,37963,Sunday
1811,B,43,2021-02-07T10:33:33-05:00[America/New_York],2021-02-07T10:34:16-05:00[America/New_York],Yes,2021-02-07,38013,Sunday
1811,<A>,50,2021-02-07T10:34:16-05:00[America/New_York],2021-02-07T10:35:06-05:00[America/New_York],Yes,2021-02-07,38056,Sunday
1811,B,43,2021-02-07T10:35:06-05:00[America/New_York],2021-02-07T10:35:49-05:00[America/New_York],Yes,2021-02-07,38106,Sunday
1811,<A>,49,2021-02-07T10:35:49-05:00[America/New_York],2021-02-07T10:36:38-05:00[America/New_York],Yes,2021-02-07,38149,Sunday
1811,B,44,2021-02-07T10:36:38-05:00[America/New_York],2021-02-07T10:37:22-05:00[America/New_York],Yes,2021-02-07,38198,Sunday
1811,<A>,49,2021-02-07T10:37:22-05:00[America/New_York],2021-02-07T10:38:11-05:00[America/New_York],Yes,2021-02-07,38242,Sunday
1811,B,43,2021-02-07T10:38:11-05:00[America/New_York],2021-02-07T10:38:54-05:00[America/New_York],Yes,2021-02-07,38291,Sunday
1811,<A>,50,2021-02-07T10:38:54-05:00[America/New_York],2021-02-07T10:39:44-05:00[America/New_York],Yes,2021-02-07,38334,Sunday
1811,B,43,2021-02-07T10:39:44-05:00[America/New_York],2021-02-07T10:40:27-05:00[America/New_York],Yes,2021-02-07,38384,Sunday
1811,<A>,50,2021-02-07T10:40:27-05:00[America/New_York],2021-02-07T10:41:17-05:00[America/New_York],Yes,2021-02-07,38427,Sunday
1811,B,43,2021-02-07T10:41:17-05:00[America/New_York],2021-02-07T10:42:00-05:00[America/New_York],Yes,2021-02-07,38477,Sunday
1811,<A>,49,2021-02-07T10:42:00-05:00[America/New_York],2021-02-07T10:42:49-05:00[America/New_York],Yes,2021-02-07,38520,Sunday
1811,B,44,2021-02-07T10:42:49-05:00[America/New_York],2021-02-07T10:43:33-05:00[America/New_York],Yes,2021-02-07,38569,Sunday
1811,<A>,49,2021-02-07T10:43:33-05:00[America/New_York],2021-02-07T10:44:22-05:00[America/New_York],Yes,2021-02-07,38613,Sunday
1811,B,44,2021-02-07T10:44:22-05:00[America/New_York],2021-02-07T10:45:06-05:00[America/New_York],Yes,2021-02-07,38662,Sunday
1811,<A>,49,2021-02-07T10:45:06-05:00[America/New_York],2021-02-07T10:45:55-05:00[America/New_York],Yes,2021-02-07,38706,Sunday
1811,B,43,2021-02-07T10:45:55-05:00[America/New_York],2021-02-07T10:46:38-05:00[America/New_York],Yes,2021-02-07,38755,Sunday
1811,<A>,50,2021-02-07T10:46:38-05:00[America/New_York],2021-02-07T10:47:28-05:00[America/New_York],Yes,2021-02-07,38798,Sunday
1811,B,43,2021-02-07T10:47:28-05:00[America/New_York],2021-02-07T10:48:11-05:00[America/New_York],Yes,2021-02-07,38848,Sunday
1811,<A>,49,2021-02-07T10:48:11-05:00[America/New_York],2021-02-07T10:49:00-05:00[America/New_York],Yes,2021-02-07,38891,Sunday
1811,B,44,2021-02-07T10:49:00-05:00[America/New_York],2021-02-07T10:49:44-05:00[America/New_York],Yes,2021-02-07,38940,Sunday
1811,<A>,49,2021-02-07T10:49:44-05:00[America/New_York],2021-02-07T10:50:33-05:00[America/New_York],Yes,2021-02-07,38984,Sunday
1811,B,44,2021-02-07T10:50:33-05:00[America/New_York],2021-02-07T10:51:17-05:00[America/New_York],Yes,2021-02-07,39033,Sunday
1811,<A>,49,2021-02-07T10:51:17-05:00[America/New_York],2021-02-07T10:52:06-05:00[America/New_York],Yes,2021-02-07,39077,Sunday
1811,B,43,2021-02-07T10:52:06-05:00[America/New_York],2021-02-07T10:52:49-05:00[America/New_York],Yes,2021-02-07,39126,Sunday
1811,<A>,50,2021-02-07T10:52:49-05:00[America/New_York],2021-02-07T10:53:39-05:00[America/New_York],Yes,2021-02-07,39169,Sunday
1811,B,43,2021-02-07T10:53:39-05:00[America/New_York],2021-02-07T10:54:22-05:00[America/New_York],Yes,2021-02-07,39219,Sunday
1811,<A>,50,2021-02-07T10:54:22-05:00[America/New_York],2021-02-07T10:55:12-05:00[America/New_York],Yes,2021-02-07,39262,Sunday
1811,B,43,2021-02-07T10:55:12-05:00[America/New_York],2021-02-07T10:55:55-05:00[America/New_York],Yes,2021-02-07,39312,Sunday
1811,<A>,49,2021-02-07T10:55:55-05:00[America/New_York],2021-02-07T10:56:44-05:00[America/New_York],Yes,2021-02-07,39355,Sunday
1811,B,44,2021-02-07T10:56:44-05:00[America/New_York],2021-02-07T10:57:28-05:00[America/New_York],Yes,2021-02-07,39404,Sunday
1811,<A>,49,2021-02-07T10:57:28-05:00[America/New_York],2021-02-07T10:58:17-05:00[America/New_York],Yes,2021-02-07,39448,Sunday
1811,B,44,2021-02-07T10:58:17-05:00[America/New_York],2021-02-07T10:59:01-05:00[America/New_York],Yes,2021-02-07,39497,Sunday
1811,<A>,49,2021-02-07T10:59:01-05:00[America/New_York],2021-02-07T10:59:50-05:00[America/New_York],Yes,2021-02-07,39541,Sunday
1811,B,43,2021-02-07T10:59:50-05:00[America/New_York],2021-02-07T11:00:33-05:00[America/New_York],Yes,2021-02-07,39590,Sunday
1811,<A>,50,2021-02-07T11:00:33-05:00[America/New_York],2021-02-07T11:01:23-05:00[America/New_York],Yes,2021-02-07,39633,Sunday
1811,B,43,2021-02-07T11:01:23-05:00[America/New_York],2021-02-07T11:02:06-05:00[America/New_York],Yes,2021-02-07,39683,Sunday
1811,<A>,50,2021-02-07T11:02:06-05:00[America/New_York],2021-02-07T11:02:56-05:00[America/New_York],Yes,2021-02-07,39726,Sunday
1811,B,43,2021-02-07T11:02:56-05:00[America/New_York],2021-02-07T11:03:39-05:00[America/New_York],Yes,2021-02-07,39776,Sunday
1811,<A>,49,2021-02-07T11:03:39-05:00[America/New_York],2021-02-07T11:04:28-05:00[America/New_York],Yes,2021-02-07,39819,Sunday
1811,B,44,2021-02-07T11:04:28-05:00[America/New_York],2021-02-07T11:05:12-05:00[America/New_York],Yes,2021-02-07,39868,Sunday
1811,<A>,49,2021-02-07T11:05:12-05:00[America/New_York],2021-02-07T11:06:01-05:00[America/New_York],Yes,2021-02-07,39912,Sunday
1811,B,44,2021-02-07T11:06:01-05:00[America/New_York],2021-02-07T11:06:45-05:00[America/New_York],Yes,2021-02-07,39961,Sunday
1811,<A>,49,2021-02-07T11:06:45-05:00[America/New_York],2021-02-07T11:07:34-05:00[America/New_York],Yes,2021-02-07,40005,Sunday
1811,B,43,2021-02-07T11:07:34-05:00[America/New_York],2021-02-07T11:08:17-05:00[America/New_York],Yes,2021-02-07,40054,Sunday
1811,<A>,50,2021-02-07T11:08:17-05:00[America/New_York],2021-02-07T11:09:07-05:00[America/New_York],Yes,2021-02-07,40097,Sunday
1811,B,43,2021-02-07T11:09:07-05:00[America/New_York],2021-02-07T11:09:50-05:00[America/New_York],Yes,2021-02-07,40147,Sunday
1811,<A>,50,2021-02-07T11:09:50-05:00[America/New_York],2021-02-07T11:10:40-05:00[America/New_York],Yes,2021-02-07,40190,Sunday
1811,B,43,2021-02-07T11:10:40-05:00[America/New_York],2021-02-07T11:11:23-05:00[America/New_York],Yes,2021-02-07,40240,Sunday
1811,<A>,49,2021-02-07T11:11:23-05:00[America/New_York],2021-02-07T11:12:12-05:00[America/New_York],Yes,2021-02-07,40283,Sunday
1811,B,44,2021-02-07T11:12:12-05:00[America/New_York],2021-02-07T11:12:56-05:00[America/New_York],Yes,2021-02-07,40332,Sunday
1811,<A>,49,2021-02-07T11:12:56-05:00[America/New_York],2021-02-07T11:13:45-05:00[America/New_York],Yes,2021-02-07,40376,Sunday
1811,B,44,2021-02-07T11:13:45-05:00[America/New_York],2021-02-07T11:14:29-05:00[America/New_York],Yes,2021-02-07,40425,Sunday
1811,<A>,49,2021-02-07T11:14:29-05:00[America/New_York],2021-02-07T11:15:18-05:00[America/New_York],Yes,2021-02-07,40469,Sunday
1811,B,43,2021-02-07T11:15:18-05:00[America/New_York],2021-02-07T11:16:01-05:00[America/New_York],NA,2021-02-07,40518,Sunday
1811,<A>,49,2021-02-07T11:16:01-05:00[America/New_York],2021-02-07T11:16:50-05:00[America/New_York],Yes,2021-02-07,40561,Sunday
1811,B,43,2021-02-07T11:16:50-05:00[America/New_York],2021-02-07T11:17:33-05:00[America/New_York],Yes,2021-02-07,40610,Sunday
1811,<A>,50,2021-02-07T11:17:33-05:00[America/New_York],2021-02-07T11:18:23-05:00[America/New_York],Yes,2021-02-07,40653,Sunday
1811,B,43,2021-02-07T11:18:23-05:00[America/New_York],2021-02-07T11:19:06-05:00[America/New_York],Yes,2021-02-07,40703,Sunday
1811,<A>,50,2021-02-07T11:19:06-05:00[America/New_York],2021-02-07T11:19:56-05:00[America/New_York],Yes,2021-02-07,40746,Sunday
1811,B,43,2021-02-07T11:19:56-05:00[America/New_York],2021-02-07T11:20:39-05:00[America/New_York],Yes,2021-02-07,40796,Sunday
1811,<A>,49,2021-02-07T11:20:39-05:00[America/New_York],2021-02-07T11:21:28-05:00[America/New_York],Yes,2021-02-07,40839,Sunday
1811,B,44,2021-02-07T11:21:28-05:00[America/New_York],2021-02-07T11:22:12-05:00[America/New_York],Yes,2021-02-07,40888,Sunday
1811,<A>,49,2021-02-07T11:22:12-05:00[America/New_York],2021-02-07T11:23:01-05:00[America/New_York],Yes,2021-02-07,40932,Sunday
1811,B,44,2021-02-07T11:23:01-05:00[America/New_York],2021-02-07T11:23:45-05:00[America/New_York],Yes,2021-02-07,40981,Sunday
1811,<A>,49,2021-02-07T11:23:45-05:00[America/New_York],2021-02-07T11:24:34-05:00[America/New_York],Yes,2021-02-07,41025,Sunday
1811,B,43,2021-02-07T11:24:34-05:00[America/New_York],2021-02-07T11:25:17-05:00[America/New_York],Yes,2021-02-07,41074,Sunday
1811,<A>,50,2021-02-07T11:25:17-05:00[America/New_York],2021-02-07T11:26:07-05:00[America/New_York],Yes,2021-02-07,41117,Sunday
1811,B,43,2021-02-07T11:26:07-05:00[America/New_York],2021-02-07T11:26:50-05:00[America/New_York],Yes,2021-02-07,41167,Sunday
1811,<A>,50,2021-02-07T11:26:50-05:00[America/New_York],2021-02-07T11:27:40-05:00[America/New_York],Yes,2021-02-07,41210,Sunday
1811,B,43,2021-02-07T11:27:40-05:00[America/New_York],2021-02-07T11:28:23-05:00[America/New_York],Yes,2021-02-07,41260,Sunday
1811,<A>,49,2021-02-07T11:28:23-05:00[America/New_York],2021-02-07T11:29:12-05:00[America/New_York],Yes,2021-02-07,41303,Sunday
1811,B,44,2021-02-07T11:29:12-05:00[America/New_York],2021-02-07T11:29:56-05:00[America/New_York],Yes,2021-02-07,41352,Sunday
1811,<A>,49,2021-02-07T11:29:56-05:00[America/New_York],2021-02-07T11:30:45-05:00[America/New_York],Yes,2021-02-07,41396,Sunday
1811,B,44,2021-02-07T11:30:45-05:00[America/New_York],2021-02-07T11:31:29-05:00[America/New_York],Yes,2021-02-07,41445,Sunday
1811,<A>,49,2021-02-07T11:31:29-05:00[America/New_York],2021-02-07T11:32:18-05:00[America/New_York],Yes,2021-02-07,41489,Sunday
1811,B,43,2021-02-07T11:32:18-05:00[America/New_York],2021-02-07T11:33:01-05:00[America/New_York],Yes,2021-02-07,41538,Sunday
1811,<A>,50,2021-02-07T11:33:01-05:00[America/New_York],2021-02-07T11:33:51-05:00[America/New_York],Yes,2021-02-07,41581,Sunday
1811,B,43,2021-02-07T11:33:51-05:00[America/New_York],2021-02-07T11:34:34-05:00[America/New_York],Yes,2021-02-07,41631,Sunday
1811,<A>,50,2021-02-07T11:34:34-05:00[America/New_York],2021-02-07T11:35:24-05:00[America/New_York],Yes,2021-02-07,41674,Sunday
1811,B,43,2021-02-07T11:35:24-05:00[America/New_York],2021-02-07T11:36:07-05:00[America/New_York],Yes,2021-02-07,41724,Sunday
1811,<A>,49,2021-02-07T11:36:07-05:00[America/New_York],2021-02-07T11:36:56-05:00[America/New_York],Yes,2021-02-07,41767,Sunday
1811,B,44,2021-02-07T11:36:56-05:00[America/New_York],2021-02-07T11:37:40-05:00[America/New_York],Yes,2021-02-07,41816,Sunday
1811,<A>,49,2021-02-07T11:37:40-05:00[America/New_York],2021-02-07T11:38:29-05:00[America/New_York],Yes,2021-02-07,41860,Sunday
1811,B,44,2021-02-07T11:38:29-05:00[America/New_York],2021-02-07T11:39:13-05:00[America/New_York],Yes,2021-02-07,41909,Sunday
1811,<A>,49,2021-02-07T11:39:13-05:00[America/New_York],2021-02-07T11:40:02-05:00[America/New_York],Yes,2021-02-07,41953,Sunday
1811,B,43,2021-02-07T11:40:02-05:00[America/New_York],2021-02-07T11:40:45-05:00[America/New_York],Yes,2021-02-07,42002,Sunday
1811,<A>,50,2021-02-07T11:40:45-05:00[America/New_York],2021-02-07T11:41:35-05:00[America/New_York],Yes,2021-02-07,42045,Sunday
1811,B,43,2021-02-07T11:41:35-05:00[America/New_York],2021-02-07T11:42:18-05:00[America/New_York],Yes,2021-02-07,42095,Sunday
1811,<A>,50,2021-02-07T11:42:18-05:00[America/New_York],2021-02-07T11:43:08-05:00[America/New_York],Yes,2021-02-07,42138,Sunday
1811,B,43,2021-02-07T11:43:08-05:00[America/New_York],2021-02-07T11:43:51-05:00[America/New_York],Yes,2021-02-07,42188,Sunday
1811,<A>,49,2021-02-07T11:43:51-05:00[America/New_York],2021-02-07T11:44:40-05:00[America/New_York],Yes,2021-02-07,42231,Sunday
1811,B,44,2021-02-07T11:44:40-05:00[America/New_York],2021-02-07T11:45:24-05:00[America/New_York],Yes,2021-02-07,42280,Sunday
1811,<A>,49,2021-02-07T11:45:24-05:00[America/New_York],2021-02-07T11:46:13-05:00[America/New_York],Yes,2021-02-07,42324,Sunday
1811,B,29,2021-02-07T11:46:13-05:00[America/New_York],2021-02-07T11:46:42-05:00[America/New_York],NA,2021-02-07,42373,Sunday
1811,<A>,30,2021-02-07T11:46:42-05:00[America/New_York],2021-02-07T11:47:12-05:00[America/New_York],Yes,2021-02-07,42402,Sunday
1811,B,43,2021-02-07T11:47:12-05:00[America/New_York],2021-02-07T11:47:55-05:00[America/New_York],NA,2021-02-07,42432,Sunday
1811,<A>,30,2021-02-07T11:47:55-05:00[America/New_York],2021-02-07T11:48:25-05:00[America/New_York],Yes,2021-02-07,42475,Sunday
1811,B,40,2021-02-07T11:48:25-05:00[America/New_York],2021-02-07T11:49:05-05:00[America/New_York],NA,2021-02-07,42505,Sunday
1811,<A>,30,2021-02-07T11:49:05-05:00[America/New_York],2021-02-07T11:49:35-05:00[America/New_York],Yes,2021-02-07,42545,Sunday
1811,B,40,2021-02-07T11:49:35-05:00[America/New_York],2021-02-07T11:50:15-05:00[America/New_York],NA,2021-02-07,42575,Sunday
1811,<A>,34,2021-02-07T11:50:15-05:00[America/New_York],2021-02-07T11:50:49-05:00[America/New_York],Yes,2021-02-07,42615,Sunday
1811,B,43,2021-02-07T11:50:49-05:00[America/New_York],2021-02-07T11:51:32-05:00[America/New_York],NA,2021-02-07,42649,Sunday
1811,<A>,30,2021-02-07T11:51:32-05:00[America/New_York],2021-02-07T11:52:02-05:00[America/New_York],Yes,2021-02-07,42692,Sunday
1811,B,41,2021-02-07T11:52:02-05:00[America/New_York],2021-02-07T11:52:43-05:00[America/New_York],NA,2021-02-07,42722,Sunday
1811,<A>,30,2021-02-07T11:52:43-05:00[America/New_York],2021-02-07T11:53:13-05:00[America/New_York],Yes,2021-02-07,42763,Sunday
1811,B,38,2021-02-07T11:53:13-05:00[America/New_York],2021-02-07T11:53:51-05:00[America/New_York],NA,2021-02-07,42793,Sunday
1811,<A>,30,2021-02-07T11:53:51-05:00[America/New_York],2021-02-07T11:54:21-05:00[America/New_York],Yes,2021-02-07,42831,Sunday
1811,B,38,2021-02-07T11:54:21-05:00[America/New_York],2021-02-07T11:54:59-05:00[America/New_York],NA,2021-02-07,42861,Sunday
1811,<A>,30,2021-02-07T11:54:59-05:00[America/New_York],2021-02-07T11:55:29-05:00[America/New_York],Yes,2021-02-07,42899,Sunday
1811,B,43,2021-02-07T11:55:29-05:00[America/New_York],2021-02-07T11:56:12-05:00[America/New_York],NA,2021-02-07,42929,Sunday
1811,<A>,30,2021-02-07T11:56:12-05:00[America/New_York],2021-02-07T11:56:42-05:00[America/New_York],Yes,2021-02-07,42972,Sunday
1811,B,43,2021-02-07T11:56:42-05:00[America/New_York],2021-02-07T11:57:25-05:00[America/New_York],NA,2021-02-07,43002,Sunday
1811,<A>,30,2021-02-07T11:57:25-05:00[America/New_York],2021-02-07T11:57:55-05:00[America/New_York],Yes,2021-02-07,43045,Sunday
1811,B,41,2021-02-07T11:57:55-05:00[America/New_York],2021-02-07T11:58:36-05:00[America/New_York],NA,2021-02-07,43075,Sunday
1811,<A>,30,2021-02-07T11:58:36-05:00[America/New_York],2021-02-07T11:59:06-05:00[America/New_York],Yes,2021-02-07,43116,Sunday
1811,B,41,2021-02-07T11:59:06-05:00[America/New_York],2021-02-07T11:59:47-05:00[America/New_York],NA,2021-02-07,43146,Sunday
1811,<A>,30,2021-02-07T11:59:47-05:00[America/New_York],2021-02-07T12:00:17-05:00[America/New_York],Yes,2021-02-07,43187,Sunday
1811,B,43,2021-02-07T12:00:17-05:00[America/New_York],2021-02-07T12:01:00-05:00[America/New_York],NA,2021-02-07,43217,Sunday
1811,<A>,30,2021-02-07T12:01:00-05:00[America/New_York],2021-02-07T12:01:30-05:00[America/New_York],Yes,2021-02-07,43260,Sunday
1811,B,43,2021-02-07T12:01:30-05:00[America/New_York],2021-02-07T12:02:13-05:00[America/New_York],NA,2021-02-07,43290,Sunday
1811,<A>,30,2021-02-07T12:02:13-05:00[America/New_York],2021-02-07T12:02:43-05:00[America/New_York],Yes,2021-02-07,43333,Sunday
1811,B,40,2021-02-07T12:02:43-05:00[America/New_York],2021-02-07T12:03:23-05:00[America/New_York],NA,2021-02-07,43363,Sunday
1811,<A>,30,2021-02-07T12:03:23-05:00[America/New_York],2021-02-07T12:03:53-05:00[America/New_York],Yes,2021-02-07,43403,Sunday
1811,B,40,2021-02-07T12:03:53-05:00[America/New_York],2021-02-07T12:04:33-05:00[America/New_York],NA,2021-02-07,43433,Sunday
1811,<A>,77,2021-02-07T12:04:33-05:00[America/New_York],2021-02-07T12:05:50-05:00[America/New_York],NA,2021-02-07,43473,Sunday
1811,B,43,2021-02-07T12:05:50-05:00[America/New_York],2021-02-07T12:06:33-05:00[America/New_York],NA,2021-02-07,43550,Sunday
1811,<A>,30,2021-02-07T12:06:33-05:00[America/New_York],2021-02-07T12:07:03-05:00[America/New_York],Yes,2021-02-07,43593,Sunday
1811,B,43,2021-02-07T12:07:03-05:00[America/New_York],2021-02-07T12:07:46-05:00[America/New_York],NA,2021-02-07,43623,Sunday
1811,<A>,31,2021-02-07T12:07:46-05:00[America/New_York],2021-02-07T12:08:17-05:00[America/New_York],Yes,2021-02-07,43666,Sunday
1811,B,41,2021-02-07T12:08:17-05:00[America/New_York],2021-02-07T12:08:58-05:00[America/New_York],NA,2021-02-07,43697,Sunday
1811,<A>,30,2021-02-07T12:08:58-05:00[America/New_York],2021-02-07T12:09:28-05:00[America/New_York],Yes,2021-02-07,43738,Sunday
1811,B,38,2021-02-07T12:09:28-05:00[America/New_York],2021-02-07T12:10:06-05:00[America/New_York],NA,2021-02-07,43768,Sunday
1811,<A>,30,2021-02-07T12:10:06-05:00[America/New_York],2021-02-07T12:10:36-05:00[America/New_York],Yes,2021-02-07,43806,Sunday
1811,B,35,2021-02-07T12:10:36-05:00[America/New_York],2021-02-07T12:11:11-05:00[America/New_York],NA,2021-02-07,43836,Sunday
1811,<A>,31,2021-02-07T12:11:11-05:00[America/New_York],2021-02-07T12:11:42-05:00[America/New_York],Yes,2021-02-07,43871,Sunday
1811,B,35,2021-02-07T12:11:42-05:00[America/New_York],2021-02-07T12:12:17-05:00[America/New_York],NA,2021-02-07,43902,Sunday
1811,<A>,30,2021-02-07T12:12:17-05:00[America/New_York],2021-02-07T12:12:47-05:00[America/New_York],Yes,2021-02-07,43937,Sunday
1811,B,33,2021-02-07T12:12:47-05:00[America/New_York],2021-02-07T12:13:20-05:00[America/New_York],NA,2021-02-07,43967,Sunday
1811,<A>,94,2021-02-07T12:13:20-05:00[America/New_York],2021-02-07T12:14:54-05:00[America/New_York],NA,2021-02-07,44000,Sunday
1811,B,30,2021-02-07T12:14:54-05:00[America/New_York],2021-02-07T12:15:24-05:00[America/New_York],NA,2021-02-07,44094,Sunday
1811,<A>,30,2021-02-07T12:15:24-05:00[America/New_York],2021-02-07T12:15:54-05:00[America/New_York],Yes,2021-02-07,44124,Sunday
1811,B,30,2021-02-07T12:15:54-05:00[America/New_York],2021-02-07T12:16:24-05:00[America/New_York],NA,2021-02-07,44154,Sunday
1811,<A>,30,2021-02-07T12:16:24-05:00[America/New_York],2021-02-07T12:16:54-05:00[America/New_York],Yes,2021-02-07,44184,Sunday
1811,B,30,2021-02-07T12:16:54-05:00[America/New_York],2021-02-07T12:17:24-05:00[America/New_York],NA,2021-02-07,44214,Sunday
1811,<A>,44,2021-02-07T12:17:24-05:00[America/New_York],2021-02-07T12:18:08-05:00[America/New_York],Yes,2021-02-07,44244,Sunday
1811,B,30,2021-02-07T12:18:08-05:00[America/New_York],2021-02-07T12:18:38-05:00[America/New_York],NA,2021-02-07,44288,Sunday
1811,<A>,30,2021-02-07T12:18:38-05:00[America/New_York],2021-02-07T12:19:08-05:00[America/New_York],Yes,2021-02-07,44318,Sunday
1811,B,43,2021-02-07T12:19:08-05:00[America/New_York],2021-02-07T12:19:51-05:00[America/New_York],NA,2021-02-07,44348,Sunday
1811,<A>,30,2021-02-07T12:19:51-05:00[America/New_York],2021-02-07T12:20:21-05:00[America/New_York],Yes,2021-02-07,44391,Sunday
1811,B,40,2021-02-07T12:20:21-05:00[America/New_York],2021-02-07T12:21:01-05:00[America/New_York],NA,2021-02-07,44421,Sunday
1811,<A>,30,2021-02-07T12:21:01-05:00[America/New_York],2021-02-07T12:21:31-05:00[America/New_York],Yes,2021-02-07,44461,Sunday
1811,B,38,2021-02-07T12:21:31-05:00[America/New_York],2021-02-07T12:22:09-05:00[America/New_York],NA,2021-02-07,44491,Sunday
1811,<A>,35,2021-02-07T12:22:09-05:00[America/New_York],2021-02-07T12:22:44-05:00[America/New_York],Yes,2021-02-07,44529,Sunday
1811,B,38,2021-02-07T12:22:44-05:00[America/New_York],2021-02-07T12:23:22-05:00[America/New_York],NA,2021-02-07,44564,Sunday
1811,<A>,30,2021-02-07T12:23:22-05:00[America/New_York],2021-02-07T12:23:52-05:00[America/New_York],Yes,2021-02-07,44602,Sunday
1811,B,43,2021-02-07T12:23:52-05:00[America/New_York],2021-02-07T12:24:35-05:00[America/New_York],NA,2021-02-07,44632,Sunday
1811,<A>,30,2021-02-07T12:24:35-05:00[America/New_York],2021-02-07T12:25:05-05:00[America/New_York],Yes,2021-02-07,44675,Sunday
1811,B,41,2021-02-07T12:25:05-05:00[America/New_York],2021-02-07T12:25:46-05:00[America/New_York],NA,2021-02-07,44705,Sunday
1811,<A>,44,2021-02-07T12:25:46-05:00[America/New_York],2021-02-07T12:26:30-05:00[America/New_York],Yes,2021-02-07,44746,Sunday
1811,B,38,2021-02-07T12:26:30-05:00[America/New_York],2021-02-07T12:27:08-05:00[America/New_York],NA,2021-02-07,44790,Sunday
1811,<A>,30,2021-02-07T12:27:08-05:00[America/New_York],2021-02-07T12:27:38-05:00[America/New_York],Yes,2021-02-07,44828,Sunday
1811,B,38,2021-02-07T12:27:38-05:00[America/New_York],2021-02-07T12:28:16-05:00[America/New_York],NA,2021-02-07,44858,Sunday
1811,<A>,30,2021-02-07T12:28:16-05:00[America/New_York],2021-02-07T12:28:46-05:00[America/New_York],Yes,2021-02-07,44896,Sunday
1811,B,35,2021-02-07T12:28:46-05:00[America/New_York],2021-02-07T12:29:21-05:00[America/New_York],NA,2021-02-07,44926,Sunday
1811,<A>,30,2021-02-07T12:29:21-05:00[America/New_York],2021-02-07T12:29:51-05:00[America/New_York],Yes,2021-02-07,44961,Sunday
1811,B,33,2021-02-07T12:29:51-05:00[America/New_York],2021-02-07T12:30:24-05:00[America/New_York],NA,2021-02-07,44991,Sunday
1811,<A>,30,2021-02-07T12:30:24-05:00[America/New_York],2021-02-07T12:30:54-05:00[America/New_York],Yes,2021-02-07,45024,Sunday
1811,B,33,2021-02-07T12:30:54-05:00[America/New_York],2021-02-07T12:31:27-05:00[America/New_York],NA,2021-02-07,45054,Sunday
1811,<A>,30,2021-02-07T12:31:27-05:00[America/New_York],2021-02-07T12:31:57-05:00[America/New_York],Yes,2021-02-07,45087,Sunday
1811,B,30,2021-02-07T12:31:57-05:00[America/New_York],2021-02-07T12:32:27-05:00[America/New_York],NA,2021-02-07,45117,Sunday
1811,<A>,37,2021-02-07T12:32:27-05:00[America/New_York],2021-02-07T12:33:04-05:00[America/New_York],Yes,2021-02-07,45147,Sunday
1811,B,29,2021-02-07T12:33:04-05:00[America/New_York],2021-02-07T12:33:33-05:00[America/New_York],NA,2021-02-07,45184,Sunday
1811,<A>,95,2021-02-07T12:33:33-05:00[America/New_York],2021-02-07T12:35:08-05:00[America/New_York],NA,2021-02-07,45213,Sunday
1811,B,29,2021-02-07T12:35:08-05:00[America/New_York],2021-02-07T12:35:37-05:00[America/New_York],NA,2021-02-07,45308,Sunday
1811,<A>,30,2021-02-07T12:35:37-05:00[America/New_York],2021-02-07T12:36:07-05:00[America/New_York],Yes,2021-02-07,45337,Sunday
1811,B,29,2021-02-07T12:36:07-05:00[America/New_York],2021-02-07T12:36:36-05:00[America/New_York],NA,2021-02-07,45367,Sunday
1811,<A>,30,2021-02-07T12:36:36-05:00[America/New_York],2021-02-07T12:37:06-05:00[America/New_York],Yes,2021-02-07,45396,Sunday
1811,B,29,2021-02-07T12:37:06-05:00[America/New_York],2021-02-07T12:37:35-05:00[America/New_York],NA,2021-02-07,45426,Sunday
1811,<A>,30,2021-02-07T12:37:35-05:00[America/New_York],2021-02-07T12:38:05-05:00[America/New_York],Yes,2021-02-07,45455,Sunday
1811,B,29,2021-02-07T12:38:05-05:00[America/New_York],2021-02-07T12:38:34-05:00[America/New_York],NA,2021-02-07,45485,Sunday
1811,<A>,66,2021-02-07T12:38:34-05:00[America/New_York],2021-02-07T12:39:40-05:00[America/New_York],NA,2021-02-07,45514,Sunday
1811,B,29,2021-02-07T12:39:40-05:00[America/New_York],2021-02-07T12:40:09-05:00[America/New_York],NA,2021-02-07,45580,Sunday
1811,<A>,66,2021-02-07T12:40:09-05:00[America/New_York],2021-02-07T12:41:15-05:00[America/New_York],NA,2021-02-07,45609,Sunday
1811,B,29,2021-02-07T12:41:15-05:00[America/New_York],2021-02-07T12:41:44-05:00[America/New_York],NA,2021-02-07,45675,Sunday
1811,<A>,66,2021-02-07T12:41:44-05:00[America/New_York],2021-02-07T12:42:50-05:00[America/New_York],NA,2021-02-07,45704,Sunday
1811,B,29,2021-02-07T12:42:50-05:00[America/New_York],2021-02-07T12:43:19-05:00[America/New_York],NA,2021-02-07,45770,Sunday
1811,<A>,66,2021-02-07T12:43:19-05:00[America/New_York],2021-02-07T12:44:25-05:00[America/New_York],NA,2021-02-07,45799,Sunday
1811,B,29,2021-02-07T12:44:25-05:00[America/New_York],2021-02-07T12:44:54-05:00[America/New_York],NA,2021-02-07,45865,Sunday
1811,<A>,66,2021-02-07T12:44:54-05:00[America/New_York],2021-02-07T12:46:00-05:00[America/New_York],NA,2021-02-07,45894,Sunday
1811,B,12,2021-02-07T12:46:00-05:00[America/New_York],2021-02-07T12:46:12-05:00[America/New_York],Yes,2021-02-07,45960,Sunday
1811,<A>,61,2021-02-07T12:46:12-05:00[America/New_York],2021-02-07T12:47:13-05:00[America/New_York],Yes,2021-02-07,45972,Sunday
1811,B,12,2021-02-07T12:47:13-05:00[America/New_York],2021-02-07T12:47:25-05:00[America/New_York],Yes,2021-02-07,46033,Sunday
1811,<A>,40,2021-02-07T12:47:25-05:00[America/New_York],2021-02-07T12:48:05-05:00[America/New_York],Yes,2021-02-07,46045,Sunday
1811,B,12,2021-02-07T12:48:05-05:00[America/New_York],2021-02-07T12:48:17-05:00[America/New_York],Yes,2021-02-07,46085,Sunday
1811,<A>,30,2021-02-07T12:48:17-05:00[America/New_York],2021-02-07T12:48:47-05:00[America/New_York],Yes,2021-02-07,46097,Sunday
1811,B,13,2021-02-07T12:48:47-05:00[America/New_York],2021-02-07T12:49:00-05:00[America/New_York],Yes,2021-02-07,46127,Sunday
1811,<A>,30,2021-02-07T12:49:00-05:00[America/New_York],2021-02-07T12:49:30-05:00[America/New_York],Yes,2021-02-07,46140,Sunday
1811,B,13,2021-02-07T12:49:30-05:00[America/New_York],2021-02-07T12:49:43-05:00[America/New_York],Yes,2021-02-07,46170,Sunday
1811,<A>,30,2021-02-07T12:49:43-05:00[America/New_York],2021-02-07T12:50:13-05:00[America/New_York],Yes,2021-02-07,46183,Sunday
1811,B,29,2021-02-07T12:50:13-05:00[America/New_York],2021-02-07T12:50:42-05:00[America/New_York],NA,2021-02-07,46213,Sunday
1811,<A>,30,2021-02-07T12:50:42-05:00[America/New_York],2021-02-07T12:51:12-05:00[America/New_York],Yes,2021-02-07,46242,Sunday
1811,B,29,2021-02-07T12:51:12-05:00[America/New_York],2021-02-07T12:51:41-05:00[America/New_York],NA,2021-02-07,46272,Sunday
1811,<A>,30,2021-02-07T12:51:41-05:00[America/New_York],2021-02-07T12:52:11-05:00[America/New_York],Yes,2021-02-07,46301,Sunday
1811,B,29,2021-02-07T12:52:11-05:00[America/New_York],2021-02-07T12:52:40-05:00[America/New_York],NA,2021-02-07,46331,Sunday
1811,<A>,32,2021-02-07T12:52:40-05:00[America/New_York],2021-02-07T12:53:12-05:00[America/New_York],Yes,2021-02-07,46360,Sunday
1811,B,43,2021-02-07T12:53:12-05:00[America/New_York],2021-02-07T12:53:55-05:00[America/New_York],NA,2021-02-07,46392,Sunday
1811,<A>,30,2021-02-07T12:53:55-05:00[America/New_York],2021-02-07T12:54:25-05:00[America/New_York],Yes,2021-02-07,46435,Sunday
1811,B,43,2021-02-07T12:54:25-05:00[America/New_York],2021-02-07T12:55:08-05:00[America/New_York],NA,2021-02-07,46465,Sunday
1811,<A>,30,2021-02-07T12:55:08-05:00[America/New_York],2021-02-07T12:55:38-05:00[America/New_York],Yes,2021-02-07,46508,Sunday
1811,B,41,2021-02-07T12:55:38-05:00[America/New_York],2021-02-07T12:56:19-05:00[America/New_York],NA,2021-02-07,46538,Sunday
1811,<A>,30,2021-02-07T12:56:19-05:00[America/New_York],2021-02-07T12:56:49-05:00[America/New_York],Yes,2021-02-07,46579,Sunday
1811,B,39,2021-02-07T12:56:49-05:00[America/New_York],2021-02-07T12:57:28-05:00[America/New_York],NA,2021-02-07,46609,Sunday
1811,<A>,30,2021-02-07T12:57:28-05:00[America/New_York],2021-02-07T12:57:58-05:00[America/New_York],Yes,2021-02-07,46648,Sunday
1811,B,36,2021-02-07T12:57:58-05:00[America/New_York],2021-02-07T12:58:34-05:00[America/New_York],NA,2021-02-07,46678,Sunday
1811,<A>,30,2021-02-07T12:58:34-05:00[America/New_York],2021-02-07T12:59:04-05:00[America/New_York],Yes,2021-02-07,46714,Sunday
1811,B,36,2021-02-07T12:59:04-05:00[America/New_York],2021-02-07T12:59:40-05:00[America/New_York],NA,2021-02-07,46744,Sunday
1811,<A>,30,2021-02-07T12:59:40-05:00[America/New_York],2021-02-07T13:00:10-05:00[America/New_York],Yes,2021-02-07,46780,Sunday
1811,B,43,2021-02-07T13:00:10-05:00[America/New_York],2021-02-07T13:00:53-05:00[America/New_York],NA,2021-02-07,46810,Sunday
1811,<A>,48,2021-02-07T13:00:53-05:00[America/New_York],2021-02-07T13:01:41-05:00[America/New_York],Yes,2021-02-07,46853,Sunday
1811,B,43,2021-02-07T13:01:41-05:00[America/New_York],2021-02-07T13:02:24-05:00[America/New_York],NA,2021-02-07,46901,Sunday
1811,<A>,30,2021-02-07T13:02:24-05:00[America/New_York],2021-02-07T13:02:54-05:00[America/New_York],Yes,2021-02-07,46944,Sunday
1811,B,40,2021-02-07T13:02:54-05:00[America/New_York],2021-02-07T13:03:34-05:00[America/New_York],NA,2021-02-07,46974,Sunday
1811,<A>,30,2021-02-07T13:03:34-05:00[America/New_York],2021-02-07T13:04:04-05:00[America/New_York],Yes,2021-02-07,47014,Sunday
1811,B,40,2021-02-07T13:04:04-05:00[America/New_York],2021-02-07T13:04:44-05:00[America/New_York],NA,2021-02-07,47044,Sunday
1811,<A>,30,2021-02-07T13:04:44-05:00[America/New_York],2021-02-07T13:05:14-05:00[America/New_York],Yes,2021-02-07,47084,Sunday
1811,B,37,2021-02-07T13:05:14-05:00[America/New_York],2021-02-07T13:05:51-05:00[America/New_York],NA,2021-02-07,47114,Sunday
1811,<A>,30,2021-02-07T13:05:51-05:00[America/New_York],2021-02-07T13:06:21-05:00[America/New_York],Yes,2021-02-07,47151,Sunday
1811,B,43,2021-02-07T13:06:21-05:00[America/New_York],2021-02-07T13:07:04-05:00[America/New_York],NA,2021-02-07,47181,Sunday
1811,<A>,30,2021-02-07T13:07:04-05:00[America/New_York],2021-02-07T13:07:34-05:00[America/New_York],Yes,2021-02-07,47224,Sunday
1811,B,40,2021-02-07T13:07:34-05:00[America/New_York],2021-02-07T13:08:14-05:00[America/New_York],NA,2021-02-07,47254,Sunday
1811,<A>,30,2021-02-07T13:08:14-05:00[America/New_York],2021-02-07T13:08:44-05:00[America/New_York],Yes,2021-02-07,47294,Sunday
1811,B,40,2021-02-07T13:08:44-05:00[America/New_York],2021-02-07T13:09:24-05:00[America/New_York],NA,2021-02-07,47324,Sunday
1811,<A>,55,2021-02-07T13:09:24-05:00[America/New_York],2021-02-07T13:10:19-05:00[America/New_York],Yes,2021-02-07,47364,Sunday
1811,B,43,2021-02-07T13:10:19-05:00[America/New_York],2021-02-07T13:11:02-05:00[America/New_York],NA,2021-02-07,47419,Sunday
1811,<A>,36,2021-02-07T13:11:02-05:00[America/New_York],2021-02-07T13:11:38-05:00[America/New_York],Yes,2021-02-07,47462,Sunday
1811,B,40,2021-02-07T13:11:38-05:00[America/New_York],2021-02-07T13:12:18-05:00[America/New_York],NA,2021-02-07,47498,Sunday
1811,<A>,40,2021-02-07T13:12:18-05:00[America/New_York],2021-02-07T13:12:58-05:00[America/New_York],Yes,2021-02-07,47538,Sunday
1811,B,37,2021-02-07T13:12:58-05:00[America/New_York],2021-02-07T13:13:35-05:00[America/New_York],NA,2021-02-07,47578,Sunday
1811,<A>,35,2021-02-07T13:13:35-05:00[America/New_York],2021-02-07T13:14:10-05:00[America/New_York],Yes,2021-02-07,47615,Sunday
1811,B,34,2021-02-07T13:14:10-05:00[America/New_York],2021-02-07T13:14:44-05:00[America/New_York],NA,2021-02-07,47650,Sunday
1811,<A>,30,2021-02-07T13:14:44-05:00[America/New_York],2021-02-07T13:15:14-05:00[America/New_York],Yes,2021-02-07,47684,Sunday
1811,B,34,2021-02-07T13:15:14-05:00[America/New_York],2021-02-07T13:15:48-05:00[America/New_York],NA,2021-02-07,47714,Sunday
1811,<A>,30,2021-02-07T13:15:48-05:00[America/New_York],2021-02-07T13:16:18-05:00[America/New_York],Yes,2021-02-07,47748,Sunday
1811,B,31,2021-02-07T13:16:18-05:00[America/New_York],2021-02-07T13:16:49-05:00[America/New_York],NA,2021-02-07,47778,Sunday
1811,<A>,31,2021-02-07T13:16:49-05:00[America/New_York],2021-02-07T13:17:20-05:00[America/New_York],Yes,2021-02-07,47809,Sunday
1811,B,31,2021-02-07T13:17:20-05:00[America/New_York],2021-02-07T13:17:51-05:00[America/New_York],NA,2021-02-07,47840,Sunday
1811,<A>,30,2021-02-07T13:17:51-05:00[America/New_York],2021-02-07T13:18:21-05:00[America/New_York],Yes,2021-02-07,47871,Sunday
1811,B,31,2021-02-07T13:18:21-05:00[America/New_York],2021-02-07T13:18:52-05:00[America/New_York],NA,2021-02-07,47901,Sunday
1811,<A>,30,2021-02-07T13:18:52-05:00[America/New_York],2021-02-07T13:19:22-05:00[America/New_York],Yes,2021-02-07,47932,Sunday
1811,B,29,2021-02-07T13:19:22-05:00[America/New_York],2021-02-07T13:19:51-05:00[America/New_York],NA,2021-02-07,47962,Sunday
1811,<A>,30,2021-02-07T13:19:51-05:00[America/New_York],2021-02-07T13:20:21-05:00[America/New_York],Yes,2021-02-07,47991,Sunday
1811,B,43,2021-02-07T13:20:21-05:00[America/New_York],2021-02-07T13:21:04-05:00[America/New_York],NA,2021-02-07,48021,Sunday
1811,<A>,30,2021-02-07T13:21:04-05:00[America/New_York],2021-02-07T13:21:34-05:00[America/New_York],Yes,2021-02-07,48064,Sunday
1811,B,43,2021-02-07T13:21:34-05:00[America/New_York],2021-02-07T13:22:17-05:00[America/New_York],NA,2021-02-07,48094,Sunday
1811,<A>,30,2021-02-07T13:22:17-05:00[America/New_York],2021-02-07T13:22:47-05:00[America/New_York],Yes,2021-02-07,48137,Sunday
1811,B,43,2021-02-07T13:22:47-05:00[America/New_York],2021-02-07T13:23:30-05:00[America/New_York],NA,2021-02-07,48167,Sunday
1811,<A>,30,2021-02-07T13:23:30-05:00[America/New_York],2021-02-07T13:24:00-05:00[America/New_York],Yes,2021-02-07,48210,Sunday
1811,B,41,2021-02-07T13:24:00-05:00[America/New_York],2021-02-07T13:24:41-05:00[America/New_York],NA,2021-02-07,48240,Sunday
1811,<A>,30,2021-02-07T13:24:41-05:00[America/New_York],2021-02-07T13:25:11-05:00[America/New_York],Yes,2021-02-07,48281,Sunday
1811,B,38,2021-02-07T13:25:11-05:00[America/New_York],2021-02-07T13:25:49-05:00[America/New_York],NA,2021-02-07,48311,Sunday
1811,<A>,30,2021-02-07T13:25:49-05:00[America/New_York],2021-02-07T13:26:19-05:00[America/New_York],Yes,2021-02-07,48349,Sunday
1811,B,38,2021-02-07T13:26:19-05:00[America/New_York],2021-02-07T13:26:57-05:00[America/New_York],NA,2021-02-07,48379,Sunday
1811,<A>,30,2021-02-07T13:26:57-05:00[America/New_York],2021-02-07T13:27:27-05:00[America/New_York],Yes,2021-02-07,48417,Sunday
1811,B,35,2021-02-07T13:27:27-05:00[America/New_York],2021-02-07T13:28:02-05:00[America/New_York],NA,2021-02-07,48447,Sunday
1811,<A>,30,2021-02-07T13:28:02-05:00[America/New_York],2021-02-07T13:28:32-05:00[America/New_York],Yes,2021-02-07,48482,Sunday
1811,B,32,2021-02-07T13:28:32-05:00[America/New_York],2021-02-07T13:29:04-05:00[America/New_York],NA,2021-02-07,48512,Sunday
1811,<A>,30,2021-02-07T13:29:04-05:00[America/New_York],2021-02-07T13:29:34-05:00[America/New_York],Yes,2021-02-07,48544,Sunday
1811,B,32,2021-02-07T13:29:34-05:00[America/New_York],2021-02-07T13:30:06-05:00[America/New_York],NA,2021-02-07,48574,Sunday
1811,<A>,30,2021-02-07T13:30:06-05:00[America/New_York],2021-02-07T13:30:36-05:00[America/New_York],Yes,2021-02-07,48606,Sunday
1811,B,32,2021-02-07T13:30:36-05:00[America/New_York],2021-02-07T13:31:08-05:00[America/New_York],NA,2021-02-07,48636,Sunday
1811,<A>,30,2021-02-07T13:31:08-05:00[America/New_York],2021-02-07T13:31:38-05:00[America/New_York],Yes,2021-02-07,48668,Sunday
1811,B,31,2021-02-07T13:31:38-05:00[America/New_York],2021-02-07T13:32:09-05:00[America/New_York],NA,2021-02-07,48698,Sunday
1811,<A>,39,2021-02-07T13:32:09-05:00[America/New_York],2021-02-07T13:32:48-05:00[America/New_York],Yes,2021-02-07,48729,Sunday
1811,B,43,2021-02-07T13:32:48-05:00[America/New_York],2021-02-07T13:33:31-05:00[America/New_York],NA,2021-02-07,48768,Sunday
1811,<A>,30,2021-02-07T13:33:31-05:00[America/New_York],2021-02-07T13:34:01-05:00[America/New_York],Yes,2021-02-07,48811,Sunday
1811,B,43,2021-02-07T13:34:01-05:00[America/New_York],2021-02-07T13:34:44-05:00[America/New_York],NA,2021-02-07,48841,Sunday
1811,<A>,30,2021-02-07T13:34:44-05:00[America/New_York],2021-02-07T13:35:14-05:00[America/New_York],Yes,2021-02-07,48884,Sunday
1811,B,40,2021-02-07T13:35:14-05:00[America/New_York],2021-02-07T13:35:54-05:00[America/New_York],NA,2021-02-07,48914,Sunday
1811,<A>,30,2021-02-07T13:35:54-05:00[America/New_York],2021-02-07T13:36:24-05:00[America/New_York],Yes,2021-02-07,48954,Sunday
1811,B,43,2021-02-07T13:36:24-05:00[America/New_York],2021-02-07T13:37:07-05:00[America/New_York],NA,2021-02-07,48984,Sunday
1811,<A>,31,2021-02-07T13:37:07-05:00[America/New_York],2021-02-07T13:37:38-05:00[America/New_York],Yes,2021-02-07,49027,Sunday
1811,B,43,2021-02-07T13:37:38-05:00[America/New_York],2021-02-07T13:38:21-05:00[America/New_York],NA,2021-02-07,49058,Sunday
1811,<A>,30,2021-02-07T13:38:21-05:00[America/New_York],2021-02-07T13:38:51-05:00[America/New_York],Yes,2021-02-07,49101,Sunday
1811,B,43,2021-02-07T13:38:51-05:00[America/New_York],2021-02-07T13:39:34-05:00[America/New_York],NA,2021-02-07,49131,Sunday
1811,<A>,77,2021-02-07T13:39:34-05:00[America/New_York],2021-02-07T13:40:51-05:00[America/New_York],NA,2021-02-07,49174,Sunday
1811,B,38,2021-02-07T13:40:51-05:00[America/New_York],2021-02-07T13:41:29-05:00[America/New_York],NA,2021-02-07,49251,Sunday
1811,<A>,39,2021-02-07T13:41:29-05:00[America/New_York],2021-02-07T13:42:08-05:00[America/New_York],Yes,2021-02-07,49289,Sunday
1811,B,38,2021-02-07T13:42:08-05:00[America/New_York],2021-02-07T13:42:46-05:00[America/New_York],NA,2021-02-07,49328,Sunday
1811,<A>,30,2021-02-07T13:42:46-05:00[America/New_York],2021-02-07T13:43:16-05:00[America/New_York],Yes,2021-02-07,49366,Sunday
1811,B,43,2021-02-07T13:43:16-05:00[America/New_York],2021-02-07T13:43:59-05:00[America/New_York],NA,2021-02-07,49396,Sunday
1811,<A>,30,2021-02-07T13:43:59-05:00[America/New_York],2021-02-07T13:44:29-05:00[America/New_York],Yes,2021-02-07,49439,Sunday
1811,B,40,2021-02-07T13:44:29-05:00[America/New_York],2021-02-07T13:45:09-05:00[America/New_York],NA,2021-02-07,49469,Sunday
1811,<A>,30,2021-02-07T13:45:09-05:00[America/New_York],2021-02-07T13:45:39-05:00[America/New_York],Yes,2021-02-07,49509,Sunday
1811,B,37,2021-02-07T13:45:39-05:00[America/New_York],2021-02-07T13:46:16-05:00[America/New_York],NA,2021-02-07,49539,Sunday
1811,<A>,86,2021-02-07T13:46:16-05:00[America/New_York],2021-02-07T13:47:42-05:00[America/New_York],NA,2021-02-07,49576,Sunday
1811,B,34,2021-02-07T13:47:42-05:00[America/New_York],2021-02-07T13:48:16-05:00[America/New_York],NA,2021-02-07,49662,Sunday
1811,<A>,43,2021-02-07T13:48:16-05:00[America/New_York],2021-02-07T13:48:59-05:00[America/New_York],Yes,2021-02-07,49696,Sunday
1811,B,31,2021-02-07T13:48:59-05:00[America/New_York],2021-02-07T13:49:30-05:00[America/New_York],NA,2021-02-07,49739,Sunday
1811,<A>,30,2021-02-07T13:49:30-05:00[America/New_York],2021-02-07T13:50:00-05:00[America/New_York],Yes,2021-02-07,49770,Sunday
1811,B,31,2021-02-07T13:50:00-05:00[America/New_York],2021-02-07T13:50:31-05:00[America/New_York],NA,2021-02-07,49800,Sunday
1811,<A>,30,2021-02-07T13:50:31-05:00[America/New_York],2021-02-07T13:51:01-05:00[America/New_York],Yes,2021-02-07,49831,Sunday
1811,B,29,2021-02-07T13:51:01-05:00[America/New_York],2021-02-07T13:51:30-05:00[America/New_York],NA,2021-02-07,49861,Sunday
1811,<A>,30,2021-02-07T13:51:30-05:00[America/New_York],2021-02-07T13:52:00-05:00[America/New_York],Yes,2021-02-07,49890,Sunday
1811,B,29,2021-02-07T13:52:00-05:00[America/New_York],2021-02-07T13:52:29-05:00[America/New_York],NA,2021-02-07,49920,Sunday
1811,<A>,32,2021-02-07T13:52:29-05:00[America/New_York],2021-02-07T13:53:01-05:00[America/New_York],Yes,2021-02-07,49949,Sunday
1811,B,29,2021-02-07T13:53:01-05:00[America/New_York],2021-02-07T13:53:30-05:00[America/New_York],NA,2021-02-07,49981,Sunday
1811,<A>,30,2021-02-07T13:53:30-05:00[America/New_York],2021-02-07T13:54:00-05:00[America/New_York],Yes,2021-02-07,50010,Sunday
1811,B,29,2021-02-07T13:54:00-05:00[America/New_York],2021-02-07T13:54:29-05:00[America/New_York],NA,2021-02-07,50040,Sunday
1811,<A>,30,2021-02-07T13:54:29-05:00[America/New_York],2021-02-07T13:54:59-05:00[America/New_York],Yes,2021-02-07,50069,Sunday
1811,B,43,2021-02-07T13:54:59-05:00[America/New_York],2021-02-07T13:55:42-05:00[America/New_York],NA,2021-02-07,50099,Sunday
1811,<A>,30,2021-02-07T13:55:42-05:00[America/New_York],2021-02-07T13:56:12-05:00[America/New_York],Yes,2021-02-07,50142,Sunday
1811,B,43,2021-02-07T13:56:12-05:00[America/New_York],2021-02-07T13:56:55-05:00[America/New_York],NA,2021-02-07,50172,Sunday
1811,<A>,30,2021-02-07T13:56:55-05:00[America/New_York],2021-02-07T13:57:25-05:00[America/New_York],Yes,2021-02-07,50215,Sunday
1811,B,41,2021-02-07T13:57:25-05:00[America/New_York],2021-02-07T13:58:06-05:00[America/New_York],NA,2021-02-07,50245,Sunday
1811,<A>,30,2021-02-07T13:58:06-05:00[America/New_York],2021-02-07T13:58:36-05:00[America/New_York],Yes,2021-02-07,50286,Sunday
1811,B,39,2021-02-07T13:58:36-05:00[America/New_York],2021-02-07T13:59:15-05:00[America/New_York],NA,2021-02-07,50316,Sunday
1811,<A>,79,2021-02-07T13:59:15-05:00[America/New_York],2021-02-07T14:00:34-05:00[America/New_York],Yes,2021-02-07,50355,Sunday
1811,B,21,2021-02-07T14:00:34-05:00[America/New_York],2021-02-07T14:00:55-05:00[America/New_York],Yes,2021-02-07,50434,Sunday
1811,<A>,30,2021-02-07T14:00:55-05:00[America/New_York],2021-02-07T14:01:25-05:00[America/New_York],Yes,2021-02-07,50455,Sunday
1811,B,16,2021-02-07T14:01:25-05:00[America/New_York],2021-02-07T14:01:41-05:00[America/New_York],Yes,2021-02-07,50485,Sunday
1811,<A>,31,2021-02-07T14:01:41-05:00[America/New_York],2021-02-07T14:02:12-05:00[America/New_York],Yes,2021-02-07,50501,Sunday
1811,B,12,2021-02-07T14:02:12-05:00[America/New_York],2021-02-07T14:02:24-05:00[America/New_York],Yes,2021-02-07,50532,Sunday
1811,<A>,30,2021-02-07T14:02:24-05:00[America/New_York],2021-02-07T14:02:54-05:00[America/New_York],Yes,2021-02-07,50544,Sunday
1811,B,13,2021-02-07T14:02:54-05:00[America/New_York],2021-02-07T14:03:07-05:00[America/New_York],Yes,2021-02-07,50574,Sunday
1811,<A>,30,2021-02-07T14:03:07-05:00[America/New_York],2021-02-07T14:03:37-05:00[America/New_York],Yes,2021-02-07,50587,Sunday
1811,B,13,2021-02-07T14:03:37-05:00[America/New_York],2021-02-07T14:03:50-05:00[America/New_York],Yes,2021-02-07,50617,Sunday
1811,<A>,72,2021-02-07T14:03:50-05:00[America/New_York],2021-02-07T14:05:02-05:00[America/New_York],NA,2021-02-07,50630,Sunday
1811,B,12,2021-02-07T14:05:02-05:00[America/New_York],2021-02-07T14:05:14-05:00[America/New_York],Yes,2021-02-07,50702,Sunday
1811,<A>,74,2021-02-07T14:05:14-05:00[America/New_York],2021-02-07T14:06:28-05:00[America/New_York],Yes,2021-02-07,50714,Sunday
1811,B,13,2021-02-07T14:06:28-05:00[America/New_York],2021-02-07T14:06:41-05:00[America/New_York],Yes,2021-02-07,50788,Sunday
1811,<A>,30,2021-02-07T14:06:41-05:00[America/New_York],2021-02-07T14:07:11-05:00[America/New_York],Yes,2021-02-07,50801,Sunday
1811,B,13,2021-02-07T14:07:11-05:00[America/New_York],2021-02-07T14:07:24-05:00[America/New_York],Yes,2021-02-07,50831,Sunday
1811,<A>,30,2021-02-07T14:07:24-05:00[America/New_York],2021-02-07T14:07:54-05:00[America/New_York],Yes,2021-02-07,50844,Sunday
1811,B,12,2021-02-07T14:07:54-05:00[America/New_York],2021-02-07T14:08:06-05:00[America/New_York],Yes,2021-02-07,50874,Sunday
1811,<A>,52,2021-02-07T14:08:06-05:00[America/New_York],2021-02-07T14:08:58-05:00[America/New_York],Yes,2021-02-07,50886,Sunday
1811,B,12,2021-02-07T14:08:58-05:00[America/New_York],2021-02-07T14:09:10-05:00[America/New_York],Yes,2021-02-07,50938,Sunday
1811,<A>,30,2021-02-07T14:09:10-05:00[America/New_York],2021-02-07T14:09:40-05:00[America/New_York],Yes,2021-02-07,50950,Sunday
1811,B,13,2021-02-07T14:09:40-05:00[America/New_York],2021-02-07T14:09:53-05:00[America/New_York],Yes,2021-02-07,50980,Sunday
1811,<A>,116,2021-02-07T14:09:53-05:00[America/New_York],2021-02-07T14:11:49-05:00[America/New_York],Yes,2021-02-07,50993,Sunday
1811,B,17,2021-02-07T14:11:49-05:00[America/New_York],2021-02-07T14:12:06-05:00[America/New_York],Yes,2021-02-07,51109,Sunday
1811,<A>,30,2021-02-07T14:12:06-05:00[America/New_York],2021-02-07T14:12:36-05:00[America/New_York],Yes,2021-02-07,51126,Sunday
1811,B,13,2021-02-07T14:12:36-05:00[America/New_York],2021-02-07T14:12:49-05:00[America/New_York],Yes,2021-02-07,51156,Sunday
1811,<A>,30,2021-02-07T14:12:49-05:00[America/New_York],2021-02-07T14:13:19-05:00[America/New_York],Yes,2021-02-07,51169,Sunday
1811,B,31,2021-02-07T14:13:19-05:00[America/New_York],2021-02-07T14:13:50-05:00[America/New_York],Yes,2021-02-07,51199,Sunday
1811,<A>,30,2021-02-07T14:13:50-05:00[America/New_York],2021-02-07T14:14:20-05:00[America/New_York],Yes,2021-02-07,51230,Sunday
1811,B,21,2021-02-07T14:14:20-05:00[America/New_York],2021-02-07T14:14:41-05:00[America/New_York],Yes,2021-02-07,51260,Sunday
1811,<A>,30,2021-02-07T14:14:41-05:00[America/New_York],2021-02-07T14:15:11-05:00[America/New_York],Yes,2021-02-07,51281,Sunday
1811,B,13,2021-02-07T14:15:11-05:00[America/New_York],2021-02-07T14:15:24-05:00[America/New_York],Yes,2021-02-07,51311,Sunday
1811,<A>,30,2021-02-07T14:15:24-05:00[America/New_York],2021-02-07T14:15:54-05:00[America/New_York],Yes,2021-02-07,51324,Sunday
1811,B,17,2021-02-07T14:15:54-05:00[America/New_York],2021-02-07T14:16:11-05:00[America/New_York],Yes,2021-02-07,51354,Sunday
1811,<A>,55,2021-02-07T14:16:11-05:00[America/New_York],2021-02-07T14:17:06-05:00[America/New_York],NA,2021-02-07,51371,Sunday
1811,B,13,2021-02-07T14:17:06-05:00[America/New_York],2021-02-07T14:17:19-05:00[America/New_York],Yes,2021-02-07,51426,Sunday
1811,<A>,82,2021-02-07T14:17:19-05:00[America/New_York],2021-02-07T14:18:41-05:00[America/New_York],NA,2021-02-07,51439,Sunday
1811,B,12,2021-02-07T14:18:41-05:00[America/New_York],2021-02-07T14:18:53-05:00[America/New_York],Yes,2021-02-07,51521,Sunday
1811,<A>,33,2021-02-07T14:18:53-05:00[America/New_York],2021-02-07T14:19:26-05:00[America/New_York],Yes,2021-02-07,51533,Sunday
1811,B,12,2021-02-07T14:19:26-05:00[America/New_York],2021-02-07T14:19:38-05:00[America/New_York],Yes,2021-02-07,51566,Sunday
1811,<A>,30,2021-02-07T14:19:38-05:00[America/New_York],2021-02-07T14:20:08-05:00[America/New_York],Yes,2021-02-07,51578,Sunday
1811,B,13,2021-02-07T14:20:08-05:00[America/New_York],2021-02-07T14:20:21-05:00[America/New_York],Yes,2021-02-07,51608,Sunday
1811,<A>,30,2021-02-07T14:20:21-05:00[America/New_York],2021-02-07T14:20:51-05:00[America/New_York],Yes,2021-02-07,51621,Sunday
1811,B,13,2021-02-07T14:20:51-05:00[America/New_York],2021-02-07T14:21:04-05:00[America/New_York],Yes,2021-02-07,51651,Sunday
1811,<A>,56,2021-02-07T14:21:04-05:00[America/New_York],2021-02-07T14:22:00-05:00[America/New_York],NA,2021-02-07,51664,Sunday
1811,B,18,2021-02-07T14:22:00-05:00[America/New_York],2021-02-07T14:22:18-05:00[America/New_York],Yes,2021-02-07,51720,Sunday
1811,<A>,31,2021-02-07T14:22:18-05:00[America/New_York],2021-02-07T14:22:49-05:00[America/New_York],Yes,2021-02-07,51738,Sunday
1811,B,14,2021-02-07T14:22:49-05:00[America/New_York],2021-02-07T14:23:03-05:00[America/New_York],Yes,2021-02-07,51769,Sunday
1811,<A>,30,2021-02-07T14:23:03-05:00[America/New_York],2021-02-07T14:23:33-05:00[America/New_York],Yes,2021-02-07,51783,Sunday
1811,B,13,2021-02-07T14:23:33-05:00[America/New_York],2021-02-07T14:23:46-05:00[America/New_York],Yes,2021-02-07,51813,Sunday
1811,<A>,30,2021-02-07T14:23:46-05:00[America/New_York],2021-02-07T14:24:16-05:00[America/New_York],Yes,2021-02-07,51826,Sunday
1811,B,14,2021-02-07T14:24:16-05:00[America/New_York],2021-02-07T14:24:30-05:00[America/New_York],Yes,2021-02-07,51856,Sunday
1811,<A>,30,2021-02-07T14:24:30-05:00[America/New_York],2021-02-07T14:25:00-05:00[America/New_York],Yes,2021-02-07,51870,Sunday
1811,B,13,2021-02-07T14:25:00-05:00[America/New_York],2021-02-07T14:25:13-05:00[America/New_York],Yes,2021-02-07,51900,Sunday
1811,<A>,30,2021-02-07T14:25:13-05:00[America/New_York],2021-02-07T14:25:43-05:00[America/New_York],Yes,2021-02-07,51913,Sunday
1811,B,13,2021-02-07T14:25:43-05:00[America/New_York],2021-02-07T14:25:56-05:00[America/New_York],Yes,2021-02-07,51943,Sunday
1811,<A>,55,2021-02-07T14:25:56-05:00[America/New_York],2021-02-07T14:26:51-05:00[America/New_York],NA,2021-02-07,51956,Sunday
1811,B,12,2021-02-07T14:26:51-05:00[America/New_York],2021-02-07T14:27:03-05:00[America/New_York],Yes,2021-02-07,52011,Sunday
1811,<A>,32,2021-02-07T14:27:03-05:00[America/New_York],2021-02-07T14:27:35-05:00[America/New_York],Yes,2021-02-07,52023,Sunday
1811,B,12,2021-02-07T14:27:35-05:00[America/New_York],2021-02-07T14:27:47-05:00[America/New_York],Yes,2021-02-07,52055,Sunday
1811,<A>,39,2021-02-07T14:27:47-05:00[America/New_York],2021-02-07T14:28:26-05:00[America/New_York],Yes,2021-02-07,52067,Sunday
1811,B,12,2021-02-07T14:28:26-05:00[America/New_York],2021-02-07T14:28:38-05:00[America/New_York],Yes,2021-02-07,52106,Sunday
1811,<A>,30,2021-02-07T14:28:38-05:00[America/New_York],2021-02-07T14:29:08-05:00[America/New_York],Yes,2021-02-07,52118,Sunday
1811,B,13,2021-02-07T14:29:08-05:00[America/New_York],2021-02-07T14:29:21-05:00[America/New_York],Yes,2021-02-07,52148,Sunday
1811,<A>,59,2021-02-07T14:29:21-05:00[America/New_York],2021-02-07T14:30:20-05:00[America/New_York],NA,2021-02-07,52161,Sunday
1811,B,12,2021-02-07T14:30:20-05:00[America/New_York],2021-02-07T14:30:32-05:00[America/New_York],Yes,2021-02-07,52220,Sunday
1811,<A>,51,2021-02-07T14:30:32-05:00[America/New_York],2021-02-07T14:31:23-05:00[America/New_York],Yes,2021-02-07,52232,Sunday
1811,B,12,2021-02-07T14:31:23-05:00[America/New_York],2021-02-07T14:31:35-05:00[America/New_York],Yes,2021-02-07,52283,Sunday
1811,<A>,38,2021-02-07T14:31:35-05:00[America/New_York],2021-02-07T14:32:13-05:00[America/New_York],Yes,2021-02-07,52295,Sunday
1811,B,14,2021-02-07T14:32:13-05:00[America/New_York],2021-02-07T14:32:27-05:00[America/New_York],Yes,2021-02-07,52333,Sunday
1811,<A>,30,2021-02-07T14:32:27-05:00[America/New_York],2021-02-07T14:32:57-05:00[America/New_York],Yes,2021-02-07,52347,Sunday
1811,B,13,2021-02-07T14:32:57-05:00[America/New_York],2021-02-07T14:33:10-05:00[America/New_York],Yes,2021-02-07,52377,Sunday
1811,<A>,30,2021-02-07T14:33:10-05:00[America/New_York],2021-02-07T14:33:40-05:00[America/New_York],Yes,2021-02-07,52390,Sunday
1811,B,12,2021-02-07T14:33:40-05:00[America/New_York],2021-02-07T14:33:52-05:00[America/New_York],Yes,2021-02-07,52420,Sunday
1811,<A>,31,2021-02-07T14:33:52-05:00[America/New_York],2021-02-07T14:34:23-05:00[America/New_York],Yes,2021-02-07,52432,Sunday
1811,B,12,2021-02-07T14:34:23-05:00[America/New_York],2021-02-07T14:34:35-05:00[America/New_York],Yes,2021-02-07,52463,Sunday
1811,<A>,33,2021-02-07T14:34:35-05:00[America/New_York],2021-02-07T14:35:08-05:00[America/New_York],Yes,2021-02-07,52475,Sunday
1811,B,12,2021-02-07T14:35:08-05:00[America/New_York],2021-02-07T14:35:20-05:00[America/New_York],Yes,2021-02-07,52508,Sunday
1811,<A>,55,2021-02-07T14:35:20-05:00[America/New_York],2021-02-07T14:36:15-05:00[America/New_York],NA,2021-02-07,52520,Sunday
1811,B,25,2021-02-07T14:36:15-05:00[America/New_York],2021-02-07T14:36:40-05:00[America/New_York],Yes,2021-02-07,52575,Sunday
1811,<A>,31,2021-02-07T14:36:40-05:00[America/New_York],2021-02-07T14:37:11-05:00[America/New_York],Yes,2021-02-07,52600,Sunday
1811,B,12,2021-02-07T14:37:11-05:00[America/New_York],2021-02-07T14:37:23-05:00[America/New_York],Yes,2021-02-07,52631,Sunday
1811,<A>,31,2021-02-07T14:37:23-05:00[America/New_York],2021-02-07T14:37:54-05:00[America/New_York],Yes,2021-02-07,52643,Sunday
1811,B,12,2021-02-07T14:37:54-05:00[America/New_York],2021-02-07T14:38:06-05:00[America/New_York],Yes,2021-02-07,52674,Sunday
1811,<A>,58,2021-02-07T14:38:06-05:00[America/New_York],2021-02-07T14:39:04-05:00[America/New_York],NA,2021-02-07,52686,Sunday
1811,B,12,2021-02-07T14:39:04-05:00[America/New_York],2021-02-07T14:39:16-05:00[America/New_York],Yes,2021-02-07,52744,Sunday
1811,<A>,53,2021-02-07T14:39:16-05:00[America/New_York],2021-02-07T14:40:09-05:00[America/New_York],Yes,2021-02-07,52756,Sunday
1811,B,12,2021-02-07T14:40:09-05:00[America/New_York],2021-02-07T14:40:21-05:00[America/New_York],Yes,2021-02-07,52809,Sunday
1811,<A>,31,2021-02-07T14:40:21-05:00[America/New_York],2021-02-07T14:40:52-05:00[America/New_York],Yes,2021-02-07,52821,Sunday
1811,B,12,2021-02-07T14:40:52-05:00[America/New_York],2021-02-07T14:41:04-05:00[America/New_York],Yes,2021-02-07,52852,Sunday
1811,<A>,31,2021-02-07T14:41:04-05:00[America/New_York],2021-02-07T14:41:35-05:00[America/New_York],Yes,2021-02-07,52864,Sunday
1811,B,12,2021-02-07T14:41:35-05:00[America/New_York],2021-02-07T14:41:47-05:00[America/New_York],Yes,2021-02-07,52895,Sunday
1811,<A>,69,2021-02-07T14:41:47-05:00[America/New_York],2021-02-07T14:42:56-05:00[America/New_York],NA,2021-02-07,52907,Sunday
1811,B,12,2021-02-07T14:42:56-05:00[America/New_York],2021-02-07T14:43:08-05:00[America/New_York],Yes,2021-02-07,52976,Sunday
1811,<A>,30,2021-02-07T14:43:08-05:00[America/New_York],2021-02-07T14:43:38-05:00[America/New_York],Yes,2021-02-07,52988,Sunday
1811,B,13,2021-02-07T14:43:38-05:00[America/New_York],2021-02-07T14:43:51-05:00[America/New_York],Yes,2021-02-07,53018,Sunday
1811,<A>,162,2021-02-07T14:43:51-05:00[America/New_York],2021-02-07T14:46:33-05:00[America/New_York],NA,2021-02-07,53031,Sunday
1811,B,12,2021-02-07T14:46:33-05:00[America/New_York],2021-02-07T14:46:45-05:00[America/New_York],Yes,2021-02-07,53193,Sunday
1811,<A>,183,2021-02-07T14:46:45-05:00[America/New_York],2021-02-07T14:49:48-05:00[America/New_York],NA,2021-02-07,53205,Sunday
1811,B,12,2021-02-07T14:49:48-05:00[America/New_York],2021-02-07T14:50:00-05:00[America/New_York],Yes,2021-02-07,53388,Sunday
1811,<A>,31,2021-02-07T14:50:00-05:00[America/New_York],2021-02-07T14:50:31-05:00[America/New_York],Yes,2021-02-07,53400,Sunday
1811,B,14,2021-02-07T14:50:31-05:00[America/New_York],2021-02-07T14:50:45-05:00[America/New_York],Yes,2021-02-07,53431,Sunday
1811,<A>,147,2021-02-07T14:50:45-05:00[America/New_York],2021-02-07T14:53:12-05:00[America/New_York],Yes,2021-02-07,53445,Sunday
1811,B,12,2021-02-07T14:53:12-05:00[America/New_York],2021-02-07T14:53:24-05:00[America/New_York],Yes,2021-02-07,53592,Sunday
1811,<A>,31,2021-02-07T14:53:24-05:00[America/New_York],2021-02-07T14:53:55-05:00[America/New_York],Yes,2021-02-07,53604,Sunday
1811,B,15,2021-02-07T14:53:55-05:00[America/New_York],2021-02-07T14:54:10-05:00[America/New_York],Yes,2021-02-07,53635,Sunday
1811,<A>,30,2021-02-07T14:54:10-05:00[America/New_York],2021-02-07T14:54:40-05:00[America/New_York],Yes,2021-02-07,53650,Sunday
1811,B,16,2021-02-07T14:54:40-05:00[America/New_York],2021-02-07T14:54:56-05:00[America/New_York],Yes,2021-02-07,53680,Sunday
1811,<A>,30,2021-02-07T14:54:56-05:00[America/New_York],2021-02-07T14:55:26-05:00[America/New_York],Yes,2021-02-07,53696,Sunday
1811,B,14,2021-02-07T14:55:26-05:00[America/New_York],2021-02-07T14:55:40-05:00[America/New_York],Yes,2021-02-07,53726,Sunday
1811,<A>,30,2021-02-07T14:55:40-05:00[America/New_York],2021-02-07T14:56:10-05:00[America/New_York],Yes,2021-02-07,53740,Sunday
1811,B,13,2021-02-07T14:56:10-05:00[America/New_York],2021-02-07T14:56:23-05:00[America/New_York],Yes,2021-02-07,53770,Sunday
1811,<A>,30,2021-02-07T14:56:23-05:00[America/New_York],2021-02-07T14:56:53-05:00[America/New_York],Yes,2021-02-07,53783,Sunday
1811,B,12,2021-02-07T14:56:53-05:00[America/New_York],2021-02-07T14:57:05-05:00[America/New_York],Yes,2021-02-07,53813,Sunday
1811,<A>,31,2021-02-07T14:57:05-05:00[America/New_York],2021-02-07T14:57:36-05:00[America/New_York],Yes,2021-02-07,53825,Sunday
1811,B,12,2021-02-07T14:57:36-05:00[America/New_York],2021-02-07T14:57:48-05:00[America/New_York],Yes,2021-02-07,53856,Sunday
1811,<A>,30,2021-02-07T14:57:48-05:00[America/New_York],2021-02-07T14:58:18-05:00[America/New_York],Yes,2021-02-07,53868,Sunday
1811,B,13,2021-02-07T14:58:18-05:00[America/New_York],2021-02-07T14:58:31-05:00[America/New_York],Yes,2021-02-07,53898,Sunday
1811,<A>,33,2021-02-07T14:58:31-05:00[America/New_York],2021-02-07T14:59:04-05:00[America/New_York],Yes,2021-02-07,53911,Sunday
1811,B,12,2021-02-07T14:59:04-05:00[America/New_York],2021-02-07T14:59:16-05:00[America/New_York],Yes,2021-02-07,53944,Sunday
1811,<A>,42,2021-02-07T14:59:16-05:00[America/New_York],2021-02-07T14:59:58-05:00[America/New_York],Yes,2021-02-07,53956,Sunday
1811,B,12,2021-02-07T14:59:58-05:00[America/New_York],2021-02-07T15:00:10-05:00[America/New_York],Yes,2021-02-07,53998,Sunday
1811,<A>,30,2021-02-07T15:00:10-05:00[America/New_York],2021-02-07T15:00:40-05:00[America/New_York],Yes,2021-02-07,54010,Sunday
1811,B,13,2021-02-07T15:00:40-05:00[America/New_York],2021-02-07T15:00:53-05:00[America/New_York],Yes,2021-02-07,54040,Sunday
1811,<A>,136,2021-02-07T15:00:53-05:00[America/New_York],2021-02-07T15:03:09-05:00[America/New_York],Yes,2021-02-07,54053,Sunday
1811,B,12,2021-02-07T15:03:09-05:00[America/New_York],2021-02-07T15:03:21-05:00[America/New_York],Yes,2021-02-07,54189,Sunday
1811,<A>,92,2021-02-07T15:03:21-05:00[America/New_York],2021-02-07T15:04:53-05:00[America/New_York],NA,2021-02-07,54201,Sunday
1811,B,14,2021-02-07T15:04:53-05:00[America/New_York],2021-02-07T15:05:07-05:00[America/New_York],Yes,2021-02-07,54293,Sunday
1811,<A>,45,2021-02-07T15:05:07-05:00[America/New_York],2021-02-07T15:05:52-05:00[America/New_York],Yes,2021-02-07,54307,Sunday
1811,B,12,2021-02-07T15:05:52-05:00[America/New_York],2021-02-07T15:06:04-05:00[America/New_York],Yes,2021-02-07,54352,Sunday
1811,<A>,54,2021-02-07T15:06:04-05:00[America/New_York],2021-02-07T15:06:58-05:00[America/New_York],Yes,2021-02-07,54364,Sunday
1811,B,12,2021-02-07T15:06:58-05:00[America/New_York],2021-02-07T15:07:10-05:00[America/New_York],Yes,2021-02-07,54418,Sunday
1811,<A>,31,2021-02-07T15:07:10-05:00[America/New_York],2021-02-07T15:07:41-05:00[America/New_York],Yes,2021-02-07,54430,Sunday
1811,B,19,2021-02-07T15:07:41-05:00[America/New_York],2021-02-07T15:08:00-05:00[America/New_York],Yes,2021-02-07,54461,Sunday
1811,<A>,86,2021-02-07T15:08:00-05:00[America/New_York],2021-02-07T15:09:26-05:00[America/New_York],NA,2021-02-07,54480,Sunday
1811,B,14,2021-02-07T15:09:26-05:00[America/New_York],2021-02-07T15:09:40-05:00[America/New_York],Yes,2021-02-07,54566,Sunday
1811,<A>,30,2021-02-07T15:09:40-05:00[America/New_York],2021-02-07T15:10:10-05:00[America/New_York],Yes,2021-02-07,54580,Sunday
1811,B,14,2021-02-07T15:10:10-05:00[America/New_York],2021-02-07T15:10:24-05:00[America/New_York],Yes,2021-02-07,54610,Sunday
1811,<A>,30,2021-02-07T15:10:24-05:00[America/New_York],2021-02-07T15:10:54-05:00[America/New_York],Yes,2021-02-07,54624,Sunday
1811,B,12,2021-02-07T15:10:54-05:00[America/New_York],2021-02-07T15:11:06-05:00[America/New_York],Yes,2021-02-07,54654,Sunday
1811,<A>,31,2021-02-07T15:11:06-05:00[America/New_York],2021-02-07T15:11:37-05:00[America/New_York],Yes,2021-02-07,54666,Sunday
1811,B,12,2021-02-07T15:11:37-05:00[America/New_York],2021-02-07T15:11:49-05:00[America/New_York],Yes,2021-02-07,54697,Sunday
1811,<A>,143,2021-02-07T15:11:49-05:00[America/New_York],2021-02-07T15:14:12-05:00[America/New_York],Yes,2021-02-07,54709,Sunday
1811,B,12,2021-02-07T15:14:12-05:00[America/New_York],2021-02-07T15:14:24-05:00[America/New_York],Yes,2021-02-07,54852,Sunday
1811,<A>,30,2021-02-07T15:14:24-05:00[America/New_York],2021-02-07T15:14:54-05:00[America/New_York],Yes,2021-02-07,54864,Sunday
1811,B,13,2021-02-07T15:14:54-05:00[America/New_York],2021-02-07T15:15:07-05:00[America/New_York],Yes,2021-02-07,54894,Sunday
1811,<A>,30,2021-02-07T15:15:07-05:00[America/New_York],2021-02-07T15:15:37-05:00[America/New_York],Yes,2021-02-07,54907,Sunday
1811,B,13,2021-02-07T15:15:37-05:00[America/New_York],2021-02-07T15:15:50-05:00[America/New_York],Yes,2021-02-07,54937,Sunday
1811,<A>,77,2021-02-07T15:15:50-05:00[America/New_York],2021-02-07T15:17:07-05:00[America/New_York],NA,2021-02-07,54950,Sunday
1811,B,12,2021-02-07T15:17:07-05:00[America/New_York],2021-02-07T15:17:19-05:00[America/New_York],Yes,2021-02-07,55027,Sunday
1811,<A>,31,2021-02-07T15:17:19-05:00[America/New_York],2021-02-07T15:17:50-05:00[America/New_York],Yes,2021-02-07,55039,Sunday
1811,B,41,2021-02-07T15:17:50-05:00[America/New_York],2021-02-07T15:18:31-05:00[America/New_York],NA,2021-02-07,55070,Sunday
1811,<A>,30,2021-02-07T15:18:31-05:00[America/New_York],2021-02-07T15:19:01-05:00[America/New_York],Yes,2021-02-07,55111,Sunday
1811,B,12,2021-02-07T15:19:01-05:00[America/New_York],2021-02-07T15:19:13-05:00[America/New_York],Yes,2021-02-07,55141,Sunday
1811,<A>,135,2021-02-07T15:19:13-05:00[America/New_York],2021-02-07T15:21:28-05:00[America/New_York],Yes,2021-02-07,55153,Sunday
1811,B,12,2021-02-07T15:21:28-05:00[America/New_York],2021-02-07T15:21:40-05:00[America/New_York],Yes,2021-02-07,55288,Sunday
1811,<A>,32,2021-02-07T15:21:40-05:00[America/New_York],2021-02-07T15:22:12-05:00[America/New_York],Yes,2021-02-07,55300,Sunday
1811,B,12,2021-02-07T15:22:12-05:00[America/New_York],2021-02-07T15:22:24-05:00[America/New_York],Yes,2021-02-07,55332,Sunday
1811,<A>,56,2021-02-07T15:22:24-05:00[America/New_York],2021-02-07T15:23:20-05:00[America/New_York],Yes,2021-02-07,55344,Sunday
1811,B,12,2021-02-07T15:23:20-05:00[America/New_York],2021-02-07T15:23:32-05:00[America/New_York],Yes,2021-02-07,55400,Sunday
1811,<A>,37,2021-02-07T15:23:32-05:00[America/New_York],2021-02-07T15:24:09-05:00[America/New_York],Yes,2021-02-07,55412,Sunday
1811,B,12,2021-02-07T15:24:09-05:00[America/New_York],2021-02-07T15:24:21-05:00[America/New_York],Yes,2021-02-07,55449,Sunday
1811,<A>,75,2021-02-07T15:24:21-05:00[America/New_York],2021-02-07T15:25:36-05:00[America/New_York],NA,2021-02-07,55461,Sunday
1811,B,12,2021-02-07T15:25:36-05:00[America/New_York],2021-02-07T15:25:48-05:00[America/New_York],Yes,2021-02-07,55536,Sunday
1811,<A>,30,2021-02-07T15:25:48-05:00[America/New_York],2021-02-07T15:26:18-05:00[America/New_York],Yes,2021-02-07,55548,Sunday
1811,B,13,2021-02-07T15:26:18-05:00[America/New_York],2021-02-07T15:26:31-05:00[America/New_York],Yes,2021-02-07,55578,Sunday
1811,<A>,96,2021-02-07T15:26:31-05:00[America/New_York],2021-02-07T15:28:07-05:00[America/New_York],NA,2021-02-07,55591,Sunday
1811,B,12,2021-02-07T15:28:07-05:00[America/New_York],2021-02-07T15:28:19-05:00[America/New_York],Yes,2021-02-07,55687,Sunday
1811,<A>,61,2021-02-07T15:28:19-05:00[America/New_York],2021-02-07T15:29:20-05:00[America/New_York],Yes,2021-02-07,55699,Sunday
1811,B,12,2021-02-07T15:29:20-05:00[America/New_York],2021-02-07T15:29:32-05:00[America/New_York],Yes,2021-02-07,55760,Sunday
1811,<A>,30,2021-02-07T15:29:32-05:00[America/New_York],2021-02-07T15:30:02-05:00[America/New_York],Yes,2021-02-07,55772,Sunday
1811,B,13,2021-02-07T15:30:02-05:00[America/New_York],2021-02-07T15:30:15-05:00[America/New_York],Yes,2021-02-07,55802,Sunday
1811,<A>,109,2021-02-07T15:30:15-05:00[America/New_York],2021-02-07T15:32:04-05:00[America/New_York],Yes,2021-02-07,55815,Sunday
1811,B,12,2021-02-07T15:32:04-05:00[America/New_York],2021-02-07T15:32:16-05:00[America/New_York],Yes,2021-02-07,55924,Sunday
1811,<A>,45,2021-02-07T15:32:16-05:00[America/New_York],2021-02-07T15:33:01-05:00[America/New_York],Yes,2021-02-07,55936,Sunday
1811,B,13,2021-02-07T15:33:01-05:00[America/New_York],2021-02-07T15:33:14-05:00[America/New_York],Yes,2021-02-07,55981,Sunday
1811,<A>,43,2021-02-07T15:33:14-05:00[America/New_York],2021-02-07T15:33:57-05:00[America/New_York],Yes,2021-02-07,55994,Sunday
1811,B,12,2021-02-07T15:33:57-05:00[America/New_York],2021-02-07T15:34:09-05:00[America/New_York],Yes,2021-02-07,56037,Sunday
1811,<A>,31,2021-02-07T15:34:09-05:00[America/New_York],2021-02-07T15:34:40-05:00[America/New_York],Yes,2021-02-07,56049,Sunday
1811,B,12,2021-02-07T15:34:40-05:00[America/New_York],2021-02-07T15:34:52-05:00[America/New_York],Yes,2021-02-07,56080,Sunday
1811,<A>,67,2021-02-07T15:34:52-05:00[America/New_York],2021-02-07T15:35:59-05:00[America/New_York],NA,2021-02-07,56092,Sunday
1811,B,12,2021-02-07T15:35:59-05:00[America/New_York],2021-02-07T15:36:11-05:00[America/New_York],Yes,2021-02-07,56159,Sunday
1811,<A>,42,2021-02-07T15:36:11-05:00[America/New_York],2021-02-07T15:36:53-05:00[America/New_York],Yes,2021-02-07,56171,Sunday
1811,B,12,2021-02-07T15:36:53-05:00[America/New_York],2021-02-07T15:37:05-05:00[America/New_York],Yes,2021-02-07,56213,Sunday
1811,<A>,37,2021-02-07T15:37:05-05:00[America/New_York],2021-02-07T15:37:42-05:00[America/New_York],Yes,2021-02-07,56225,Sunday
1811,B,12,2021-02-07T15:37:42-05:00[America/New_York],2021-02-07T15:37:54-05:00[America/New_York],Yes,2021-02-07,56262,Sunday
1811,<A>,31,2021-02-07T15:37:54-05:00[America/New_York],2021-02-07T15:38:25-05:00[America/New_York],Yes,2021-02-07,56274,Sunday
1811,B,14,2021-02-07T15:38:25-05:00[America/New_York],2021-02-07T15:38:39-05:00[America/New_York],Yes,2021-02-07,56305,Sunday
1811,<A>,176,2021-02-07T15:38:39-05:00[America/New_York],2021-02-07T15:41:35-05:00[America/New_York],NA,2021-02-07,56319,Sunday
1811,B,12,2021-02-07T15:41:35-05:00[America/New_York],2021-02-07T15:41:47-05:00[America/New_York],Yes,2021-02-07,56495,Sunday
1811,<A>,30,2021-02-07T15:41:47-05:00[America/New_York],2021-02-07T15:42:17-05:00[America/New_York],Yes,2021-02-07,56507,Sunday
1811,B,13,2021-02-07T15:42:17-05:00[America/New_York],2021-02-07T15:42:30-05:00[America/New_York],Yes,2021-02-07,56537,Sunday
1811,<A>,30,2021-02-07T15:42:30-05:00[America/New_York],2021-02-07T15:43:00-05:00[America/New_York],Yes,2021-02-07,56550,Sunday
1811,B,13,2021-02-07T15:43:00-05:00[America/New_York],2021-02-07T15:43:13-05:00[America/New_York],Yes,2021-02-07,56580,Sunday
1811,<A>,30,2021-02-07T15:43:13-05:00[America/New_York],2021-02-07T15:43:43-05:00[America/New_York],Yes,2021-02-07,56593,Sunday
1811,B,12,2021-02-07T15:43:43-05:00[America/New_York],2021-02-07T15:43:55-05:00[America/New_York],Yes,2021-02-07,56623,Sunday
1811,<A>,31,2021-02-07T15:43:55-05:00[America/New_York],2021-02-07T15:44:26-05:00[America/New_York],Yes,2021-02-07,56635,Sunday
1811,B,12,2021-02-07T15:44:26-05:00[America/New_York],2021-02-07T15:44:38-05:00[America/New_York],Yes,2021-02-07,56666,Sunday
1811,<A>,41,2021-02-07T15:44:38-05:00[America/New_York],2021-02-07T15:45:19-05:00[America/New_York],Yes,2021-02-07,56678,Sunday
1811,B,12,2021-02-07T15:45:19-05:00[America/New_York],2021-02-07T15:45:31-05:00[America/New_York],Yes,2021-02-07,56719,Sunday
1811,<A>,30,2021-02-07T15:45:31-05:00[America/New_York],2021-02-07T15:46:01-05:00[America/New_York],Yes,2021-02-07,56731,Sunday
1811,B,13,2021-02-07T15:46:01-05:00[America/New_York],2021-02-07T15:46:14-05:00[America/New_York],Yes,2021-02-07,56761,Sunday
1811,<A>,30,2021-02-07T15:46:14-05:00[America/New_York],2021-02-07T15:46:44-05:00[America/New_York],Yes,2021-02-07,56774,Sunday
1811,B,13,2021-02-07T15:46:44-05:00[America/New_York],2021-02-07T15:46:57-05:00[America/New_York],Yes,2021-02-07,56804,Sunday
1811,<A>,64,2021-02-07T15:46:57-05:00[America/New_York],2021-02-07T15:48:01-05:00[America/New_York],NA,2021-02-07,56817,Sunday
1811,B,13,2021-02-07T15:48:01-05:00[America/New_York],2021-02-07T15:48:14-05:00[America/New_York],Yes,2021-02-07,56881,Sunday
1811,<A>,32,2021-02-07T15:48:14-05:00[America/New_York],2021-02-07T15:48:46-05:00[America/New_York],Yes,2021-02-07,56894,Sunday
1811,B,12,2021-02-07T15:48:46-05:00[America/New_York],2021-02-07T15:48:58-05:00[America/New_York],Yes,2021-02-07,56926,Sunday
1811,<A>,81,2021-02-07T15:48:58-05:00[America/New_York],2021-02-07T15:50:19-05:00[America/New_York],NA,2021-02-07,56938,Sunday
1811,B,13,2021-02-07T15:50:19-05:00[America/New_York],2021-02-07T15:50:32-05:00[America/New_York],Yes,2021-02-07,57019,Sunday
1811,<A>,30,2021-02-07T15:50:32-05:00[America/New_York],2021-02-07T15:51:02-05:00[America/New_York],Yes,2021-02-07,57032,Sunday
1811,B,13,2021-02-07T15:51:02-05:00[America/New_York],2021-02-07T15:51:15-05:00[America/New_York],Yes,2021-02-07,57062,Sunday
1811,<A>,47,2021-02-07T15:51:15-05:00[America/New_York],2021-02-07T15:52:02-05:00[America/New_York],Yes,2021-02-07,57075,Sunday
1811,B,12,2021-02-07T15:52:02-05:00[America/New_York],2021-02-07T15:52:14-05:00[America/New_York],Yes,2021-02-07,57122,Sunday
1811,<A>,30,2021-02-07T15:52:14-05:00[America/New_York],2021-02-07T15:52:44-05:00[America/New_York],Yes,2021-02-07,57134,Sunday
1811,B,16,2021-02-07T15:52:44-05:00[America/New_York],2021-02-07T15:53:00-05:00[America/New_York],Yes,2021-02-07,57164,Sunday
1811,<A>,41,2021-02-07T15:53:00-05:00[America/New_York],2021-02-07T15:53:41-05:00[America/New_York],Yes,2021-02-07,57180,Sunday
1811,B,12,2021-02-07T15:53:41-05:00[America/New_York],2021-02-07T15:53:53-05:00[America/New_York],Yes,2021-02-07,57221,Sunday
1811,<A>,47,2021-02-07T15:53:53-05:00[America/New_York],2021-02-07T15:54:40-05:00[America/New_York],Yes,2021-02-07,57233,Sunday
1811,B,14,2021-02-07T15:54:40-05:00[America/New_York],2021-02-07T15:54:54-05:00[America/New_York],Yes,2021-02-07,57280,Sunday
1811,<A>,57,2021-02-07T15:54:54-05:00[America/New_York],2021-02-07T15:55:51-05:00[America/New_York],Yes,2021-02-07,57294,Sunday
1811,B,12,2021-02-07T15:55:51-05:00[America/New_York],2021-02-07T15:56:03-05:00[America/New_York],Yes,2021-02-07,57351,Sunday
1811,<A>,83,2021-02-07T15:56:03-05:00[America/New_York],2021-02-07T15:57:26-05:00[America/New_York],NA,2021-02-07,57363,Sunday
1811,B,12,2021-02-07T15:57:26-05:00[America/New_York],2021-02-07T15:57:38-05:00[America/New_York],Yes,2021-02-07,57446,Sunday
1811,<A>,30,2021-02-07T15:57:38-05:00[America/New_York],2021-02-07T15:58:08-05:00[America/New_York],Yes,2021-02-07,57458,Sunday
1811,B,13,2021-02-07T15:58:08-05:00[America/New_York],2021-02-07T15:58:21-05:00[America/New_York],Yes,2021-02-07,57488,Sunday
1811,<A>,30,2021-02-07T15:58:21-05:00[America/New_York],2021-02-07T15:58:51-05:00[America/New_York],Yes,2021-02-07,57501,Sunday
1811,B,13,2021-02-07T15:58:51-05:00[America/New_York],2021-02-07T15:59:04-05:00[America/New_York],Yes,2021-02-07,57531,Sunday
1811,<A>,44,2021-02-07T15:59:04-05:00[America/New_York],2021-02-07T15:59:48-05:00[America/New_York],Yes,2021-02-07,57544,Sunday
1811,B,12,2021-02-07T15:59:48-05:00[America/New_York],2021-02-07T16:00:00-05:00[America/New_York],Yes,2021-02-07,57588,Sunday
1811,<A>,109,2021-02-07T16:00:00-05:00[America/New_York],2021-02-07T16:01:49-05:00[America/New_York],Yes,2021-02-07,57600,Sunday
1811,B,12,2021-02-07T16:01:49-05:00[America/New_York],2021-02-07T16:02:01-05:00[America/New_York],Yes,2021-02-07,57709,Sunday
1811,<A>,118,2021-02-07T16:02:01-05:00[America/New_York],2021-02-07T16:03:59-05:00[America/New_York],Yes,2021-02-07,57721,Sunday
1811,B,12,2021-02-07T16:03:59-05:00[America/New_York],2021-02-07T16:04:11-05:00[America/New_York],Yes,2021-02-07,57839,Sunday
1811,<A>,30,2021-02-07T16:04:11-05:00[America/New_York],2021-02-07T16:04:41-05:00[America/New_York],Yes,2021-02-07,57851,Sunday
1811,B,13,2021-02-07T16:04:41-05:00[America/New_York],2021-02-07T16:04:54-05:00[America/New_York],Yes,2021-02-07,57881,Sunday
1811,<A>,42,2021-02-07T16:04:54-05:00[America/New_York],2021-02-07T16:05:36-05:00[America/New_York],Yes,2021-02-07,57894,Sunday
1811,B,16,2021-02-07T16:05:36-05:00[America/New_York],2021-02-07T16:05:52-05:00[America/New_York],Yes,2021-02-07,57936,Sunday
1811,<A>,31,2021-02-07T16:05:52-05:00[America/New_York],2021-02-07T16:06:23-05:00[America/New_York],Yes,2021-02-07,57952,Sunday
1811,B,12,2021-02-07T16:06:23-05:00[America/New_York],2021-02-07T16:06:35-05:00[America/New_York],Yes,2021-02-07,57983,Sunday
1811,<A>,94,2021-02-07T16:06:35-05:00[America/New_York],2021-02-07T16:08:09-05:00[America/New_York],NA,2021-02-07,57995,Sunday
1811,B,12,2021-02-07T16:08:09-05:00[America/New_York],2021-02-07T16:08:21-05:00[America/New_York],Yes,2021-02-07,58089,Sunday
1811,<A>,60,2021-02-07T16:08:21-05:00[America/New_York],2021-02-07T16:09:21-05:00[America/New_York],Yes,2021-02-07,58101,Sunday
1811,B,13,2021-02-07T16:09:21-05:00[America/New_York],2021-02-07T16:09:34-05:00[America/New_York],Yes,2021-02-07,58161,Sunday
1811,<A>,30,2021-02-07T16:09:34-05:00[America/New_York],2021-02-07T16:10:04-05:00[America/New_York],Yes,2021-02-07,58174,Sunday
1811,B,13,2021-02-07T16:10:04-05:00[America/New_York],2021-02-07T16:10:17-05:00[America/New_York],Yes,2021-02-07,58204,Sunday
1811,<A>,30,2021-02-07T16:10:17-05:00[America/New_York],2021-02-07T16:10:47-05:00[America/New_York],Yes,2021-02-07,58217,Sunday
1811,B,12,2021-02-07T16:10:47-05:00[America/New_York],2021-02-07T16:10:59-05:00[America/New_York],Yes,2021-02-07,58247,Sunday
1811,<A>,31,2021-02-07T16:10:59-05:00[America/New_York],2021-02-07T16:11:30-05:00[America/New_York],Yes,2021-02-07,58259,Sunday
1811,B,12,2021-02-07T16:11:30-05:00[America/New_York],2021-02-07T16:11:42-05:00[America/New_York],Yes,2021-02-07,58290,Sunday
1811,<A>,49,2021-02-07T16:11:42-05:00[America/New_York],2021-02-07T16:12:31-05:00[America/New_York],Yes,2021-02-07,58302,Sunday
1811,B,14,2021-02-07T16:12:31-05:00[America/New_York],2021-02-07T16:12:45-05:00[America/New_York],Yes,2021-02-07,58351,Sunday
1811,<A>,31,2021-02-07T16:12:45-05:00[America/New_York],2021-02-07T16:13:16-05:00[America/New_York],Yes,2021-02-07,58365,Sunday
1811,B,12,2021-02-07T16:13:16-05:00[America/New_York],2021-02-07T16:13:28-05:00[America/New_York],Yes,2021-02-07,58396,Sunday
1811,<A>,30,2021-02-07T16:13:28-05:00[America/New_York],2021-02-07T16:13:58-05:00[America/New_York],Yes,2021-02-07,58408,Sunday
1811,B,13,2021-02-07T16:13:58-05:00[America/New_York],2021-02-07T16:14:11-05:00[America/New_York],Yes,2021-02-07,58438,Sunday
1811,<A>,36,2021-02-07T16:14:11-05:00[America/New_York],2021-02-07T16:14:47-05:00[America/New_York],Yes,2021-02-07,58451,Sunday
1811,B,12,2021-02-07T16:14:47-05:00[America/New_York],2021-02-07T16:14:59-05:00[America/New_York],Yes,2021-02-07,58487,Sunday
1811,<A>,37,2021-02-07T16:14:59-05:00[America/New_York],2021-02-07T16:15:36-05:00[America/New_York],Yes,2021-02-07,58499,Sunday
1811,B,12,2021-02-07T16:15:36-05:00[America/New_York],2021-02-07T16:15:48-05:00[America/New_York],Yes,2021-02-07,58536,Sunday
1811,<A>,41,2021-02-07T16:15:48-05:00[America/New_York],2021-02-07T16:16:29-05:00[America/New_York],Yes,2021-02-07,58548,Sunday
1811,B,12,2021-02-07T16:16:29-05:00[America/New_York],2021-02-07T16:16:41-05:00[America/New_York],Yes,2021-02-07,58589,Sunday
1811,<A>,30,2021-02-07T16:16:41-05:00[America/New_York],2021-02-07T16:17:11-05:00[America/New_York],Yes,2021-02-07,58601,Sunday
1811,B,19,2021-02-07T16:17:11-05:00[America/New_York],2021-02-07T16:17:30-05:00[America/New_York],Yes,2021-02-07,58631,Sunday
1811,<A>,31,2021-02-07T16:17:30-05:00[America/New_York],2021-02-07T16:18:01-05:00[America/New_York],Yes,2021-02-07,58650,Sunday
1811,B,20,2021-02-07T16:18:01-05:00[America/New_York],2021-02-07T16:18:21-05:00[America/New_York],Yes,2021-02-07,58681,Sunday
1811,<A>,30,2021-02-07T16:18:21-05:00[America/New_York],2021-02-07T16:18:51-05:00[America/New_York],Yes,2021-02-07,58701,Sunday
1811,B,12,2021-02-07T16:18:51-05:00[America/New_York],2021-02-07T16:19:03-05:00[America/New_York],Yes,2021-02-07,58731,Sunday
1811,<A>,143,2021-02-07T16:19:03-05:00[America/New_York],2021-02-07T16:21:26-05:00[America/New_York],Yes,2021-02-07,58743,Sunday
1811,B,12,2021-02-07T16:21:26-05:00[America/New_York],2021-02-07T16:21:38-05:00[America/New_York],Yes,2021-02-07,58886,Sunday
1811,<A>,30,2021-02-07T16:21:38-05:00[America/New_York],2021-02-07T16:22:08-05:00[America/New_York],Yes,2021-02-07,58898,Sunday
1811,B,13,2021-02-07T16:22:08-05:00[America/New_York],2021-02-07T16:22:21-05:00[America/New_York],Yes,2021-02-07,58928,Sunday
1811,<A>,30,2021-02-07T16:22:21-05:00[America/New_York],2021-02-07T16:22:51-05:00[America/New_York],Yes,2021-02-07,58941,Sunday
1811,B,13,2021-02-07T16:22:51-05:00[America/New_York],2021-02-07T16:23:04-05:00[America/New_York],Yes,2021-02-07,58971,Sunday
1811,<A>,30,2021-02-07T16:23:04-05:00[America/New_York],2021-02-07T16:23:34-05:00[America/New_York],Yes,2021-02-07,58984,Sunday
1811,B,12,2021-02-07T16:23:34-05:00[America/New_York],2021-02-07T16:23:46-05:00[America/New_York],Yes,2021-02-07,59014,Sunday
1811,<A>,37,2021-02-07T16:23:46-05:00[America/New_York],2021-02-07T16:24:23-05:00[America/New_York],Yes,2021-02-07,59026,Sunday
1811,B,12,2021-02-07T16:24:23-05:00[America/New_York],2021-02-07T16:24:35-05:00[America/New_York],Yes,2021-02-07,59063,Sunday
1811,<A>,30,2021-02-07T16:24:35-05:00[America/New_York],2021-02-07T16:25:05-05:00[America/New_York],Yes,2021-02-07,59075,Sunday
1811,B,13,2021-02-07T16:25:05-05:00[America/New_York],2021-02-07T16:25:18-05:00[America/New_York],Yes,2021-02-07,59105,Sunday
1811,<A>,30,2021-02-07T16:25:18-05:00[America/New_York],2021-02-07T16:25:48-05:00[America/New_York],Yes,2021-02-07,59118,Sunday
1811,B,13,2021-02-07T16:25:48-05:00[America/New_York],2021-02-07T16:26:01-05:00[America/New_York],Yes,2021-02-07,59148,Sunday
1811,<A>,58,2021-02-07T16:26:01-05:00[America/New_York],2021-02-07T16:26:59-05:00[America/New_York],Yes,2021-02-07,59161,Sunday
1811,B,12,2021-02-07T16:26:59-05:00[America/New_York],2021-02-07T16:27:11-05:00[America/New_York],Yes,2021-02-07,59219,Sunday
1811,<A>,31,2021-02-07T16:27:11-05:00[America/New_York],2021-02-07T16:27:42-05:00[America/New_York],Yes,2021-02-07,59231,Sunday
1811,B,12,2021-02-07T16:27:42-05:00[America/New_York],2021-02-07T16:27:54-05:00[America/New_York],Yes,2021-02-07,59262,Sunday
1811,<A>,40,2021-02-07T16:27:54-05:00[America/New_York],2021-02-07T16:28:34-05:00[America/New_York],Yes,2021-02-07,59274,Sunday
1811,B,16,2021-02-07T16:28:34-05:00[America/New_York],2021-02-07T16:28:50-05:00[America/New_York],Yes,2021-02-07,59314,Sunday
1811,<A>,73,2021-02-07T16:28:50-05:00[America/New_York],2021-02-07T16:30:03-05:00[America/New_York],NA,2021-02-07,59330,Sunday
1811,B,29,2021-02-07T16:30:03-05:00[America/New_York],2021-02-07T16:30:32-05:00[America/New_York],NA,2021-02-07,59403,Sunday
1811,<A>,30,2021-02-07T16:30:32-05:00[America/New_York],2021-02-07T16:31:02-05:00[America/New_York],Yes,2021-02-07,59432,Sunday
1811,B,12,2021-02-07T16:31:02-05:00[America/New_York],2021-02-07T16:31:14-05:00[America/New_York],Yes,2021-02-07,59462,Sunday
1811,<A>,34,2021-02-07T16:31:14-05:00[America/New_York],2021-02-07T16:31:48-05:00[America/New_York],Yes,2021-02-07,59474,Sunday
1811,B,12,2021-02-07T16:31:48-05:00[America/New_York],2021-02-07T16:32:00-05:00[America/New_York],Yes,2021-02-07,59508,Sunday
1811,<A>,66,2021-02-07T16:32:00-05:00[America/New_York],2021-02-07T16:33:06-05:00[America/New_York],NA,2021-02-07,59520,Sunday
1811,B,12,2021-02-07T16:33:06-05:00[America/New_York],2021-02-07T16:33:18-05:00[America/New_York],Yes,2021-02-07,59586,Sunday
1811,<A>,30,2021-02-07T16:33:18-05:00[America/New_York],2021-02-07T16:33:48-05:00[America/New_York],Yes,2021-02-07,59598,Sunday
1811,B,14,2021-02-07T16:33:48-05:00[America/New_York],2021-02-07T16:34:02-05:00[America/New_York],Yes,2021-02-07,59628,Sunday
1811,<A>,57,2021-02-07T16:34:02-05:00[America/New_York],2021-02-07T16:34:59-05:00[America/New_York],Yes,2021-02-07,59642,Sunday
1811,B,12,2021-02-07T16:34:59-05:00[America/New_York],2021-02-07T16:35:11-05:00[America/New_York],Yes,2021-02-07,59699,Sunday
1811,<A>,89,2021-02-07T16:35:11-05:00[America/New_York],2021-02-07T16:36:40-05:00[America/New_York],Yes,2021-02-07,59711,Sunday
1811,B,13,2021-02-07T16:36:40-05:00[America/New_York],2021-02-07T16:36:53-05:00[America/New_York],Yes,2021-02-07,59800,Sunday
1811,<A>,31,2021-02-07T16:36:53-05:00[America/New_York],2021-02-07T16:37:24-05:00[America/New_York],Yes,2021-02-07,59813,Sunday
1811,B,19,2021-02-07T16:37:24-05:00[America/New_York],2021-02-07T16:37:43-05:00[America/New_York],Yes,2021-02-07,59844,Sunday
1811,<A>,30,2021-02-07T16:37:43-05:00[America/New_York],2021-02-07T16:38:13-05:00[America/New_York],Yes,2021-02-07,59863,Sunday
1811,B,13,2021-02-07T16:38:13-05:00[America/New_York],2021-02-07T16:38:26-05:00[America/New_York],Yes,2021-02-07,59893,Sunday
1811,<A>,53,2021-02-07T16:38:26-05:00[America/New_York],2021-02-07T16:39:19-05:00[America/New_York],Yes,2021-02-07,59906,Sunday
1811,B,12,2021-02-07T16:39:19-05:00[America/New_York],2021-02-07T16:39:31-05:00[America/New_York],Yes,2021-02-07,59959,Sunday
1811,<A>,64,2021-02-07T16:39:31-05:00[America/New_York],2021-02-07T16:40:35-05:00[America/New_York],Yes,2021-02-07,59971,Sunday
1811,B,13,2021-02-07T16:40:35-05:00[America/New_York],2021-02-07T16:40:48-05:00[America/New_York],Yes,2021-02-07,60035,Sunday
1811,<A>,45,2021-02-07T16:40:48-05:00[America/New_York],2021-02-07T16:41:33-05:00[America/New_York],Yes,2021-02-07,60048,Sunday
1811,B,12,2021-02-07T16:41:33-05:00[America/New_York],2021-02-07T16:41:45-05:00[America/New_York],Yes,2021-02-07,60093,Sunday
1811,<A>,30,2021-02-07T16:41:45-05:00[America/New_York],2021-02-07T16:42:15-05:00[America/New_York],Yes,2021-02-07,60105,Sunday
1811,B,20,2021-02-07T16:42:15-05:00[America/New_York],2021-02-07T16:42:35-05:00[America/New_York],Yes,2021-02-07,60135,Sunday
1811,<A>,36,2021-02-07T16:42:35-05:00[America/New_York],2021-02-07T16:43:11-05:00[America/New_York],Yes,2021-02-07,60155,Sunday
1811,B,20,2021-02-07T16:43:11-05:00[America/New_York],2021-02-07T16:43:31-05:00[America/New_York],Yes,2021-02-07,60191,Sunday
1811,<A>,31,2021-02-07T16:43:31-05:00[America/New_York],2021-02-07T16:44:02-05:00[America/New_York],Yes,2021-02-07,60211,Sunday
1811,B,12,2021-02-07T16:44:02-05:00[America/New_York],2021-02-07T16:44:14-05:00[America/New_York],Yes,2021-02-07,60242,Sunday
1811,<A>,31,2021-02-07T16:44:14-05:00[America/New_York],2021-02-07T16:44:45-05:00[America/New_York],Yes,2021-02-07,60254,Sunday
1811,B,15,2021-02-07T16:44:45-05:00[America/New_York],2021-02-07T16:45:00-05:00[America/New_York],Yes,2021-02-07,60285,Sunday
1811,<A>,42,2021-02-07T16:45:00-05:00[America/New_York],2021-02-07T16:45:42-05:00[America/New_York],Yes,2021-02-07,60300,Sunday
1811,B,12,2021-02-07T16:45:42-05:00[America/New_York],2021-02-07T16:45:54-05:00[America/New_York],Yes,2021-02-07,60342,Sunday
1811,<A>,33,2021-02-07T16:45:54-05:00[America/New_York],2021-02-07T16:46:27-05:00[America/New_York],Yes,2021-02-07,60354,Sunday
1811,B,12,2021-02-07T16:46:27-05:00[America/New_York],2021-02-07T16:46:39-05:00[America/New_York],Yes,2021-02-07,60387,Sunday
1811,<A>,41,2021-02-07T16:46:39-05:00[America/New_York],2021-02-07T16:47:20-05:00[America/New_York],Yes,2021-02-07,60399,Sunday
1811,B,13,2021-02-07T16:47:20-05:00[America/New_York],2021-02-07T16:47:33-05:00[America/New_York],Yes,2021-02-07,60440,Sunday
1811,<A>,94,2021-02-07T16:47:33-05:00[America/New_York],2021-02-07T16:49:07-05:00[America/New_York],NA,2021-02-07,60453,Sunday
1811,B,12,2021-02-07T16:49:07-05:00[America/New_York],2021-02-07T16:49:19-05:00[America/New_York],Yes,2021-02-07,60547,Sunday
1811,<A>,64,2021-02-07T16:49:19-05:00[America/New_York],2021-02-07T16:50:23-05:00[America/New_York],Yes,2021-02-07,60559,Sunday
1811,B,12,2021-02-07T16:50:23-05:00[America/New_York],2021-02-07T16:50:35-05:00[America/New_York],Yes,2021-02-07,60623,Sunday
1811,<A>,33,2021-02-07T16:50:35-05:00[America/New_York],2021-02-07T16:51:08-05:00[America/New_York],Yes,2021-02-07,60635,Sunday
1811,B,14,2021-02-07T16:51:08-05:00[America/New_York],2021-02-07T16:51:22-05:00[America/New_York],Yes,2021-02-07,60668,Sunday
1811,<A>,30,2021-02-07T16:51:22-05:00[America/New_York],2021-02-07T16:51:52-05:00[America/New_York],Yes,2021-02-07,60682,Sunday
1811,B,15,2021-02-07T16:51:52-05:00[America/New_York],2021-02-07T16:52:07-05:00[America/New_York],Yes,2021-02-07,60712,Sunday
1811,<A>,30,2021-02-07T16:52:07-05:00[America/New_York],2021-02-07T16:52:37-05:00[America/New_York],Yes,2021-02-07,60727,Sunday
1811,B,13,2021-02-07T16:52:37-05:00[America/New_York],2021-02-07T16:52:50-05:00[America/New_York],Yes,2021-02-07,60757,Sunday
1811,<A>,75,2021-02-07T16:52:50-05:00[America/New_York],2021-02-07T16:54:05-05:00[America/New_York],NA,2021-02-07,60770,Sunday
1811,B,12,2021-02-07T16:54:05-05:00[America/New_York],2021-02-07T16:54:17-05:00[America/New_York],Yes,2021-02-07,60845,Sunday
1811,<A>,30,2021-02-07T16:54:17-05:00[America/New_York],2021-02-07T16:54:47-05:00[America/New_York],Yes,2021-02-07,60857,Sunday
1811,B,13,2021-02-07T16:54:47-05:00[America/New_York],2021-02-07T16:55:00-05:00[America/New_York],Yes,2021-02-07,60887,Sunday
1811,<A>,30,2021-02-07T16:55:00-05:00[America/New_York],2021-02-07T16:55:30-05:00[America/New_York],Yes,2021-02-07,60900,Sunday
1811,B,14,2021-02-07T16:55:30-05:00[America/New_York],2021-02-07T16:55:44-05:00[America/New_York],Yes,2021-02-07,60930,Sunday
1811,<A>,52,2021-02-07T16:55:44-05:00[America/New_York],2021-02-07T16:56:36-05:00[America/New_York],Yes,2021-02-07,60944,Sunday
1811,B,12,2021-02-07T16:56:36-05:00[America/New_York],2021-02-07T16:56:48-05:00[America/New_York],Yes,2021-02-07,60996,Sunday
1811,<A>,82,2021-02-07T16:56:48-05:00[America/New_York],2021-02-07T16:58:10-05:00[America/New_York],NA,2021-02-07,61008,Sunday
1811,B,12,2021-02-07T16:58:10-05:00[America/New_York],2021-02-07T16:58:22-05:00[America/New_York],Yes,2021-02-07,61090,Sunday
1811,<A>,30,2021-02-07T16:58:22-05:00[America/New_York],2021-02-07T16:58:52-05:00[America/New_York],Yes,2021-02-07,61102,Sunday
1811,B,13,2021-02-07T16:58:52-05:00[America/New_York],2021-02-07T16:59:05-05:00[America/New_York],Yes,2021-02-07,61132,Sunday
1811,<A>,38,2021-02-07T16:59:05-05:00[America/New_York],2021-02-07T16:59:43-05:00[America/New_York],Yes,2021-02-07,61145,Sunday
1811,B,12,2021-02-07T16:59:43-05:00[America/New_York],2021-02-07T16:59:55-05:00[America/New_York],Yes,2021-02-07,61183,Sunday
1811,<A>,31,2021-02-07T16:59:55-05:00[America/New_York],2021-02-07T17:00:26-05:00[America/New_York],Yes,2021-02-07,61195,Sunday
1811,B,12,2021-02-07T17:00:26-05:00[America/New_York],2021-02-07T17:00:38-05:00[America/New_York],Yes,2021-02-07,61226,Sunday
1811,<A>,124,2021-02-07T17:00:38-05:00[America/New_York],2021-02-07T17:02:42-05:00[America/New_York],Yes,2021-02-07,61238,Sunday
1811,B,12,2021-02-07T17:02:42-05:00[America/New_York],2021-02-07T17:02:54-05:00[America/New_York],Yes,2021-02-07,61362,Sunday
1811,<A>,30,2021-02-07T17:02:54-05:00[America/New_York],2021-02-07T17:03:24-05:00[America/New_York],Yes,2021-02-07,61374,Sunday
1811,B,13,2021-02-07T17:03:24-05:00[America/New_York],2021-02-07T17:03:37-05:00[America/New_York],Yes,2021-02-07,61404,Sunday
1811,<A>,30,2021-02-07T17:03:37-05:00[America/New_York],2021-02-07T17:04:07-05:00[America/New_York],Yes,2021-02-07,61417,Sunday
1811,B,13,2021-02-07T17:04:07-05:00[America/New_York],2021-02-07T17:04:20-05:00[America/New_York],Yes,2021-02-07,61447,Sunday
1811,<A>,36,2021-02-07T17:04:20-05:00[America/New_York],2021-02-07T17:04:56-05:00[America/New_York],Yes,2021-02-07,61460,Sunday
1811,B,12,2021-02-07T17:04:56-05:00[America/New_York],2021-02-07T17:05:08-05:00[America/New_York],Yes,2021-02-07,61496,Sunday
1811,<A>,30,2021-02-07T17:05:08-05:00[America/New_York],2021-02-07T17:05:38-05:00[America/New_York],Yes,2021-02-07,61508,Sunday
1811,B,13,2021-02-07T17:05:38-05:00[America/New_York],2021-02-07T17:05:51-05:00[America/New_York],Yes,2021-02-07,61538,Sunday
1811,<A>,30,2021-02-07T17:05:51-05:00[America/New_York],2021-02-07T17:06:21-05:00[America/New_York],Yes,2021-02-07,61551,Sunday
1811,B,13,2021-02-07T17:06:21-05:00[America/New_York],2021-02-07T17:06:34-05:00[America/New_York],Yes,2021-02-07,61581,Sunday
1811,<A>,30,2021-02-07T17:06:34-05:00[America/New_York],2021-02-07T17:07:04-05:00[America/New_York],Yes,2021-02-07,61594,Sunday
1811,B,13,2021-02-07T17:07:04-05:00[America/New_York],2021-02-07T17:07:17-05:00[America/New_York],Yes,2021-02-07,61624,Sunday
1811,<A>,49,2021-02-07T17:07:17-05:00[America/New_York],2021-02-07T17:08:06-05:00[America/New_York],Yes,2021-02-07,61637,Sunday
1811,B,12,2021-02-07T17:08:06-05:00[America/New_York],2021-02-07T17:08:18-05:00[America/New_York],Yes,2021-02-07,61686,Sunday
1811,<A>,31,2021-02-07T17:08:18-05:00[America/New_York],2021-02-07T17:08:49-05:00[America/New_York],Yes,2021-02-07,61698,Sunday
1811,B,12,2021-02-07T17:08:49-05:00[America/New_York],2021-02-07T17:09:01-05:00[America/New_York],Yes,2021-02-07,61729,Sunday
1811,<A>,30,2021-02-07T17:09:01-05:00[America/New_York],2021-02-07T17:09:31-05:00[America/New_York],Yes,2021-02-07,61741,Sunday
1811,B,21,2021-02-07T17:09:31-05:00[America/New_York],2021-02-07T17:09:52-05:00[America/New_York],Yes,2021-02-07,61771,Sunday
1811,<A>,30,2021-02-07T17:09:52-05:00[America/New_York],2021-02-07T17:10:22-05:00[America/New_York],Yes,2021-02-07,61792,Sunday
1811,B,12,2021-02-07T17:10:22-05:00[America/New_York],2021-02-07T17:10:34-05:00[America/New_York],Yes,2021-02-07,61822,Sunday
1811,<A>,32,2021-02-07T17:10:34-05:00[America/New_York],2021-02-07T17:11:06-05:00[America/New_York],Yes,2021-02-07,61834,Sunday
1811,B,12,2021-02-07T17:11:06-05:00[America/New_York],2021-02-07T17:11:18-05:00[America/New_York],Yes,2021-02-07,61866,Sunday
1811,<A>,65,2021-02-07T17:11:18-05:00[America/New_York],2021-02-07T17:12:23-05:00[America/New_York],NA,2021-02-07,61878,Sunday
1811,B,12,2021-02-07T17:12:23-05:00[America/New_York],2021-02-07T17:12:35-05:00[America/New_York],Yes,2021-02-07,61943,Sunday
1811,<A>,30,2021-02-07T17:12:35-05:00[America/New_York],2021-02-07T17:13:05-05:00[America/New_York],Yes,2021-02-07,61955,Sunday
1811,B,13,2021-02-07T17:13:05-05:00[America/New_York],2021-02-07T17:13:18-05:00[America/New_York],Yes,2021-02-07,61985,Sunday
1811,<A>,44,2021-02-07T17:13:18-05:00[America/New_York],2021-02-07T17:14:02-05:00[America/New_York],Yes,2021-02-07,61998,Sunday
1811,B,12,2021-02-07T17:14:02-05:00[America/New_York],2021-02-07T17:14:14-05:00[America/New_York],Yes,2021-02-07,62042,Sunday
1811,<A>,30,2021-02-07T17:14:14-05:00[America/New_York],2021-02-07T17:14:44-05:00[America/New_York],Yes,2021-02-07,62054,Sunday
1811,B,13,2021-02-07T17:14:44-05:00[America/New_York],2021-02-07T17:14:57-05:00[America/New_York],Yes,2021-02-07,62084,Sunday
1811,<A>,65,2021-02-07T17:14:57-05:00[America/New_York],2021-02-07T17:16:02-05:00[America/New_York],NA,2021-02-07,62097,Sunday
1811,B,19,2021-02-07T17:16:02-05:00[America/New_York],2021-02-07T17:16:21-05:00[America/New_York],Yes,2021-02-07,62162,Sunday
1811,<A>,43,2021-02-07T17:16:21-05:00[America/New_York],2021-02-07T17:17:04-05:00[America/New_York],Yes,2021-02-07,62181,Sunday
1811,B,12,2021-02-07T17:17:04-05:00[America/New_York],2021-02-07T17:17:16-05:00[America/New_York],Yes,2021-02-07,62224,Sunday
1811,<A>,65,2021-02-07T17:17:16-05:00[America/New_York],2021-02-07T17:18:21-05:00[America/New_York],NA,2021-02-07,62236,Sunday
1811,B,12,2021-02-07T17:18:21-05:00[America/New_York],2021-02-07T17:18:33-05:00[America/New_York],Yes,2021-02-07,62301,Sunday
1811,<A>,30,2021-02-07T17:18:33-05:00[America/New_York],2021-02-07T17:19:03-05:00[America/New_York],Yes,2021-02-07,62313,Sunday
1811,B,13,2021-02-07T17:19:03-05:00[America/New_York],2021-02-07T17:19:16-05:00[America/New_York],Yes,2021-02-07,62343,Sunday
1811,<A>,30,2021-02-07T17:19:16-05:00[America/New_York],2021-02-07T17:19:46-05:00[America/New_York],Yes,2021-02-07,62356,Sunday
1811,B,13,2021-02-07T17:19:46-05:00[America/New_York],2021-02-07T17:19:59-05:00[America/New_York],Yes,2021-02-07,62386,Sunday
1811,<A>,34,2021-02-07T17:19:59-05:00[America/New_York],2021-02-07T17:20:33-05:00[America/New_York],Yes,2021-02-07,62399,Sunday
1811,B,12,2021-02-07T17:20:33-05:00[America/New_York],2021-02-07T17:20:45-05:00[America/New_York],Yes,2021-02-07,62433,Sunday
1811,<A>,46,2021-02-07T17:20:45-05:00[America/New_York],2021-02-07T17:21:31-05:00[America/New_York],Yes,2021-02-07,62445,Sunday
1811,B,12,2021-02-07T17:21:31-05:00[America/New_York],2021-02-07T17:21:43-05:00[America/New_York],Yes,2021-02-07,62491,Sunday
1811,<A>,79,2021-02-07T17:21:43-05:00[America/New_York],2021-02-07T17:23:02-05:00[America/New_York],NA,2021-02-07,62503,Sunday
1811,B,12,2021-02-07T17:23:02-05:00[America/New_York],2021-02-07T17:23:14-05:00[America/New_York],Yes,2021-02-07,62582,Sunday
1811,<A>,32,2021-02-07T17:23:14-05:00[America/New_York],2021-02-07T17:23:46-05:00[America/New_York],Yes,2021-02-07,62594,Sunday
1811,B,12,2021-02-07T17:23:46-05:00[America/New_York],2021-02-07T17:23:58-05:00[America/New_York],Yes,2021-02-07,62626,Sunday
1811,<A>,51,2021-02-07T17:23:58-05:00[America/New_York],2021-02-07T17:24:49-05:00[America/New_York],Yes,2021-02-07,62638,Sunday
1811,B,12,2021-02-07T17:24:49-05:00[America/New_York],2021-02-07T17:25:01-05:00[America/New_York],Yes,2021-02-07,62689,Sunday
1811,<A>,34,2021-02-07T17:25:01-05:00[America/New_York],2021-02-07T17:25:35-05:00[America/New_York],Yes,2021-02-07,62701,Sunday
1811,B,12,2021-02-07T17:25:35-05:00[America/New_York],2021-02-07T17:25:47-05:00[America/New_York],Yes,2021-02-07,62735,Sunday
1811,<A>,38,2021-02-07T17:25:47-05:00[America/New_York],2021-02-07T17:26:25-05:00[America/New_York],Yes,2021-02-07,62747,Sunday
1811,B,12,2021-02-07T17:26:25-05:00[America/New_York],2021-02-07T17:26:37-05:00[America/New_York],Yes,2021-02-07,62785,Sunday
1811,<A>,30,2021-02-07T17:26:37-05:00[America/New_York],2021-02-07T17:27:07-05:00[America/New_York],Yes,2021-02-07,62797,Sunday
1811,B,13,2021-02-07T17:27:07-05:00[America/New_York],2021-02-07T17:27:20-05:00[America/New_York],Yes,2021-02-07,62827,Sunday
1811,<A>,40,2021-02-07T17:27:20-05:00[America/New_York],2021-02-07T17:28:00-05:00[America/New_York],Yes,2021-02-07,62840,Sunday
1811,B,12,2021-02-07T17:28:00-05:00[America/New_York],2021-02-07T17:28:12-05:00[America/New_York],Yes,2021-02-07,62880,Sunday
1811,<A>,30,2021-02-07T17:28:12-05:00[America/New_York],2021-02-07T17:28:42-05:00[America/New_York],Yes,2021-02-07,62892,Sunday
1811,B,13,2021-02-07T17:28:42-05:00[America/New_York],2021-02-07T17:28:55-05:00[America/New_York],Yes,2021-02-07,62922,Sunday
1811,<A>,30,2021-02-07T17:28:55-05:00[America/New_York],2021-02-07T17:29:25-05:00[America/New_York],Yes,2021-02-07,62935,Sunday
1811,B,14,2021-02-07T17:29:25-05:00[America/New_York],2021-02-07T17:29:39-05:00[America/New_York],Yes,2021-02-07,62965,Sunday
1811,<A>,30,2021-02-07T17:29:39-05:00[America/New_York],2021-02-07T17:30:09-05:00[America/New_York],Yes,2021-02-07,62979,Sunday
1811,B,13,2021-02-07T17:30:09-05:00[America/New_York],2021-02-07T17:30:22-05:00[America/New_York],Yes,2021-02-07,63009,Sunday
1811,<A>,30,2021-02-07T17:30:22-05:00[America/New_York],2021-02-07T17:30:52-05:00[America/New_York],Yes,2021-02-07,63022,Sunday
1811,B,12,2021-02-07T17:30:52-05:00[America/New_York],2021-02-07T17:31:04-05:00[America/New_York],Yes,2021-02-07,63052,Sunday
1811,<A>,64,2021-02-07T17:31:04-05:00[America/New_York],2021-02-07T17:32:08-05:00[America/New_York],Yes,2021-02-07,63064,Sunday
1811,B,17,2021-02-07T17:32:08-05:00[America/New_York],2021-02-07T17:32:25-05:00[America/New_York],Yes,2021-02-07,63128,Sunday
1811,<A>,30,2021-02-07T17:32:25-05:00[America/New_York],2021-02-07T17:32:55-05:00[America/New_York],Yes,2021-02-07,63145,Sunday
1811,B,17,2021-02-07T17:32:55-05:00[America/New_York],2021-02-07T17:33:12-05:00[America/New_York],Yes,2021-02-07,63175,Sunday
1811,<A>,31,2021-02-07T17:33:12-05:00[America/New_York],2021-02-07T17:33:43-05:00[America/New_York],Yes,2021-02-07,63192,Sunday
1811,B,12,2021-02-07T17:33:43-05:00[America/New_York],2021-02-07T17:33:55-05:00[America/New_York],Yes,2021-02-07,63223,Sunday
1811,<A>,30,2021-02-07T17:33:55-05:00[America/New_York],2021-02-07T17:34:25-05:00[America/New_York],Yes,2021-02-07,63235,Sunday
1811,B,13,2021-02-07T17:34:25-05:00[America/New_York],2021-02-07T17:34:38-05:00[America/New_York],Yes,2021-02-07,63265,Sunday
1811,<A>,102,2021-02-07T17:34:38-05:00[America/New_York],2021-02-07T17:36:20-05:00[America/New_York],NA,2021-02-07,63278,Sunday
1811,B,12,2021-02-07T17:36:20-05:00[America/New_York],2021-02-07T17:36:32-05:00[America/New_York],Yes,2021-02-07,63380,Sunday
1811,<A>,41,2021-02-07T17:36:32-05:00[America/New_York],2021-02-07T17:37:13-05:00[America/New_York],Yes,2021-02-07,63392,Sunday
1811,B,12,2021-02-07T17:37:13-05:00[America/New_York],2021-02-07T17:37:25-05:00[America/New_York],Yes,2021-02-07,63433,Sunday
1811,<A>,69,2021-02-07T17:37:25-05:00[America/New_York],2021-02-07T17:38:34-05:00[America/New_York],NA,2021-02-07,63445,Sunday
1811,B,12,2021-02-07T17:38:34-05:00[America/New_York],2021-02-07T17:38:46-05:00[America/New_York],Yes,2021-02-07,63514,Sunday
1811,<A>,31,2021-02-07T17:38:46-05:00[America/New_York],2021-02-07T17:39:17-05:00[America/New_York],Yes,2021-02-07,63526,Sunday
1811,B,12,2021-02-07T17:39:17-05:00[America/New_York],2021-02-07T17:39:29-05:00[America/New_York],Yes,2021-02-07,63557,Sunday
1811,<A>,63,2021-02-07T17:39:29-05:00[America/New_York],2021-02-07T17:40:32-05:00[America/New_York],Yes,2021-02-07,63569,Sunday
1811,B,12,2021-02-07T17:40:32-05:00[America/New_York],2021-02-07T17:40:44-05:00[America/New_York],Yes,2021-02-07,63632,Sunday
1811,<A>,30,2021-02-07T17:40:44-05:00[America/New_York],2021-02-07T17:41:14-05:00[America/New_York],Yes,2021-02-07,63644,Sunday
1811,B,13,2021-02-07T17:41:14-05:00[America/New_York],2021-02-07T17:41:27-05:00[America/New_York],Yes,2021-02-07,63674,Sunday
1811,<A>,50,2021-02-07T17:41:27-05:00[America/New_York],2021-02-07T17:42:17-05:00[America/New_York],Yes,2021-02-07,63687,Sunday
1811,B,12,2021-02-07T17:42:17-05:00[America/New_York],2021-02-07T17:42:29-05:00[America/New_York],Yes,2021-02-07,63737,Sunday
1811,<A>,30,2021-02-07T17:42:29-05:00[America/New_York],2021-02-07T17:42:59-05:00[America/New_York],Yes,2021-02-07,63749,Sunday
1811,B,13,2021-02-07T17:42:59-05:00[America/New_York],2021-02-07T17:43:12-05:00[America/New_York],Yes,2021-02-07,63779,Sunday
1811,<A>,30,2021-02-07T17:43:12-05:00[America/New_York],2021-02-07T17:43:42-05:00[America/New_York],Yes,2021-02-07,63792,Sunday
1811,B,13,2021-02-07T17:43:42-05:00[America/New_York],2021-02-07T17:43:55-05:00[America/New_York],Yes,2021-02-07,63822,Sunday
1811,<A>,30,2021-02-07T17:43:55-05:00[America/New_York],2021-02-07T17:44:25-05:00[America/New_York],Yes,2021-02-07,63835,Sunday
1811,B,15,2021-02-07T17:44:25-05:00[America/New_York],2021-02-07T17:44:40-05:00[America/New_York],Yes,2021-02-07,63865,Sunday
1811,<A>,80,2021-02-07T17:44:40-05:00[America/New_York],2021-02-07T17:46:00-05:00[America/New_York],NA,2021-02-07,63880,Sunday
1811,B,12,2021-02-07T17:46:00-05:00[America/New_York],2021-02-07T17:46:12-05:00[America/New_York],Yes,2021-02-07,63960,Sunday
1811,<A>,82,2021-02-07T17:46:12-05:00[America/New_York],2021-02-07T17:47:34-05:00[America/New_York],NA,2021-02-07,63972,Sunday
1811,B,13,2021-02-07T17:47:34-05:00[America/New_York],2021-02-07T17:47:47-05:00[America/New_York],Yes,2021-02-07,64054,Sunday
1811,<A>,30,2021-02-07T17:47:47-05:00[America/New_York],2021-02-07T17:48:17-05:00[America/New_York],Yes,2021-02-07,64067,Sunday
1811,B,12,2021-02-07T17:48:17-05:00[America/New_York],2021-02-07T17:48:29-05:00[America/New_York],Yes,2021-02-07,64097,Sunday
1811,<A>,37,2021-02-07T17:48:29-05:00[America/New_York],2021-02-07T17:49:06-05:00[America/New_York],Yes,2021-02-07,64109,Sunday
1811,B,13,2021-02-07T17:49:06-05:00[America/New_York],2021-02-07T17:49:19-05:00[America/New_York],Yes,2021-02-07,64146,Sunday
1811,<A>,69,2021-02-07T17:49:19-05:00[America/New_York],2021-02-07T17:50:28-05:00[America/New_York],NA,2021-02-07,64159,Sunday
1811,B,12,2021-02-07T17:50:28-05:00[America/New_York],2021-02-07T17:50:40-05:00[America/New_York],Yes,2021-02-07,64228,Sunday
1811,<A>,31,2021-02-07T17:50:40-05:00[America/New_York],2021-02-07T17:51:11-05:00[America/New_York],Yes,2021-02-07,64240,Sunday
1811,B,12,2021-02-07T17:51:11-05:00[America/New_York],2021-02-07T17:51:23-05:00[America/New_York],Yes,2021-02-07,64271,Sunday
1811,<A>,30,2021-02-07T17:51:23-05:00[America/New_York],2021-02-07T17:51:53-05:00[America/New_York],Yes,2021-02-07,64283,Sunday
1811,B,13,2021-02-07T17:51:53-05:00[America/New_York],2021-02-07T17:52:06-05:00[America/New_York],Yes,2021-02-07,64313,Sunday
1811,<A>,65,2021-02-07T17:52:06-05:00[America/New_York],2021-02-07T17:53:11-05:00[America/New_York],NA,2021-02-07,64326,Sunday
1811,B,15,2021-02-07T17:53:11-05:00[America/New_York],2021-02-07T17:53:26-05:00[America/New_York],Yes,2021-02-07,64391,Sunday
1811,<A>,31,2021-02-07T17:53:26-05:00[America/New_York],2021-02-07T17:53:57-05:00[America/New_York],Yes,2021-02-07,64406,Sunday
1811,B,15,2021-02-07T17:53:57-05:00[America/New_York],2021-02-07T17:54:12-05:00[America/New_York],Yes,2021-02-07,64437,Sunday
1811,<A>,30,2021-02-07T17:54:12-05:00[America/New_York],2021-02-07T17:54:42-05:00[America/New_York],Yes,2021-02-07,64452,Sunday
1811,B,13,2021-02-07T17:54:42-05:00[America/New_York],2021-02-07T17:54:55-05:00[America/New_York],Yes,2021-02-07,64482,Sunday
1811,<A>,30,2021-02-07T17:54:55-05:00[America/New_York],2021-02-07T17:55:25-05:00[America/New_York],Yes,2021-02-07,64495,Sunday
1811,B,13,2021-02-07T17:55:25-05:00[America/New_York],2021-02-07T17:55:38-05:00[America/New_York],Yes,2021-02-07,64525,Sunday
1811,<A>,31,2021-02-07T17:55:38-05:00[America/New_York],2021-02-07T17:56:09-05:00[America/New_York],Yes,2021-02-07,64538,Sunday
1811,B,12,2021-02-07T17:56:09-05:00[America/New_York],2021-02-07T17:56:21-05:00[America/New_York],Yes,2021-02-07,64569,Sunday
1811,<A>,71,2021-02-07T17:56:21-05:00[America/New_York],2021-02-07T17:57:32-05:00[America/New_York],NA,2021-02-07,64581,Sunday
1811,B,13,2021-02-07T17:57:32-05:00[America/New_York],2021-02-07T17:57:45-05:00[America/New_York],Yes,2021-02-07,64652,Sunday
1811,<A>,81,2021-02-07T17:57:45-05:00[America/New_York],2021-02-07T17:59:06-05:00[America/New_York],NA,2021-02-07,64665,Sunday
1811,B,16,2021-02-07T17:59:06-05:00[America/New_York],2021-02-07T17:59:22-05:00[America/New_York],Yes,2021-02-07,64746,Sunday
1811,<A>,102,2021-02-07T17:59:22-05:00[America/New_York],2021-02-07T18:01:04-05:00[America/New_York],NA,2021-02-07,64762,Sunday
1811,B,12,2021-02-07T18:01:04-05:00[America/New_York],2021-02-07T18:01:16-05:00[America/New_York],Yes,2021-02-07,64864,Sunday
1811,<A>,126,2021-02-07T18:01:16-05:00[America/New_York],2021-02-07T18:03:22-05:00[America/New_York],Yes,2021-02-07,64876,Sunday
1811,B,12,2021-02-07T18:03:22-05:00[America/New_York],2021-02-07T18:03:34-05:00[America/New_York],Yes,2021-02-07,65002,Sunday
1811,<A>,80,2021-02-07T18:03:34-05:00[America/New_York],2021-02-07T18:04:54-05:00[America/New_York],NA,2021-02-07,65014,Sunday
1811,B,12,2021-02-07T18:04:54-05:00[America/New_York],2021-02-07T18:05:06-05:00[America/New_York],Yes,2021-02-07,65094,Sunday
1811,<A>,47,2021-02-07T18:05:06-05:00[America/New_York],2021-02-07T18:05:53-05:00[America/New_York],Yes,2021-02-07,65106,Sunday
1811,B,14,2021-02-07T18:05:53-05:00[America/New_York],2021-02-07T18:06:07-05:00[America/New_York],Yes,2021-02-07,65153,Sunday
1811,<A>,31,2021-02-07T18:06:07-05:00[America/New_York],2021-02-07T18:06:38-05:00[America/New_York],Yes,2021-02-07,65167,Sunday
1811,B,13,2021-02-07T18:06:38-05:00[America/New_York],2021-02-07T18:06:51-05:00[America/New_York],Yes,2021-02-07,65198,Sunday
1811,<A>,35,2021-02-07T18:06:51-05:00[America/New_York],2021-02-07T18:07:26-05:00[America/New_York],Yes,2021-02-07,65211,Sunday
1811,B,17,2021-02-07T18:07:26-05:00[America/New_York],2021-02-07T18:07:43-05:00[America/New_York],Yes,2021-02-07,65246,Sunday
1811,<A>,32,2021-02-07T18:07:43-05:00[America/New_York],2021-02-07T18:08:15-05:00[America/New_York],Yes,2021-02-07,65263,Sunday
1811,B,12,2021-02-07T18:08:15-05:00[America/New_York],2021-02-07T18:08:27-05:00[America/New_York],Yes,2021-02-07,65295,Sunday
1811,<A>,31,2021-02-07T18:08:27-05:00[America/New_York],2021-02-07T18:08:58-05:00[America/New_York],Yes,2021-02-07,65307,Sunday
1811,B,12,2021-02-07T18:08:58-05:00[America/New_York],2021-02-07T18:09:10-05:00[America/New_York],Yes,2021-02-07,65338,Sunday
1811,<A>,32,2021-02-07T18:09:10-05:00[America/New_York],2021-02-07T18:09:42-05:00[America/New_York],Yes,2021-02-07,65350,Sunday
1811,B,13,2021-02-07T18:09:42-05:00[America/New_York],2021-02-07T18:09:55-05:00[America/New_York],Yes,2021-02-07,65382,Sunday
1811,<A>,30,2021-02-07T18:09:55-05:00[America/New_York],2021-02-07T18:10:25-05:00[America/New_York],Yes,2021-02-07,65395,Sunday
1811,B,12,2021-02-07T18:10:25-05:00[America/New_York],2021-02-07T18:10:37-05:00[America/New_York],Yes,2021-02-07,65425,Sunday
1811,<A>,47,2021-02-07T18:10:37-05:00[America/New_York],2021-02-07T18:11:24-05:00[America/New_York],Yes,2021-02-07,65437,Sunday
1811,B,12,2021-02-07T18:11:24-05:00[America/New_York],2021-02-07T18:11:36-05:00[America/New_York],Yes,2021-02-07,65484,Sunday
1811,<A>,43,2021-02-07T18:11:36-05:00[America/New_York],2021-02-07T18:12:19-05:00[America/New_York],Yes,2021-02-07,65496,Sunday
1811,B,12,2021-02-07T18:12:19-05:00[America/New_York],2021-02-07T18:12:31-05:00[America/New_York],Yes,2021-02-07,65539,Sunday
1811,<A>,31,2021-02-07T18:12:31-05:00[America/New_York],2021-02-07T18:13:02-05:00[America/New_York],Yes,2021-02-07,65551,Sunday
1811,B,12,2021-02-07T18:13:02-05:00[America/New_York],2021-02-07T18:13:14-05:00[America/New_York],Yes,2021-02-07,65582,Sunday
1811,<A>,31,2021-02-07T18:13:14-05:00[America/New_York],2021-02-07T18:13:45-05:00[America/New_York],Yes,2021-02-07,65594,Sunday
1811,B,12,2021-02-07T18:13:45-05:00[America/New_York],2021-02-07T18:13:57-05:00[America/New_York],Yes,2021-02-07,65625,Sunday
1811,<A>,31,2021-02-07T18:13:57-05:00[America/New_York],2021-02-07T18:14:28-05:00[America/New_York],Yes,2021-02-07,65637,Sunday
1811,B,12,2021-02-07T18:14:28-05:00[America/New_York],2021-02-07T18:14:40-05:00[America/New_York],Yes,2021-02-07,65668,Sunday
1811,<A>,30,2021-02-07T18:14:40-05:00[America/New_York],2021-02-07T18:15:10-05:00[America/New_York],Yes,2021-02-07,65680,Sunday
1811,B,13,2021-02-07T18:15:10-05:00[America/New_York],2021-02-07T18:15:23-05:00[America/New_York],Yes,2021-02-07,65710,Sunday
1811,<A>,33,2021-02-07T18:15:23-05:00[America/New_York],2021-02-07T18:15:56-05:00[America/New_York],Yes,2021-02-07,65723,Sunday
1811,B,12,2021-02-07T18:15:56-05:00[America/New_York],2021-02-07T18:16:08-05:00[America/New_York],Yes,2021-02-07,65756,Sunday
1811,<A>,31,2021-02-07T18:16:08-05:00[America/New_York],2021-02-07T18:16:39-05:00[America/New_York],Yes,2021-02-07,65768,Sunday
1811,B,12,2021-02-07T18:16:39-05:00[America/New_York],2021-02-07T18:16:51-05:00[America/New_York],Yes,2021-02-07,65799,Sunday
1811,<A>,31,2021-02-07T18:16:51-05:00[America/New_York],2021-02-07T18:17:22-05:00[America/New_York],Yes,2021-02-07,65811,Sunday
1811,B,29,2021-02-07T18:17:22-05:00[America/New_York],2021-02-07T18:17:51-05:00[America/New_York],NA,2021-02-07,65842,Sunday
1811,<A>,30,2021-02-07T18:17:51-05:00[America/New_York],2021-02-07T18:18:21-05:00[America/New_York],Yes,2021-02-07,65871,Sunday
1811,B,13,2021-02-07T18:18:21-05:00[America/New_York],2021-02-07T18:18:34-05:00[America/New_York],Yes,2021-02-07,65901,Sunday
1811,<A>,46,2021-02-07T18:18:34-05:00[America/New_York],2021-02-07T18:19:20-05:00[America/New_York],Yes,2021-02-07,65914,Sunday
1811,B,12,2021-02-07T18:19:20-05:00[America/New_York],2021-02-07T18:19:32-05:00[America/New_York],Yes,2021-02-07,65960,Sunday
1811,<A>,104,2021-02-07T18:19:32-05:00[America/New_York],2021-02-07T18:21:16-05:00[America/New_York],NA,2021-02-07,65972,Sunday
1811,B,12,2021-02-07T18:21:16-05:00[America/New_York],2021-02-07T18:21:28-05:00[America/New_York],Yes,2021-02-07,66076,Sunday
1811,<A>,38,2021-02-07T18:21:28-05:00[America/New_York],2021-02-07T18:22:06-05:00[America/New_York],Yes,2021-02-07,66088,Sunday
1811,B,12,2021-02-07T18:22:06-05:00[America/New_York],2021-02-07T18:22:18-05:00[America/New_York],Yes,2021-02-07,66126,Sunday
1811,<A>,114,2021-02-07T18:22:18-05:00[America/New_York],2021-02-07T18:24:12-05:00[America/New_York],Yes,2021-02-07,66138,Sunday
1811,B,12,2021-02-07T18:24:12-05:00[America/New_York],2021-02-07T18:24:24-05:00[America/New_York],Yes,2021-02-07,66252,Sunday
1811,<A>,66,2021-02-07T18:24:24-05:00[America/New_York],2021-02-07T18:25:30-05:00[America/New_York],NA,2021-02-07,66264,Sunday
1811,B,12,2021-02-07T18:25:30-05:00[America/New_York],2021-02-07T18:25:42-05:00[America/New_York],Yes,2021-02-07,66330,Sunday
1811,<A>,30,2021-02-07T18:25:42-05:00[America/New_York],2021-02-07T18:26:12-05:00[America/New_York],Yes,2021-02-07,66342,Sunday
1811,B,18,2021-02-07T18:26:12-05:00[America/New_York],2021-02-07T18:26:30-05:00[America/New_York],Yes,2021-02-07,66372,Sunday
1811,<A>,34,2021-02-07T18:26:30-05:00[America/New_York],2021-02-07T18:27:04-05:00[America/New_York],Yes,2021-02-07,66390,Sunday
1811,B,12,2021-02-07T18:27:04-05:00[America/New_York],2021-02-07T18:27:16-05:00[America/New_York],Yes,2021-02-07,66424,Sunday
1811,<A>,31,2021-02-07T18:27:16-05:00[America/New_York],2021-02-07T18:27:47-05:00[America/New_York],Yes,2021-02-07,66436,Sunday
1811,B,12,2021-02-07T18:27:47-05:00[America/New_York],2021-02-07T18:27:59-05:00[America/New_York],Yes,2021-02-07,66467,Sunday
1811,<A>,51,2021-02-07T18:27:59-05:00[America/New_York],2021-02-07T18:28:50-05:00[America/New_York],Yes,2021-02-07,66479,Sunday
1811,B,12,2021-02-07T18:28:50-05:00[America/New_York],2021-02-07T18:29:02-05:00[America/New_York],Yes,2021-02-07,66530,Sunday
1811,<A>,30,2021-02-07T18:29:02-05:00[America/New_York],2021-02-07T18:29:32-05:00[America/New_York],Yes,2021-02-07,66542,Sunday
1811,B,13,2021-02-07T18:29:32-05:00[America/New_York],2021-02-07T18:29:45-05:00[America/New_York],Yes,2021-02-07,66572,Sunday
1811,<A>,30,2021-02-07T18:29:45-05:00[America/New_York],2021-02-07T18:30:15-05:00[America/New_York],Yes,2021-02-07,66585,Sunday
1811,B,13,2021-02-07T18:30:15-05:00[America/New_York],2021-02-07T18:30:28-05:00[America/New_York],Yes,2021-02-07,66615,Sunday
1811,<A>,54,2021-02-07T18:30:28-05:00[America/New_York],2021-02-07T18:31:22-05:00[America/New_York],Yes,2021-02-07,66628,Sunday
1811,B,12,2021-02-07T18:31:22-05:00[America/New_York],2021-02-07T18:31:34-05:00[America/New_York],Yes,2021-02-07,66682,Sunday
1811,<A>,31,2021-02-07T18:31:34-05:00[America/New_York],2021-02-07T18:32:05-05:00[America/New_York],Yes,2021-02-07,66694,Sunday
1811,B,12,2021-02-07T18:32:05-05:00[America/New_York],2021-02-07T18:32:17-05:00[America/New_York],Yes,2021-02-07,66725,Sunday
1811,<A>,31,2021-02-07T18:32:17-05:00[America/New_York],2021-02-07T18:32:48-05:00[America/New_York],Yes,2021-02-07,66737,Sunday
1811,B,14,2021-02-07T18:32:48-05:00[America/New_York],2021-02-07T18:33:02-05:00[America/New_York],Yes,2021-02-07,66768,Sunday
1811,<A>,35,2021-02-07T18:33:02-05:00[America/New_York],2021-02-07T18:33:37-05:00[America/New_York],Yes,2021-02-07,66782,Sunday
1811,B,13,2021-02-07T18:33:37-05:00[America/New_York],2021-02-07T18:33:50-05:00[America/New_York],Yes,2021-02-07,66817,Sunday
1811,<A>,58,2021-02-07T18:33:50-05:00[America/New_York],2021-02-07T18:34:48-05:00[America/New_York],Yes,2021-02-07,66830,Sunday
1811,B,15,2021-02-07T18:34:48-05:00[America/New_York],2021-02-07T18:35:03-05:00[America/New_York],Yes,2021-02-07,66888,Sunday
1811,<A>,31,2021-02-07T18:35:03-05:00[America/New_York],2021-02-07T18:35:34-05:00[America/New_York],Yes,2021-02-07,66903,Sunday
1811,B,12,2021-02-07T18:35:34-05:00[America/New_York],2021-02-07T18:35:46-05:00[America/New_York],Yes,2021-02-07,66934,Sunday
1811,<A>,43,2021-02-07T18:35:46-05:00[America/New_York],2021-02-07T18:36:29-05:00[America/New_York],Yes,2021-02-07,66946,Sunday
1811,B,12,2021-02-07T18:36:29-05:00[America/New_York],2021-02-07T18:36:41-05:00[America/New_York],Yes,2021-02-07,66989,Sunday
1811,<A>,30,2021-02-07T18:36:41-05:00[America/New_York],2021-02-07T18:37:11-05:00[America/New_York],Yes,2021-02-07,67001,Sunday
1811,B,13,2021-02-07T18:37:11-05:00[America/New_York],2021-02-07T18:37:24-05:00[America/New_York],Yes,2021-02-07,67031,Sunday
1811,<A>,30,2021-02-07T18:37:24-05:00[America/New_York],2021-02-07T18:37:54-05:00[America/New_York],Yes,2021-02-07,67044,Sunday
1811,B,13,2021-02-07T18:37:54-05:00[America/New_York],2021-02-07T18:38:07-05:00[America/New_York],Yes,2021-02-07,67074,Sunday
1811,<A>,30,2021-02-07T18:38:07-05:00[America/New_York],2021-02-07T18:38:37-05:00[America/New_York],Yes,2021-02-07,67087,Sunday
1811,B,12,2021-02-07T18:38:37-05:00[America/New_York],2021-02-07T18:38:49-05:00[America/New_York],Yes,2021-02-07,67117,Sunday
1811,<A>,31,2021-02-07T18:38:49-05:00[America/New_York],2021-02-07T18:39:20-05:00[America/New_York],Yes,2021-02-07,67129,Sunday
1811,B,12,2021-02-07T18:39:20-05:00[America/New_York],2021-02-07T18:39:32-05:00[America/New_York],Yes,2021-02-07,67160,Sunday
1811,<A>,40,2021-02-07T18:39:32-05:00[America/New_York],2021-02-07T18:40:12-05:00[America/New_York],Yes,2021-02-07,67172,Sunday
1811,B,12,2021-02-07T18:40:12-05:00[America/New_York],2021-02-07T18:40:24-05:00[America/New_York],Yes,2021-02-07,67212,Sunday
1811,<A>,31,2021-02-07T18:40:24-05:00[America/New_York],2021-02-07T18:40:55-05:00[America/New_York],Yes,2021-02-07,67224,Sunday
1811,B,12,2021-02-07T18:40:55-05:00[America/New_York],2021-02-07T18:41:07-05:00[America/New_York],Yes,2021-02-07,67255,Sunday
1811,<A>,118,2021-02-07T18:41:07-05:00[America/New_York],2021-02-07T18:43:05-05:00[America/New_York],Yes,2021-02-07,67267,Sunday
1811,B,12,2021-02-07T18:43:05-05:00[America/New_York],2021-02-07T18:43:17-05:00[America/New_York],Yes,2021-02-07,67385,Sunday
1811,<A>,31,2021-02-07T18:43:17-05:00[America/New_York],2021-02-07T18:43:48-05:00[America/New_York],Yes,2021-02-07,67397,Sunday
1811,B,13,2021-02-07T18:43:48-05:00[America/New_York],2021-02-07T18:44:01-05:00[America/New_York],Yes,2021-02-07,67428,Sunday
1811,<A>,77,2021-02-07T18:44:01-05:00[America/New_York],2021-02-07T18:45:18-05:00[America/New_York],NA,2021-02-07,67441,Sunday
1811,B,12,2021-02-07T18:45:18-05:00[America/New_York],2021-02-07T18:45:30-05:00[America/New_York],Yes,2021-02-07,67518,Sunday
1811,<A>,30,2021-02-07T18:45:30-05:00[America/New_York],2021-02-07T18:46:00-05:00[America/New_York],Yes,2021-02-07,67530,Sunday
1811,B,13,2021-02-07T18:46:00-05:00[America/New_York],2021-02-07T18:46:13-05:00[America/New_York],Yes,2021-02-07,67560,Sunday
1811,<A>,30,2021-02-07T18:46:13-05:00[America/New_York],2021-02-07T18:46:43-05:00[America/New_York],Yes,2021-02-07,67573,Sunday
1811,B,18,2021-02-07T18:46:43-05:00[America/New_York],2021-02-07T18:47:01-05:00[America/New_York],Yes,2021-02-07,67603,Sunday
1811,<A>,30,2021-02-07T18:47:01-05:00[America/New_York],2021-02-07T18:47:31-05:00[America/New_York],Yes,2021-02-07,67621,Sunday
1811,B,13,2021-02-07T18:47:31-05:00[America/New_York],2021-02-07T18:47:44-05:00[America/New_York],Yes,2021-02-07,67651,Sunday
1811,<A>,32,2021-02-07T18:47:44-05:00[America/New_York],2021-02-07T18:48:16-05:00[America/New_York],Yes,2021-02-07,67664,Sunday
1811,B,14,2021-02-07T18:48:16-05:00[America/New_York],2021-02-07T18:48:30-05:00[America/New_York],Yes,2021-02-07,67696,Sunday
1811,<A>,108,2021-02-07T18:48:30-05:00[America/New_York],2021-02-07T18:50:18-05:00[America/New_York],Yes,2021-02-07,67710,Sunday
1811,B,13,2021-02-07T18:50:18-05:00[America/New_York],2021-02-07T18:50:31-05:00[America/New_York],Yes,2021-02-07,67818,Sunday
1811,<A>,31,2021-02-07T18:50:31-05:00[America/New_York],2021-02-07T18:51:02-05:00[America/New_York],Yes,2021-02-07,67831,Sunday
1811,B,12,2021-02-07T18:51:02-05:00[America/New_York],2021-02-07T18:51:14-05:00[America/New_York],Yes,2021-02-07,67862,Sunday
1811,<A>,30,2021-02-07T18:51:14-05:00[America/New_York],2021-02-07T18:51:44-05:00[America/New_York],Yes,2021-02-07,67874,Sunday
1811,B,13,2021-02-07T18:51:44-05:00[America/New_York],2021-02-07T18:51:57-05:00[America/New_York],Yes,2021-02-07,67904,Sunday
1811,<A>,68,2021-02-07T18:51:57-05:00[America/New_York],2021-02-07T18:53:05-05:00[America/New_York],NA,2021-02-07,67917,Sunday
1811,B,12,2021-02-07T18:53:05-05:00[America/New_York],2021-02-07T18:53:17-05:00[America/New_York],Yes,2021-02-07,67985,Sunday
1811,<A>,66,2021-02-07T18:53:17-05:00[America/New_York],2021-02-07T18:54:23-05:00[America/New_York],Yes,2021-02-07,67997,Sunday
1811,B,12,2021-02-07T18:54:23-05:00[America/New_York],2021-02-07T18:54:35-05:00[America/New_York],Yes,2021-02-07,68063,Sunday
1811,<A>,44,2021-02-07T18:54:35-05:00[America/New_York],2021-02-07T18:55:19-05:00[America/New_York],Yes,2021-02-07,68075,Sunday
1811,B,17,2021-02-07T18:55:19-05:00[America/New_York],2021-02-07T18:55:36-05:00[America/New_York],Yes,2021-02-07,68119,Sunday
1811,<A>,41,2021-02-07T18:55:36-05:00[America/New_York],2021-02-07T18:56:17-05:00[America/New_York],Yes,2021-02-07,68136,Sunday
1811,B,12,2021-02-07T18:56:17-05:00[America/New_York],2021-02-07T18:56:29-05:00[America/New_York],Yes,2021-02-07,68177,Sunday
1811,<A>,51,2021-02-07T18:56:29-05:00[America/New_York],2021-02-07T18:57:20-05:00[America/New_York],Yes,2021-02-07,68189,Sunday
1811,B,12,2021-02-07T18:57:20-05:00[America/New_York],2021-02-07T18:57:32-05:00[America/New_York],Yes,2021-02-07,68240,Sunday
1811,<A>,65,2021-02-07T18:57:32-05:00[America/New_York],2021-02-07T18:58:37-05:00[America/New_York],NA,2021-02-07,68252,Sunday
1811,B,12,2021-02-07T18:58:37-05:00[America/New_York],2021-02-07T18:58:49-05:00[America/New_York],Yes,2021-02-07,68317,Sunday
1811,<A>,31,2021-02-07T18:58:49-05:00[America/New_York],2021-02-07T18:59:20-05:00[America/New_York],Yes,2021-02-07,68329,Sunday
1811,B,12,2021-02-07T18:59:20-05:00[America/New_York],2021-02-07T18:59:32-05:00[America/New_York],Yes,2021-02-07,68360,Sunday
1811,<A>,54,2021-02-07T18:59:32-05:00[America/New_York],2021-02-07T19:00:26-05:00[America/New_York],Yes,2021-02-07,68372,Sunday
1811,B,12,2021-02-07T19:00:26-05:00[America/New_York],2021-02-07T19:00:38-05:00[America/New_York],Yes,2021-02-07,68426,Sunday
1811,<A>,30,2021-02-07T19:00:38-05:00[America/New_York],2021-02-07T19:01:08-05:00[America/New_York],Yes,2021-02-07,68438,Sunday
1811,B,13,2021-02-07T19:01:08-05:00[America/New_York],2021-02-07T19:01:21-05:00[America/New_York],Yes,2021-02-07,68468,Sunday
1811,<A>,30,2021-02-07T19:01:21-05:00[America/New_York],2021-02-07T19:01:51-05:00[America/New_York],Yes,2021-02-07,68481,Sunday
1811,B,13,2021-02-07T19:01:51-05:00[America/New_York],2021-02-07T19:02:04-05:00[America/New_York],Yes,2021-02-07,68511,Sunday
1811,<A>,46,2021-02-07T19:02:04-05:00[America/New_York],2021-02-07T19:02:50-05:00[America/New_York],Yes,2021-02-07,68524,Sunday
1811,B,12,2021-02-07T19:02:50-05:00[America/New_York],2021-02-07T19:03:02-05:00[America/New_York],Yes,2021-02-07,68570,Sunday
1811,<A>,30,2021-02-07T19:03:02-05:00[America/New_York],2021-02-07T19:03:32-05:00[America/New_York],Yes,2021-02-07,68582,Sunday
1811,B,13,2021-02-07T19:03:32-05:00[America/New_York],2021-02-07T19:03:45-05:00[America/New_York],Yes,2021-02-07,68612,Sunday
1811,<A>,30,2021-02-07T19:03:45-05:00[America/New_York],2021-02-07T19:04:15-05:00[America/New_York],Yes,2021-02-07,68625,Sunday
1811,B,16,2021-02-07T19:04:15-05:00[America/New_York],2021-02-07T19:04:31-05:00[America/New_York],Yes,2021-02-07,68655,Sunday
1811,<A>,87,2021-02-07T19:04:31-05:00[America/New_York],2021-02-07T19:05:58-05:00[America/New_York],NA,2021-02-07,68671,Sunday
1811,B,12,2021-02-07T19:05:58-05:00[America/New_York],2021-02-07T19:06:10-05:00[America/New_York],Yes,2021-02-07,68758,Sunday
1811,<A>,36,2021-02-07T19:06:10-05:00[America/New_York],2021-02-07T19:06:46-05:00[America/New_York],Yes,2021-02-07,68770,Sunday
1811,B,12,2021-02-07T19:06:46-05:00[America/New_York],2021-02-07T19:06:58-05:00[America/New_York],Yes,2021-02-07,68806,Sunday
1811,<A>,30,2021-02-07T19:06:58-05:00[America/New_York],2021-02-07T19:07:28-05:00[America/New_York],Yes,2021-02-07,68818,Sunday
1811,B,13,2021-02-07T19:07:28-05:00[America/New_York],2021-02-07T19:07:41-05:00[America/New_York],Yes,2021-02-07,68848,Sunday
1811,<A>,102,2021-02-07T19:07:41-05:00[America/New_York],2021-02-07T19:09:23-05:00[America/New_York],NA,2021-02-07,68861,Sunday
1811,B,12,2021-02-07T19:09:23-05:00[America/New_York],2021-02-07T19:09:35-05:00[America/New_York],Yes,2021-02-07,68963,Sunday
1811,<A>,77,2021-02-07T19:09:35-05:00[America/New_York],2021-02-07T19:10:52-05:00[America/New_York],Yes,2021-02-07,68975,Sunday
1811,B,12,2021-02-07T19:10:52-05:00[America/New_York],2021-02-07T19:11:04-05:00[America/New_York],Yes,2021-02-07,69052,Sunday
1811,<A>,62,2021-02-07T19:11:04-05:00[America/New_York],2021-02-07T19:12:06-05:00[America/New_York],Yes,2021-02-07,69064,Sunday
1811,B,12,2021-02-07T19:12:06-05:00[America/New_York],2021-02-07T19:12:18-05:00[America/New_York],Yes,2021-02-07,69126,Sunday
1811,<A>,30,2021-02-07T19:12:18-05:00[America/New_York],2021-02-07T19:12:48-05:00[America/New_York],Yes,2021-02-07,69138,Sunday
1811,B,14,2021-02-07T19:12:48-05:00[America/New_York],2021-02-07T19:13:02-05:00[America/New_York],Yes,2021-02-07,69168,Sunday
1811,<A>,30,2021-02-07T19:13:02-05:00[America/New_York],2021-02-07T19:13:32-05:00[America/New_York],Yes,2021-02-07,69182,Sunday
1811,B,13,2021-02-07T19:13:32-05:00[America/New_York],2021-02-07T19:13:45-05:00[America/New_York],Yes,2021-02-07,69212,Sunday
1811,<A>,30,2021-02-07T19:13:45-05:00[America/New_York],2021-02-07T19:14:15-05:00[America/New_York],Yes,2021-02-07,69225,Sunday
1811,B,12,2021-02-07T19:14:15-05:00[America/New_York],2021-02-07T19:14:27-05:00[America/New_York],Yes,2021-02-07,69255,Sunday
1811,<A>,81,2021-02-07T19:14:27-05:00[America/New_York],2021-02-07T19:15:48-05:00[America/New_York],NA,2021-02-07,69267,Sunday
1811,B,12,2021-02-07T19:15:48-05:00[America/New_York],2021-02-07T19:16:00-05:00[America/New_York],Yes,2021-02-07,69348,Sunday
1811,<A>,31,2021-02-07T19:16:00-05:00[America/New_York],2021-02-07T19:16:31-05:00[America/New_York],Yes,2021-02-07,69360,Sunday
1811,B,12,2021-02-07T19:16:31-05:00[America/New_York],2021-02-07T19:16:43-05:00[America/New_York],Yes,2021-02-07,69391,Sunday
1811,<A>,32,2021-02-07T19:16:43-05:00[America/New_York],2021-02-07T19:17:15-05:00[America/New_York],Yes,2021-02-07,69403,Sunday
1811,B,12,2021-02-07T19:17:15-05:00[America/New_York],2021-02-07T19:17:27-05:00[America/New_York],Yes,2021-02-07,69435,Sunday
1811,<A>,30,2021-02-07T19:17:27-05:00[America/New_York],2021-02-07T19:17:57-05:00[America/New_York],Yes,2021-02-07,69447,Sunday
1811,B,13,2021-02-07T19:17:57-05:00[America/New_York],2021-02-07T19:18:10-05:00[America/New_York],Yes,2021-02-07,69477,Sunday
1811,<A>,30,2021-02-07T19:18:10-05:00[America/New_York],2021-02-07T19:18:40-05:00[America/New_York],Yes,2021-02-07,69490,Sunday
1811,B,13,2021-02-07T19:18:40-05:00[America/New_York],2021-02-07T19:18:53-05:00[America/New_York],Yes,2021-02-07,69520,Sunday
1811,<A>,77,2021-02-07T19:18:53-05:00[America/New_York],2021-02-07T19:20:10-05:00[America/New_York],NA,2021-02-07,69533,Sunday
1811,B,12,2021-02-07T19:20:10-05:00[America/New_York],2021-02-07T19:20:22-05:00[America/New_York],Yes,2021-02-07,69610,Sunday
1811,<A>,30,2021-02-07T19:20:22-05:00[America/New_York],2021-02-07T19:20:52-05:00[America/New_York],Yes,2021-02-07,69622,Sunday
1811,B,13,2021-02-07T19:20:52-05:00[America/New_York],2021-02-07T19:21:05-05:00[America/New_York],Yes,2021-02-07,69652,Sunday
1811,<A>,35,2021-02-07T19:21:05-05:00[America/New_York],2021-02-07T19:21:40-05:00[America/New_York],Yes,2021-02-07,69665,Sunday
1811,B,13,2021-02-07T19:21:40-05:00[America/New_York],2021-02-07T19:21:53-05:00[America/New_York],Yes,2021-02-07,69700,Sunday
1811,<A>,57,2021-02-07T19:21:53-05:00[America/New_York],2021-02-07T19:22:50-05:00[America/New_York],Yes,2021-02-07,69713,Sunday
1811,B,12,2021-02-07T19:22:50-05:00[America/New_York],2021-02-07T19:23:02-05:00[America/New_York],Yes,2021-02-07,69770,Sunday
1811,<A>,30,2021-02-07T19:23:02-05:00[America/New_York],2021-02-07T19:23:32-05:00[America/New_York],Yes,2021-02-07,69782,Sunday
1811,B,13,2021-02-07T19:23:32-05:00[America/New_York],2021-02-07T19:23:45-05:00[America/New_York],Yes,2021-02-07,69812,Sunday
1811,<A>,40,2021-02-07T19:23:45-05:00[America/New_York],2021-02-07T19:24:25-05:00[America/New_York],Yes,2021-02-07,69825,Sunday
1811,B,12,2021-02-07T19:24:25-05:00[America/New_York],2021-02-07T19:24:37-05:00[America/New_York],Yes,2021-02-07,69865,Sunday
1811,<A>,47,2021-02-07T19:24:37-05:00[America/New_York],2021-02-07T19:25:24-05:00[America/New_York],Yes,2021-02-07,69877,Sunday
1811,B,12,2021-02-07T19:25:24-05:00[America/New_York],2021-02-07T19:25:36-05:00[America/New_York],Yes,2021-02-07,69924,Sunday
1811,<A>,30,2021-02-07T19:25:36-05:00[America/New_York],2021-02-07T19:26:06-05:00[America/New_York],Yes,2021-02-07,69936,Sunday
1811,B,14,2021-02-07T19:26:06-05:00[America/New_York],2021-02-07T19:26:20-05:00[America/New_York],Yes,2021-02-07,69966,Sunday
1811,<A>,174,2021-02-07T19:26:20-05:00[America/New_York],2021-02-07T19:29:14-05:00[America/New_York],NA,2021-02-07,69980,Sunday
1811,B,12,2021-02-07T19:29:14-05:00[America/New_York],2021-02-07T19:29:26-05:00[America/New_York],Yes,2021-02-07,70154,Sunday
1811,<A>,47,2021-02-07T19:29:26-05:00[America/New_York],2021-02-07T19:30:13-05:00[America/New_York],Yes,2021-02-07,70166,Sunday
1811,B,12,2021-02-07T19:30:13-05:00[America/New_York],2021-02-07T19:30:25-05:00[America/New_York],Yes,2021-02-07,70213,Sunday
1811,<A>,33,2021-02-07T19:30:25-05:00[America/New_York],2021-02-07T19:30:58-05:00[America/New_York],Yes,2021-02-07,70225,Sunday
1811,B,13,2021-02-07T19:30:58-05:00[America/New_York],2021-02-07T19:31:11-05:00[America/New_York],Yes,2021-02-07,70258,Sunday
1811,<A>,84,2021-02-07T19:31:11-05:00[America/New_York],2021-02-07T19:32:35-05:00[America/New_York],NA,2021-02-07,70271,Sunday
1811,B,12,2021-02-07T19:32:35-05:00[America/New_York],2021-02-07T19:32:47-05:00[America/New_York],Yes,2021-02-07,70355,Sunday
1811,<A>,41,2021-02-07T19:32:47-05:00[America/New_York],2021-02-07T19:33:28-05:00[America/New_York],Yes,2021-02-07,70367,Sunday
1811,B,16,2021-02-07T19:33:28-05:00[America/New_York],2021-02-07T19:33:44-05:00[America/New_York],Yes,2021-02-07,70408,Sunday
1811,<A>,41,2021-02-07T19:33:44-05:00[America/New_York],2021-02-07T19:34:25-05:00[America/New_York],Yes,2021-02-07,70424,Sunday
1811,B,12,2021-02-07T19:34:25-05:00[America/New_York],2021-02-07T19:34:37-05:00[America/New_York],Yes,2021-02-07,70465,Sunday
1811,<A>,31,2021-02-07T19:34:37-05:00[America/New_York],2021-02-07T19:35:08-05:00[America/New_York],Yes,2021-02-07,70477,Sunday
1811,B,12,2021-02-07T19:35:08-05:00[America/New_York],2021-02-07T19:35:20-05:00[America/New_York],Yes,2021-02-07,70508,Sunday
1811,<A>,43,2021-02-07T19:35:20-05:00[America/New_York],2021-02-07T19:36:03-05:00[America/New_York],Yes,2021-02-07,70520,Sunday
1811,B,12,2021-02-07T19:36:03-05:00[America/New_York],2021-02-07T19:36:15-05:00[America/New_York],Yes,2021-02-07,70563,Sunday
1811,<A>,30,2021-02-07T19:36:15-05:00[America/New_York],2021-02-07T19:36:45-05:00[America/New_York],Yes,2021-02-07,70575,Sunday
1811,B,13,2021-02-07T19:36:45-05:00[America/New_York],2021-02-07T19:36:58-05:00[America/New_York],Yes,2021-02-07,70605,Sunday
1811,<A>,30,2021-02-07T19:36:58-05:00[America/New_York],2021-02-07T19:37:28-05:00[America/New_York],Yes,2021-02-07,70618,Sunday
1811,B,13,2021-02-07T19:37:28-05:00[America/New_York],2021-02-07T19:37:41-05:00[America/New_York],Yes,2021-02-07,70648,Sunday
1811,<A>,43,2021-02-07T19:37:41-05:00[America/New_York],2021-02-07T19:38:24-05:00[America/New_York],Yes,2021-02-07,70661,Sunday
1811,B,12,2021-02-07T19:38:24-05:00[America/New_York],2021-02-07T19:38:36-05:00[America/New_York],Yes,2021-02-07,70704,Sunday
1811,<A>,83,2021-02-07T19:38:36-05:00[America/New_York],2021-02-07T19:39:59-05:00[America/New_York],Yes,2021-02-07,70716,Sunday
1811,B,12,2021-02-07T19:39:59-05:00[America/New_York],2021-02-07T19:40:11-05:00[America/New_York],Yes,2021-02-07,70799,Sunday
1811,<A>,30,2021-02-07T19:40:11-05:00[America/New_York],2021-02-07T19:40:41-05:00[America/New_York],Yes,2021-02-07,70811,Sunday
1811,B,13,2021-02-07T19:40:41-05:00[America/New_York],2021-02-07T19:40:54-05:00[America/New_York],Yes,2021-02-07,70841,Sunday
1811,<A>,77,2021-02-07T19:40:54-05:00[America/New_York],2021-02-07T19:42:11-05:00[America/New_York],NA,2021-02-07,70854,Sunday
1811,B,12,2021-02-07T19:42:11-05:00[America/New_York],2021-02-07T19:42:23-05:00[America/New_York],Yes,2021-02-07,70931,Sunday
1811,<A>,63,2021-02-07T19:42:23-05:00[America/New_York],2021-02-07T19:43:26-05:00[America/New_York],Yes,2021-02-07,70943,Sunday
1811,B,14,2021-02-07T19:43:26-05:00[America/New_York],2021-02-07T19:43:40-05:00[America/New_York],Yes,2021-02-07,71006,Sunday
1811,<A>,153,2021-02-07T19:43:40-05:00[America/New_York],2021-02-07T19:46:13-05:00[America/New_York],NA,2021-02-07,71020,Sunday
1811,B,12,2021-02-07T19:46:13-05:00[America/New_York],2021-02-07T19:46:25-05:00[America/New_York],Yes,2021-02-07,71173,Sunday
1811,<A>,55,2021-02-07T19:46:25-05:00[America/New_York],2021-02-07T19:47:20-05:00[America/New_York],Yes,2021-02-07,71185,Sunday
1811,B,12,2021-02-07T19:47:20-05:00[America/New_York],2021-02-07T19:47:32-05:00[America/New_York],Yes,2021-02-07,71240,Sunday
1811,<A>,81,2021-02-07T19:47:32-05:00[America/New_York],2021-02-07T19:48:53-05:00[America/New_York],Yes,2021-02-07,71252,Sunday
1811,B,12,2021-02-07T19:48:53-05:00[America/New_York],2021-02-07T19:49:05-05:00[America/New_York],Yes,2021-02-07,71333,Sunday
1811,<A>,59,2021-02-07T19:49:05-05:00[America/New_York],2021-02-07T19:50:04-05:00[America/New_York],Yes,2021-02-07,71345,Sunday
1811,B,12,2021-02-07T19:50:04-05:00[America/New_York],2021-02-07T19:50:16-05:00[America/New_York],Yes,2021-02-07,71404,Sunday
1811,<A>,33,2021-02-07T19:50:16-05:00[America/New_York],2021-02-07T19:50:49-05:00[America/New_York],Yes,2021-02-07,71416,Sunday
1811,B,12,2021-02-07T19:50:49-05:00[America/New_York],2021-02-07T19:51:01-05:00[America/New_York],Yes,2021-02-07,71449,Sunday
1811,<A>,56,2021-02-07T19:51:01-05:00[America/New_York],2021-02-07T19:51:57-05:00[America/New_York],NA,2021-02-07,71461,Sunday
1811,B,14,2021-02-07T19:51:57-05:00[America/New_York],2021-02-07T19:52:11-05:00[America/New_York],Yes,2021-02-07,71517,Sunday
1811,<A>,77,2021-02-07T19:52:11-05:00[America/New_York],2021-02-07T19:53:28-05:00[America/New_York],Yes,2021-02-07,71531,Sunday
1811,B,12,2021-02-07T19:53:28-05:00[America/New_York],2021-02-07T19:53:40-05:00[America/New_York],Yes,2021-02-07,71608,Sunday
1811,<A>,50,2021-02-07T19:53:40-05:00[America/New_York],2021-02-07T19:54:30-05:00[America/New_York],Yes,2021-02-07,71620,Sunday
1811,B,12,2021-02-07T19:54:30-05:00[America/New_York],2021-02-07T19:54:42-05:00[America/New_York],Yes,2021-02-07,71670,Sunday
1811,<A>,215,2021-02-07T19:54:42-05:00[America/New_York],2021-02-07T19:58:17-05:00[America/New_York],Yes,2021-02-07,71682,Sunday
1811,B,12,2021-02-07T19:58:17-05:00[America/New_York],2021-02-07T19:58:29-05:00[America/New_York],Yes,2021-02-07,71897,Sunday
1811,<A>,186,2021-02-07T19:58:29-05:00[America/New_York],2021-02-07T20:01:35-05:00[America/New_York],NA,2021-02-07,71909,Sunday
1811,B,12,2021-02-07T20:01:35-05:00[America/New_York],2021-02-07T20:01:47-05:00[America/New_York],Yes,2021-02-07,72095,Sunday
1811,<A>,107,2021-02-07T20:01:47-05:00[America/New_York],2021-02-07T20:03:34-05:00[America/New_York],Yes,2021-02-07,72107,Sunday
1811,B,12,2021-02-07T20:03:34-05:00[America/New_York],2021-02-07T20:03:46-05:00[America/New_York],Yes,2021-02-07,72214,Sunday
1811,<A>,136,2021-02-07T20:03:46-05:00[America/New_York],2021-02-07T20:06:02-05:00[America/New_York],Yes,2021-02-07,72226,Sunday
1811,B,12,2021-02-07T20:06:02-05:00[America/New_York],2021-02-07T20:06:14-05:00[America/New_York],Yes,2021-02-07,72362,Sunday
1811,<A>,30,2021-02-07T20:06:14-05:00[America/New_York],2021-02-07T20:06:44-05:00[America/New_York],Yes,2021-02-07,72374,Sunday
1811,B,13,2021-02-07T20:06:44-05:00[America/New_York],2021-02-07T20:06:57-05:00[America/New_York],Yes,2021-02-07,72404,Sunday
1811,<A>,76,2021-02-07T20:06:57-05:00[America/New_York],2021-02-07T20:08:13-05:00[America/New_York],NA,2021-02-07,72417,Sunday
1811,B,12,2021-02-07T20:08:13-05:00[America/New_York],2021-02-07T20:08:25-05:00[America/New_York],Yes,2021-02-07,72493,Sunday
1811,<A>,86,2021-02-07T20:08:25-05:00[America/New_York],2021-02-07T20:09:51-05:00[America/New_York],NA,2021-02-07,72505,Sunday
1811,B,12,2021-02-07T20:09:51-05:00[America/New_York],2021-02-07T20:10:03-05:00[America/New_York],Yes,2021-02-07,72591,Sunday
1811,<A>,119,2021-02-07T20:10:03-05:00[America/New_York],2021-02-07T20:12:02-05:00[America/New_York],Yes,2021-02-07,72603,Sunday
1811,B,12,2021-02-07T20:12:02-05:00[America/New_York],2021-02-07T20:12:14-05:00[America/New_York],Yes,2021-02-07,72722,Sunday
1811,<A>,87,2021-02-07T20:12:14-05:00[America/New_York],2021-02-07T20:13:41-05:00[America/New_York],NA,2021-02-07,72734,Sunday
1811,B,12,2021-02-07T20:13:41-05:00[America/New_York],2021-02-07T20:13:53-05:00[America/New_York],Yes,2021-02-07,72821,Sunday
1811,<A>,30,2021-02-07T20:13:53-05:00[America/New_York],2021-02-07T20:14:23-05:00[America/New_York],Yes,2021-02-07,72833,Sunday
1811,B,17,2021-02-07T20:14:23-05:00[America/New_York],2021-02-07T20:14:40-05:00[America/New_York],Yes,2021-02-07,72863,Sunday
1811,<A>,33,2021-02-07T20:14:40-05:00[America/New_York],2021-02-07T20:15:13-05:00[America/New_York],Yes,2021-02-07,72880,Sunday
1811,B,12,2021-02-07T20:15:13-05:00[America/New_York],2021-02-07T20:15:25-05:00[America/New_York],Yes,2021-02-07,72913,Sunday
1811,<A>,105,2021-02-07T20:15:25-05:00[America/New_York],2021-02-07T20:17:10-05:00[America/New_York],Yes,2021-02-07,72925,Sunday
1811,B,12,2021-02-07T20:17:10-05:00[America/New_York],2021-02-07T20:17:22-05:00[America/New_York],Yes,2021-02-07,73030,Sunday
1811,<A>,103,2021-02-07T20:17:22-05:00[America/New_York],2021-02-07T20:19:05-05:00[America/New_York],NA,2021-02-07,73042,Sunday
1811,B,12,2021-02-07T20:19:05-05:00[America/New_York],2021-02-07T20:19:17-05:00[America/New_York],Yes,2021-02-07,73145,Sunday
1811,<A>,202,2021-02-07T20:19:17-05:00[America/New_York],2021-02-07T20:22:39-05:00[America/New_York],Yes,2021-02-07,73157,Sunday
1811,B,13,2021-02-07T20:22:39-05:00[America/New_York],2021-02-07T20:22:52-05:00[America/New_York],Yes,2021-02-07,73359,Sunday
1811,<A>,164,2021-02-07T20:22:52-05:00[America/New_York],2021-02-07T20:25:36-05:00[America/New_York],NA,2021-02-07,73372,Sunday
1811,B,14,2021-02-07T20:25:36-05:00[America/New_York],2021-02-07T20:25:50-05:00[America/New_York],Yes,2021-02-07,73536,Sunday
1811,<A>,31,2021-02-07T20:25:50-05:00[America/New_York],2021-02-07T20:26:21-05:00[America/New_York],Yes,2021-02-07,73550,Sunday
1811,B,14,2021-02-07T20:26:21-05:00[America/New_York],2021-02-07T20:26:35-05:00[America/New_York],Yes,2021-02-07,73581,Sunday
1811,<A>,30,2021-02-07T20:26:35-05:00[America/New_York],2021-02-07T20:27:05-05:00[America/New_York],Yes,2021-02-07,73595,Sunday
1811,B,13,2021-02-07T20:27:05-05:00[America/New_York],2021-02-07T20:27:18-05:00[America/New_York],Yes,2021-02-07,73625,Sunday
1811,<A>,256,2021-02-07T20:27:18-05:00[America/New_York],2021-02-07T20:31:34-05:00[America/New_York],NA,2021-02-07,73638,Sunday
1811,B,12,2021-02-07T20:31:34-05:00[America/New_York],2021-02-07T20:31:46-05:00[America/New_York],Yes,2021-02-07,73894,Sunday
1811,<A>,30,2021-02-07T20:31:46-05:00[America/New_York],2021-02-07T20:32:16-05:00[America/New_York],Yes,2021-02-07,73906,Sunday
1811,B,13,2021-02-07T20:32:16-05:00[America/New_York],2021-02-07T20:32:29-05:00[America/New_York],Yes,2021-02-07,73936,Sunday
1811,<A>,150,2021-02-07T20:32:29-05:00[America/New_York],2021-02-07T20:34:59-05:00[America/New_York],NA,2021-02-07,73949,Sunday
1811,B,12,2021-02-07T20:34:59-05:00[America/New_York],2021-02-07T20:35:11-05:00[America/New_York],Yes,2021-02-07,74099,Sunday
1811,<A>,61,2021-02-07T20:35:11-05:00[America/New_York],2021-02-07T20:36:12-05:00[America/New_York],Yes,2021-02-07,74111,Sunday
1811,B,12,2021-02-07T20:36:12-05:00[America/New_York],2021-02-07T20:36:24-05:00[America/New_York],Yes,2021-02-07,74172,Sunday
1811,<A>,44,2021-02-07T20:36:24-05:00[America/New_York],2021-02-07T20:37:08-05:00[America/New_York],Yes,2021-02-07,74184,Sunday
1811,B,12,2021-02-07T20:37:08-05:00[America/New_York],2021-02-07T20:37:20-05:00[America/New_York],Yes,2021-02-07,74228,Sunday
1811,<A>,185,2021-02-07T20:37:20-05:00[America/New_York],2021-02-07T20:40:25-05:00[America/New_York],NA,2021-02-07,74240,Sunday
1811,B,12,2021-02-07T20:40:25-05:00[America/New_York],2021-02-07T20:40:37-05:00[America/New_York],Yes,2021-02-07,74425,Sunday
1811,<A>,30,2021-02-07T20:40:37-05:00[America/New_York],2021-02-07T20:41:07-05:00[America/New_York],Yes,2021-02-07,74437,Sunday
1811,B,13,2021-02-07T20:41:07-05:00[America/New_York],2021-02-07T20:41:20-05:00[America/New_York],Yes,2021-02-07,74467,Sunday
1811,<A>,131,2021-02-07T20:41:20-05:00[America/New_York],2021-02-07T20:43:31-05:00[America/New_York],Yes,2021-02-07,74480,Sunday
1811,B,12,2021-02-07T20:43:31-05:00[America/New_York],2021-02-07T20:43:43-05:00[America/New_York],Yes,2021-02-07,74611,Sunday
1811,<A>,52,2021-02-07T20:43:43-05:00[America/New_York],2021-02-07T20:44:35-05:00[America/New_York],NA,2021-02-07,74623,Sunday
1811,B,43,2021-02-07T20:44:35-05:00[America/New_York],2021-02-07T20:45:18-05:00[America/New_York],NA,2021-02-07,74675,Sunday
1811,<A>,30,2021-02-07T20:45:18-05:00[America/New_York],2021-02-07T20:45:48-05:00[America/New_York],Yes,2021-02-07,74718,Sunday
1811,B,12,2021-02-07T20:45:48-05:00[America/New_York],2021-02-07T20:46:00-05:00[America/New_York],Yes,2021-02-07,74748,Sunday
1811,<A>,31,2021-02-07T20:46:00-05:00[America/New_York],2021-02-07T20:46:31-05:00[America/New_York],Yes,2021-02-07,74760,Sunday
1811,B,12,2021-02-07T20:46:31-05:00[America/New_York],2021-02-07T20:46:43-05:00[America/New_York],Yes,2021-02-07,74791,Sunday
1811,<A>,31,2021-02-07T20:46:43-05:00[America/New_York],2021-02-07T20:47:14-05:00[America/New_York],Yes,2021-02-07,74803,Sunday
1811,B,12,2021-02-07T20:47:14-05:00[America/New_York],2021-02-07T20:47:26-05:00[America/New_York],Yes,2021-02-07,74834,Sunday
1811,<A>,194,2021-02-07T20:47:26-05:00[America/New_York],2021-02-07T20:50:40-05:00[America/New_York],NA,2021-02-07,74846,Sunday
1811,B,12,2021-02-07T20:50:40-05:00[America/New_York],2021-02-07T20:50:52-05:00[America/New_York],Yes,2021-02-07,75040,Sunday
1811,<A>,102,2021-02-07T20:50:52-05:00[America/New_York],2021-02-07T20:52:34-05:00[America/New_York],NA,2021-02-07,75052,Sunday
1811,B,12,2021-02-07T20:52:34-05:00[America/New_York],2021-02-07T20:52:46-05:00[America/New_York],Yes,2021-02-07,75154,Sunday
1811,<A>,55,2021-02-07T20:52:46-05:00[America/New_York],2021-02-07T20:53:41-05:00[America/New_York],Yes,2021-02-07,75166,Sunday
1811,B,12,2021-02-07T20:53:41-05:00[America/New_York],2021-02-07T20:53:53-05:00[America/New_York],Yes,2021-02-07,75221,Sunday
1811,<A>,447,2021-02-07T20:53:53-05:00[America/New_York],2021-02-07T21:01:20-05:00[America/New_York],NA,2021-02-07,75233,Sunday
1811,B,12,2021-02-07T21:01:20-05:00[America/New_York],2021-02-07T21:01:32-05:00[America/New_York],Yes,2021-02-07,75680,Sunday
1811,<A>,30,2021-02-07T21:01:32-05:00[America/New_York],2021-02-07T21:02:02-05:00[America/New_York],Yes,2021-02-07,75692,Sunday
1811,B,13,2021-02-07T21:02:02-05:00[America/New_York],2021-02-07T21:02:15-05:00[America/New_York],Yes,2021-02-07,75722,Sunday
1811,<A>,30,2021-02-07T21:02:15-05:00[America/New_York],2021-02-07T21:02:45-05:00[America/New_York],Yes,2021-02-07,75735,Sunday
1811,B,13,2021-02-07T21:02:45-05:00[America/New_York],2021-02-07T21:02:58-05:00[America/New_York],Yes,2021-02-07,75765,Sunday
1811,<A>,98,2021-02-07T21:02:58-05:00[America/New_York],2021-02-07T21:04:36-05:00[America/New_York],NA,2021-02-07,75778,Sunday
1811,B,12,2021-02-07T21:04:36-05:00[America/New_York],2021-02-07T21:04:48-05:00[America/New_York],Yes,2021-02-07,75876,Sunday
1811,<A>,172,2021-02-07T21:04:48-05:00[America/New_York],2021-02-07T21:07:40-05:00[America/New_York],NA,2021-02-07,75888,Sunday
1811,B,12,2021-02-07T21:07:40-05:00[America/New_York],2021-02-07T21:07:52-05:00[America/New_York],Yes,2021-02-07,76060,Sunday
1811,<A>,46,2021-02-07T21:07:52-05:00[America/New_York],2021-02-07T21:08:38-05:00[America/New_York],Yes,2021-02-07,76072,Sunday
1811,B,13,2021-02-07T21:08:38-05:00[America/New_York],2021-02-07T21:08:51-05:00[America/New_York],Yes,2021-02-07,76118,Sunday
1811,<A>,138,2021-02-07T21:08:51-05:00[America/New_York],2021-02-07T21:11:09-05:00[America/New_York],Yes,2021-02-07,76131,Sunday
1811,B,12,2021-02-07T21:11:09-05:00[America/New_York],2021-02-07T21:11:21-05:00[America/New_York],Yes,2021-02-07,76269,Sunday
1811,<A>,30,2021-02-07T21:11:21-05:00[America/New_York],2021-02-07T21:11:51-05:00[America/New_York],Yes,2021-02-07,76281,Sunday
1811,B,13,2021-02-07T21:11:51-05:00[America/New_York],2021-02-07T21:12:04-05:00[America/New_York],Yes,2021-02-07,76311,Sunday
1811,<A>,78,2021-02-07T21:12:04-05:00[America/New_York],2021-02-07T21:13:22-05:00[America/New_York],NA,2021-02-07,76324,Sunday
1811,B,12,2021-02-07T21:13:22-05:00[America/New_York],2021-02-07T21:13:34-05:00[America/New_York],Yes,2021-02-07,76402,Sunday
1811,<A>,58,2021-02-07T21:13:34-05:00[America/New_York],2021-02-07T21:14:32-05:00[America/New_York],Yes,2021-02-07,76414,Sunday
1811,B,13,2021-02-07T21:14:32-05:00[America/New_York],2021-02-07T21:14:45-05:00[America/New_York],Yes,2021-02-07,76472,Sunday
1811,<A>,47,2021-02-07T21:14:45-05:00[America/New_York],2021-02-07T21:15:32-05:00[America/New_York],Yes,2021-02-07,76485,Sunday
1811,B,12,2021-02-07T21:15:32-05:00[America/New_York],2021-02-07T21:15:44-05:00[America/New_York],Yes,2021-02-07,76532,Sunday
1811,<A>,30,2021-02-07T21:15:44-05:00[America/New_York],2021-02-07T21:16:14-05:00[America/New_York],Yes,2021-02-07,76544,Sunday
1811,B,13,2021-02-07T21:16:14-05:00[America/New_York],2021-02-07T21:16:27-05:00[America/New_York],Yes,2021-02-07,76574,Sunday
1811,<A>,198,2021-02-07T21:16:27-05:00[America/New_York],2021-02-07T21:19:45-05:00[America/New_York],NA,2021-02-07,76587,Sunday
1811,B,12,2021-02-07T21:19:45-05:00[America/New_York],2021-02-07T21:19:57-05:00[America/New_York],Yes,2021-02-07,76785,Sunday
1811,<A>,30,2021-02-07T21:19:57-05:00[America/New_York],2021-02-07T21:20:27-05:00[America/New_York],Yes,2021-02-07,76797,Sunday
1811,B,13,2021-02-07T21:20:27-05:00[America/New_York],2021-02-07T21:20:40-05:00[America/New_York],Yes,2021-02-07,76827,Sunday
1811,<A>,209,2021-02-07T21:20:40-05:00[America/New_York],2021-02-07T21:24:09-05:00[America/New_York],Yes,2021-02-07,76840,Sunday
1811,B,12,2021-02-07T21:24:09-05:00[America/New_York],2021-02-07T21:24:21-05:00[America/New_York],Yes,2021-02-07,77049,Sunday
1811,<A>,120,2021-02-07T21:24:21-05:00[America/New_York],2021-02-07T21:26:21-05:00[America/New_York],Yes,2021-02-07,77061,Sunday
1811,B,12,2021-02-07T21:26:21-05:00[America/New_York],2021-02-07T21:26:33-05:00[America/New_York],Yes,2021-02-07,77181,Sunday
1811,<A>,30,2021-02-07T21:26:33-05:00[America/New_York],2021-02-07T21:27:03-05:00[America/New_York],Yes,2021-02-07,77193,Sunday
1811,B,13,2021-02-07T21:27:03-05:00[America/New_York],2021-02-07T21:27:16-05:00[America/New_York],Yes,2021-02-07,77223,Sunday
1811,<A>,94,2021-02-07T21:27:16-05:00[America/New_York],2021-02-07T21:28:50-05:00[America/New_York],NA,2021-02-07,77236,Sunday
1811,B,12,2021-02-07T21:28:50-05:00[America/New_York],2021-02-07T21:29:02-05:00[America/New_York],Yes,2021-02-07,77330,Sunday
1811,<A>,31,2021-02-07T21:29:02-05:00[America/New_York],2021-02-07T21:29:33-05:00[America/New_York],Yes,2021-02-07,77342,Sunday
1811,B,12,2021-02-07T21:29:33-05:00[America/New_York],2021-02-07T21:29:45-05:00[America/New_York],Yes,2021-02-07,77373,Sunday
1811,<A>,31,2021-02-07T21:29:45-05:00[America/New_York],2021-02-07T21:30:16-05:00[America/New_York],Yes,2021-02-07,77385,Sunday
1811,B,12,2021-02-07T21:30:16-05:00[America/New_York],2021-02-07T21:30:28-05:00[America/New_York],Yes,2021-02-07,77416,Sunday
1811,<A>,104,2021-02-07T21:30:28-05:00[America/New_York],2021-02-07T21:32:12-05:00[America/New_York],NA,2021-02-07,77428,Sunday
1811,B,12,2021-02-07T21:32:12-05:00[America/New_York],2021-02-07T21:32:24-05:00[America/New_York],Yes,2021-02-07,77532,Sunday
1811,<A>,37,2021-02-07T21:32:24-05:00[America/New_York],2021-02-07T21:33:01-05:00[America/New_York],Yes,2021-02-07,77544,Sunday
1811,B,12,2021-02-07T21:33:01-05:00[America/New_York],2021-02-07T21:33:13-05:00[America/New_York],Yes,2021-02-07,77581,Sunday
1811,<A>,30,2021-02-07T21:33:13-05:00[America/New_York],2021-02-07T21:33:43-05:00[America/New_York],Yes,2021-02-07,77593,Sunday
1811,B,13,2021-02-07T21:33:43-05:00[America/New_York],2021-02-07T21:33:56-05:00[America/New_York],Yes,2021-02-07,77623,Sunday
1811,<A>,100,2021-02-07T21:33:56-05:00[America/New_York],2021-02-07T21:35:36-05:00[America/New_York],NA,2021-02-07,77636,Sunday
1811,B,12,2021-02-07T21:35:36-05:00[America/New_York],2021-02-07T21:35:48-05:00[America/New_York],Yes,2021-02-07,77736,Sunday
1811,<A>,54,2021-02-07T21:35:48-05:00[America/New_York],2021-02-07T21:36:42-05:00[America/New_York],Yes,2021-02-07,77748,Sunday
1811,B,12,2021-02-07T21:36:42-05:00[America/New_York],2021-02-07T21:36:54-05:00[America/New_York],Yes,2021-02-07,77802,Sunday
1811,<A>,85,2021-02-07T21:36:54-05:00[America/New_York],2021-02-07T21:38:19-05:00[America/New_York],Yes,2021-02-07,77814,Sunday
1811,B,13,2021-02-07T21:38:19-05:00[America/New_York],2021-02-07T21:38:32-05:00[America/New_York],Yes,2021-02-07,77899,Sunday
1811,<A>,42,2021-02-07T21:38:32-05:00[America/New_York],2021-02-07T21:39:14-05:00[America/New_York],Yes,2021-02-07,77912,Sunday
1811,B,12,2021-02-07T21:39:14-05:00[America/New_York],2021-02-07T21:39:26-05:00[America/New_York],Yes,2021-02-07,77954,Sunday
1811,<A>,30,2021-02-07T21:39:26-05:00[America/New_York],2021-02-07T21:39:56-05:00[America/New_York],Yes,2021-02-07,77966,Sunday
1811,B,13,2021-02-07T21:39:56-05:00[America/New_York],2021-02-07T21:40:09-05:00[America/New_York],Yes,2021-02-07,77996,Sunday
1811,<A>,34,2021-02-07T21:40:09-05:00[America/New_York],2021-02-07T21:40:43-05:00[America/New_York],Yes,2021-02-07,78009,Sunday
1811,B,12,2021-02-07T21:40:43-05:00[America/New_York],2021-02-07T21:40:55-05:00[America/New_York],Yes,2021-02-07,78043,Sunday
1811,<A>,47,2021-02-07T21:40:55-05:00[America/New_York],2021-02-07T21:41:42-05:00[America/New_York],Yes,2021-02-07,78055,Sunday
1811,B,13,2021-02-07T21:41:42-05:00[America/New_York],2021-02-07T21:41:55-05:00[America/New_York],Yes,2021-02-07,78102,Sunday
1811,<A>,58,2021-02-07T21:41:55-05:00[America/New_York],2021-02-07T21:42:53-05:00[America/New_York],Yes,2021-02-07,78115,Sunday
1811,B,12,2021-02-07T21:42:53-05:00[America/New_York],2021-02-07T21:43:05-05:00[America/New_York],Yes,2021-02-07,78173,Sunday
1811,<A>,65,2021-02-07T21:43:05-05:00[America/New_York],2021-02-07T21:44:10-05:00[America/New_York],Yes,2021-02-07,78185,Sunday
1811,B,19,2021-02-07T21:44:10-05:00[America/New_York],2021-02-07T21:44:29-05:00[America/New_York],Yes,2021-02-07,78250,Sunday
1811,<A>,144,2021-02-07T21:44:29-05:00[America/New_York],2021-02-07T21:46:53-05:00[America/New_York],Yes,2021-02-07,78269,Sunday
1811,B,13,2021-02-07T21:46:53-05:00[America/New_York],2021-02-07T21:47:06-05:00[America/New_York],Yes,2021-02-07,78413,Sunday
1811,<A>,206,2021-02-07T21:47:06-05:00[America/New_York],2021-02-07T21:50:32-05:00[America/New_York],Yes,2021-02-07,78426,Sunday
1811,B,12,2021-02-07T21:50:32-05:00[America/New_York],2021-02-07T21:50:44-05:00[America/New_York],Yes,2021-02-07,78632,Sunday
1811,<A>,54,2021-02-07T21:50:44-05:00[America/New_York],2021-02-07T21:51:38-05:00[America/New_York],Yes,2021-02-07,78644,Sunday
1811,B,12,2021-02-07T21:51:38-05:00[America/New_York],2021-02-07T21:51:50-05:00[America/New_York],Yes,2021-02-07,78698,Sunday
1811,<A>,51,2021-02-07T21:51:50-05:00[America/New_York],2021-02-07T21:52:41-05:00[America/New_York],Yes,2021-02-07,78710,Sunday
1811,B,12,2021-02-07T21:52:41-05:00[America/New_York],2021-02-07T21:52:53-05:00[America/New_York],Yes,2021-02-07,78761,Sunday
1811,<A>,139,2021-02-07T21:52:53-05:00[America/New_York],2021-02-07T21:55:12-05:00[America/New_York],Yes,2021-02-07,78773,Sunday
1811,B,12,2021-02-07T21:55:12-05:00[America/New_York],2021-02-07T21:55:24-05:00[America/New_York],Yes,2021-02-07,78912,Sunday
1811,<A>,30,2021-02-07T21:55:24-05:00[America/New_York],2021-02-07T21:55:54-05:00[America/New_York],Yes,2021-02-07,78924,Sunday
1811,B,13,2021-02-07T21:55:54-05:00[America/New_York],2021-02-07T21:56:07-05:00[America/New_York],Yes,2021-02-07,78954,Sunday
1811,<A>,112,2021-02-07T21:56:07-05:00[America/New_York],2021-02-07T21:57:59-05:00[America/New_York],Yes,2021-02-07,78967,Sunday
1811,B,12,2021-02-07T21:57:59-05:00[America/New_York],2021-02-07T21:58:11-05:00[America/New_York],Yes,2021-02-07,79079,Sunday
1811,<A>,50,2021-02-07T21:58:11-05:00[America/New_York],2021-02-07T21:59:01-05:00[America/New_York],Yes,2021-02-07,79091,Sunday
1811,B,12,2021-02-07T21:59:01-05:00[America/New_York],2021-02-07T21:59:13-05:00[America/New_York],Yes,2021-02-07,79141,Sunday
1811,<A>,149,2021-02-07T21:59:13-05:00[America/New_York],2021-02-07T22:01:42-05:00[America/New_York],NA,2021-02-07,79153,Sunday
1811,B,12,2021-02-07T22:01:42-05:00[America/New_York],2021-02-07T22:01:54-05:00[America/New_York],Yes,2021-02-07,79302,Sunday
1811,<A>,62,2021-02-07T22:01:54-05:00[America/New_York],2021-02-07T22:02:56-05:00[America/New_York],Yes,2021-02-07,79314,Sunday
1811,B,12,2021-02-07T22:02:56-05:00[America/New_York],2021-02-07T22:03:08-05:00[America/New_York],Yes,2021-02-07,79376,Sunday
1811,<A>,50,2021-02-07T22:03:08-05:00[America/New_York],2021-02-07T22:03:58-05:00[America/New_York],Yes,2021-02-07,79388,Sunday
1811,B,12,2021-02-07T22:03:58-05:00[America/New_York],2021-02-07T22:04:10-05:00[America/New_York],Yes,2021-02-07,79438,Sunday
1811,<A>,145,2021-02-07T22:04:10-05:00[America/New_York],2021-02-07T22:06:35-05:00[America/New_York],Yes,2021-02-07,79450,Sunday
1811,B,12,2021-02-07T22:06:35-05:00[America/New_York],2021-02-07T22:06:47-05:00[America/New_York],Yes,2021-02-07,79595,Sunday
1811,<A>,74,2021-02-07T22:06:47-05:00[America/New_York],2021-02-07T22:08:01-05:00[America/New_York],NA,2021-02-07,79607,Sunday
1811,B,12,2021-02-07T22:08:01-05:00[America/New_York],2021-02-07T22:08:13-05:00[America/New_York],Yes,2021-02-07,79681,Sunday
1811,<A>,71,2021-02-07T22:08:13-05:00[America/New_York],2021-02-07T22:09:24-05:00[America/New_York],Yes,2021-02-07,79693,Sunday
1811,B,12,2021-02-07T22:09:24-05:00[America/New_York],2021-02-07T22:09:36-05:00[America/New_York],Yes,2021-02-07,79764,Sunday
1811,<A>,137,2021-02-07T22:09:36-05:00[America/New_York],2021-02-07T22:11:53-05:00[America/New_York],Yes,2021-02-07,79776,Sunday
1811,B,39,2021-02-07T22:11:53-05:00[America/New_York],2021-02-07T22:12:32-05:00[America/New_York],NA,2021-02-07,79913,Sunday
1811,<A>,34,2021-02-07T22:12:32-05:00[America/New_York],2021-02-07T22:13:06-05:00[America/New_York],Yes,2021-02-07,79952,Sunday
1811,B,12,2021-02-07T22:13:06-05:00[America/New_York],2021-02-07T22:13:18-05:00[America/New_York],Yes,2021-02-07,79986,Sunday
1811,<A>,31,2021-02-07T22:13:18-05:00[America/New_York],2021-02-07T22:13:49-05:00[America/New_York],Yes,2021-02-07,79998,Sunday
1811,B,12,2021-02-07T22:13:49-05:00[America/New_York],2021-02-07T22:14:01-05:00[America/New_York],Yes,2021-02-07,80029,Sunday
1811,<A>,50,2021-02-07T22:14:01-05:00[America/New_York],2021-02-07T22:14:51-05:00[America/New_York],Yes,2021-02-07,80041,Sunday
1811,B,12,2021-02-07T22:14:51-05:00[America/New_York],2021-02-07T22:15:03-05:00[America/New_York],Yes,2021-02-07,80091,Sunday
1811,<A>,71,2021-02-07T22:15:03-05:00[America/New_York],2021-02-07T22:16:14-05:00[America/New_York],Yes,2021-02-07,80103,Sunday
1811,B,12,2021-02-07T22:16:14-05:00[America/New_York],2021-02-07T22:16:26-05:00[America/New_York],Yes,2021-02-07,80174,Sunday
1811,<A>,229,2021-02-07T22:16:26-05:00[America/New_York],2021-02-07T22:20:15-05:00[America/New_York],Yes,2021-02-07,80186,Sunday
1811,B,12,2021-02-07T22:20:15-05:00[America/New_York],2021-02-07T22:20:27-05:00[America/New_York],Yes,2021-02-07,80415,Sunday
1811,<A>,100,2021-02-07T22:20:27-05:00[America/New_York],2021-02-07T22:22:07-05:00[America/New_York],NA,2021-02-07,80427,Sunday
1811,B,12,2021-02-07T22:22:07-05:00[America/New_York],2021-02-07T22:22:19-05:00[America/New_York],Yes,2021-02-07,80527,Sunday
1811,<A>,153,2021-02-07T22:22:19-05:00[America/New_York],2021-02-07T22:24:52-05:00[America/New_York],NA,2021-02-07,80539,Sunday
1811,B,12,2021-02-07T22:24:52-05:00[America/New_York],2021-02-07T22:25:04-05:00[America/New_York],Yes,2021-02-07,80692,Sunday
1811,<A>,38,2021-02-07T22:25:04-05:00[America/New_York],2021-02-07T22:25:42-05:00[America/New_York],Yes,2021-02-07,80704,Sunday
1811,B,12,2021-02-07T22:25:42-05:00[America/New_York],2021-02-07T22:25:54-05:00[America/New_York],Yes,2021-02-07,80742,Sunday
1811,<A>,59,2021-02-07T22:25:54-05:00[America/New_York],2021-02-07T22:26:53-05:00[America/New_York],NA,2021-02-07,80754,Sunday
1811,B,12,2021-02-07T22:26:53-05:00[America/New_York],2021-02-07T22:27:05-05:00[America/New_York],Yes,2021-02-07,80813,Sunday
1811,<A>,88,2021-02-07T22:27:05-05:00[America/New_York],2021-02-07T22:28:33-05:00[America/New_York],NA,2021-02-07,80825,Sunday
1811,B,12,2021-02-07T22:28:33-05:00[America/New_York],2021-02-07T22:28:45-05:00[America/New_York],Yes,2021-02-07,80913,Sunday
1811,<A>,35,2021-02-07T22:28:45-05:00[America/New_York],2021-02-07T22:29:20-05:00[America/New_York],Yes,2021-02-07,80925,Sunday
1811,B,12,2021-02-07T22:29:20-05:00[America/New_York],2021-02-07T22:29:32-05:00[America/New_York],Yes,2021-02-07,80960,Sunday
1811,<A>,31,2021-02-07T22:29:32-05:00[America/New_York],2021-02-07T22:30:03-05:00[America/New_York],Yes,2021-02-07,80972,Sunday
1811,B,15,2021-02-07T22:30:03-05:00[America/New_York],2021-02-07T22:30:18-05:00[America/New_York],Yes,2021-02-07,81003,Sunday
1811,<A>,41,2021-02-07T22:30:18-05:00[America/New_York],2021-02-07T22:30:59-05:00[America/New_York],Yes,2021-02-07,81018,Sunday
1811,B,12,2021-02-07T22:30:59-05:00[America/New_York],2021-02-07T22:31:11-05:00[America/New_York],Yes,2021-02-07,81059,Sunday
1811,<A>,52,2021-02-07T22:31:11-05:00[America/New_York],2021-02-07T22:32:03-05:00[America/New_York],Yes,2021-02-07,81071,Sunday
1811,B,17,2021-02-07T22:32:03-05:00[America/New_York],2021-02-07T22:32:20-05:00[America/New_York],Yes,2021-02-07,81123,Sunday
1811,<A>,44,2021-02-07T22:32:20-05:00[America/New_York],2021-02-07T22:33:04-05:00[America/New_York],Yes,2021-02-07,81140,Sunday
1811,B,12,2021-02-07T22:33:04-05:00[America/New_York],2021-02-07T22:33:16-05:00[America/New_York],Yes,2021-02-07,81184,Sunday
1811,<A>,49,2021-02-07T22:33:16-05:00[America/New_York],2021-02-07T22:34:05-05:00[America/New_York],Yes,2021-02-07,81196,Sunday
1811,B,12,2021-02-07T22:34:05-05:00[America/New_York],2021-02-07T22:34:17-05:00[America/New_York],Yes,2021-02-07,81245,Sunday
1811,<A>,30,2021-02-07T22:34:17-05:00[America/New_York],2021-02-07T22:34:47-05:00[America/New_York],Yes,2021-02-07,81257,Sunday
1811,B,13,2021-02-07T22:34:47-05:00[America/New_York],2021-02-07T22:35:00-05:00[America/New_York],Yes,2021-02-07,81287,Sunday
1811,<A>,80,2021-02-07T22:35:00-05:00[America/New_York],2021-02-07T22:36:20-05:00[America/New_York],NA,2021-02-07,81300,Sunday
1811,B,12,2021-02-07T22:36:20-05:00[America/New_York],2021-02-07T22:36:32-05:00[America/New_York],Yes,2021-02-07,81380,Sunday
1811,<A>,48,2021-02-07T22:36:32-05:00[America/New_York],2021-02-07T22:37:20-05:00[America/New_York],Yes,2021-02-07,81392,Sunday
1811,B,13,2021-02-07T22:37:20-05:00[America/New_York],2021-02-07T22:37:33-05:00[America/New_York],Yes,2021-02-07,81440,Sunday
1811,<A>,96,2021-02-07T22:37:33-05:00[America/New_York],2021-02-07T22:39:09-05:00[America/New_York],NA,2021-02-07,81453,Sunday
1811,B,12,2021-02-07T22:39:09-05:00[America/New_York],2021-02-07T22:39:21-05:00[America/New_York],Yes,2021-02-07,81549,Sunday
1811,<A>,71,2021-02-07T22:39:21-05:00[America/New_York],2021-02-07T22:40:32-05:00[America/New_York],Yes,2021-02-07,81561,Sunday
1811,B,12,2021-02-07T22:40:32-05:00[America/New_York],2021-02-07T22:40:44-05:00[America/New_York],Yes,2021-02-07,81632,Sunday
1811,<A>,46,2021-02-07T22:40:44-05:00[America/New_York],2021-02-07T22:41:30-05:00[America/New_York],Yes,2021-02-07,81644,Sunday
1811,B,13,2021-02-07T22:41:30-05:00[America/New_York],2021-02-07T22:41:43-05:00[America/New_York],Yes,2021-02-07,81690,Sunday
1811,<A>,38,2021-02-07T22:41:43-05:00[America/New_York],2021-02-07T22:42:21-05:00[America/New_York],Yes,2021-02-07,81703,Sunday
1811,B,12,2021-02-07T22:42:21-05:00[America/New_York],2021-02-07T22:42:33-05:00[America/New_York],Yes,2021-02-07,81741,Sunday
1811,<A>,73,2021-02-07T22:42:33-05:00[America/New_York],2021-02-07T22:43:46-05:00[America/New_York],NA,2021-02-07,81753,Sunday
1811,B,12,2021-02-07T22:43:46-05:00[America/New_York],2021-02-07T22:43:58-05:00[America/New_York],Yes,2021-02-07,81826,Sunday
1811,<A>,104,2021-02-07T22:43:58-05:00[America/New_York],2021-02-07T22:45:42-05:00[America/New_York],NA,2021-02-07,81838,Sunday
1811,B,12,2021-02-07T22:45:42-05:00[America/New_York],2021-02-07T22:45:54-05:00[America/New_York],Yes,2021-02-07,81942,Sunday
1811,<A>,30,2021-02-07T22:45:54-05:00[America/New_York],2021-02-07T22:46:24-05:00[America/New_York],Yes,2021-02-07,81954,Sunday
1811,B,13,2021-02-07T22:46:24-05:00[America/New_York],2021-02-07T22:46:37-05:00[America/New_York],Yes,2021-02-07,81984,Sunday
1811,<A>,281,2021-02-07T22:46:37-05:00[America/New_York],2021-02-07T22:51:18-05:00[America/New_York],NA,2021-02-07,81997,Sunday
1811,B,12,2021-02-07T22:51:18-05:00[America/New_York],2021-02-07T22:51:30-05:00[America/New_York],Yes,2021-02-07,82278,Sunday
1811,<A>,191,2021-02-07T22:51:30-05:00[America/New_York],2021-02-07T22:54:41-05:00[America/New_York],NA,2021-02-07,82290,Sunday
1811,B,12,2021-02-07T22:54:41-05:00[America/New_York],2021-02-07T22:54:53-05:00[America/New_York],Yes,2021-02-07,82481,Sunday
1811,<A>,93,2021-02-07T22:54:53-05:00[America/New_York],2021-02-07T22:56:26-05:00[America/New_York],NA,2021-02-07,82493,Sunday
1811,B,12,2021-02-07T22:56:26-05:00[America/New_York],2021-02-07T22:56:38-05:00[America/New_York],Yes,2021-02-07,82586,Sunday
1811,<A>,31,2021-02-07T22:56:38-05:00[America/New_York],2021-02-07T22:57:09-05:00[America/New_York],Yes,2021-02-07,82598,Sunday
1811,B,12,2021-02-07T22:57:09-05:00[America/New_York],2021-02-07T22:57:21-05:00[America/New_York],Yes,2021-02-07,82629,Sunday
1811,<A>,30,2021-02-07T22:57:21-05:00[America/New_York],2021-02-07T22:57:51-05:00[America/New_York],Yes,2021-02-07,82641,Sunday
1811,B,13,2021-02-07T22:57:51-05:00[America/New_York],2021-02-07T22:58:04-05:00[America/New_York],Yes,2021-02-07,82671,Sunday
1811,<A>,43,2021-02-07T22:58:04-05:00[America/New_York],2021-02-07T22:58:47-05:00[America/New_York],Yes,2021-02-07,82684,Sunday
1811,B,12,2021-02-07T22:58:47-05:00[America/New_York],2021-02-07T22:58:59-05:00[America/New_York],Yes,2021-02-07,82727,Sunday
1811,<A>,86,2021-02-07T22:58:59-05:00[America/New_York],2021-02-07T23:00:25-05:00[America/New_York],NA,2021-02-07,82739,Sunday
1811,B,12,2021-02-07T23:00:25-05:00[America/New_York],2021-02-07T23:00:37-05:00[America/New_York],Yes,2021-02-07,82825,Sunday
1811,<A>,56,2021-02-07T23:00:37-05:00[America/New_York],2021-02-07T23:01:33-05:00[America/New_York],Yes,2021-02-07,82837,Sunday
1811,B,12,2021-02-07T23:01:33-05:00[America/New_York],2021-02-07T23:01:45-05:00[America/New_York],Yes,2021-02-07,82893,Sunday
1811,<A>,30,2021-02-07T23:01:45-05:00[America/New_York],2021-02-07T23:02:15-05:00[America/New_York],Yes,2021-02-07,82905,Sunday
1811,B,13,2021-02-07T23:02:15-05:00[America/New_York],2021-02-07T23:02:28-05:00[America/New_York],Yes,2021-02-07,82935,Sunday
1811,<A>,55,2021-02-07T23:02:28-05:00[America/New_York],2021-02-07T23:03:23-05:00[America/New_York],Yes,2021-02-07,82948,Sunday
1811,B,12,2021-02-07T23:03:23-05:00[America/New_York],2021-02-07T23:03:35-05:00[America/New_York],Yes,2021-02-07,83003,Sunday
1811,<A>,31,2021-02-07T23:03:35-05:00[America/New_York],2021-02-07T23:04:06-05:00[America/New_York],Yes,2021-02-07,83015,Sunday
1811,B,14,2021-02-07T23:04:06-05:00[America/New_York],2021-02-07T23:04:20-05:00[America/New_York],Yes,2021-02-07,83046,Sunday
1811,<A>,80,2021-02-07T23:04:20-05:00[America/New_York],2021-02-07T23:05:40-05:00[America/New_York],NA,2021-02-07,83060,Sunday
1811,B,12,2021-02-07T23:05:40-05:00[America/New_York],2021-02-07T23:05:52-05:00[America/New_York],Yes,2021-02-07,83140,Sunday
1811,<A>,30,2021-02-07T23:05:52-05:00[America/New_York],2021-02-07T23:06:22-05:00[America/New_York],Yes,2021-02-07,83152,Sunday
1811,B,13,2021-02-07T23:06:22-05:00[America/New_York],2021-02-07T23:06:35-05:00[America/New_York],Yes,2021-02-07,83182,Sunday
1811,<A>,35,2021-02-07T23:06:35-05:00[America/New_York],2021-02-07T23:07:10-05:00[America/New_York],Yes,2021-02-07,83195,Sunday
1811,B,12,2021-02-07T23:07:10-05:00[America/New_York],2021-02-07T23:07:22-05:00[America/New_York],Yes,2021-02-07,83230,Sunday
1811,<A>,34,2021-02-07T23:07:22-05:00[America/New_York],2021-02-07T23:07:56-05:00[America/New_York],Yes,2021-02-07,83242,Sunday
1811,B,12,2021-02-07T23:07:56-05:00[America/New_York],2021-02-07T23:08:08-05:00[America/New_York],Yes,2021-02-07,83276,Sunday
1811,<A>,30,2021-02-07T23:08:08-05:00[America/New_York],2021-02-07T23:08:38-05:00[America/New_York],Yes,2021-02-07,83288,Sunday
1811,B,14,2021-02-07T23:08:38-05:00[America/New_York],2021-02-07T23:08:52-05:00[America/New_York],Yes,2021-02-07,83318,Sunday
1811,<A>,33,2021-02-07T23:08:52-05:00[America/New_York],2021-02-07T23:09:25-05:00[America/New_York],Yes,2021-02-07,83332,Sunday
1811,B,12,2021-02-07T23:09:25-05:00[America/New_York],2021-02-07T23:09:37-05:00[America/New_York],Yes,2021-02-07,83365,Sunday
1811,<A>,80,2021-02-07T23:09:37-05:00[America/New_York],2021-02-07T23:10:57-05:00[America/New_York],NA,2021-02-07,83377,Sunday
1811,B,12,2021-02-07T23:10:57-05:00[America/New_York],2021-02-07T23:11:09-05:00[America/New_York],Yes,2021-02-07,83457,Sunday
1811,<A>,30,2021-02-07T23:11:09-05:00[America/New_York],2021-02-07T23:11:39-05:00[America/New_York],Yes,2021-02-07,83469,Sunday
1811,B,15,2021-02-07T23:11:39-05:00[America/New_York],2021-02-07T23:11:54-05:00[America/New_York],Yes,2021-02-07,83499,Sunday
1811,<A>,82,2021-02-07T23:11:54-05:00[America/New_York],2021-02-07T23:13:16-05:00[America/New_York],NA,2021-02-07,83514,Sunday
1811,B,12,2021-02-07T23:13:16-05:00[America/New_York],2021-02-07T23:13:28-05:00[America/New_York],Yes,2021-02-07,83596,Sunday
1811,<A>,30,2021-02-07T23:13:28-05:00[America/New_York],2021-02-07T23:13:58-05:00[America/New_York],Yes,2021-02-07,83608,Sunday
1811,B,13,2021-02-07T23:13:58-05:00[America/New_York],2021-02-07T23:14:11-05:00[America/New_York],Yes,2021-02-07,83638,Sunday
1811,<A>,101,2021-02-07T23:14:11-05:00[America/New_York],2021-02-07T23:15:52-05:00[America/New_York],NA,2021-02-07,83651,Sunday
1811,B,12,2021-02-07T23:15:52-05:00[America/New_York],2021-02-07T23:16:04-05:00[America/New_York],Yes,2021-02-07,83752,Sunday
1811,<A>,69,2021-02-07T23:16:04-05:00[America/New_York],2021-02-07T23:17:13-05:00[America/New_York],Yes,2021-02-07,83764,Sunday
1811,B,12,2021-02-07T23:17:13-05:00[America/New_York],2021-02-07T23:17:25-05:00[America/New_York],Yes,2021-02-07,83833,Sunday
1811,<A>,48,2021-02-07T23:17:25-05:00[America/New_York],2021-02-07T23:18:13-05:00[America/New_York],Yes,2021-02-07,83845,Sunday
1811,B,12,2021-02-07T23:18:13-05:00[America/New_York],2021-02-07T23:18:25-05:00[America/New_York],Yes,2021-02-07,83893,Sunday
1811,<A>,110,2021-02-07T23:18:25-05:00[America/New_York],2021-02-07T23:20:15-05:00[America/New_York],Yes,2021-02-07,83905,Sunday
1811,B,12,2021-02-07T23:20:15-05:00[America/New_York],2021-02-07T23:20:27-05:00[America/New_York],Yes,2021-02-07,84015,Sunday
1811,<A>,82,2021-02-07T23:20:27-05:00[America/New_York],2021-02-07T23:21:49-05:00[America/New_York],NA,2021-02-07,84027,Sunday
1811,B,13,2021-02-07T23:21:49-05:00[America/New_York],2021-02-07T23:22:02-05:00[America/New_York],Yes,2021-02-07,84109,Sunday
1811,<A>,172,2021-02-07T23:22:02-05:00[America/New_York],2021-02-07T23:24:54-05:00[America/New_York],NA,2021-02-07,84122,Sunday
1811,B,12,2021-02-07T23:24:54-05:00[America/New_York],2021-02-07T23:25:06-05:00[America/New_York],Yes,2021-02-07,84294,Sunday
1811,<A>,87,2021-02-07T23:25:06-05:00[America/New_York],2021-02-07T23:26:33-05:00[America/New_York],NA,2021-02-07,84306,Sunday
1811,B,12,2021-02-07T23:26:33-05:00[America/New_York],2021-02-07T23:26:45-05:00[America/New_York],Yes,2021-02-07,84393,Sunday
1811,<A>,30,2021-02-07T23:26:45-05:00[America/New_York],2021-02-07T23:27:15-05:00[America/New_York],Yes,2021-02-07,84405,Sunday
1811,B,13,2021-02-07T23:27:15-05:00[America/New_York],2021-02-07T23:27:28-05:00[America/New_York],Yes,2021-02-07,84435,Sunday
1811,<A>,41,2021-02-07T23:27:28-05:00[America/New_York],2021-02-07T23:28:09-05:00[America/New_York],Yes,2021-02-07,84448,Sunday
1811,B,12,2021-02-07T23:28:09-05:00[America/New_York],2021-02-07T23:28:21-05:00[America/New_York],Yes,2021-02-07,84489,Sunday
1811,<A>,43,2021-02-07T23:28:21-05:00[America/New_York],2021-02-07T23:29:04-05:00[America/New_York],Yes,2021-02-07,84501,Sunday
1811,B,12,2021-02-07T23:29:04-05:00[America/New_York],2021-02-07T23:29:16-05:00[America/New_York],Yes,2021-02-07,84544,Sunday
1811,<A>,83,2021-02-07T23:29:16-05:00[America/New_York],2021-02-07T23:30:39-05:00[America/New_York],NA,2021-02-07,84556,Sunday
1811,B,12,2021-02-07T23:30:39-05:00[America/New_York],2021-02-07T23:30:51-05:00[America/New_York],Yes,2021-02-07,84639,Sunday
1811,<A>,62,2021-02-07T23:30:51-05:00[America/New_York],2021-02-07T23:31:53-05:00[America/New_York],Yes,2021-02-07,84651,Sunday
1811,B,12,2021-02-07T23:31:53-05:00[America/New_York],2021-02-07T23:32:05-05:00[America/New_York],Yes,2021-02-07,84713,Sunday
1811,<A>,285,2021-02-07T23:32:05-05:00[America/New_York],2021-02-07T23:36:50-05:00[America/New_York],NA,2021-02-07,84725,Sunday
1811,B,12,2021-02-07T23:36:50-05:00[America/New_York],2021-02-07T23:37:02-05:00[America/New_York],Yes,2021-02-07,85010,Sunday
1811,<A>,30,2021-02-07T23:37:02-05:00[America/New_York],2021-02-07T23:37:32-05:00[America/New_York],Yes,2021-02-07,85022,Sunday
1811,B,13,2021-02-07T23:37:32-05:00[America/New_York],2021-02-07T23:37:45-05:00[America/New_York],Yes,2021-02-07,85052,Sunday
1811,<A>,151,2021-02-07T23:37:45-05:00[America/New_York],2021-02-07T23:40:16-05:00[America/New_York],Yes,2021-02-07,85065,Sunday
1811,B,12,2021-02-07T23:40:16-05:00[America/New_York],2021-02-07T23:40:28-05:00[America/New_York],Yes,2021-02-07,85216,Sunday
1811,<A>,30,2021-02-07T23:40:28-05:00[America/New_York],2021-02-07T23:40:58-05:00[America/New_York],Yes,2021-02-07,85228,Sunday
1811,B,13,2021-02-07T23:40:58-05:00[America/New_York],2021-02-07T23:41:11-05:00[America/New_York],Yes,2021-02-07,85258,Sunday
1811,<A>,112,2021-02-07T23:41:11-05:00[America/New_York],2021-02-07T23:43:03-05:00[America/New_York],Yes,2021-02-07,85271,Sunday
1811,B,12,2021-02-07T23:43:03-05:00[America/New_York],2021-02-07T23:43:15-05:00[America/New_York],Yes,2021-02-07,85383,Sunday
1811,<A>,106,2021-02-07T23:43:15-05:00[America/New_York],2021-02-07T23:45:01-05:00[America/New_York],Yes,2021-02-07,85395,Sunday
1811,B,12,2021-02-07T23:45:01-05:00[America/New_York],2021-02-07T23:45:13-05:00[America/New_York],Yes,2021-02-07,85501,Sunday
1811,<A>,31,2021-02-07T23:45:13-05:00[America/New_York],2021-02-07T23:45:44-05:00[America/New_York],Yes,2021-02-07,85513,Sunday
1811,B,12,2021-02-07T23:45:44-05:00[America/New_York],2021-02-07T23:45:56-05:00[America/New_York],Yes,2021-02-07,85544,Sunday
1811,<A>,185,2021-02-07T23:45:56-05:00[America/New_York],2021-02-07T23:49:01-05:00[America/New_York],NA,2021-02-07,85556,Sunday
1811,B,12,2021-02-07T23:49:01-05:00[America/New_York],2021-02-07T23:49:13-05:00[America/New_York],Yes,2021-02-07,85741,Sunday
1811,<A>,139,2021-02-07T23:49:13-05:00[America/New_York],2021-02-07T23:51:32-05:00[America/New_York],Yes,2021-02-07,85753,Sunday
1811,B,12,2021-02-07T23:51:32-05:00[America/New_York],2021-02-07T23:51:44-05:00[America/New_York],Yes,2021-02-07,85892,Sunday
1811,<A>,290,2021-02-07T23:51:44-05:00[America/New_York],2021-02-07T23:56:34-05:00[America/New_York],NA,2021-02-07,85904,Sunday
1811,B,12,2021-02-07T23:56:34-05:00[America/New_York],2021-02-07T23:56:46-05:00[America/New_York],Yes,2021-02-07,86194,Sunday
1811,<A>,39,2021-02-07T23:56:46-05:00[America/New_York],2021-02-07T23:57:25-05:00[America/New_York],Yes,2021-02-07,86206,Sunday
1811,B,12,2021-02-07T23:57:25-05:00[America/New_York],2021-02-07T23:57:37-05:00[America/New_York],Yes,2021-02-07,86245,Sunday
1811,<A>,30,2021-02-07T23:57:37-05:00[America/New_York],2021-02-07T23:58:07-05:00[America/New_York],Yes,2021-02-07,86257,Sunday
1811,B,13,2021-02-07T23:58:07-05:00[America/New_York],2021-02-07T23:58:20-05:00[America/New_York],Yes,2021-02-07,86287,Sunday
1811,<A>,99,2021-02-07T23:58:20-05:00[America/New_York],2021-02-07T23:59:59-05:00[America/New_York],NA,2021-02-07,86300,Sunday
1812,<A>,30,2021-02-07T00:01:39-05:00[America/New_York],2021-02-07T00:02:09-05:00[America/New_York],Yes,2021-02-07,99,Sunday
1812,C,16,2021-02-07T00:02:09-05:00[America/New_York],2021-02-07T00:02:25-05:00[America/New_York],Yes,2021-02-07,129,Sunday
1812,<A>,84,2021-02-07T00:02:25-05:00[America/New_York],2021-02-07T00:03:49-05:00[America/New_York],NA,2021-02-07,145,Sunday
1812,C,15,2021-02-07T00:03:49-05:00[America/New_York],2021-02-07T00:04:04-05:00[America/New_York],Yes,2021-02-07,229,Sunday
1812,<A>,70,2021-02-07T00:04:04-05:00[America/New_York],2021-02-07T00:05:14-05:00[America/New_York],Yes,2021-02-07,244,Sunday
1812,C,15,2021-02-07T00:05:14-05:00[America/New_York],2021-02-07T00:05:29-05:00[America/New_York],Yes,2021-02-07,314,Sunday
1812,<A>,143,2021-02-07T00:05:29-05:00[America/New_York],2021-02-07T00:07:52-05:00[America/New_York],Yes,2021-02-07,329,Sunday
1812,C,15,2021-02-07T00:07:52-05:00[America/New_York],2021-02-07T00:08:07-05:00[America/New_York],Yes,2021-02-07,472,Sunday
1812,<A>,273,2021-02-07T00:08:07-05:00[America/New_York],2021-02-07T00:12:40-05:00[America/New_York],NA,2021-02-07,487,Sunday
1812,C,15,2021-02-07T00:12:40-05:00[America/New_York],2021-02-07T00:12:55-05:00[America/New_York],Yes,2021-02-07,760,Sunday
1812,<A>,259,2021-02-07T00:12:55-05:00[America/New_York],2021-02-07T00:17:14-05:00[America/New_York],Yes,2021-02-07,775,Sunday
1812,B,10,2021-02-07T00:17:14-05:00[America/New_York],2021-02-07T00:17:24-05:00[America/New_York],Yes,2021-02-07,1034,Sunday
1812,C,22,2021-02-07T00:17:24-05:00[America/New_York],2021-02-07T00:17:46-05:00[America/New_York],Yes,2021-02-07,1044,Sunday
1812,<A>,281,2021-02-07T00:17:46-05:00[America/New_York],2021-02-07T00:22:27-05:00[America/New_York],NA,2021-02-07,1066,Sunday
1812,C,15,2021-02-07T00:22:27-05:00[America/New_York],2021-02-07T00:22:42-05:00[America/New_York],Yes,2021-02-07,1347,Sunday
1812,<A>,41,2021-02-07T00:22:42-05:00[America/New_York],2021-02-07T00:23:23-05:00[America/New_York],Yes,2021-02-07,1362,Sunday
1812,C,15,2021-02-07T00:23:23-05:00[America/New_York],2021-02-07T00:23:38-05:00[America/New_York],Yes,2021-02-07,1403,Sunday
1812,<A>,54,2021-02-07T00:23:38-05:00[America/New_York],2021-02-07T00:24:32-05:00[America/New_York],Yes,2021-02-07,1418,Sunday
1812,C,15,2021-02-07T00:24:32-05:00[America/New_York],2021-02-07T00:24:47-05:00[America/New_York],Yes,2021-02-07,1472,Sunday
1812,<A>,74,2021-02-07T00:24:47-05:00[America/New_York],2021-02-07T00:26:01-05:00[America/New_York],NA,2021-02-07,1487,Sunday
1812,B,10,2021-02-07T00:26:01-05:00[America/New_York],2021-02-07T00:26:11-05:00[America/New_York],Yes,2021-02-07,1561,Sunday
1812,C,16,2021-02-07T00:26:11-05:00[America/New_York],2021-02-07T00:26:27-05:00[America/New_York],NA,2021-02-07,1571,Sunday
1812,<A>,41,2021-02-07T00:26:27-05:00[America/New_York],2021-02-07T00:27:08-05:00[America/New_York],Yes,2021-02-07,1587,Sunday
1812,B,10,2021-02-07T00:27:08-05:00[America/New_York],2021-02-07T00:27:18-05:00[America/New_York],Yes,2021-02-07,1628,Sunday
1812,C,16,2021-02-07T00:27:18-05:00[America/New_York],2021-02-07T00:27:34-05:00[America/New_York],Yes,2021-02-07,1638,Sunday
1812,<A>,78,2021-02-07T00:27:34-05:00[America/New_York],2021-02-07T00:28:52-05:00[America/New_York],NA,2021-02-07,1654,Sunday
1812,B,11,2021-02-07T00:28:52-05:00[America/New_York],2021-02-07T00:29:03-05:00[America/New_York],NA,2021-02-07,1732,Sunday
1812,C,16,2021-02-07T00:29:03-05:00[America/New_York],2021-02-07T00:29:19-05:00[America/New_York],NA,2021-02-07,1743,Sunday
1812,<A>,90,2021-02-07T00:29:19-05:00[America/New_York],2021-02-07T00:30:49-05:00[America/New_York],NA,2021-02-07,1759,Sunday
1812,C,15,2021-02-07T00:30:49-05:00[America/New_York],2021-02-07T00:31:04-05:00[America/New_York],Yes,2021-02-07,1849,Sunday
1812,<A>,120,2021-02-07T00:31:04-05:00[America/New_York],2021-02-07T00:33:04-05:00[America/New_York],NA,2021-02-07,1864,Sunday
1812,C,15,2021-02-07T00:33:04-05:00[America/New_York],2021-02-07T00:33:19-05:00[America/New_York],Yes,2021-02-07,1984,Sunday
1812,<A>,114,2021-02-07T00:33:19-05:00[America/New_York],2021-02-07T00:35:13-05:00[America/New_York],NA,2021-02-07,1999,Sunday
1812,C,15,2021-02-07T00:35:13-05:00[America/New_York],2021-02-07T00:35:28-05:00[America/New_York],Yes,2021-02-07,2113,Sunday
1812,<A>,49,2021-02-07T00:35:28-05:00[America/New_York],2021-02-07T00:36:17-05:00[America/New_York],Yes,2021-02-07,2128,Sunday
1812,C,15,2021-02-07T00:36:17-05:00[America/New_York],2021-02-07T00:36:32-05:00[America/New_York],Yes,2021-02-07,2177,Sunday
1812,<A>,37,2021-02-07T00:36:32-05:00[America/New_York],2021-02-07T00:37:09-05:00[America/New_York],Yes,2021-02-07,2192,Sunday
1812,B,13,2021-02-07T00:37:09-05:00[America/New_York],2021-02-07T00:37:22-05:00[America/New_York],NA,2021-02-07,2229,Sunday
1812,C,17,2021-02-07T00:37:22-05:00[America/New_York],2021-02-07T00:37:39-05:00[America/New_York],Yes,2021-02-07,2242,Sunday
1812,<A>,42,2021-02-07T00:37:39-05:00[America/New_York],2021-02-07T00:38:21-05:00[America/New_York],Yes,2021-02-07,2259,Sunday
1812,C,16,2021-02-07T00:38:21-05:00[America/New_York],2021-02-07T00:38:37-05:00[America/New_York],Yes,2021-02-07,2301,Sunday
1812,<A>,68,2021-02-07T00:38:37-05:00[America/New_York],2021-02-07T00:39:45-05:00[America/New_York],NA,2021-02-07,2317,Sunday
1812,C,16,2021-02-07T00:39:45-05:00[America/New_York],2021-02-07T00:40:01-05:00[America/New_York],Yes,2021-02-07,2385,Sunday
1812,<A>,66,2021-02-07T00:40:01-05:00[America/New_York],2021-02-07T00:41:07-05:00[America/New_York],Yes,2021-02-07,2401,Sunday
1812,C,20,2021-02-07T00:41:07-05:00[America/New_York],2021-02-07T00:41:27-05:00[America/New_York],Yes,2021-02-07,2467,Sunday
1812,<A>,116,2021-02-07T00:41:27-05:00[America/New_York],2021-02-07T00:43:23-05:00[America/New_York],NA,2021-02-07,2487,Sunday
1812,C,16,2021-02-07T00:43:23-05:00[America/New_York],2021-02-07T00:43:39-05:00[America/New_York],Yes,2021-02-07,2603,Sunday
1812,<A>,257,2021-02-07T00:43:39-05:00[America/New_York],2021-02-07T00:47:56-05:00[America/New_York],NA,2021-02-07,2619,Sunday
1812,B,10,2021-02-07T00:47:56-05:00[America/New_York],2021-02-07T00:48:06-05:00[America/New_York],Yes,2021-02-07,2876,Sunday
1812,C,16,2021-02-07T00:48:06-05:00[America/New_York],2021-02-07T00:48:22-05:00[America/New_York],Yes,2021-02-07,2886,Sunday
1812,<A>,39,2021-02-07T00:48:22-05:00[America/New_York],2021-02-07T00:49:01-05:00[America/New_York],Yes,2021-02-07,2902,Sunday
1812,B,10,2021-02-07T00:49:01-05:00[America/New_York],2021-02-07T00:49:11-05:00[America/New_York],Yes,2021-02-07,2941,Sunday
1812,C,16,2021-02-07T00:49:11-05:00[America/New_York],2021-02-07T00:49:27-05:00[America/New_York],Yes,2021-02-07,2951,Sunday
1812,<A>,41,2021-02-07T00:49:27-05:00[America/New_York],2021-02-07T00:50:08-05:00[America/New_York],Yes,2021-02-07,2967,Sunday
1812,C,19,2021-02-07T00:50:08-05:00[America/New_York],2021-02-07T00:50:27-05:00[America/New_York],Yes,2021-02-07,3008,Sunday
1812,<A>,57,2021-02-07T00:50:27-05:00[America/New_York],2021-02-07T00:51:24-05:00[America/New_York],Yes,2021-02-07,3027,Sunday
1812,C,15,2021-02-07T00:51:24-05:00[America/New_York],2021-02-07T00:51:39-05:00[America/New_York],Yes,2021-02-07,3084,Sunday
1812,<A>,43,2021-02-07T00:51:39-05:00[America/New_York],2021-02-07T00:52:22-05:00[America/New_York],Yes,2021-02-07,3099,Sunday
1812,C,15,2021-02-07T00:52:22-05:00[America/New_York],2021-02-07T00:52:37-05:00[America/New_York],Yes,2021-02-07,3142,Sunday
1812,<A>,34,2021-02-07T00:52:37-05:00[America/New_York],2021-02-07T00:53:11-05:00[America/New_York],Yes,2021-02-07,3157,Sunday
1812,B,10,2021-02-07T00:53:11-05:00[America/New_York],2021-02-07T00:53:21-05:00[America/New_York],Yes,2021-02-07,3191,Sunday
1812,C,16,2021-02-07T00:53:21-05:00[America/New_York],2021-02-07T00:53:37-05:00[America/New_York],Yes,2021-02-07,3201,Sunday
1812,<A>,37,2021-02-07T00:53:37-05:00[America/New_York],2021-02-07T00:54:14-05:00[America/New_York],Yes,2021-02-07,3217,Sunday
1812,C,18,2021-02-07T00:54:14-05:00[America/New_York],2021-02-07T00:54:32-05:00[America/New_York],Yes,2021-02-07,3254,Sunday
1812,<A>,43,2021-02-07T00:54:32-05:00[America/New_York],2021-02-07T00:55:15-05:00[America/New_York],Yes,2021-02-07,3272,Sunday
1812,B,10,2021-02-07T00:55:15-05:00[America/New_York],2021-02-07T00:55:25-05:00[America/New_York],Yes,2021-02-07,3315,Sunday
1812,C,16,2021-02-07T00:55:25-05:00[America/New_York],2021-02-07T00:55:41-05:00[America/New_York],Yes,2021-02-07,3325,Sunday
1812,<A>,45,2021-02-07T00:55:41-05:00[America/New_York],2021-02-07T00:56:26-05:00[America/New_York],Yes,2021-02-07,3341,Sunday
1812,C,15,2021-02-07T00:56:26-05:00[America/New_York],2021-02-07T00:56:41-05:00[America/New_York],Yes,2021-02-07,3386,Sunday
1812,<A>,139,2021-02-07T00:56:41-05:00[America/New_York],2021-02-07T00:59:00-05:00[America/New_York],Yes,2021-02-07,3401,Sunday
1812,C,15,2021-02-07T00:59:00-05:00[America/New_York],2021-02-07T00:59:15-05:00[America/New_York],Yes,2021-02-07,3540,Sunday
1812,<A>,42,2021-02-07T00:59:15-05:00[America/New_York],2021-02-07T00:59:57-05:00[America/New_York],Yes,2021-02-07,3555,Sunday
1812,C,15,2021-02-07T00:59:57-05:00[America/New_York],2021-02-07T01:00:12-05:00[America/New_York],Yes,2021-02-07,3597,Sunday
1812,<A>,60,2021-02-07T01:00:12-05:00[America/New_York],2021-02-07T01:01:12-05:00[America/New_York],Yes,2021-02-07,3612,Sunday
1812,C,16,2021-02-07T01:01:12-05:00[America/New_York],2021-02-07T01:01:28-05:00[America/New_York],Yes,2021-02-07,3672,Sunday
1812,<A>,72,2021-02-07T01:01:28-05:00[America/New_York],2021-02-07T01:02:40-05:00[America/New_York],Yes,2021-02-07,3688,Sunday
1812,C,15,2021-02-07T01:02:40-05:00[America/New_York],2021-02-07T01:02:55-05:00[America/New_York],Yes,2021-02-07,3760,Sunday
1812,<A>,50,2021-02-07T01:02:55-05:00[America/New_York],2021-02-07T01:03:45-05:00[America/New_York],Yes,2021-02-07,3775,Sunday
1812,C,16,2021-02-07T01:03:45-05:00[America/New_York],2021-02-07T01:04:01-05:00[America/New_York],Yes,2021-02-07,3825,Sunday
1812,<A>,106,2021-02-07T01:04:01-05:00[America/New_York],2021-02-07T01:05:47-05:00[America/New_York],NA,2021-02-07,3841,Sunday
1812,B,12,2021-02-07T01:05:47-05:00[America/New_York],2021-02-07T01:05:59-05:00[America/New_York],Yes,2021-02-07,3947,Sunday
1812,C,15,2021-02-07T01:05:59-05:00[America/New_York],2021-02-07T01:06:14-05:00[America/New_York],NA,2021-02-07,3959,Sunday
1812,<A>,84,2021-02-07T01:06:14-05:00[America/New_York],2021-02-07T01:07:38-05:00[America/New_York],NA,2021-02-07,3974,Sunday
1812,C,15,2021-02-07T01:07:38-05:00[America/New_York],2021-02-07T01:07:53-05:00[America/New_York],Yes,2021-02-07,4058,Sunday
1812,<A>,34,2021-02-07T01:07:53-05:00[America/New_York],2021-02-07T01:08:27-05:00[America/New_York],Yes,2021-02-07,4073,Sunday
1812,B,10,2021-02-07T01:08:27-05:00[America/New_York],2021-02-07T01:08:37-05:00[America/New_York],Yes,2021-02-07,4107,Sunday
1812,C,16,2021-02-07T01:08:37-05:00[America/New_York],2021-02-07T01:08:53-05:00[America/New_York],Yes,2021-02-07,4117,Sunday
1812,<A>,145,2021-02-07T01:08:53-05:00[America/New_York],2021-02-07T01:11:18-05:00[America/New_York],Yes,2021-02-07,4133,Sunday
1812,C,17,2021-02-07T01:11:18-05:00[America/New_York],2021-02-07T01:11:35-05:00[America/New_York],Yes,2021-02-07,4278,Sunday
1812,<A>,39,2021-02-07T01:11:35-05:00[America/New_York],2021-02-07T01:12:14-05:00[America/New_York],Yes,2021-02-07,4295,Sunday
1812,B,11,2021-02-07T01:12:14-05:00[America/New_York],2021-02-07T01:12:25-05:00[America/New_York],Yes,2021-02-07,4334,Sunday
1812,C,15,2021-02-07T01:12:25-05:00[America/New_York],2021-02-07T01:12:40-05:00[America/New_York],Yes,2021-02-07,4345,Sunday
1812,<A>,39,2021-02-07T01:12:40-05:00[America/New_York],2021-02-07T01:13:19-05:00[America/New_York],Yes,2021-02-07,4360,Sunday
1812,C,55,2021-02-07T01:13:19-05:00[America/New_York],2021-02-07T01:14:14-05:00[America/New_York],NA,2021-02-07,4399,Sunday
1812,<A>,166,2021-02-07T01:14:14-05:00[America/New_York],2021-02-07T01:17:00-05:00[America/New_York],NA,2021-02-07,4454,Sunday
1812,C,15,2021-02-07T01:17:00-05:00[America/New_York],2021-02-07T01:17:15-05:00[America/New_York],Yes,2021-02-07,4620,Sunday
1812,<A>,131,2021-02-07T01:17:15-05:00[America/New_York],2021-02-07T01:19:26-05:00[America/New_York],Yes,2021-02-07,4635,Sunday
1812,B,10,2021-02-07T01:19:26-05:00[America/New_York],2021-02-07T01:19:36-05:00[America/New_York],Yes,2021-02-07,4766,Sunday
1812,C,16,2021-02-07T01:19:36-05:00[America/New_York],2021-02-07T01:19:52-05:00[America/New_York],Yes,2021-02-07,4776,Sunday
1812,<A>,87,2021-02-07T01:19:52-05:00[America/New_York],2021-02-07T01:21:19-05:00[America/New_York],NA,2021-02-07,4792,Sunday
1812,B,10,2021-02-07T01:21:19-05:00[America/New_York],2021-02-07T01:21:29-05:00[America/New_York],Yes,2021-02-07,4879,Sunday
1812,C,16,2021-02-07T01:21:29-05:00[America/New_York],2021-02-07T01:21:45-05:00[America/New_York],NA,2021-02-07,4889,Sunday
1812,<A>,58,2021-02-07T01:21:45-05:00[America/New_York],2021-02-07T01:22:43-05:00[America/New_York],Yes,2021-02-07,4905,Sunday
1812,C,16,2021-02-07T01:22:43-05:00[America/New_York],2021-02-07T01:22:59-05:00[America/New_York],Yes,2021-02-07,4963,Sunday
1812,<A>,58,2021-02-07T01:22:59-05:00[America/New_York],2021-02-07T01:23:57-05:00[America/New_York],Yes,2021-02-07,4979,Sunday
1812,C,15,2021-02-07T01:23:57-05:00[America/New_York],2021-02-07T01:24:12-05:00[America/New_York],Yes,2021-02-07,5037,Sunday
1812,<A>,57,2021-02-07T01:24:12-05:00[America/New_York],2021-02-07T01:25:09-05:00[America/New_York],Yes,2021-02-07,5052,Sunday
1812,C,16,2021-02-07T01:25:09-05:00[America/New_York],2021-02-07T01:25:25-05:00[America/New_York],Yes,2021-02-07,5109,Sunday
1812,<A>,63,2021-02-07T01:25:25-05:00[America/New_York],2021-02-07T01:26:28-05:00[America/New_York],Yes,2021-02-07,5125,Sunday
1812,C,15,2021-02-07T01:26:28-05:00[America/New_York],2021-02-07T01:26:43-05:00[America/New_York],Yes,2021-02-07,5188,Sunday
1812,<A>,118,2021-02-07T01:26:43-05:00[America/New_York],2021-02-07T01:28:41-05:00[America/New_York],NA,2021-02-07,5203,Sunday
1812,C,15,2021-02-07T01:28:41-05:00[America/New_York],2021-02-07T01:28:56-05:00[America/New_York],Yes,2021-02-07,5321,Sunday
1812,<A>,145,2021-02-07T01:28:56-05:00[America/New_York],2021-02-07T01:31:21-05:00[America/New_York],Yes,2021-02-07,5336,Sunday
1812,C,15,2021-02-07T01:31:21-05:00[America/New_York],2021-02-07T01:31:36-05:00[America/New_York],Yes,2021-02-07,5481,Sunday
1812,<A>,76,2021-02-07T01:31:36-05:00[America/New_York],2021-02-07T01:32:52-05:00[America/New_York],NA,2021-02-07,5496,Sunday
1812,C,15,2021-02-07T01:32:52-05:00[America/New_York],2021-02-07T01:33:07-05:00[America/New_York],Yes,2021-02-07,5572,Sunday
1812,<A>,41,2021-02-07T01:33:07-05:00[America/New_York],2021-02-07T01:33:48-05:00[America/New_York],Yes,2021-02-07,5587,Sunday
1812,C,15,2021-02-07T01:33:48-05:00[America/New_York],2021-02-07T01:34:03-05:00[America/New_York],Yes,2021-02-07,5628,Sunday
1812,<A>,49,2021-02-07T01:34:03-05:00[America/New_York],2021-02-07T01:34:52-05:00[America/New_York],Yes,2021-02-07,5643,Sunday
1812,C,21,2021-02-07T01:34:52-05:00[America/New_York],2021-02-07T01:35:13-05:00[America/New_York],Yes,2021-02-07,5692,Sunday
1812,<A>,55,2021-02-07T01:35:13-05:00[America/New_York],2021-02-07T01:36:08-05:00[America/New_York],Yes,2021-02-07,5713,Sunday
1812,C,16,2021-02-07T01:36:08-05:00[America/New_York],2021-02-07T01:36:24-05:00[America/New_York],Yes,2021-02-07,5768,Sunday
1812,<A>,70,2021-02-07T01:36:24-05:00[America/New_York],2021-02-07T01:37:34-05:00[America/New_York],NA,2021-02-07,5784,Sunday
1812,C,16,2021-02-07T01:37:34-05:00[America/New_York],2021-02-07T01:37:50-05:00[America/New_York],Yes,2021-02-07,5854,Sunday
1812,<A>,43,2021-02-07T01:37:50-05:00[America/New_York],2021-02-07T01:38:33-05:00[America/New_York],Yes,2021-02-07,5870,Sunday
1812,B,13,2021-02-07T01:38:33-05:00[America/New_York],2021-02-07T01:38:46-05:00[America/New_York],NA,2021-02-07,5913,Sunday
1812,C,15,2021-02-07T01:38:46-05:00[America/New_York],2021-02-07T01:39:01-05:00[America/New_York],Yes,2021-02-07,5926,Sunday
1812,<A>,110,2021-02-07T01:39:01-05:00[America/New_York],2021-02-07T01:40:51-05:00[America/New_York],NA,2021-02-07,5941,Sunday
1812,C,16,2021-02-07T01:40:51-05:00[America/New_York],2021-02-07T01:41:07-05:00[America/New_York],Yes,2021-02-07,6051,Sunday
1812,<A>,222,2021-02-07T01:41:07-05:00[America/New_York],2021-02-07T01:44:49-05:00[America/New_York],Yes,2021-02-07,6067,Sunday
1812,B,13,2021-02-07T01:44:49-05:00[America/New_York],2021-02-07T01:45:02-05:00[America/New_York],NA,2021-02-07,6289,Sunday
1812,C,15,2021-02-07T01:45:02-05:00[America/New_York],2021-02-07T01:45:17-05:00[America/New_York],Yes,2021-02-07,6302,Sunday
1812,<A>,211,2021-02-07T01:45:17-05:00[America/New_York],2021-02-07T01:48:48-05:00[America/New_York],NA,2021-02-07,6317,Sunday
1812,B,13,2021-02-07T01:48:48-05:00[America/New_York],2021-02-07T01:49:01-05:00[America/New_York],NA,2021-02-07,6528,Sunday
1812,C,15,2021-02-07T01:49:01-05:00[America/New_York],2021-02-07T01:49:16-05:00[America/New_York],NA,2021-02-07,6541,Sunday
1812,<A>,258,2021-02-07T01:49:16-05:00[America/New_York],2021-02-07T01:53:34-05:00[America/New_York],NA,2021-02-07,6556,Sunday
1812,B,11,2021-02-07T01:53:34-05:00[America/New_York],2021-02-07T01:53:45-05:00[America/New_York],Yes,2021-02-07,6814,Sunday
1812,C,15,2021-02-07T01:53:45-05:00[America/New_York],2021-02-07T01:54:00-05:00[America/New_York],NA,2021-02-07,6825,Sunday
1812,<A>,86,2021-02-07T01:54:00-05:00[America/New_York],2021-02-07T01:55:26-05:00[America/New_York],NA,2021-02-07,6840,Sunday
1812,C,24,2021-02-07T01:55:26-05:00[America/New_York],2021-02-07T01:55:50-05:00[America/New_York],Yes,2021-02-07,6926,Sunday
1812,<A>,125,2021-02-07T01:55:50-05:00[America/New_York],2021-02-07T01:57:55-05:00[America/New_York],Yes,2021-02-07,6950,Sunday
1812,C,15,2021-02-07T01:57:55-05:00[America/New_York],2021-02-07T01:58:10-05:00[America/New_York],Yes,2021-02-07,7075,Sunday
1812,<A>,36,2021-02-07T01:58:10-05:00[America/New_York],2021-02-07T01:58:46-05:00[America/New_York],Yes,2021-02-07,7090,Sunday
1812,B,10,2021-02-07T01:58:46-05:00[America/New_York],2021-02-07T01:58:56-05:00[America/New_York],Yes,2021-02-07,7126,Sunday
1812,C,16,2021-02-07T01:58:56-05:00[America/New_York],2021-02-07T01:59:12-05:00[America/New_York],Yes,2021-02-07,7136,Sunday
1812,<A>,151,2021-02-07T01:59:12-05:00[America/New_York],2021-02-07T02:01:43-05:00[America/New_York],Yes,2021-02-07,7152,Sunday
1812,C,16,2021-02-07T02:01:43-05:00[America/New_York],2021-02-07T02:01:59-05:00[America/New_York],Yes,2021-02-07,7303,Sunday
1812,<A>,47,2021-02-07T02:01:59-05:00[America/New_York],2021-02-07T02:02:46-05:00[America/New_York],Yes,2021-02-07,7319,Sunday
1812,C,15,2021-02-07T02:02:46-05:00[America/New_York],2021-02-07T02:03:01-05:00[America/New_York],Yes,2021-02-07,7366,Sunday
1812,<A>,64,2021-02-07T02:03:01-05:00[America/New_York],2021-02-07T02:04:05-05:00[America/New_York],Yes,2021-02-07,7381,Sunday
1812,C,17,2021-02-07T02:04:05-05:00[America/New_York],2021-02-07T02:04:22-05:00[America/New_York],Yes,2021-02-07,7445,Sunday
1812,<A>,52,2021-02-07T02:04:22-05:00[America/New_York],2021-02-07T02:05:14-05:00[America/New_York],Yes,2021-02-07,7462,Sunday
1812,C,18,2021-02-07T02:05:14-05:00[America/New_York],2021-02-07T02:05:32-05:00[America/New_York],Yes,2021-02-07,7514,Sunday
1812,<A>,76,2021-02-07T02:05:32-05:00[America/New_York],2021-02-07T02:06:48-05:00[America/New_York],NA,2021-02-07,7532,Sunday
1812,C,15,2021-02-07T02:06:48-05:00[America/New_York],2021-02-07T02:07:03-05:00[America/New_York],Yes,2021-02-07,7608,Sunday
1812,<A>,46,2021-02-07T02:07:03-05:00[America/New_York],2021-02-07T02:07:49-05:00[America/New_York],Yes,2021-02-07,7623,Sunday
1812,C,18,2021-02-07T02:07:49-05:00[America/New_York],2021-02-07T02:08:07-05:00[America/New_York],Yes,2021-02-07,7669,Sunday
1812,<A>,37,2021-02-07T02:08:07-05:00[America/New_York],2021-02-07T02:08:44-05:00[America/New_York],Yes,2021-02-07,7687,Sunday
1812,B,13,2021-02-07T02:08:44-05:00[America/New_York],2021-02-07T02:08:57-05:00[America/New_York],NA,2021-02-07,7724,Sunday
1812,C,15,2021-02-07T02:08:57-05:00[America/New_York],2021-02-07T02:09:12-05:00[America/New_York],Yes,2021-02-07,7737,Sunday
1812,<A>,44,2021-02-07T02:09:12-05:00[America/New_York],2021-02-07T02:09:56-05:00[America/New_York],Yes,2021-02-07,7752,Sunday
1812,B,11,2021-02-07T02:09:56-05:00[America/New_York],2021-02-07T02:10:07-05:00[America/New_York],Yes,2021-02-07,7796,Sunday
1812,C,15,2021-02-07T02:10:07-05:00[America/New_York],2021-02-07T02:10:22-05:00[America/New_York],Yes,2021-02-07,7807,Sunday
1812,<A>,77,2021-02-07T02:10:22-05:00[America/New_York],2021-02-07T02:11:39-05:00[America/New_York],Yes,2021-02-07,7822,Sunday
1812,C,15,2021-02-07T02:11:39-05:00[America/New_York],2021-02-07T02:11:54-05:00[America/New_York],Yes,2021-02-07,7899,Sunday
1812,<A>,95,2021-02-07T02:11:54-05:00[America/New_York],2021-02-07T02:13:29-05:00[America/New_York],NA,2021-02-07,7914,Sunday
1812,B,10,2021-02-07T02:13:29-05:00[America/New_York],2021-02-07T02:13:39-05:00[America/New_York],Yes,2021-02-07,8009,Sunday
1812,C,16,2021-02-07T02:13:39-05:00[America/New_York],2021-02-07T02:13:55-05:00[America/New_York],NA,2021-02-07,8019,Sunday
1812,<A>,51,2021-02-07T02:13:55-05:00[America/New_York],2021-02-07T02:14:46-05:00[America/New_York],Yes,2021-02-07,8035,Sunday
1812,C,15,2021-02-07T02:14:46-05:00[America/New_York],2021-02-07T02:15:01-05:00[America/New_York],Yes,2021-02-07,8086,Sunday
1812,<A>,139,2021-02-07T02:15:01-05:00[America/New_York],2021-02-07T02:17:20-05:00[America/New_York],Yes,2021-02-07,8101,Sunday
1812,C,24,2021-02-07T02:17:20-05:00[America/New_York],2021-02-07T02:17:44-05:00[America/New_York],Yes,2021-02-07,8240,Sunday
1812,<A>,115,2021-02-07T02:17:44-05:00[America/New_York],2021-02-07T02:19:39-05:00[America/New_York],NA,2021-02-07,8264,Sunday
1812,C,16,2021-02-07T02:19:39-05:00[America/New_York],2021-02-07T02:19:55-05:00[America/New_York],Yes,2021-02-07,8379,Sunday
1812,<A>,148,2021-02-07T02:19:55-05:00[America/New_York],2021-02-07T02:22:23-05:00[America/New_York],Yes,2021-02-07,8395,Sunday
1812,C,16,2021-02-07T02:22:23-05:00[America/New_York],2021-02-07T02:22:39-05:00[America/New_York],Yes,2021-02-07,8543,Sunday
1812,<A>,59,2021-02-07T02:22:39-05:00[America/New_York],2021-02-07T02:23:38-05:00[America/New_York],Yes,2021-02-07,8559,Sunday
1812,C,18,2021-02-07T02:23:38-05:00[America/New_York],2021-02-07T02:23:56-05:00[America/New_York],Yes,2021-02-07,8618,Sunday
1812,<A>,36,2021-02-07T02:23:56-05:00[America/New_York],2021-02-07T02:24:32-05:00[America/New_York],Yes,2021-02-07,8636,Sunday
1812,C,15,2021-02-07T02:24:32-05:00[America/New_York],2021-02-07T02:24:47-05:00[America/New_York],Yes,2021-02-07,8672,Sunday
1812,<A>,89,2021-02-07T02:24:47-05:00[America/New_York],2021-02-07T02:26:16-05:00[America/New_York],NA,2021-02-07,8687,Sunday
1812,C,21,2021-02-07T02:26:16-05:00[America/New_York],2021-02-07T02:26:37-05:00[America/New_York],Yes,2021-02-07,8776,Sunday
1812,<A>,65,2021-02-07T02:26:37-05:00[America/New_York],2021-02-07T02:27:42-05:00[America/New_York],Yes,2021-02-07,8797,Sunday
1812,C,16,2021-02-07T02:27:42-05:00[America/New_York],2021-02-07T02:27:58-05:00[America/New_York],Yes,2021-02-07,8862,Sunday
1812,<A>,102,2021-02-07T02:27:58-05:00[America/New_York],2021-02-07T02:29:40-05:00[America/New_York],NA,2021-02-07,8878,Sunday
1812,C,15,2021-02-07T02:29:40-05:00[America/New_York],2021-02-07T02:29:55-05:00[America/New_York],Yes,2021-02-07,8980,Sunday
1812,<A>,273,2021-02-07T02:29:55-05:00[America/New_York],2021-02-07T02:34:28-05:00[America/New_York],NA,2021-02-07,8995,Sunday
1812,B,10,2021-02-07T02:34:28-05:00[America/New_York],2021-02-07T02:34:38-05:00[America/New_York],Yes,2021-02-07,9268,Sunday
1812,C,16,2021-02-07T02:34:38-05:00[America/New_York],2021-02-07T02:34:54-05:00[America/New_York],NA,2021-02-07,9278,Sunday
1812,<A>,176,2021-02-07T02:34:54-05:00[America/New_York],2021-02-07T02:37:50-05:00[America/New_York],NA,2021-02-07,9294,Sunday
1812,C,15,2021-02-07T02:37:50-05:00[America/New_York],2021-02-07T02:38:05-05:00[America/New_York],Yes,2021-02-07,9470,Sunday
1812,<A>,171,2021-02-07T02:38:05-05:00[America/New_York],2021-02-07T02:40:56-05:00[America/New_York],NA,2021-02-07,9485,Sunday
1812,C,19,2021-02-07T02:40:56-05:00[America/New_York],2021-02-07T02:41:15-05:00[America/New_York],Yes,2021-02-07,9656,Sunday
1812,<A>,34,2021-02-07T02:41:15-05:00[America/New_York],2021-02-07T02:41:49-05:00[America/New_York],Yes,2021-02-07,9675,Sunday
1812,C,15,2021-02-07T02:41:49-05:00[America/New_York],2021-02-07T02:42:04-05:00[America/New_York],Yes,2021-02-07,9709,Sunday
1812,<A>,82,2021-02-07T02:42:04-05:00[America/New_York],2021-02-07T02:43:26-05:00[America/New_York],NA,2021-02-07,9724,Sunday
1812,C,15,2021-02-07T02:43:26-05:00[America/New_York],2021-02-07T02:43:41-05:00[America/New_York],Yes,2021-02-07,9806,Sunday
1812,<A>,74,2021-02-07T02:43:41-05:00[America/New_York],2021-02-07T02:44:55-05:00[America/New_York],Yes,2021-02-07,9821,Sunday
1812,B,13,2021-02-07T02:44:55-05:00[America/New_York],2021-02-07T02:45:08-05:00[America/New_York],NA,2021-02-07,9895,Sunday
1812,C,15,2021-02-07T02:45:08-05:00[America/New_York],2021-02-07T02:45:23-05:00[America/New_York],NA,2021-02-07,9908,Sunday
1812,<A>,284,2021-02-07T02:45:23-05:00[America/New_York],2021-02-07T02:50:07-05:00[America/New_York],NA,2021-02-07,9923,Sunday
1812,C,15,2021-02-07T02:50:07-05:00[America/New_York],2021-02-07T02:50:22-05:00[America/New_York],Yes,2021-02-07,10207,Sunday
1812,<A>,223,2021-02-07T02:50:22-05:00[America/New_York],2021-02-07T02:54:05-05:00[America/New_York],Yes,2021-02-07,10222,Sunday
1812,C,18,2021-02-07T02:54:05-05:00[America/New_York],2021-02-07T02:54:23-05:00[America/New_York],Yes,2021-02-07,10445,Sunday
1812,<A>,43,2021-02-07T02:54:23-05:00[America/New_York],2021-02-07T02:55:06-05:00[America/New_York],Yes,2021-02-07,10463,Sunday
1812,B,11,2021-02-07T02:55:06-05:00[America/New_York],2021-02-07T02:55:17-05:00[America/New_York],Yes,2021-02-07,10506,Sunday
1812,C,15,2021-02-07T02:55:17-05:00[America/New_York],2021-02-07T02:55:32-05:00[America/New_York],Yes,2021-02-07,10517,Sunday
1812,<A>,64,2021-02-07T02:55:32-05:00[America/New_York],2021-02-07T02:56:36-05:00[America/New_York],Yes,2021-02-07,10532,Sunday
1812,B,10,2021-02-07T02:56:36-05:00[America/New_York],2021-02-07T02:56:46-05:00[America/New_York],Yes,2021-02-07,10596,Sunday
1812,C,16,2021-02-07T02:56:46-05:00[America/New_York],2021-02-07T02:57:02-05:00[America/New_York],Yes,2021-02-07,10606,Sunday
1812,<A>,36,2021-02-07T02:57:02-05:00[America/New_York],2021-02-07T02:57:38-05:00[America/New_York],Yes,2021-02-07,10622,Sunday
1812,C,15,2021-02-07T02:57:38-05:00[America/New_York],2021-02-07T02:57:53-05:00[America/New_York],Yes,2021-02-07,10658,Sunday
1812,<A>,249,2021-02-07T02:57:53-05:00[America/New_York],2021-02-07T03:02:02-05:00[America/New_York],Yes,2021-02-07,10673,Sunday
1812,C,15,2021-02-07T03:02:02-05:00[America/New_York],2021-02-07T03:02:17-05:00[America/New_York],Yes,2021-02-07,10922,Sunday
1812,<A>,446,2021-02-07T03:02:17-05:00[America/New_York],2021-02-07T03:09:43-05:00[America/New_York],Yes,2021-02-07,10937,Sunday
1812,C,15,2021-02-07T03:09:43-05:00[America/New_York],2021-02-07T03:09:58-05:00[America/New_York],Yes,2021-02-07,11383,Sunday
1812,<A>,182,2021-02-07T03:09:58-05:00[America/New_York],2021-02-07T03:13:00-05:00[America/New_York],NA,2021-02-07,11398,Sunday
1812,C,18,2021-02-07T03:13:00-05:00[America/New_York],2021-02-07T03:13:18-05:00[America/New_York],Yes,2021-02-07,11580,Sunday
1812,<A>,52,2021-02-07T03:13:18-05:00[America/New_York],2021-02-07T03:14:10-05:00[America/New_York],Yes,2021-02-07,11598,Sunday
1812,C,15,2021-02-07T03:14:10-05:00[America/New_York],2021-02-07T03:14:25-05:00[America/New_York],Yes,2021-02-07,11650,Sunday
1812,<A>,166,2021-02-07T03:14:25-05:00[America/New_York],2021-02-07T03:17:11-05:00[America/New_York],NA,2021-02-07,11665,Sunday
1812,B,10,2021-02-07T03:17:11-05:00[America/New_York],2021-02-07T03:17:21-05:00[America/New_York],Yes,2021-02-07,11831,Sunday
1812,C,16,2021-02-07T03:17:21-05:00[America/New_York],2021-02-07T03:17:37-05:00[America/New_York],NA,2021-02-07,11841,Sunday
1812,<A>,86,2021-02-07T03:17:37-05:00[America/New_York],2021-02-07T03:19:03-05:00[America/New_York],NA,2021-02-07,11857,Sunday
1812,B,11,2021-02-07T03:19:03-05:00[America/New_York],2021-02-07T03:19:14-05:00[America/New_York],Yes,2021-02-07,11943,Sunday
1812,C,16,2021-02-07T03:19:14-05:00[America/New_York],2021-02-07T03:19:30-05:00[America/New_York],NA,2021-02-07,11954,Sunday
1812,<A>,39,2021-02-07T03:19:30-05:00[America/New_York],2021-02-07T03:20:09-05:00[America/New_York],Yes,2021-02-07,11970,Sunday
1812,C,16,2021-02-07T03:20:09-05:00[America/New_York],2021-02-07T03:20:25-05:00[America/New_York],Yes,2021-02-07,12009,Sunday
1812,<A>,85,2021-02-07T03:20:25-05:00[America/New_York],2021-02-07T03:21:50-05:00[America/New_York],NA,2021-02-07,12025,Sunday
1812,C,15,2021-02-07T03:21:50-05:00[America/New_York],2021-02-07T03:22:05-05:00[America/New_York],Yes,2021-02-07,12110,Sunday
1812,<A>,96,2021-02-07T03:22:05-05:00[America/New_York],2021-02-07T03:23:41-05:00[America/New_York],NA,2021-02-07,12125,Sunday
1812,B,12,2021-02-07T03:23:41-05:00[America/New_York],2021-02-07T03:23:53-05:00[America/New_York],NA,2021-02-07,12221,Sunday
1812,C,16,2021-02-07T03:23:53-05:00[America/New_York],2021-02-07T03:24:09-05:00[America/New_York],NA,2021-02-07,12233,Sunday
1812,<A>,229,2021-02-07T03:24:09-05:00[America/New_York],2021-02-07T03:27:58-05:00[America/New_York],Yes,2021-02-07,12249,Sunday
1812,C,15,2021-02-07T03:27:58-05:00[America/New_York],2021-02-07T03:28:13-05:00[America/New_York],Yes,2021-02-07,12478,Sunday
1812,<A>,830,2021-02-07T03:28:13-05:00[America/New_York],2021-02-07T03:42:03-05:00[America/New_York],NA,2021-02-07,12493,Sunday
1812,C,15,2021-02-07T03:42:03-05:00[America/New_York],2021-02-07T03:42:18-05:00[America/New_York],Yes,2021-02-07,13323,Sunday
1812,<A>,361,2021-02-07T03:42:18-05:00[America/New_York],2021-02-07T03:48:19-05:00[America/New_York],NA,2021-02-07,13338,Sunday
1812,C,15,2021-02-07T03:48:19-05:00[America/New_York],2021-02-07T03:48:34-05:00[America/New_York],Yes,2021-02-07,13699,Sunday
1812,<A>,478,2021-02-07T03:48:34-05:00[America/New_York],2021-02-07T03:56:32-05:00[America/New_York],NA,2021-02-07,13714,Sunday
1812,B,10,2021-02-07T03:56:32-05:00[America/New_York],2021-02-07T03:56:42-05:00[America/New_York],Yes,2021-02-07,14192,Sunday
1812,C,16,2021-02-07T03:56:42-05:00[America/New_York],2021-02-07T03:56:58-05:00[America/New_York],NA,2021-02-07,14202,Sunday
1812,<A>,322,2021-02-07T03:56:58-05:00[America/New_York],2021-02-07T04:02:20-05:00[America/New_York],Yes,2021-02-07,14218,Sunday
1812,B,10,2021-02-07T04:02:20-05:00[America/New_York],2021-02-07T04:02:30-05:00[America/New_York],Yes,2021-02-07,14540,Sunday
1812,C,16,2021-02-07T04:02:30-05:00[America/New_York],2021-02-07T04:02:46-05:00[America/New_York],Yes,2021-02-07,14550,Sunday
1812,<A>,109,2021-02-07T04:02:46-05:00[America/New_York],2021-02-07T04:04:35-05:00[America/New_York],NA,2021-02-07,14566,Sunday
1812,C,15,2021-02-07T04:04:35-05:00[America/New_York],2021-02-07T04:04:50-05:00[America/New_York],Yes,2021-02-07,14675,Sunday
1812,<A>,221,2021-02-07T04:04:50-05:00[America/New_York],2021-02-07T04:08:31-05:00[America/New_York],Yes,2021-02-07,14690,Sunday
1812,C,15,2021-02-07T04:08:31-05:00[America/New_York],2021-02-07T04:08:46-05:00[America/New_York],Yes,2021-02-07,14911,Sunday
1812,<A>,1085,2021-02-07T04:08:46-05:00[America/New_York],2021-02-07T04:26:51-05:00[America/New_York],Yes,2021-02-07,14926,Sunday
1812,C,15,2021-02-07T04:26:51-05:00[America/New_York],2021-02-07T04:27:06-05:00[America/New_York],Yes,2021-02-07,16011,Sunday
1812,<A>,35,2021-02-07T04:27:06-05:00[America/New_York],2021-02-07T04:27:41-05:00[America/New_York],Yes,2021-02-07,16026,Sunday
1812,C,16,2021-02-07T04:27:41-05:00[America/New_York],2021-02-07T04:27:57-05:00[America/New_York],Yes,2021-02-07,16061,Sunday
1812,<A>,183,2021-02-07T04:27:57-05:00[America/New_York],2021-02-07T04:31:00-05:00[America/New_York],NA,2021-02-07,16077,Sunday
1812,C,15,2021-02-07T04:31:00-05:00[America/New_York],2021-02-07T04:31:15-05:00[America/New_York],Yes,2021-02-07,16260,Sunday
1812,<A>,1039,2021-02-07T04:31:15-05:00[America/New_York],2021-02-07T04:48:34-05:00[America/New_York],NA,2021-02-07,16275,Sunday
1812,C,15,2021-02-07T04:48:34-05:00[America/New_York],2021-02-07T04:48:49-05:00[America/New_York],Yes,2021-02-07,17314,Sunday
1812,<A>,196,2021-02-07T04:48:49-05:00[America/New_York],2021-02-07T04:52:05-05:00[America/New_York],NA,2021-02-07,17329,Sunday
1812,C,15,2021-02-07T04:52:05-05:00[America/New_York],2021-02-07T04:52:20-05:00[America/New_York],Yes,2021-02-07,17525,Sunday
1812,<A>,97,2021-02-07T04:52:20-05:00[America/New_York],2021-02-07T04:53:57-05:00[America/New_York],NA,2021-02-07,17540,Sunday
1812,C,15,2021-02-07T04:53:57-05:00[America/New_York],2021-02-07T04:54:12-05:00[America/New_York],Yes,2021-02-07,17637,Sunday
1812,<A>,364,2021-02-07T04:54:12-05:00[America/New_York],2021-02-07T05:00:16-05:00[America/New_York],NA,2021-02-07,17652,Sunday
1812,B,10,2021-02-07T05:00:16-05:00[America/New_York],2021-02-07T05:00:26-05:00[America/New_York],Yes,2021-02-07,18016,Sunday
1812,C,16,2021-02-07T05:00:26-05:00[America/New_York],2021-02-07T05:00:42-05:00[America/New_York],NA,2021-02-07,18026,Sunday
1812,<A>,50,2021-02-07T05:00:42-05:00[America/New_York],2021-02-07T05:01:32-05:00[America/New_York],Yes,2021-02-07,18042,Sunday
1812,C,15,2021-02-07T05:01:32-05:00[America/New_York],2021-02-07T05:01:47-05:00[America/New_York],Yes,2021-02-07,18092,Sunday
1812,<A>,479,2021-02-07T05:01:47-05:00[America/New_York],2021-02-07T05:09:46-05:00[America/New_York],NA,2021-02-07,18107,Sunday
1812,B,13,2021-02-07T05:09:46-05:00[America/New_York],2021-02-07T05:09:59-05:00[America/New_York],NA,2021-02-07,18586,Sunday
1812,C,16,2021-02-07T05:09:59-05:00[America/New_York],2021-02-07T05:10:15-05:00[America/New_York],NA,2021-02-07,18599,Sunday
1812,<A>,41,2021-02-07T05:10:15-05:00[America/New_York],2021-02-07T05:10:56-05:00[America/New_York],Yes,2021-02-07,18615,Sunday
1812,C,15,2021-02-07T05:10:56-05:00[America/New_York],2021-02-07T05:11:11-05:00[America/New_York],Yes,2021-02-07,18656,Sunday
1812,<A>,70,2021-02-07T05:11:11-05:00[America/New_York],2021-02-07T05:12:21-05:00[America/New_York],NA,2021-02-07,18671,Sunday
1812,C,16,2021-02-07T05:12:21-05:00[America/New_York],2021-02-07T05:12:37-05:00[America/New_York],Yes,2021-02-07,18741,Sunday
1812,<A>,199,2021-02-07T05:12:37-05:00[America/New_York],2021-02-07T05:15:56-05:00[America/New_York],NA,2021-02-07,18757,Sunday
1812,B,10,2021-02-07T05:15:56-05:00[America/New_York],2021-02-07T05:16:06-05:00[America/New_York],Yes,2021-02-07,18956,Sunday
1812,C,16,2021-02-07T05:16:06-05:00[America/New_York],2021-02-07T05:16:22-05:00[America/New_York],NA,2021-02-07,18966,Sunday
1812,<A>,34,2021-02-07T05:16:22-05:00[America/New_York],2021-02-07T05:16:56-05:00[America/New_York],Yes,2021-02-07,18982,Sunday
1812,C,15,2021-02-07T05:16:56-05:00[America/New_York],2021-02-07T05:17:11-05:00[America/New_York],Yes,2021-02-07,19016,Sunday
1812,<A>,61,2021-02-07T05:17:11-05:00[America/New_York],2021-02-07T05:18:12-05:00[America/New_York],Yes,2021-02-07,19031,Sunday
1812,C,15,2021-02-07T05:18:12-05:00[America/New_York],2021-02-07T05:18:27-05:00[America/New_York],Yes,2021-02-07,19092,Sunday
1812,<A>,107,2021-02-07T05:18:27-05:00[America/New_York],2021-02-07T05:20:14-05:00[America/New_York],NA,2021-02-07,19107,Sunday
1812,B,10,2021-02-07T05:20:14-05:00[America/New_York],2021-02-07T05:20:24-05:00[America/New_York],Yes,2021-02-07,19214,Sunday
1812,C,16,2021-02-07T05:20:24-05:00[America/New_York],2021-02-07T05:20:40-05:00[America/New_York],Yes,2021-02-07,19224,Sunday
1812,<A>,336,2021-02-07T05:20:40-05:00[America/New_York],2021-02-07T05:26:16-05:00[America/New_York],Yes,2021-02-07,19240,Sunday
1812,C,15,2021-02-07T05:26:16-05:00[America/New_York],2021-02-07T05:26:31-05:00[America/New_York],Yes,2021-02-07,19576,Sunday
1812,<A>,76,2021-02-07T05:26:31-05:00[America/New_York],2021-02-07T05:27:47-05:00[America/New_York],NA,2021-02-07,19591,Sunday
1812,C,16,2021-02-07T05:27:47-05:00[America/New_York],2021-02-07T05:28:03-05:00[America/New_York],Yes,2021-02-07,19667,Sunday
1812,<A>,215,2021-02-07T05:28:03-05:00[America/New_York],2021-02-07T05:31:38-05:00[America/New_York],NA,2021-02-07,19683,Sunday
1812,B,10,2021-02-07T05:31:38-05:00[America/New_York],2021-02-07T05:31:48-05:00[America/New_York],Yes,2021-02-07,19898,Sunday
1812,C,16,2021-02-07T05:31:48-05:00[America/New_York],2021-02-07T05:32:04-05:00[America/New_York],NA,2021-02-07,19908,Sunday
1812,<A>,130,2021-02-07T05:32:04-05:00[America/New_York],2021-02-07T05:34:14-05:00[America/New_York],Yes,2021-02-07,19924,Sunday
1812,C,16,2021-02-07T05:34:14-05:00[America/New_York],2021-02-07T05:34:30-05:00[America/New_York],Yes,2021-02-07,20054,Sunday
1812,<A>,35,2021-02-07T05:34:30-05:00[America/New_York],2021-02-07T05:35:05-05:00[America/New_York],Yes,2021-02-07,20070,Sunday
1812,C,15,2021-02-07T05:35:05-05:00[America/New_York],2021-02-07T05:35:20-05:00[America/New_York],Yes,2021-02-07,20105,Sunday
1812,<A>,335,2021-02-07T05:35:20-05:00[America/New_York],2021-02-07T05:40:55-05:00[America/New_York],Yes,2021-02-07,20120,Sunday
1812,B,13,2021-02-07T05:40:55-05:00[America/New_York],2021-02-07T05:41:08-05:00[America/New_York],NA,2021-02-07,20455,Sunday
1812,C,15,2021-02-07T05:41:08-05:00[America/New_York],2021-02-07T05:41:23-05:00[America/New_York],Yes,2021-02-07,20468,Sunday
1812,<A>,53,2021-02-07T05:41:23-05:00[America/New_York],2021-02-07T05:42:16-05:00[America/New_York],Yes,2021-02-07,20483,Sunday
1812,B,10,2021-02-07T05:42:16-05:00[America/New_York],2021-02-07T05:42:26-05:00[America/New_York],Yes,2021-02-07,20536,Sunday
1812,C,18,2021-02-07T05:42:26-05:00[America/New_York],2021-02-07T05:42:44-05:00[America/New_York],Yes,2021-02-07,20546,Sunday
1812,<A>,209,2021-02-07T05:42:44-05:00[America/New_York],2021-02-07T05:46:13-05:00[America/New_York],NA,2021-02-07,20564,Sunday
1812,C,19,2021-02-07T05:46:13-05:00[America/New_York],2021-02-07T05:46:32-05:00[America/New_York],Yes,2021-02-07,20773,Sunday
1812,<A>,206,2021-02-07T05:46:32-05:00[America/New_York],2021-02-07T05:49:58-05:00[America/New_York],NA,2021-02-07,20792,Sunday
1812,B,10,2021-02-07T05:49:58-05:00[America/New_York],2021-02-07T05:50:08-05:00[America/New_York],Yes,2021-02-07,20998,Sunday
1812,C,16,2021-02-07T05:50:08-05:00[America/New_York],2021-02-07T05:50:24-05:00[America/New_York],NA,2021-02-07,21008,Sunday
1812,<A>,58,2021-02-07T05:50:24-05:00[America/New_York],2021-02-07T05:51:22-05:00[America/New_York],Yes,2021-02-07,21024,Sunday
1812,C,15,2021-02-07T05:51:22-05:00[America/New_York],2021-02-07T05:51:37-05:00[America/New_York],Yes,2021-02-07,21082,Sunday
1812,<A>,55,2021-02-07T05:51:37-05:00[America/New_York],2021-02-07T05:52:32-05:00[America/New_York],Yes,2021-02-07,21097,Sunday
1812,B,10,2021-02-07T05:52:32-05:00[America/New_York],2021-02-07T05:52:42-05:00[America/New_York],Yes,2021-02-07,21152,Sunday
1812,C,16,2021-02-07T05:52:42-05:00[America/New_York],2021-02-07T05:52:58-05:00[America/New_York],Yes,2021-02-07,21162,Sunday
1812,<A>,67,2021-02-07T05:52:58-05:00[America/New_York],2021-02-07T05:54:05-05:00[America/New_York],Yes,2021-02-07,21178,Sunday
1812,C,15,2021-02-07T05:54:05-05:00[America/New_York],2021-02-07T05:54:20-05:00[America/New_York],Yes,2021-02-07,21245,Sunday
1812,<A>,67,2021-02-07T05:54:20-05:00[America/New_York],2021-02-07T05:55:27-05:00[America/New_York],Yes,2021-02-07,21260,Sunday
1812,C,15,2021-02-07T05:55:27-05:00[America/New_York],2021-02-07T05:55:42-05:00[America/New_York],Yes,2021-02-07,21327,Sunday
1812,<A>,102,2021-02-07T05:55:42-05:00[America/New_York],2021-02-07T05:57:24-05:00[America/New_York],NA,2021-02-07,21342,Sunday
1812,B,10,2021-02-07T05:57:24-05:00[America/New_York],2021-02-07T05:57:34-05:00[America/New_York],Yes,2021-02-07,21444,Sunday
1812,C,16,2021-02-07T05:57:34-05:00[America/New_York],2021-02-07T05:57:50-05:00[America/New_York],NA,2021-02-07,21454,Sunday
1812,<A>,184,2021-02-07T05:57:50-05:00[America/New_York],2021-02-07T06:00:54-05:00[America/New_York],NA,2021-02-07,21470,Sunday
1812,C,15,2021-02-07T06:00:54-05:00[America/New_York],2021-02-07T06:01:09-05:00[America/New_York],Yes,2021-02-07,21654,Sunday
1812,<A>,48,2021-02-07T06:01:09-05:00[America/New_York],2021-02-07T06:01:57-05:00[America/New_York],Yes,2021-02-07,21669,Sunday
1812,C,15,2021-02-07T06:01:57-05:00[America/New_York],2021-02-07T06:02:12-05:00[America/New_York],Yes,2021-02-07,21717,Sunday
1812,<A>,57,2021-02-07T06:02:12-05:00[America/New_York],2021-02-07T06:03:09-05:00[America/New_York],Yes,2021-02-07,21732,Sunday
1812,B,10,2021-02-07T06:03:09-05:00[America/New_York],2021-02-07T06:03:19-05:00[America/New_York],Yes,2021-02-07,21789,Sunday
1812,C,16,2021-02-07T06:03:19-05:00[America/New_York],2021-02-07T06:03:35-05:00[America/New_York],Yes,2021-02-07,21799,Sunday
1812,<A>,100,2021-02-07T06:03:35-05:00[America/New_York],2021-02-07T06:05:15-05:00[America/New_York],NA,2021-02-07,21815,Sunday
1812,C,15,2021-02-07T06:05:15-05:00[America/New_York],2021-02-07T06:05:30-05:00[America/New_York],Yes,2021-02-07,21915,Sunday
1812,<A>,381,2021-02-07T06:05:30-05:00[America/New_York],2021-02-07T06:11:51-05:00[America/New_York],NA,2021-02-07,21930,Sunday
1812,C,15,2021-02-07T06:11:51-05:00[America/New_York],2021-02-07T06:12:06-05:00[America/New_York],Yes,2021-02-07,22311,Sunday
1812,<A>,164,2021-02-07T06:12:06-05:00[America/New_York],2021-02-07T06:14:50-05:00[America/New_York],NA,2021-02-07,22326,Sunday
1812,B,10,2021-02-07T06:14:50-05:00[America/New_York],2021-02-07T06:15:00-05:00[America/New_York],Yes,2021-02-07,22490,Sunday
1812,C,16,2021-02-07T06:15:00-05:00[America/New_York],2021-02-07T06:15:16-05:00[America/New_York],NA,2021-02-07,22500,Sunday
1812,<A>,132,2021-02-07T06:15:16-05:00[America/New_York],2021-02-07T06:17:28-05:00[America/New_York],Yes,2021-02-07,22516,Sunday
1812,B,10,2021-02-07T06:17:28-05:00[America/New_York],2021-02-07T06:17:38-05:00[America/New_York],Yes,2021-02-07,22648,Sunday
1812,C,16,2021-02-07T06:17:38-05:00[America/New_York],2021-02-07T06:17:54-05:00[America/New_York],Yes,2021-02-07,22658,Sunday
1812,<A>,81,2021-02-07T06:17:54-05:00[America/New_York],2021-02-07T06:19:15-05:00[America/New_York],NA,2021-02-07,22674,Sunday
1812,B,10,2021-02-07T06:19:15-05:00[America/New_York],2021-02-07T06:19:25-05:00[America/New_York],Yes,2021-02-07,22755,Sunday
1812,C,16,2021-02-07T06:19:25-05:00[America/New_York],2021-02-07T06:19:41-05:00[America/New_York],NA,2021-02-07,22765,Sunday
1812,<A>,634,2021-02-07T06:19:41-05:00[America/New_York],2021-02-07T06:30:15-05:00[America/New_York],Yes,2021-02-07,22781,Sunday
1812,B,10,2021-02-07T06:30:15-05:00[America/New_York],2021-02-07T06:30:25-05:00[America/New_York],Yes,2021-02-07,23415,Sunday
1812,C,16,2021-02-07T06:30:25-05:00[America/New_York],2021-02-07T06:30:41-05:00[America/New_York],Yes,2021-02-07,23425,Sunday
1812,<A>,42,2021-02-07T06:30:41-05:00[America/New_York],2021-02-07T06:31:23-05:00[America/New_York],Yes,2021-02-07,23441,Sunday
1812,C,15,2021-02-07T06:31:23-05:00[America/New_York],2021-02-07T06:31:38-05:00[America/New_York],Yes,2021-02-07,23483,Sunday
1812,<A>,70,2021-02-07T06:31:38-05:00[America/New_York],2021-02-07T06:32:48-05:00[America/New_York],NA,2021-02-07,23498,Sunday
1812,B,10,2021-02-07T06:32:48-05:00[America/New_York],2021-02-07T06:32:58-05:00[America/New_York],Yes,2021-02-07,23568,Sunday
1812,C,16,2021-02-07T06:32:58-05:00[America/New_York],2021-02-07T06:33:14-05:00[America/New_York],NA,2021-02-07,23578,Sunday
1812,<A>,158,2021-02-07T06:33:14-05:00[America/New_York],2021-02-07T06:35:52-05:00[America/New_York],Yes,2021-02-07,23594,Sunday
1812,B,10,2021-02-07T06:35:52-05:00[America/New_York],2021-02-07T06:36:02-05:00[America/New_York],Yes,2021-02-07,23752,Sunday
1812,C,16,2021-02-07T06:36:02-05:00[America/New_York],2021-02-07T06:36:18-05:00[America/New_York],Yes,2021-02-07,23762,Sunday
1812,<A>,277,2021-02-07T06:36:18-05:00[America/New_York],2021-02-07T06:40:55-05:00[America/New_York],NA,2021-02-07,23778,Sunday
1812,C,17,2021-02-07T06:40:55-05:00[America/New_York],2021-02-07T06:41:12-05:00[America/New_York],Yes,2021-02-07,24055,Sunday
1812,<A>,96,2021-02-07T06:41:12-05:00[America/New_York],2021-02-07T06:42:48-05:00[America/New_York],NA,2021-02-07,24072,Sunday
1812,B,10,2021-02-07T06:42:48-05:00[America/New_York],2021-02-07T06:42:58-05:00[America/New_York],Yes,2021-02-07,24168,Sunday
1812,C,16,2021-02-07T06:42:58-05:00[America/New_York],2021-02-07T06:43:14-05:00[America/New_York],Yes,2021-02-07,24178,Sunday
1812,<A>,69,2021-02-07T06:43:14-05:00[America/New_York],2021-02-07T06:44:23-05:00[America/New_York],Yes,2021-02-07,24194,Sunday
1812,B,10,2021-02-07T06:44:23-05:00[America/New_York],2021-02-07T06:44:33-05:00[America/New_York],Yes,2021-02-07,24263,Sunday
1812,C,16,2021-02-07T06:44:33-05:00[America/New_York],2021-02-07T06:44:49-05:00[America/New_York],Yes,2021-02-07,24273,Sunday
1812,<A>,344,2021-02-07T06:44:49-05:00[America/New_York],2021-02-07T06:50:33-05:00[America/New_York],Yes,2021-02-07,24289,Sunday
1812,B,10,2021-02-07T06:50:33-05:00[America/New_York],2021-02-07T06:50:43-05:00[America/New_York],Yes,2021-02-07,24633,Sunday
1812,C,18,2021-02-07T06:50:43-05:00[America/New_York],2021-02-07T06:51:01-05:00[America/New_York],Yes,2021-02-07,24643,Sunday
1812,<A>,214,2021-02-07T06:51:01-05:00[America/New_York],2021-02-07T06:54:35-05:00[America/New_York],NA,2021-02-07,24661,Sunday
1812,C,15,2021-02-07T06:54:35-05:00[America/New_York],2021-02-07T06:54:50-05:00[America/New_York],Yes,2021-02-07,24875,Sunday
1812,<A>,216,2021-02-07T06:54:50-05:00[America/New_York],2021-02-07T06:58:26-05:00[America/New_York],NA,2021-02-07,24890,Sunday
1812,B,10,2021-02-07T06:58:26-05:00[America/New_York],2021-02-07T06:58:36-05:00[America/New_York],Yes,2021-02-07,25106,Sunday
1812,C,16,2021-02-07T06:58:36-05:00[America/New_York],2021-02-07T06:58:52-05:00[America/New_York],Yes,2021-02-07,25116,Sunday
1812,<A>,86,2021-02-07T06:58:52-05:00[America/New_York],2021-02-07T07:00:18-05:00[America/New_York],NA,2021-02-07,25132,Sunday
1812,C,15,2021-02-07T07:00:18-05:00[America/New_York],2021-02-07T07:00:33-05:00[America/New_York],Yes,2021-02-07,25218,Sunday
1812,<A>,120,2021-02-07T07:00:33-05:00[America/New_York],2021-02-07T07:02:33-05:00[America/New_York],NA,2021-02-07,25233,Sunday
1812,C,15,2021-02-07T07:02:33-05:00[America/New_York],2021-02-07T07:02:48-05:00[America/New_York],Yes,2021-02-07,25353,Sunday
1812,<A>,136,2021-02-07T07:02:48-05:00[America/New_York],2021-02-07T07:05:04-05:00[America/New_York],Yes,2021-02-07,25368,Sunday
1812,B,11,2021-02-07T07:05:04-05:00[America/New_York],2021-02-07T07:05:15-05:00[America/New_York],Yes,2021-02-07,25504,Sunday
1812,C,15,2021-02-07T07:05:15-05:00[America/New_York],2021-02-07T07:05:30-05:00[America/New_York],Yes,2021-02-07,25515,Sunday
1812,<A>,135,2021-02-07T07:05:30-05:00[America/New_York],2021-02-07T07:07:45-05:00[America/New_York],Yes,2021-02-07,25530,Sunday
1812,B,10,2021-02-07T07:07:45-05:00[America/New_York],2021-02-07T07:07:55-05:00[America/New_York],Yes,2021-02-07,25665,Sunday
1812,C,16,2021-02-07T07:07:55-05:00[America/New_York],2021-02-07T07:08:11-05:00[America/New_York],Yes,2021-02-07,25675,Sunday
1812,<A>,170,2021-02-07T07:08:11-05:00[America/New_York],2021-02-07T07:11:01-05:00[America/New_York],NA,2021-02-07,25691,Sunday
1812,B,10,2021-02-07T07:11:01-05:00[America/New_York],2021-02-07T07:11:11-05:00[America/New_York],Yes,2021-02-07,25861,Sunday
1812,C,17,2021-02-07T07:11:11-05:00[America/New_York],2021-02-07T07:11:28-05:00[America/New_York],NA,2021-02-07,25871,Sunday
1812,<A>,55,2021-02-07T07:11:28-05:00[America/New_York],2021-02-07T07:12:23-05:00[America/New_York],Yes,2021-02-07,25888,Sunday
1812,C,18,2021-02-07T07:12:23-05:00[America/New_York],2021-02-07T07:12:41-05:00[America/New_York],Yes,2021-02-07,25943,Sunday
1812,<A>,67,2021-02-07T07:12:41-05:00[America/New_York],2021-02-07T07:13:48-05:00[America/New_York],Yes,2021-02-07,25961,Sunday
1812,B,10,2021-02-07T07:13:48-05:00[America/New_York],2021-02-07T07:13:58-05:00[America/New_York],Yes,2021-02-07,26028,Sunday
1812,C,16,2021-02-07T07:13:58-05:00[America/New_York],2021-02-07T07:14:14-05:00[America/New_York],Yes,2021-02-07,26038,Sunday
1812,<A>,93,2021-02-07T07:14:14-05:00[America/New_York],2021-02-07T07:15:47-05:00[America/New_York],NA,2021-02-07,26054,Sunday
1812,B,10,2021-02-07T07:15:47-05:00[America/New_York],2021-02-07T07:15:57-05:00[America/New_York],Yes,2021-02-07,26147,Sunday
1812,C,16,2021-02-07T07:15:57-05:00[America/New_York],2021-02-07T07:16:13-05:00[America/New_York],Yes,2021-02-07,26157,Sunday
1812,<A>,65,2021-02-07T07:16:13-05:00[America/New_York],2021-02-07T07:17:18-05:00[America/New_York],Yes,2021-02-07,26173,Sunday
1812,C,16,2021-02-07T07:17:18-05:00[America/New_York],2021-02-07T07:17:34-05:00[America/New_York],Yes,2021-02-07,26238,Sunday
1812,<A>,39,2021-02-07T07:17:34-05:00[America/New_York],2021-02-07T07:18:13-05:00[America/New_York],Yes,2021-02-07,26254,Sunday
1812,B,10,2021-02-07T07:18:13-05:00[America/New_York],2021-02-07T07:18:23-05:00[America/New_York],Yes,2021-02-07,26293,Sunday
1812,C,16,2021-02-07T07:18:23-05:00[America/New_York],2021-02-07T07:18:39-05:00[America/New_York],Yes,2021-02-07,26303,Sunday
1812,<A>,160,2021-02-07T07:18:39-05:00[America/New_York],2021-02-07T07:21:19-05:00[America/New_York],Yes,2021-02-07,26319,Sunday
1812,C,17,2021-02-07T07:21:19-05:00[America/New_York],2021-02-07T07:21:36-05:00[America/New_York],Yes,2021-02-07,26479,Sunday
1812,<A>,87,2021-02-07T07:21:36-05:00[America/New_York],2021-02-07T07:23:03-05:00[America/New_York],NA,2021-02-07,26496,Sunday
1812,C,15,2021-02-07T07:23:03-05:00[America/New_York],2021-02-07T07:23:18-05:00[America/New_York],Yes,2021-02-07,26583,Sunday
1812,<A>,42,2021-02-07T07:23:18-05:00[America/New_York],2021-02-07T07:24:00-05:00[America/New_York],Yes,2021-02-07,26598,Sunday
1812,C,16,2021-02-07T07:24:00-05:00[America/New_York],2021-02-07T07:24:16-05:00[America/New_York],Yes,2021-02-07,26640,Sunday
1812,<A>,126,2021-02-07T07:24:16-05:00[America/New_York],2021-02-07T07:26:22-05:00[America/New_York],Yes,2021-02-07,26656,Sunday
1812,C,15,2021-02-07T07:26:22-05:00[America/New_York],2021-02-07T07:26:37-05:00[America/New_York],Yes,2021-02-07,26782,Sunday
1812,<A>,45,2021-02-07T07:26:37-05:00[America/New_York],2021-02-07T07:27:22-05:00[America/New_York],Yes,2021-02-07,26797,Sunday
1812,B,10,2021-02-07T07:27:22-05:00[America/New_York],2021-02-07T07:27:32-05:00[America/New_York],Yes,2021-02-07,26842,Sunday
1812,C,19,2021-02-07T07:27:32-05:00[America/New_York],2021-02-07T07:27:51-05:00[America/New_York],Yes,2021-02-07,26852,Sunday
1812,<A>,39,2021-02-07T07:27:51-05:00[America/New_York],2021-02-07T07:28:30-05:00[America/New_York],Yes,2021-02-07,26871,Sunday
1812,B,10,2021-02-07T07:28:30-05:00[America/New_York],2021-02-07T07:28:40-05:00[America/New_York],Yes,2021-02-07,26910,Sunday
1812,C,16,2021-02-07T07:28:40-05:00[America/New_York],2021-02-07T07:28:56-05:00[America/New_York],Yes,2021-02-07,26920,Sunday
1812,<A>,248,2021-02-07T07:28:56-05:00[America/New_York],2021-02-07T07:33:04-05:00[America/New_York],Yes,2021-02-07,26936,Sunday
1812,C,17,2021-02-07T07:33:04-05:00[America/New_York],2021-02-07T07:33:21-05:00[America/New_York],Yes,2021-02-07,27184,Sunday
1812,<A>,91,2021-02-07T07:33:21-05:00[America/New_York],2021-02-07T07:34:52-05:00[America/New_York],NA,2021-02-07,27201,Sunday
1812,C,15,2021-02-07T07:34:52-05:00[America/New_York],2021-02-07T07:35:07-05:00[America/New_York],Yes,2021-02-07,27292,Sunday
1812,<A>,54,2021-02-07T07:35:07-05:00[America/New_York],2021-02-07T07:36:01-05:00[America/New_York],Yes,2021-02-07,27307,Sunday
1812,B,11,2021-02-07T07:36:01-05:00[America/New_York],2021-02-07T07:36:12-05:00[America/New_York],Yes,2021-02-07,27361,Sunday
1812,C,15,2021-02-07T07:36:12-05:00[America/New_York],2021-02-07T07:36:27-05:00[America/New_York],Yes,2021-02-07,27372,Sunday
1812,<A>,91,2021-02-07T07:36:27-05:00[America/New_York],2021-02-07T07:37:58-05:00[America/New_York],NA,2021-02-07,27387,Sunday
1812,C,15,2021-02-07T07:37:58-05:00[America/New_York],2021-02-07T07:38:13-05:00[America/New_York],Yes,2021-02-07,27478,Sunday
1812,<A>,58,2021-02-07T07:38:13-05:00[America/New_York],2021-02-07T07:39:11-05:00[America/New_York],Yes,2021-02-07,27493,Sunday
1812,C,15,2021-02-07T07:39:11-05:00[America/New_York],2021-02-07T07:39:26-05:00[America/New_York],Yes,2021-02-07,27551,Sunday
1812,<A>,97,2021-02-07T07:39:26-05:00[America/New_York],2021-02-07T07:41:03-05:00[America/New_York],NA,2021-02-07,27566,Sunday
1812,C,15,2021-02-07T07:41:03-05:00[America/New_York],2021-02-07T07:41:18-05:00[America/New_York],Yes,2021-02-07,27663,Sunday
1812,<A>,88,2021-02-07T07:41:18-05:00[America/New_York],2021-02-07T07:42:46-05:00[America/New_York],NA,2021-02-07,27678,Sunday
1812,C,16,2021-02-07T07:42:46-05:00[America/New_York],2021-02-07T07:43:02-05:00[America/New_York],Yes,2021-02-07,27766,Sunday
1812,<A>,86,2021-02-07T07:43:02-05:00[America/New_York],2021-02-07T07:44:28-05:00[America/New_York],NA,2021-02-07,27782,Sunday
1812,C,16,2021-02-07T07:44:28-05:00[America/New_York],2021-02-07T07:44:44-05:00[America/New_York],Yes,2021-02-07,27868,Sunday
1812,<A>,107,2021-02-07T07:44:44-05:00[America/New_York],2021-02-07T07:46:31-05:00[America/New_York],NA,2021-02-07,27884,Sunday
1812,B,12,2021-02-07T07:46:31-05:00[America/New_York],2021-02-07T07:46:43-05:00[America/New_York],Yes,2021-02-07,27991,Sunday
1812,C,15,2021-02-07T07:46:43-05:00[America/New_York],2021-02-07T07:46:58-05:00[America/New_York],Yes,2021-02-07,28003,Sunday
1812,<A>,57,2021-02-07T07:46:58-05:00[America/New_York],2021-02-07T07:47:55-05:00[America/New_York],Yes,2021-02-07,28018,Sunday
1812,C,18,2021-02-07T07:47:55-05:00[America/New_York],2021-02-07T07:48:13-05:00[America/New_York],Yes,2021-02-07,28075,Sunday
1812,<A>,74,2021-02-07T07:48:13-05:00[America/New_York],2021-02-07T07:49:27-05:00[America/New_York],Yes,2021-02-07,28093,Sunday
1812,C,15,2021-02-07T07:49:27-05:00[America/New_York],2021-02-07T07:49:42-05:00[America/New_York],Yes,2021-02-07,28167,Sunday
1812,<A>,189,2021-02-07T07:49:42-05:00[America/New_York],2021-02-07T07:52:51-05:00[America/New_York],NA,2021-02-07,28182,Sunday
1812,B,13,2021-02-07T07:52:51-05:00[America/New_York],2021-02-07T07:53:04-05:00[America/New_York],NA,2021-02-07,28371,Sunday
1812,C,16,2021-02-07T07:53:04-05:00[America/New_York],2021-02-07T07:53:20-05:00[America/New_York],NA,2021-02-07,28384,Sunday
1812,<A>,48,2021-02-07T07:53:20-05:00[America/New_York],2021-02-07T07:54:08-05:00[America/New_York],Yes,2021-02-07,28400,Sunday
1812,C,15,2021-02-07T07:54:08-05:00[America/New_York],2021-02-07T07:54:23-05:00[America/New_York],Yes,2021-02-07,28448,Sunday
1812,<A>,93,2021-02-07T07:54:23-05:00[America/New_York],2021-02-07T07:55:56-05:00[America/New_York],NA,2021-02-07,28463,Sunday
1812,B,13,2021-02-07T07:55:56-05:00[America/New_York],2021-02-07T07:56:09-05:00[America/New_York],NA,2021-02-07,28556,Sunday
1812,C,15,2021-02-07T07:56:09-05:00[America/New_York],2021-02-07T07:56:24-05:00[America/New_York],NA,2021-02-07,28569,Sunday
1812,<A>,141,2021-02-07T07:56:24-05:00[America/New_York],2021-02-07T07:58:45-05:00[America/New_York],Yes,2021-02-07,28584,Sunday
1812,B,12,2021-02-07T07:58:45-05:00[America/New_York],2021-02-07T07:58:57-05:00[America/New_York],NA,2021-02-07,28725,Sunday
1812,C,18,2021-02-07T07:58:57-05:00[America/New_York],2021-02-07T07:59:15-05:00[America/New_York],Yes,2021-02-07,28737,Sunday
1812,<A>,352,2021-02-07T07:59:15-05:00[America/New_York],2021-02-07T08:05:07-05:00[America/New_York],Yes,2021-02-07,28755,Sunday
1812,C,15,2021-02-07T08:05:07-05:00[America/New_York],2021-02-07T08:05:22-05:00[America/New_York],Yes,2021-02-07,29107,Sunday
1812,<A>,102,2021-02-07T08:05:22-05:00[America/New_York],2021-02-07T08:07:04-05:00[America/New_York],NA,2021-02-07,29122,Sunday
1812,C,15,2021-02-07T08:07:04-05:00[America/New_York],2021-02-07T08:07:19-05:00[America/New_York],Yes,2021-02-07,29224,Sunday
1812,<A>,184,2021-02-07T08:07:19-05:00[America/New_York],2021-02-07T08:10:23-05:00[America/New_York],NA,2021-02-07,29239,Sunday
1812,C,17,2021-02-07T08:10:23-05:00[America/New_York],2021-02-07T08:10:40-05:00[America/New_York],Yes,2021-02-07,29423,Sunday
1812,<A>,57,2021-02-07T08:10:40-05:00[America/New_York],2021-02-07T08:11:37-05:00[America/New_York],Yes,2021-02-07,29440,Sunday
1812,B,10,2021-02-07T08:11:37-05:00[America/New_York],2021-02-07T08:11:47-05:00[America/New_York],Yes,2021-02-07,29497,Sunday
1812,C,16,2021-02-07T08:11:47-05:00[America/New_York],2021-02-07T08:12:03-05:00[America/New_York],Yes,2021-02-07,29507,Sunday
1812,<A>,75,2021-02-07T08:12:03-05:00[America/New_York],2021-02-07T08:13:18-05:00[America/New_York],Yes,2021-02-07,29523,Sunday
1812,B,10,2021-02-07T08:13:18-05:00[America/New_York],2021-02-07T08:13:28-05:00[America/New_York],Yes,2021-02-07,29598,Sunday
1812,C,16,2021-02-07T08:13:28-05:00[America/New_York],2021-02-07T08:13:44-05:00[America/New_York],Yes,2021-02-07,29608,Sunday
1812,<A>,266,2021-02-07T08:13:44-05:00[America/New_York],2021-02-07T08:18:10-05:00[America/New_York],Yes,2021-02-07,29624,Sunday
1812,C,15,2021-02-07T08:18:10-05:00[America/New_York],2021-02-07T08:18:25-05:00[America/New_York],Yes,2021-02-07,29890,Sunday
1812,<A>,66,2021-02-07T08:18:25-05:00[America/New_York],2021-02-07T08:19:31-05:00[America/New_York],Yes,2021-02-07,29905,Sunday
1812,B,11,2021-02-07T08:19:31-05:00[America/New_York],2021-02-07T08:19:42-05:00[America/New_York],Yes,2021-02-07,29971,Sunday
1812,C,15,2021-02-07T08:19:42-05:00[America/New_York],2021-02-07T08:19:57-05:00[America/New_York],Yes,2021-02-07,29982,Sunday
1812,<A>,54,2021-02-07T08:19:57-05:00[America/New_York],2021-02-07T08:20:51-05:00[America/New_York],Yes,2021-02-07,29997,Sunday
1812,B,10,2021-02-07T08:20:51-05:00[America/New_York],2021-02-07T08:21:01-05:00[America/New_York],Yes,2021-02-07,30051,Sunday
1812,C,16,2021-02-07T08:21:01-05:00[America/New_York],2021-02-07T08:21:17-05:00[America/New_York],Yes,2021-02-07,30061,Sunday
1812,<A>,63,2021-02-07T08:21:17-05:00[America/New_York],2021-02-07T08:22:20-05:00[America/New_York],Yes,2021-02-07,30077,Sunday
1812,B,11,2021-02-07T08:22:20-05:00[America/New_York],2021-02-07T08:22:31-05:00[America/New_York],Yes,2021-02-07,30140,Sunday
1812,C,18,2021-02-07T08:22:31-05:00[America/New_York],2021-02-07T08:22:49-05:00[America/New_York],Yes,2021-02-07,30151,Sunday
1812,<A>,164,2021-02-07T08:22:49-05:00[America/New_York],2021-02-07T08:25:33-05:00[America/New_York],Yes,2021-02-07,30169,Sunday
1812,C,15,2021-02-07T08:25:33-05:00[America/New_York],2021-02-07T08:25:48-05:00[America/New_York],Yes,2021-02-07,30333,Sunday
1812,<A>,53,2021-02-07T08:25:48-05:00[America/New_York],2021-02-07T08:26:41-05:00[America/New_York],Yes,2021-02-07,30348,Sunday
1812,B,13,2021-02-07T08:26:41-05:00[America/New_York],2021-02-07T08:26:54-05:00[America/New_York],NA,2021-02-07,30401,Sunday
1812,C,15,2021-02-07T08:26:54-05:00[America/New_York],2021-02-07T08:27:09-05:00[America/New_York],Yes,2021-02-07,30414,Sunday
1812,<A>,49,2021-02-07T08:27:09-05:00[America/New_York],2021-02-07T08:27:58-05:00[America/New_York],Yes,2021-02-07,30429,Sunday
1812,C,15,2021-02-07T08:27:58-05:00[America/New_York],2021-02-07T08:28:13-05:00[America/New_York],Yes,2021-02-07,30478,Sunday
1812,<A>,51,2021-02-07T08:28:13-05:00[America/New_York],2021-02-07T08:29:04-05:00[America/New_York],Yes,2021-02-07,30493,Sunday
1812,B,11,2021-02-07T08:29:04-05:00[America/New_York],2021-02-07T08:29:15-05:00[America/New_York],NA,2021-02-07,30544,Sunday
1812,C,17,2021-02-07T08:29:15-05:00[America/New_York],2021-02-07T08:29:32-05:00[America/New_York],Yes,2021-02-07,30555,Sunday
1812,<A>,43,2021-02-07T08:29:32-05:00[America/New_York],2021-02-07T08:30:15-05:00[America/New_York],Yes,2021-02-07,30572,Sunday
1812,C,15,2021-02-07T08:30:15-05:00[America/New_York],2021-02-07T08:30:30-05:00[America/New_York],Yes,2021-02-07,30615,Sunday
1812,<A>,200,2021-02-07T08:30:30-05:00[America/New_York],2021-02-07T08:33:50-05:00[America/New_York],NA,2021-02-07,30630,Sunday
1812,B,12,2021-02-07T08:33:50-05:00[America/New_York],2021-02-07T08:34:02-05:00[America/New_York],NA,2021-02-07,30830,Sunday
1812,C,15,2021-02-07T08:34:02-05:00[America/New_York],2021-02-07T08:34:17-05:00[America/New_York],NA,2021-02-07,30842,Sunday
1812,<A>,60,2021-02-07T08:34:17-05:00[America/New_York],2021-02-07T08:35:17-05:00[America/New_York],Yes,2021-02-07,30857,Sunday
1812,B,12,2021-02-07T08:35:17-05:00[America/New_York],2021-02-07T08:35:29-05:00[America/New_York],NA,2021-02-07,30917,Sunday
1812,C,15,2021-02-07T08:35:29-05:00[America/New_York],2021-02-07T08:35:44-05:00[America/New_York],Yes,2021-02-07,30929,Sunday
1812,<A>,110,2021-02-07T08:35:44-05:00[America/New_York],2021-02-07T08:37:34-05:00[America/New_York],NA,2021-02-07,30944,Sunday
1812,C,16,2021-02-07T08:37:34-05:00[America/New_York],2021-02-07T08:37:50-05:00[America/New_York],Yes,2021-02-07,31054,Sunday
1812,<A>,185,2021-02-07T08:37:50-05:00[America/New_York],2021-02-07T08:40:55-05:00[America/New_York],NA,2021-02-07,31070,Sunday
1812,C,15,2021-02-07T08:40:55-05:00[America/New_York],2021-02-07T08:41:10-05:00[America/New_York],Yes,2021-02-07,31255,Sunday
1812,<A>,63,2021-02-07T08:41:10-05:00[America/New_York],2021-02-07T08:42:13-05:00[America/New_York],Yes,2021-02-07,31270,Sunday
1812,C,15,2021-02-07T08:42:13-05:00[America/New_York],2021-02-07T08:42:28-05:00[America/New_York],Yes,2021-02-07,31333,Sunday
1812,<A>,54,2021-02-07T08:42:28-05:00[America/New_York],2021-02-07T08:43:22-05:00[America/New_York],Yes,2021-02-07,31348,Sunday
1812,B,10,2021-02-07T08:43:22-05:00[America/New_York],2021-02-07T08:43:32-05:00[America/New_York],Yes,2021-02-07,31402,Sunday
1812,C,16,2021-02-07T08:43:32-05:00[America/New_York],2021-02-07T08:43:48-05:00[America/New_York],Yes,2021-02-07,31412,Sunday
1812,<A>,77,2021-02-07T08:43:48-05:00[America/New_York],2021-02-07T08:45:05-05:00[America/New_York],Yes,2021-02-07,31428,Sunday
1812,B,10,2021-02-07T08:45:05-05:00[America/New_York],2021-02-07T08:45:15-05:00[America/New_York],Yes,2021-02-07,31505,Sunday
1812,C,16,2021-02-07T08:45:15-05:00[America/New_York],2021-02-07T08:45:31-05:00[America/New_York],Yes,2021-02-07,31515,Sunday
1812,<A>,47,2021-02-07T08:45:31-05:00[America/New_York],2021-02-07T08:46:18-05:00[America/New_York],Yes,2021-02-07,31531,Sunday
1812,C,15,2021-02-07T08:46:18-05:00[America/New_York],2021-02-07T08:46:33-05:00[America/New_York],Yes,2021-02-07,31578,Sunday
1812,<A>,46,2021-02-07T08:46:33-05:00[America/New_York],2021-02-07T08:47:19-05:00[America/New_York],Yes,2021-02-07,31593,Sunday
1812,C,15,2021-02-07T08:47:19-05:00[America/New_York],2021-02-07T08:47:34-05:00[America/New_York],Yes,2021-02-07,31639,Sunday
1812,<A>,78,2021-02-07T08:47:34-05:00[America/New_York],2021-02-07T08:48:52-05:00[America/New_York],NA,2021-02-07,31654,Sunday
1812,B,10,2021-02-07T08:48:52-05:00[America/New_York],2021-02-07T08:49:02-05:00[America/New_York],Yes,2021-02-07,31732,Sunday
1812,C,16,2021-02-07T08:49:02-05:00[America/New_York],2021-02-07T08:49:18-05:00[America/New_York],Yes,2021-02-07,31742,Sunday
1812,<A>,47,2021-02-07T08:49:18-05:00[America/New_York],2021-02-07T08:50:05-05:00[America/New_York],Yes,2021-02-07,31758,Sunday
1812,C,23,2021-02-07T08:50:05-05:00[America/New_York],2021-02-07T08:50:28-05:00[America/New_York],Yes,2021-02-07,31805,Sunday
1812,<A>,63,2021-02-07T08:50:28-05:00[America/New_York],2021-02-07T08:51:31-05:00[America/New_York],Yes,2021-02-07,31828,Sunday
1812,B,10,2021-02-07T08:51:31-05:00[America/New_York],2021-02-07T08:51:41-05:00[America/New_York],Yes,2021-02-07,31891,Sunday
1812,C,16,2021-02-07T08:51:41-05:00[America/New_York],2021-02-07T08:51:57-05:00[America/New_York],Yes,2021-02-07,31901,Sunday
1812,<A>,73,2021-02-07T08:51:57-05:00[America/New_York],2021-02-07T08:53:10-05:00[America/New_York],Yes,2021-02-07,31917,Sunday
1812,B,11,2021-02-07T08:53:10-05:00[America/New_York],2021-02-07T08:53:21-05:00[America/New_York],Yes,2021-02-07,31990,Sunday
1812,C,17,2021-02-07T08:53:21-05:00[America/New_York],2021-02-07T08:53:38-05:00[America/New_York],NA,2021-02-07,32001,Sunday
1812,<A>,52,2021-02-07T08:53:38-05:00[America/New_York],2021-02-07T08:54:30-05:00[America/New_York],Yes,2021-02-07,32018,Sunday
1812,B,13,2021-02-07T08:54:30-05:00[America/New_York],2021-02-07T08:54:43-05:00[America/New_York],NA,2021-02-07,32070,Sunday
1812,C,15,2021-02-07T08:54:43-05:00[America/New_York],2021-02-07T08:54:58-05:00[America/New_York],Yes,2021-02-07,32083,Sunday
1812,<A>,52,2021-02-07T08:54:58-05:00[America/New_York],2021-02-07T08:55:50-05:00[America/New_York],Yes,2021-02-07,32098,Sunday
1812,C,18,2021-02-07T08:55:50-05:00[America/New_York],2021-02-07T08:56:08-05:00[America/New_York],Yes,2021-02-07,32150,Sunday
1812,<A>,99,2021-02-07T08:56:08-05:00[America/New_York],2021-02-07T08:57:47-05:00[America/New_York],NA,2021-02-07,32168,Sunday
1812,B,11,2021-02-07T08:57:47-05:00[America/New_York],2021-02-07T08:57:58-05:00[America/New_York],Yes,2021-02-07,32267,Sunday
1812,C,15,2021-02-07T08:57:58-05:00[America/New_York],2021-02-07T08:58:13-05:00[America/New_York],Yes,2021-02-07,32278,Sunday
1812,<A>,53,2021-02-07T08:58:13-05:00[America/New_York],2021-02-07T08:59:06-05:00[America/New_York],Yes,2021-02-07,32293,Sunday
1812,B,10,2021-02-07T08:59:06-05:00[America/New_York],2021-02-07T08:59:16-05:00[America/New_York],Yes,2021-02-07,32346,Sunday
1812,C,16,2021-02-07T08:59:16-05:00[America/New_York],2021-02-07T08:59:32-05:00[America/New_York],Yes,2021-02-07,32356,Sunday
1812,<A>,83,2021-02-07T08:59:32-05:00[America/New_York],2021-02-07T09:00:55-05:00[America/New_York],Yes,2021-02-07,32372,Sunday
1812,B,12,2021-02-07T09:00:55-05:00[America/New_York],2021-02-07T09:01:07-05:00[America/New_York],NA,2021-02-07,32455,Sunday
1812,C,15,2021-02-07T09:01:07-05:00[America/New_York],2021-02-07T09:01:22-05:00[America/New_York],NA,2021-02-07,32467,Sunday
1812,<A>,68,2021-02-07T09:01:22-05:00[America/New_York],2021-02-07T09:02:30-05:00[America/New_York],Yes,2021-02-07,32482,Sunday
1812,C,16,2021-02-07T09:02:30-05:00[America/New_York],2021-02-07T09:02:46-05:00[America/New_York],Yes,2021-02-07,32550,Sunday
1812,<A>,202,2021-02-07T09:02:46-05:00[America/New_York],2021-02-07T09:06:08-05:00[America/New_York],NA,2021-02-07,32566,Sunday
1812,C,17,2021-02-07T09:06:08-05:00[America/New_York],2021-02-07T09:06:25-05:00[America/New_York],Yes,2021-02-07,32768,Sunday
1812,<A>,51,2021-02-07T09:06:25-05:00[America/New_York],2021-02-07T09:07:16-05:00[America/New_York],Yes,2021-02-07,32785,Sunday
1812,C,15,2021-02-07T09:07:16-05:00[America/New_York],2021-02-07T09:07:31-05:00[America/New_York],Yes,2021-02-07,32836,Sunday
1812,<A>,49,2021-02-07T09:07:31-05:00[America/New_York],2021-02-07T09:08:20-05:00[America/New_York],Yes,2021-02-07,32851,Sunday
1812,B,12,2021-02-07T09:08:20-05:00[America/New_York],2021-02-07T09:08:32-05:00[America/New_York],NA,2021-02-07,32900,Sunday
1812,C,16,2021-02-07T09:08:32-05:00[America/New_York],2021-02-07T09:08:48-05:00[America/New_York],Yes,2021-02-07,32912,Sunday
1812,<A>,109,2021-02-07T09:08:48-05:00[America/New_York],2021-02-07T09:10:37-05:00[America/New_York],NA,2021-02-07,32928,Sunday
1812,C,19,2021-02-07T09:10:37-05:00[America/New_York],2021-02-07T09:10:56-05:00[America/New_York],Yes,2021-02-07,33037,Sunday
1812,<A>,80,2021-02-07T09:10:56-05:00[America/New_York],2021-02-07T09:12:16-05:00[America/New_York],NA,2021-02-07,33056,Sunday
1812,B,10,2021-02-07T09:12:16-05:00[America/New_York],2021-02-07T09:12:26-05:00[America/New_York],Yes,2021-02-07,33136,Sunday
1812,C,16,2021-02-07T09:12:26-05:00[America/New_York],2021-02-07T09:12:42-05:00[America/New_York],Yes,2021-02-07,33146,Sunday
1812,<A>,112,2021-02-07T09:12:42-05:00[America/New_York],2021-02-07T09:14:34-05:00[America/New_York],NA,2021-02-07,33162,Sunday
1812,C,16,2021-02-07T09:14:34-05:00[America/New_York],2021-02-07T09:14:50-05:00[America/New_York],Yes,2021-02-07,33274,Sunday
1812,<A>,176,2021-02-07T09:14:50-05:00[America/New_York],2021-02-07T09:17:46-05:00[America/New_York],NA,2021-02-07,33290,Sunday
1812,C,15,2021-02-07T09:17:46-05:00[America/New_York],2021-02-07T09:18:01-05:00[America/New_York],Yes,2021-02-07,33466,Sunday
1812,<A>,87,2021-02-07T09:18:01-05:00[America/New_York],2021-02-07T09:19:28-05:00[America/New_York],NA,2021-02-07,33481,Sunday
1812,B,10,2021-02-07T09:19:28-05:00[America/New_York],2021-02-07T09:19:38-05:00[America/New_York],Yes,2021-02-07,33568,Sunday
1812,C,16,2021-02-07T09:19:38-05:00[America/New_York],2021-02-07T09:19:54-05:00[America/New_York],Yes,2021-02-07,33578,Sunday
1812,<A>,51,2021-02-07T09:19:54-05:00[America/New_York],2021-02-07T09:20:45-05:00[America/New_York],Yes,2021-02-07,33594,Sunday
1812,B,10,2021-02-07T09:20:45-05:00[America/New_York],2021-02-07T09:20:55-05:00[America/New_York],Yes,2021-02-07,33645,Sunday
1812,C,16,2021-02-07T09:20:55-05:00[America/New_York],2021-02-07T09:21:11-05:00[America/New_York],Yes,2021-02-07,33655,Sunday
1812,<A>,43,2021-02-07T09:21:11-05:00[America/New_York],2021-02-07T09:21:54-05:00[America/New_York],Yes,2021-02-07,33671,Sunday
1812,C,80,2021-02-07T09:21:54-05:00[America/New_York],2021-02-07T09:23:14-05:00[America/New_York],NA,2021-02-07,33714,Sunday
1812,<A>,67,2021-02-07T09:23:14-05:00[America/New_York],2021-02-07T09:24:21-05:00[America/New_York],Yes,2021-02-07,33794,Sunday
1812,B,10,2021-02-07T09:24:21-05:00[America/New_York],2021-02-07T09:24:31-05:00[America/New_York],Yes,2021-02-07,33861,Sunday
1812,C,16,2021-02-07T09:24:31-05:00[America/New_York],2021-02-07T09:24:47-05:00[America/New_York],Yes,2021-02-07,33871,Sunday
1812,<A>,51,2021-02-07T09:24:47-05:00[America/New_York],2021-02-07T09:25:38-05:00[America/New_York],Yes,2021-02-07,33887,Sunday
1812,B,12,2021-02-07T09:25:38-05:00[America/New_York],2021-02-07T09:25:50-05:00[America/New_York],NA,2021-02-07,33938,Sunday
1812,C,17,2021-02-07T09:25:50-05:00[America/New_York],2021-02-07T09:26:07-05:00[America/New_York],Yes,2021-02-07,33950,Sunday
1812,<A>,223,2021-02-07T09:26:07-05:00[America/New_York],2021-02-07T09:29:50-05:00[America/New_York],NA,2021-02-07,33967,Sunday
1812,B,10,2021-02-07T09:29:50-05:00[America/New_York],2021-02-07T09:30:00-05:00[America/New_York],Yes,2021-02-07,34190,Sunday
1812,C,16,2021-02-07T09:30:00-05:00[America/New_York],2021-02-07T09:30:16-05:00[America/New_York],Yes,2021-02-07,34200,Sunday
1812,<A>,80,2021-02-07T09:30:16-05:00[America/New_York],2021-02-07T09:31:36-05:00[America/New_York],NA,2021-02-07,34216,Sunday
1812,C,20,2021-02-07T09:31:36-05:00[America/New_York],2021-02-07T09:31:56-05:00[America/New_York],Yes,2021-02-07,34296,Sunday
1812,<A>,198,2021-02-07T09:31:56-05:00[America/New_York],2021-02-07T09:35:14-05:00[America/New_York],NA,2021-02-07,34316,Sunday
1812,B,10,2021-02-07T09:35:14-05:00[America/New_York],2021-02-07T09:35:24-05:00[America/New_York],Yes,2021-02-07,34514,Sunday
1812,C,16,2021-02-07T09:35:24-05:00[America/New_York],2021-02-07T09:35:40-05:00[America/New_York],Yes,2021-02-07,34524,Sunday
1812,<A>,56,2021-02-07T09:35:40-05:00[America/New_York],2021-02-07T09:36:36-05:00[America/New_York],Yes,2021-02-07,34540,Sunday
1812,B,11,2021-02-07T09:36:36-05:00[America/New_York],2021-02-07T09:36:47-05:00[America/New_York],Yes,2021-02-07,34596,Sunday
1812,C,20,2021-02-07T09:36:47-05:00[America/New_York],2021-02-07T09:37:07-05:00[America/New_York],Yes,2021-02-07,34607,Sunday
1812,<A>,45,2021-02-07T09:37:07-05:00[America/New_York],2021-02-07T09:37:52-05:00[America/New_York],Yes,2021-02-07,34627,Sunday
1812,B,13,2021-02-07T09:37:52-05:00[America/New_York],2021-02-07T09:38:05-05:00[America/New_York],NA,2021-02-07,34672,Sunday
1812,C,15,2021-02-07T09:38:05-05:00[America/New_York],2021-02-07T09:38:20-05:00[America/New_York],Yes,2021-02-07,34685,Sunday
1812,<A>,45,2021-02-07T09:38:20-05:00[America/New_York],2021-02-07T09:39:05-05:00[America/New_York],Yes,2021-02-07,34700,Sunday
1812,B,11,2021-02-07T09:39:05-05:00[America/New_York],2021-02-07T09:39:16-05:00[America/New_York],Yes,2021-02-07,34745,Sunday
1812,C,44,2021-02-07T09:39:16-05:00[America/New_York],2021-02-07T09:40:00-05:00[America/New_York],NA,2021-02-07,34756,Sunday
1812,<A>,67,2021-02-07T09:40:00-05:00[America/New_York],2021-02-07T09:41:07-05:00[America/New_York],Yes,2021-02-07,34800,Sunday
1812,B,10,2021-02-07T09:41:07-05:00[America/New_York],2021-02-07T09:41:17-05:00[America/New_York],Yes,2021-02-07,34867,Sunday
1812,C,18,2021-02-07T09:41:17-05:00[America/New_York],2021-02-07T09:41:35-05:00[America/New_York],Yes,2021-02-07,34877,Sunday
1812,<A>,65,2021-02-07T09:41:35-05:00[America/New_York],2021-02-07T09:42:40-05:00[America/New_York],Yes,2021-02-07,34895,Sunday
1812,C,16,2021-02-07T09:42:40-05:00[America/New_York],2021-02-07T09:42:56-05:00[America/New_York],Yes,2021-02-07,34960,Sunday
1812,<A>,53,2021-02-07T09:42:56-05:00[America/New_York],2021-02-07T09:43:49-05:00[America/New_York],Yes,2021-02-07,34976,Sunday
1812,B,10,2021-02-07T09:43:49-05:00[America/New_York],2021-02-07T09:43:59-05:00[America/New_York],Yes,2021-02-07,35029,Sunday
1812,C,16,2021-02-07T09:43:59-05:00[America/New_York],2021-02-07T09:44:15-05:00[America/New_York],Yes,2021-02-07,35039,Sunday
1812,<A>,51,2021-02-07T09:44:15-05:00[America/New_York],2021-02-07T09:45:06-05:00[America/New_York],Yes,2021-02-07,35055,Sunday
1812,C,16,2021-02-07T09:45:06-05:00[America/New_York],2021-02-07T09:45:22-05:00[America/New_York],Yes,2021-02-07,35106,Sunday
1812,<A>,42,2021-02-07T09:45:22-05:00[America/New_York],2021-02-07T09:46:04-05:00[America/New_York],Yes,2021-02-07,35122,Sunday
1812,B,10,2021-02-07T09:46:04-05:00[America/New_York],2021-02-07T09:46:14-05:00[America/New_York],Yes,2021-02-07,35164,Sunday
1812,C,17,2021-02-07T09:46:14-05:00[America/New_York],2021-02-07T09:46:31-05:00[America/New_York],Yes,2021-02-07,35174,Sunday
1812,<A>,75,2021-02-07T09:46:31-05:00[America/New_York],2021-02-07T09:47:46-05:00[America/New_York],NA,2021-02-07,35191,Sunday
1812,C,26,2021-02-07T09:47:46-05:00[America/New_York],2021-02-07T09:48:12-05:00[America/New_York],Yes,2021-02-07,35266,Sunday
1812,<A>,39,2021-02-07T09:48:12-05:00[America/New_York],2021-02-07T09:48:51-05:00[America/New_York],Yes,2021-02-07,35292,Sunday
1812,B,10,2021-02-07T09:48:51-05:00[America/New_York],2021-02-07T09:49:01-05:00[America/New_York],Yes,2021-02-07,35331,Sunday
1812,C,16,2021-02-07T09:49:01-05:00[America/New_York],2021-02-07T09:49:17-05:00[America/New_York],Yes,2021-02-07,35341,Sunday
1812,<A>,86,2021-02-07T09:49:17-05:00[America/New_York],2021-02-07T09:50:43-05:00[America/New_York],NA,2021-02-07,35357,Sunday
1812,B,10,2021-02-07T09:50:43-05:00[America/New_York],2021-02-07T09:50:53-05:00[America/New_York],Yes,2021-02-07,35443,Sunday
1812,C,22,2021-02-07T09:50:53-05:00[America/New_York],2021-02-07T09:51:15-05:00[America/New_York],NA,2021-02-07,35453,Sunday
1812,<A>,47,2021-02-07T09:51:15-05:00[America/New_York],2021-02-07T09:52:02-05:00[America/New_York],Yes,2021-02-07,35475,Sunday
1812,B,10,2021-02-07T09:52:02-05:00[America/New_York],2021-02-07T09:52:12-05:00[America/New_York],Yes,2021-02-07,35522,Sunday
1812,C,16,2021-02-07T09:52:12-05:00[America/New_York],2021-02-07T09:52:28-05:00[America/New_York],Yes,2021-02-07,35532,Sunday
1812,<A>,45,2021-02-07T09:52:28-05:00[America/New_York],2021-02-07T09:53:13-05:00[America/New_York],Yes,2021-02-07,35548,Sunday
1812,B,10,2021-02-07T09:53:13-05:00[America/New_York],2021-02-07T09:53:23-05:00[America/New_York],Yes,2021-02-07,35593,Sunday
1812,C,16,2021-02-07T09:53:23-05:00[America/New_York],2021-02-07T09:53:39-05:00[America/New_York],Yes,2021-02-07,35603,Sunday
1812,<A>,52,2021-02-07T09:53:39-05:00[America/New_York],2021-02-07T09:54:31-05:00[America/New_York],Yes,2021-02-07,35619,Sunday
1812,B,10,2021-02-07T09:54:31-05:00[America/New_York],2021-02-07T09:54:41-05:00[America/New_York],Yes,2021-02-07,35671,Sunday
1812,C,16,2021-02-07T09:54:41-05:00[America/New_York],2021-02-07T09:54:57-05:00[America/New_York],Yes,2021-02-07,35681,Sunday
1812,<A>,58,2021-02-07T09:54:57-05:00[America/New_York],2021-02-07T09:55:55-05:00[America/New_York],Yes,2021-02-07,35697,Sunday
1812,B,15,2021-02-07T09:55:55-05:00[America/New_York],2021-02-07T09:56:10-05:00[America/New_York],NA,2021-02-07,35755,Sunday
1812,C,16,2021-02-07T09:56:10-05:00[America/New_York],2021-02-07T09:56:26-05:00[America/New_York],Yes,2021-02-07,35770,Sunday
1812,<A>,104,2021-02-07T09:56:26-05:00[America/New_York],2021-02-07T09:58:10-05:00[America/New_York],NA,2021-02-07,35786,Sunday
1812,B,11,2021-02-07T09:58:10-05:00[America/New_York],2021-02-07T09:58:21-05:00[America/New_York],Yes,2021-02-07,35890,Sunday
1812,C,15,2021-02-07T09:58:21-05:00[America/New_York],2021-02-07T09:58:36-05:00[America/New_York],Yes,2021-02-07,35901,Sunday
1812,<A>,63,2021-02-07T09:58:36-05:00[America/New_York],2021-02-07T09:59:39-05:00[America/New_York],Yes,2021-02-07,35916,Sunday
1812,B,10,2021-02-07T09:59:39-05:00[America/New_York],2021-02-07T09:59:49-05:00[America/New_York],Yes,2021-02-07,35979,Sunday
1812,C,16,2021-02-07T09:59:49-05:00[America/New_York],2021-02-07T10:00:05-05:00[America/New_York],Yes,2021-02-07,35989,Sunday
1812,<A>,45,2021-02-07T10:00:05-05:00[America/New_York],2021-02-07T10:00:50-05:00[America/New_York],Yes,2021-02-07,36005,Sunday
1812,B,10,2021-02-07T10:00:50-05:00[America/New_York],2021-02-07T10:01:00-05:00[America/New_York],Yes,2021-02-07,36050,Sunday
1812,C,19,2021-02-07T10:01:00-05:00[America/New_York],2021-02-07T10:01:19-05:00[America/New_York],Yes,2021-02-07,36060,Sunday
1812,<A>,73,2021-02-07T10:01:19-05:00[America/New_York],2021-02-07T10:02:32-05:00[America/New_York],Yes,2021-02-07,36079,Sunday
1812,B,13,2021-02-07T10:02:32-05:00[America/New_York],2021-02-07T10:02:45-05:00[America/New_York],NA,2021-02-07,36152,Sunday
1812,C,16,2021-02-07T10:02:45-05:00[America/New_York],2021-02-07T10:03:01-05:00[America/New_York],NA,2021-02-07,36165,Sunday
1812,<A>,69,2021-02-07T10:03:01-05:00[America/New_York],2021-02-07T10:04:10-05:00[America/New_York],Yes,2021-02-07,36181,Sunday
1812,B,14,2021-02-07T10:04:10-05:00[America/New_York],2021-02-07T10:04:24-05:00[America/New_York],NA,2021-02-07,36250,Sunday
1812,C,17,2021-02-07T10:04:24-05:00[America/New_York],2021-02-07T10:04:41-05:00[America/New_York],NA,2021-02-07,36264,Sunday
1812,<A>,42,2021-02-07T10:04:41-05:00[America/New_York],2021-02-07T10:05:23-05:00[America/New_York],Yes,2021-02-07,36281,Sunday
1812,B,10,2021-02-07T10:05:23-05:00[America/New_York],2021-02-07T10:05:33-05:00[America/New_York],Yes,2021-02-07,36323,Sunday
1812,C,20,2021-02-07T10:05:33-05:00[America/New_York],2021-02-07T10:05:53-05:00[America/New_York],Yes,2021-02-07,36333,Sunday
1812,<A>,99,2021-02-07T10:05:53-05:00[America/New_York],2021-02-07T10:07:32-05:00[America/New_York],NA,2021-02-07,36353,Sunday
1812,B,11,2021-02-07T10:07:32-05:00[America/New_York],2021-02-07T10:07:43-05:00[America/New_York],Yes,2021-02-07,36452,Sunday
1812,C,17,2021-02-07T10:07:43-05:00[America/New_York],2021-02-07T10:08:00-05:00[America/New_York],NA,2021-02-07,36463,Sunday
1812,<A>,57,2021-02-07T10:08:00-05:00[America/New_York],2021-02-07T10:08:57-05:00[America/New_York],Yes,2021-02-07,36480,Sunday
1812,B,10,2021-02-07T10:08:57-05:00[America/New_York],2021-02-07T10:09:07-05:00[America/New_York],Yes,2021-02-07,36537,Sunday
1812,C,16,2021-02-07T10:09:07-05:00[America/New_York],2021-02-07T10:09:23-05:00[America/New_York],Yes,2021-02-07,36547,Sunday
1812,<A>,52,2021-02-07T10:09:23-05:00[America/New_York],2021-02-07T10:10:15-05:00[America/New_York],Yes,2021-02-07,36563,Sunday
1812,C,20,2021-02-07T10:10:15-05:00[America/New_York],2021-02-07T10:10:35-05:00[America/New_York],Yes,2021-02-07,36615,Sunday
1812,<A>,52,2021-02-07T10:10:35-05:00[America/New_York],2021-02-07T10:11:27-05:00[America/New_York],Yes,2021-02-07,36635,Sunday
1812,C,20,2021-02-07T10:11:27-05:00[America/New_York],2021-02-07T10:11:47-05:00[America/New_York],Yes,2021-02-07,36687,Sunday
1812,<A>,48,2021-02-07T10:11:47-05:00[America/New_York],2021-02-07T10:12:35-05:00[America/New_York],Yes,2021-02-07,36707,Sunday
1812,B,13,2021-02-07T10:12:35-05:00[America/New_York],2021-02-07T10:12:48-05:00[America/New_York],NA,2021-02-07,36755,Sunday
1812,C,15,2021-02-07T10:12:48-05:00[America/New_York],2021-02-07T10:13:03-05:00[America/New_York],Yes,2021-02-07,36768,Sunday
1812,<A>,59,2021-02-07T10:13:03-05:00[America/New_York],2021-02-07T10:14:02-05:00[America/New_York],Yes,2021-02-07,36783,Sunday
1812,B,10,2021-02-07T10:14:02-05:00[America/New_York],2021-02-07T10:14:12-05:00[America/New_York],Yes,2021-02-07,36842,Sunday
1812,C,17,2021-02-07T10:14:12-05:00[America/New_York],2021-02-07T10:14:29-05:00[America/New_York],Yes,2021-02-07,36852,Sunday
1812,<A>,80,2021-02-07T10:14:29-05:00[America/New_York],2021-02-07T10:15:49-05:00[America/New_York],Yes,2021-02-07,36869,Sunday
1812,B,10,2021-02-07T10:15:49-05:00[America/New_York],2021-02-07T10:15:59-05:00[America/New_York],Yes,2021-02-07,36949,Sunday
1812,C,16,2021-02-07T10:15:59-05:00[America/New_York],2021-02-07T10:16:15-05:00[America/New_York],Yes,2021-02-07,36959,Sunday
1812,<A>,38,2021-02-07T10:16:15-05:00[America/New_York],2021-02-07T10:16:53-05:00[America/New_York],Yes,2021-02-07,36975,Sunday
1812,C,15,2021-02-07T10:16:53-05:00[America/New_York],2021-02-07T10:17:08-05:00[America/New_York],Yes,2021-02-07,37013,Sunday
1812,<A>,93,2021-02-07T10:17:08-05:00[America/New_York],2021-02-07T10:18:41-05:00[America/New_York],NA,2021-02-07,37028,Sunday
1812,B,10,2021-02-07T10:18:41-05:00[America/New_York],2021-02-07T10:18:51-05:00[America/New_York],Yes,2021-02-07,37121,Sunday
1812,C,20,2021-02-07T10:18:51-05:00[America/New_York],2021-02-07T10:19:11-05:00[America/New_York],NA,2021-02-07,37131,Sunday
1812,<A>,78,2021-02-07T10:19:11-05:00[America/New_York],2021-02-07T10:20:29-05:00[America/New_York],NA,2021-02-07,37151,Sunday
1812,B,13,2021-02-07T10:20:29-05:00[America/New_York],2021-02-07T10:20:42-05:00[America/New_York],NA,2021-02-07,37229,Sunday
1812,C,16,2021-02-07T10:20:42-05:00[America/New_York],2021-02-07T10:20:58-05:00[America/New_York],Yes,2021-02-07,37242,Sunday
1812,<A>,79,2021-02-07T10:20:58-05:00[America/New_York],2021-02-07T10:22:17-05:00[America/New_York],NA,2021-02-07,37258,Sunday
1812,C,15,2021-02-07T10:22:17-05:00[America/New_York],2021-02-07T10:22:32-05:00[America/New_York],Yes,2021-02-07,37337,Sunday
1812,<A>,77,2021-02-07T10:22:32-05:00[America/New_York],2021-02-07T10:23:49-05:00[America/New_York],Yes,2021-02-07,37352,Sunday
1812,B,10,2021-02-07T10:23:49-05:00[America/New_York],2021-02-07T10:23:59-05:00[America/New_York],Yes,2021-02-07,37429,Sunday
1812,C,17,2021-02-07T10:23:59-05:00[America/New_York],2021-02-07T10:24:16-05:00[America/New_York],Yes,2021-02-07,37439,Sunday
1812,<A>,83,2021-02-07T10:24:16-05:00[America/New_York],2021-02-07T10:25:39-05:00[America/New_York],NA,2021-02-07,37456,Sunday
1812,C,15,2021-02-07T10:25:39-05:00[America/New_York],2021-02-07T10:25:54-05:00[America/New_York],Yes,2021-02-07,37539,Sunday
1812,<A>,81,2021-02-07T10:25:54-05:00[America/New_York],2021-02-07T10:27:15-05:00[America/New_York],Yes,2021-02-07,37554,Sunday
1812,B,14,2021-02-07T10:27:15-05:00[America/New_York],2021-02-07T10:27:29-05:00[America/New_York],NA,2021-02-07,37635,Sunday
1812,C,18,2021-02-07T10:27:29-05:00[America/New_York],2021-02-07T10:27:47-05:00[America/New_York],NA,2021-02-07,37649,Sunday
1812,<A>,68,2021-02-07T10:27:47-05:00[America/New_York],2021-02-07T10:28:55-05:00[America/New_York],Yes,2021-02-07,37667,Sunday
1812,B,12,2021-02-07T10:28:55-05:00[America/New_York],2021-02-07T10:29:07-05:00[America/New_York],Yes,2021-02-07,37735,Sunday
1812,C,26,2021-02-07T10:29:07-05:00[America/New_York],2021-02-07T10:29:33-05:00[America/New_York],NA,2021-02-07,37747,Sunday
1812,<A>,137,2021-02-07T10:29:33-05:00[America/New_York],2021-02-07T10:31:50-05:00[America/New_York],Yes,2021-02-07,37773,Sunday
1812,B,11,2021-02-07T10:31:50-05:00[America/New_York],2021-02-07T10:32:01-05:00[America/New_York],Yes,2021-02-07,37910,Sunday
1812,C,20,2021-02-07T10:32:01-05:00[America/New_York],2021-02-07T10:32:21-05:00[America/New_York],Yes,2021-02-07,37921,Sunday
1812,<A>,59,2021-02-07T10:32:21-05:00[America/New_York],2021-02-07T10:33:20-05:00[America/New_York],Yes,2021-02-07,37941,Sunday
1812,C,15,2021-02-07T10:33:20-05:00[America/New_York],2021-02-07T10:33:35-05:00[America/New_York],Yes,2021-02-07,38000,Sunday
1812,<A>,60,2021-02-07T10:33:35-05:00[America/New_York],2021-02-07T10:34:35-05:00[America/New_York],Yes,2021-02-07,38015,Sunday
1812,B,12,2021-02-07T10:34:35-05:00[America/New_York],2021-02-07T10:34:47-05:00[America/New_York],NA,2021-02-07,38075,Sunday
1812,C,28,2021-02-07T10:34:47-05:00[America/New_York],2021-02-07T10:35:15-05:00[America/New_York],NA,2021-02-07,38087,Sunday
1812,<A>,78,2021-02-07T10:35:15-05:00[America/New_York],2021-02-07T10:36:33-05:00[America/New_York],NA,2021-02-07,38115,Sunday
1812,B,10,2021-02-07T10:36:33-05:00[America/New_York],2021-02-07T10:36:43-05:00[America/New_York],Yes,2021-02-07,38193,Sunday
1812,C,17,2021-02-07T10:36:43-05:00[America/New_York],2021-02-07T10:37:00-05:00[America/New_York],Yes,2021-02-07,38203,Sunday
1812,<A>,89,2021-02-07T10:37:00-05:00[America/New_York],2021-02-07T10:38:29-05:00[America/New_York],NA,2021-02-07,38220,Sunday
1812,C,16,2021-02-07T10:38:29-05:00[America/New_York],2021-02-07T10:38:45-05:00[America/New_York],Yes,2021-02-07,38309,Sunday
1812,<A>,34,2021-02-07T10:38:45-05:00[America/New_York],2021-02-07T10:39:19-05:00[America/New_York],Yes,2021-02-07,38325,Sunday
1812,C,17,2021-02-07T10:39:19-05:00[America/New_York],2021-02-07T10:39:36-05:00[America/New_York],Yes,2021-02-07,38359,Sunday
1812,<A>,62,2021-02-07T10:39:36-05:00[America/New_York],2021-02-07T10:40:38-05:00[America/New_York],Yes,2021-02-07,38376,Sunday
1812,C,17,2021-02-07T10:40:38-05:00[America/New_York],2021-02-07T10:40:55-05:00[America/New_York],Yes,2021-02-07,38438,Sunday
1812,<A>,118,2021-02-07T10:40:55-05:00[America/New_York],2021-02-07T10:42:53-05:00[America/New_York],NA,2021-02-07,38455,Sunday
1812,B,10,2021-02-07T10:42:53-05:00[America/New_York],2021-02-07T10:43:03-05:00[America/New_York],Yes,2021-02-07,38573,Sunday
1812,C,19,2021-02-07T10:43:03-05:00[America/New_York],2021-02-07T10:43:22-05:00[America/New_York],Yes,2021-02-07,38583,Sunday
1812,<A>,51,2021-02-07T10:43:22-05:00[America/New_York],2021-02-07T10:44:13-05:00[America/New_York],Yes,2021-02-07,38602,Sunday
1812,B,13,2021-02-07T10:44:13-05:00[America/New_York],2021-02-07T10:44:26-05:00[America/New_York],NA,2021-02-07,38653,Sunday
1812,C,15,2021-02-07T10:44:26-05:00[America/New_York],2021-02-07T10:44:41-05:00[America/New_York],Yes,2021-02-07,38666,Sunday
1812,<A>,118,2021-02-07T10:44:41-05:00[America/New_York],2021-02-07T10:46:39-05:00[America/New_York],NA,2021-02-07,38681,Sunday
1812,C,16,2021-02-07T10:46:39-05:00[America/New_York],2021-02-07T10:46:55-05:00[America/New_York],Yes,2021-02-07,38799,Sunday
1812,<A>,55,2021-02-07T10:46:55-05:00[America/New_York],2021-02-07T10:47:50-05:00[America/New_York],Yes,2021-02-07,38815,Sunday
1812,C,15,2021-02-07T10:47:50-05:00[America/New_York],2021-02-07T10:48:05-05:00[America/New_York],Yes,2021-02-07,38870,Sunday
1812,<A>,50,2021-02-07T10:48:05-05:00[America/New_York],2021-02-07T10:48:55-05:00[America/New_York],Yes,2021-02-07,38885,Sunday
1812,C,16,2021-02-07T10:48:55-05:00[America/New_York],2021-02-07T10:49:11-05:00[America/New_York],Yes,2021-02-07,38935,Sunday
1812,<A>,39,2021-02-07T10:49:11-05:00[America/New_York],2021-02-07T10:49:50-05:00[America/New_York],Yes,2021-02-07,38951,Sunday
1812,C,16,2021-02-07T10:49:50-05:00[America/New_York],2021-02-07T10:50:06-05:00[America/New_York],Yes,2021-02-07,38990,Sunday
1812,<A>,37,2021-02-07T10:50:06-05:00[America/New_York],2021-02-07T10:50:43-05:00[America/New_York],Yes,2021-02-07,39006,Sunday
1812,C,63,2021-02-07T10:50:43-05:00[America/New_York],2021-02-07T10:51:46-05:00[America/New_York],NA,2021-02-07,39043,Sunday
1812,<A>,67,2021-02-07T10:51:46-05:00[America/New_York],2021-02-07T10:52:53-05:00[America/New_York],NA,2021-02-07,39106,Sunday
1812,B,10,2021-02-07T10:52:53-05:00[America/New_York],2021-02-07T10:53:03-05:00[America/New_York],Yes,2021-02-07,39173,Sunday
1812,C,16,2021-02-07T10:53:03-05:00[America/New_York],2021-02-07T10:53:19-05:00[America/New_York],Yes,2021-02-07,39183,Sunday
1812,<A>,67,2021-02-07T10:53:19-05:00[America/New_York],2021-02-07T10:54:26-05:00[America/New_York],Yes,2021-02-07,39199,Sunday
1812,B,13,2021-02-07T10:54:26-05:00[America/New_York],2021-02-07T10:54:39-05:00[America/New_York],NA,2021-02-07,39266,Sunday
1812,C,15,2021-02-07T10:54:39-05:00[America/New_York],2021-02-07T10:54:54-05:00[America/New_York],NA,2021-02-07,39279,Sunday
1812,<A>,57,2021-02-07T10:54:54-05:00[America/New_York],2021-02-07T10:55:51-05:00[America/New_York],Yes,2021-02-07,39294,Sunday
1812,B,10,2021-02-07T10:55:51-05:00[America/New_York],2021-02-07T10:56:01-05:00[America/New_York],Yes,2021-02-07,39351,Sunday
1812,C,16,2021-02-07T10:56:01-05:00[America/New_York],2021-02-07T10:56:17-05:00[America/New_York],Yes,2021-02-07,39361,Sunday
1812,<A>,70,2021-02-07T10:56:17-05:00[America/New_York],2021-02-07T10:57:27-05:00[America/New_York],Yes,2021-02-07,39377,Sunday
1812,C,15,2021-02-07T10:57:27-05:00[America/New_York],2021-02-07T10:57:42-05:00[America/New_York],Yes,2021-02-07,39447,Sunday
1812,<A>,36,2021-02-07T10:57:42-05:00[America/New_York],2021-02-07T10:58:18-05:00[America/New_York],Yes,2021-02-07,39462,Sunday
1812,C,20,2021-02-07T10:58:18-05:00[America/New_York],2021-02-07T10:58:38-05:00[America/New_York],Yes,2021-02-07,39498,Sunday
1812,<A>,47,2021-02-07T10:58:38-05:00[America/New_York],2021-02-07T10:59:25-05:00[America/New_York],Yes,2021-02-07,39518,Sunday
1812,B,11,2021-02-07T10:59:25-05:00[America/New_York],2021-02-07T10:59:36-05:00[America/New_York],Yes,2021-02-07,39565,Sunday
1812,C,15,2021-02-07T10:59:36-05:00[America/New_York],2021-02-07T10:59:51-05:00[America/New_York],Yes,2021-02-07,39576,Sunday
1812,<A>,42,2021-02-07T10:59:51-05:00[America/New_York],2021-02-07T11:00:33-05:00[America/New_York],Yes,2021-02-07,39591,Sunday
1812,B,11,2021-02-07T11:00:33-05:00[America/New_York],2021-02-07T11:00:44-05:00[America/New_York],Yes,2021-02-07,39633,Sunday
1812,C,47,2021-02-07T11:00:44-05:00[America/New_York],2021-02-07T11:01:31-05:00[America/New_York],NA,2021-02-07,39644,Sunday
1812,<A>,69,2021-02-07T11:01:31-05:00[America/New_York],2021-02-07T11:02:40-05:00[America/New_York],NA,2021-02-07,39691,Sunday
1812,B,11,2021-02-07T11:02:40-05:00[America/New_York],2021-02-07T11:02:51-05:00[America/New_York],Yes,2021-02-07,39760,Sunday
1812,C,15,2021-02-07T11:02:51-05:00[America/New_York],2021-02-07T11:03:06-05:00[America/New_York],Yes,2021-02-07,39771,Sunday
1812,<A>,82,2021-02-07T11:03:06-05:00[America/New_York],2021-02-07T11:04:28-05:00[America/New_York],NA,2021-02-07,39786,Sunday
1812,B,10,2021-02-07T11:04:28-05:00[America/New_York],2021-02-07T11:04:38-05:00[America/New_York],Yes,2021-02-07,39868,Sunday
1812,C,17,2021-02-07T11:04:38-05:00[America/New_York],2021-02-07T11:04:55-05:00[America/New_York],Yes,2021-02-07,39878,Sunday
1812,<A>,79,2021-02-07T11:04:55-05:00[America/New_York],2021-02-07T11:06:14-05:00[America/New_York],NA,2021-02-07,39895,Sunday
1812,C,33,2021-02-07T11:06:14-05:00[America/New_York],2021-02-07T11:06:47-05:00[America/New_York],NA,2021-02-07,39974,Sunday
1812,<A>,48,2021-02-07T11:06:47-05:00[America/New_York],2021-02-07T11:07:35-05:00[America/New_York],Yes,2021-02-07,40007,Sunday
1812,C,20,2021-02-07T11:07:35-05:00[America/New_York],2021-02-07T11:07:55-05:00[America/New_York],Yes,2021-02-07,40055,Sunday
1812,<A>,77,2021-02-07T11:07:55-05:00[America/New_York],2021-02-07T11:09:12-05:00[America/New_York],NA,2021-02-07,40075,Sunday
1812,B,10,2021-02-07T11:09:12-05:00[America/New_York],2021-02-07T11:09:22-05:00[America/New_York],Yes,2021-02-07,40152,Sunday
1812,C,16,2021-02-07T11:09:22-05:00[America/New_York],2021-02-07T11:09:38-05:00[America/New_York],Yes,2021-02-07,40162,Sunday
1812,<A>,57,2021-02-07T11:09:38-05:00[America/New_York],2021-02-07T11:10:35-05:00[America/New_York],Yes,2021-02-07,40178,Sunday
1812,B,11,2021-02-07T11:10:35-05:00[America/New_York],2021-02-07T11:10:46-05:00[America/New_York],Yes,2021-02-07,40235,Sunday
1812,C,15,2021-02-07T11:10:46-05:00[America/New_York],2021-02-07T11:11:01-05:00[America/New_York],Yes,2021-02-07,40246,Sunday
1812,<A>,49,2021-02-07T11:11:01-05:00[America/New_York],2021-02-07T11:11:50-05:00[America/New_York],Yes,2021-02-07,40261,Sunday
1812,B,11,2021-02-07T11:11:50-05:00[America/New_York],2021-02-07T11:12:01-05:00[America/New_York],Yes,2021-02-07,40310,Sunday
1812,C,19,2021-02-07T11:12:01-05:00[America/New_York],2021-02-07T11:12:20-05:00[America/New_York],Yes,2021-02-07,40321,Sunday
1812,<A>,44,2021-02-07T11:12:20-05:00[America/New_York],2021-02-07T11:13:04-05:00[America/New_York],Yes,2021-02-07,40340,Sunday
1812,B,13,2021-02-07T11:13:04-05:00[America/New_York],2021-02-07T11:13:17-05:00[America/New_York],NA,2021-02-07,40384,Sunday
1812,C,19,2021-02-07T11:13:17-05:00[America/New_York],2021-02-07T11:13:36-05:00[America/New_York],Yes,2021-02-07,40397,Sunday
1812,<A>,80,2021-02-07T11:13:36-05:00[America/New_York],2021-02-07T11:14:56-05:00[America/New_York],Yes,2021-02-07,40416,Sunday
1812,C,17,2021-02-07T11:14:56-05:00[America/New_York],2021-02-07T11:15:13-05:00[America/New_York],Yes,2021-02-07,40496,Sunday
1812,<A>,54,2021-02-07T11:15:13-05:00[America/New_York],2021-02-07T11:16:07-05:00[America/New_York],Yes,2021-02-07,40513,Sunday
1812,C,15,2021-02-07T11:16:07-05:00[America/New_York],2021-02-07T11:16:22-05:00[America/New_York],Yes,2021-02-07,40567,Sunday
1812,<A>,46,2021-02-07T11:16:22-05:00[America/New_York],2021-02-07T11:17:08-05:00[America/New_York],Yes,2021-02-07,40582,Sunday
1812,C,35,2021-02-07T11:17:08-05:00[America/New_York],2021-02-07T11:17:43-05:00[America/New_York],Yes,2021-02-07,40628,Sunday
1812,<A>,47,2021-02-07T11:17:43-05:00[America/New_York],2021-02-07T11:18:30-05:00[America/New_York],Yes,2021-02-07,40663,Sunday
1812,C,15,2021-02-07T11:18:30-05:00[America/New_York],2021-02-07T11:18:45-05:00[America/New_York],Yes,2021-02-07,40710,Sunday
1812,<A>,53,2021-02-07T11:18:45-05:00[America/New_York],2021-02-07T11:19:38-05:00[America/New_York],Yes,2021-02-07,40725,Sunday
1812,B,10,2021-02-07T11:19:38-05:00[America/New_York],2021-02-07T11:19:48-05:00[America/New_York],Yes,2021-02-07,40778,Sunday
1812,C,16,2021-02-07T11:19:48-05:00[America/New_York],2021-02-07T11:20:04-05:00[America/New_York],Yes,2021-02-07,40788,Sunday
1812,<A>,61,2021-02-07T11:20:04-05:00[America/New_York],2021-02-07T11:21:05-05:00[America/New_York],Yes,2021-02-07,40804,Sunday
1812,C,15,2021-02-07T11:21:05-05:00[America/New_York],2021-02-07T11:21:20-05:00[America/New_York],Yes,2021-02-07,40865,Sunday
1812,<A>,43,2021-02-07T11:21:20-05:00[America/New_York],2021-02-07T11:22:03-05:00[America/New_York],Yes,2021-02-07,40880,Sunday
1812,B,15,2021-02-07T11:22:03-05:00[America/New_York],2021-02-07T11:22:18-05:00[America/New_York],NA,2021-02-07,40923,Sunday
1812,C,16,2021-02-07T11:22:18-05:00[America/New_York],2021-02-07T11:22:34-05:00[America/New_York],Yes,2021-02-07,40938,Sunday
1812,<A>,68,2021-02-07T11:22:34-05:00[America/New_York],2021-02-07T11:23:42-05:00[America/New_York],Yes,2021-02-07,40954,Sunday
1812,B,13,2021-02-07T11:23:42-05:00[America/New_York],2021-02-07T11:23:55-05:00[America/New_York],NA,2021-02-07,41022,Sunday
1812,C,18,2021-02-07T11:23:55-05:00[America/New_York],2021-02-07T11:24:13-05:00[America/New_York],Yes,2021-02-07,41035,Sunday
1812,<A>,68,2021-02-07T11:24:13-05:00[America/New_York],2021-02-07T11:25:21-05:00[America/New_York],NA,2021-02-07,41053,Sunday
1812,B,13,2021-02-07T11:25:21-05:00[America/New_York],2021-02-07T11:25:34-05:00[America/New_York],NA,2021-02-07,41121,Sunday
1812,C,15,2021-02-07T11:25:34-05:00[America/New_York],2021-02-07T11:25:49-05:00[America/New_York],NA,2021-02-07,41134,Sunday
1812,<A>,68,2021-02-07T11:25:49-05:00[America/New_York],2021-02-07T11:26:57-05:00[America/New_York],Yes,2021-02-07,41149,Sunday
1812,C,32,2021-02-07T11:26:57-05:00[America/New_York],2021-02-07T11:27:29-05:00[America/New_York],NA,2021-02-07,41217,Sunday
1812,<A>,63,2021-02-07T11:27:29-05:00[America/New_York],2021-02-07T11:28:32-05:00[America/New_York],NA,2021-02-07,41249,Sunday
1812,B,10,2021-02-07T11:28:32-05:00[America/New_York],2021-02-07T11:28:42-05:00[America/New_York],Yes,2021-02-07,41312,Sunday
1812,C,16,2021-02-07T11:28:42-05:00[America/New_York],2021-02-07T11:28:58-05:00[America/New_York],Yes,2021-02-07,41322,Sunday
1812,<A>,50,2021-02-07T11:28:58-05:00[America/New_York],2021-02-07T11:29:48-05:00[America/New_York],Yes,2021-02-07,41338,Sunday
1812,C,15,2021-02-07T11:29:48-05:00[America/New_York],2021-02-07T11:30:03-05:00[America/New_York],Yes,2021-02-07,41388,Sunday
1812,<A>,54,2021-02-07T11:30:03-05:00[America/New_York],2021-02-07T11:30:57-05:00[America/New_York],NA,2021-02-07,41403,Sunday
1812,B,16,2021-02-07T11:30:57-05:00[America/New_York],2021-02-07T11:31:13-05:00[America/New_York],NA,2021-02-07,41457,Sunday
1812,C,24,2021-02-07T11:31:13-05:00[America/New_York],2021-02-07T11:31:37-05:00[America/New_York],Yes,2021-02-07,41473,Sunday
1812,<A>,49,2021-02-07T11:31:37-05:00[America/New_York],2021-02-07T11:32:26-05:00[America/New_York],Yes,2021-02-07,41497,Sunday
1812,C,15,2021-02-07T11:32:26-05:00[America/New_York],2021-02-07T11:32:41-05:00[America/New_York],Yes,2021-02-07,41546,Sunday
1812,<A>,76,2021-02-07T11:32:41-05:00[America/New_York],2021-02-07T11:33:57-05:00[America/New_York],Yes,2021-02-07,41561,Sunday
1812,C,16,2021-02-07T11:33:57-05:00[America/New_York],2021-02-07T11:34:13-05:00[America/New_York],Yes,2021-02-07,41637,Sunday
1812,<A>,84,2021-02-07T11:34:13-05:00[America/New_York],2021-02-07T11:35:37-05:00[America/New_York],NA,2021-02-07,41653,Sunday
1812,B,13,2021-02-07T11:35:37-05:00[America/New_York],2021-02-07T11:35:50-05:00[America/New_York],NA,2021-02-07,41737,Sunday
1812,C,22,2021-02-07T11:35:50-05:00[America/New_York],2021-02-07T11:36:12-05:00[America/New_York],NA,2021-02-07,41750,Sunday
1812,<A>,51,2021-02-07T11:36:12-05:00[America/New_York],2021-02-07T11:37:03-05:00[America/New_York],Yes,2021-02-07,41772,Sunday
1812,C,15,2021-02-07T11:37:03-05:00[America/New_York],2021-02-07T11:37:18-05:00[America/New_York],Yes,2021-02-07,41823,Sunday
1812,<A>,133,2021-02-07T11:37:18-05:00[America/New_York],2021-02-07T11:39:31-05:00[America/New_York],Yes,2021-02-07,41838,Sunday
1812,B,11,2021-02-07T11:39:31-05:00[America/New_York],2021-02-07T11:39:42-05:00[America/New_York],Yes,2021-02-07,41971,Sunday
1812,C,15,2021-02-07T11:39:42-05:00[America/New_York],2021-02-07T11:39:57-05:00[America/New_York],Yes,2021-02-07,41982,Sunday
1812,<A>,83,2021-02-07T11:39:57-05:00[America/New_York],2021-02-07T11:41:20-05:00[America/New_York],NA,2021-02-07,41997,Sunday
1812,C,17,2021-02-07T11:41:20-05:00[America/New_York],2021-02-07T11:41:37-05:00[America/New_York],Yes,2021-02-07,42080,Sunday
1812,<A>,50,2021-02-07T11:41:37-05:00[America/New_York],2021-02-07T11:42:27-05:00[America/New_York],Yes,2021-02-07,42097,Sunday
1812,B,13,2021-02-07T11:42:27-05:00[America/New_York],2021-02-07T11:42:40-05:00[America/New_York],NA,2021-02-07,42147,Sunday
1812,C,15,2021-02-07T11:42:40-05:00[America/New_York],2021-02-07T11:42:55-05:00[America/New_York],Yes,2021-02-07,42160,Sunday
1812,<A>,103,2021-02-07T11:42:55-05:00[America/New_York],2021-02-07T11:44:38-05:00[America/New_York],NA,2021-02-07,42175,Sunday
1812,B,10,2021-02-07T11:44:38-05:00[America/New_York],2021-02-07T11:44:48-05:00[America/New_York],Yes,2021-02-07,42278,Sunday
1812,C,16,2021-02-07T11:44:48-05:00[America/New_York],2021-02-07T11:45:04-05:00[America/New_York],Yes,2021-02-07,42288,Sunday
1812,<A>,82,2021-02-07T11:45:04-05:00[America/New_York],2021-02-07T11:46:26-05:00[America/New_York],NA,2021-02-07,42304,Sunday
1812,B,11,2021-02-07T11:46:26-05:00[America/New_York],2021-02-07T11:46:37-05:00[America/New_York],Yes,2021-02-07,42386,Sunday
1812,C,18,2021-02-07T11:46:37-05:00[America/New_York],2021-02-07T11:46:55-05:00[America/New_York],NA,2021-02-07,42397,Sunday
1812,<A>,53,2021-02-07T11:46:55-05:00[America/New_York],2021-02-07T11:47:48-05:00[America/New_York],Yes,2021-02-07,42415,Sunday
1812,C,15,2021-02-07T11:47:48-05:00[America/New_York],2021-02-07T11:48:03-05:00[America/New_York],Yes,2021-02-07,42468,Sunday
1812,<A>,47,2021-02-07T11:48:03-05:00[America/New_York],2021-02-07T11:48:50-05:00[America/New_York],Yes,2021-02-07,42483,Sunday
1812,B,13,2021-02-07T11:48:50-05:00[America/New_York],2021-02-07T11:49:03-05:00[America/New_York],NA,2021-02-07,42530,Sunday
1812,C,15,2021-02-07T11:49:03-05:00[America/New_York],2021-02-07T11:49:18-05:00[America/New_York],Yes,2021-02-07,42543,Sunday
1812,<A>,49,2021-02-07T11:49:18-05:00[America/New_York],2021-02-07T11:50:07-05:00[America/New_York],Yes,2021-02-07,42558,Sunday
1812,C,28,2021-02-07T11:50:07-05:00[America/New_York],2021-02-07T11:50:35-05:00[America/New_York],Yes,2021-02-07,42607,Sunday
1812,<A>,103,2021-02-07T11:50:35-05:00[America/New_York],2021-02-07T11:52:18-05:00[America/New_York],NA,2021-02-07,42635,Sunday
1812,B,12,2021-02-07T11:52:18-05:00[America/New_York],2021-02-07T11:52:30-05:00[America/New_York],NA,2021-02-07,42738,Sunday
1812,C,15,2021-02-07T11:52:30-05:00[America/New_York],2021-02-07T11:52:45-05:00[America/New_York],NA,2021-02-07,42750,Sunday
1812,<A>,62,2021-02-07T11:52:45-05:00[America/New_York],2021-02-07T11:53:47-05:00[America/New_York],Yes,2021-02-07,42765,Sunday
1812,B,10,2021-02-07T11:53:47-05:00[America/New_York],2021-02-07T11:53:57-05:00[America/New_York],Yes,2021-02-07,42827,Sunday
1812,C,18,2021-02-07T11:53:57-05:00[America/New_York],2021-02-07T11:54:15-05:00[America/New_York],Yes,2021-02-07,42837,Sunday
1812,<A>,70,2021-02-07T11:54:15-05:00[America/New_York],2021-02-07T11:55:25-05:00[America/New_York],Yes,2021-02-07,42855,Sunday
1812,B,13,2021-02-07T11:55:25-05:00[America/New_York],2021-02-07T11:55:38-05:00[America/New_York],NA,2021-02-07,42925,Sunday
1812,C,17,2021-02-07T11:55:38-05:00[America/New_York],2021-02-07T11:55:55-05:00[America/New_York],NA,2021-02-07,42938,Sunday
1812,<A>,45,2021-02-07T11:55:55-05:00[America/New_York],2021-02-07T11:56:40-05:00[America/New_York],Yes,2021-02-07,42955,Sunday
1812,C,19,2021-02-07T11:56:40-05:00[America/New_York],2021-02-07T11:56:59-05:00[America/New_York],Yes,2021-02-07,43000,Sunday
1812,<A>,294,2021-02-07T11:56:59-05:00[America/New_York],2021-02-07T12:01:53-05:00[America/New_York],NA,2021-02-07,43019,Sunday
1812,C,15,2021-02-07T12:01:53-05:00[America/New_York],2021-02-07T12:02:08-05:00[America/New_York],Yes,2021-02-07,43313,Sunday
1812,<A>,47,2021-02-07T12:02:08-05:00[America/New_York],2021-02-07T12:02:55-05:00[America/New_York],Yes,2021-02-07,43328,Sunday
1812,C,17,2021-02-07T12:02:55-05:00[America/New_York],2021-02-07T12:03:12-05:00[America/New_York],Yes,2021-02-07,43375,Sunday
1812,<A>,66,2021-02-07T12:03:12-05:00[America/New_York],2021-02-07T12:04:18-05:00[America/New_York],Yes,2021-02-07,43392,Sunday
1812,B,10,2021-02-07T12:04:18-05:00[America/New_York],2021-02-07T12:04:28-05:00[America/New_York],Yes,2021-02-07,43458,Sunday
1812,C,16,2021-02-07T12:04:28-05:00[America/New_York],2021-02-07T12:04:44-05:00[America/New_York],Yes,2021-02-07,43468,Sunday
1812,<A>,49,2021-02-07T12:04:44-05:00[America/New_York],2021-02-07T12:05:33-05:00[America/New_York],Yes,2021-02-07,43484,Sunday
1812,C,15,2021-02-07T12:05:33-05:00[America/New_York],2021-02-07T12:05:48-05:00[America/New_York],Yes,2021-02-07,43533,Sunday
1812,<A>,52,2021-02-07T12:05:48-05:00[America/New_York],2021-02-07T12:06:40-05:00[America/New_York],Yes,2021-02-07,43548,Sunday
1812,B,13,2021-02-07T12:06:40-05:00[America/New_York],2021-02-07T12:06:53-05:00[America/New_York],NA,2021-02-07,43600,Sunday
1812,C,15,2021-02-07T12:06:53-05:00[America/New_York],2021-02-07T12:07:08-05:00[America/New_York],Yes,2021-02-07,43613,Sunday
1812,<A>,102,2021-02-07T12:07:08-05:00[America/New_York],2021-02-07T12:08:50-05:00[America/New_York],NA,2021-02-07,43628,Sunday
1812,C,15,2021-02-07T12:08:50-05:00[America/New_York],2021-02-07T12:09:05-05:00[America/New_York],Yes,2021-02-07,43730,Sunday
1812,<A>,100,2021-02-07T12:09:05-05:00[America/New_York],2021-02-07T12:10:45-05:00[America/New_York],NA,2021-02-07,43745,Sunday
1812,B,10,2021-02-07T12:10:45-05:00[America/New_York],2021-02-07T12:10:55-05:00[America/New_York],Yes,2021-02-07,43845,Sunday
1812,C,16,2021-02-07T12:10:55-05:00[America/New_York],2021-02-07T12:11:11-05:00[America/New_York],Yes,2021-02-07,43855,Sunday
1812,<A>,52,2021-02-07T12:11:11-05:00[America/New_York],2021-02-07T12:12:03-05:00[America/New_York],Yes,2021-02-07,43871,Sunday
1812,B,13,2021-02-07T12:12:03-05:00[America/New_York],2021-02-07T12:12:16-05:00[America/New_York],NA,2021-02-07,43923,Sunday
1812,C,15,2021-02-07T12:12:16-05:00[America/New_York],2021-02-07T12:12:31-05:00[America/New_York],Yes,2021-02-07,43936,Sunday
1812,<A>,47,2021-02-07T12:12:31-05:00[America/New_York],2021-02-07T12:13:18-05:00[America/New_York],Yes,2021-02-07,43951,Sunday
1812,C,19,2021-02-07T12:13:18-05:00[America/New_York],2021-02-07T12:13:37-05:00[America/New_York],Yes,2021-02-07,43998,Sunday
1812,<A>,59,2021-02-07T12:13:37-05:00[America/New_York],2021-02-07T12:14:36-05:00[America/New_York],Yes,2021-02-07,44017,Sunday
1812,B,11,2021-02-07T12:14:36-05:00[America/New_York],2021-02-07T12:14:47-05:00[America/New_York],Yes,2021-02-07,44076,Sunday
1812,C,16,2021-02-07T12:14:47-05:00[America/New_York],2021-02-07T12:15:03-05:00[America/New_York],Yes,2021-02-07,44087,Sunday
1812,<A>,73,2021-02-07T12:15:03-05:00[America/New_York],2021-02-07T12:16:16-05:00[America/New_York],Yes,2021-02-07,44103,Sunday
1812,B,13,2021-02-07T12:16:16-05:00[America/New_York],2021-02-07T12:16:29-05:00[America/New_York],NA,2021-02-07,44176,Sunday
1812,C,15,2021-02-07T12:16:29-05:00[America/New_York],2021-02-07T12:16:44-05:00[America/New_York],NA,2021-02-07,44189,Sunday
1812,<A>,55,2021-02-07T12:16:44-05:00[America/New_York],2021-02-07T12:17:39-05:00[America/New_York],Yes,2021-02-07,44204,Sunday
1812,C,17,2021-02-07T12:17:39-05:00[America/New_York],2021-02-07T12:17:56-05:00[America/New_York],Yes,2021-02-07,44259,Sunday
1812,<A>,57,2021-02-07T12:17:56-05:00[America/New_York],2021-02-07T12:18:53-05:00[America/New_York],Yes,2021-02-07,44276,Sunday
1812,B,13,2021-02-07T12:18:53-05:00[America/New_York],2021-02-07T12:19:06-05:00[America/New_York],NA,2021-02-07,44333,Sunday
1812,C,15,2021-02-07T12:19:06-05:00[America/New_York],2021-02-07T12:19:21-05:00[America/New_York],Yes,2021-02-07,44346,Sunday
1812,<A>,49,2021-02-07T12:19:21-05:00[America/New_York],2021-02-07T12:20:10-05:00[America/New_York],Yes,2021-02-07,44361,Sunday
1812,C,15,2021-02-07T12:20:10-05:00[America/New_York],2021-02-07T12:20:25-05:00[America/New_York],Yes,2021-02-07,44410,Sunday
1812,<A>,50,2021-02-07T12:20:25-05:00[America/New_York],2021-02-07T12:21:15-05:00[America/New_York],Yes,2021-02-07,44425,Sunday
1812,C,15,2021-02-07T12:21:15-05:00[America/New_York],2021-02-07T12:21:30-05:00[America/New_York],Yes,2021-02-07,44475,Sunday
1812,<A>,57,2021-02-07T12:21:30-05:00[America/New_York],2021-02-07T12:22:27-05:00[America/New_York],Yes,2021-02-07,44490,Sunday
1812,C,15,2021-02-07T12:22:27-05:00[America/New_York],2021-02-07T12:22:42-05:00[America/New_York],Yes,2021-02-07,44547,Sunday
1812,<A>,73,2021-02-07T12:22:42-05:00[America/New_York],2021-02-07T12:23:55-05:00[America/New_York],Yes,2021-02-07,44562,Sunday
1812,B,10,2021-02-07T12:23:55-05:00[America/New_York],2021-02-07T12:24:05-05:00[America/New_York],Yes,2021-02-07,44635,Sunday
1812,C,16,2021-02-07T12:24:05-05:00[America/New_York],2021-02-07T12:24:21-05:00[America/New_York],Yes,2021-02-07,44645,Sunday
1812,<A>,43,2021-02-07T12:24:21-05:00[America/New_York],2021-02-07T12:25:04-05:00[America/New_York],Yes,2021-02-07,44661,Sunday
1812,B,13,2021-02-07T12:25:04-05:00[America/New_York],2021-02-07T12:25:17-05:00[America/New_York],NA,2021-02-07,44704,Sunday
1812,C,19,2021-02-07T12:25:17-05:00[America/New_York],2021-02-07T12:25:36-05:00[America/New_York],Yes,2021-02-07,44717,Sunday
1812,<A>,58,2021-02-07T12:25:36-05:00[America/New_York],2021-02-07T12:26:34-05:00[America/New_York],Yes,2021-02-07,44736,Sunday
1812,C,19,2021-02-07T12:26:34-05:00[America/New_York],2021-02-07T12:26:53-05:00[America/New_York],Yes,2021-02-07,44794,Sunday
1812,<A>,40,2021-02-07T12:26:53-05:00[America/New_York],2021-02-07T12:27:33-05:00[America/New_York],Yes,2021-02-07,44813,Sunday
1812,B,11,2021-02-07T12:27:33-05:00[America/New_York],2021-02-07T12:27:44-05:00[America/New_York],Yes,2021-02-07,44853,Sunday
1812,C,16,2021-02-07T12:27:44-05:00[America/New_York],2021-02-07T12:28:00-05:00[America/New_York],Yes,2021-02-07,44864,Sunday
1812,<A>,65,2021-02-07T12:28:00-05:00[America/New_York],2021-02-07T12:29:05-05:00[America/New_York],Yes,2021-02-07,44880,Sunday
1812,B,11,2021-02-07T12:29:05-05:00[America/New_York],2021-02-07T12:29:16-05:00[America/New_York],Yes,2021-02-07,44945,Sunday
1812,C,20,2021-02-07T12:29:16-05:00[America/New_York],2021-02-07T12:29:36-05:00[America/New_York],Yes,2021-02-07,44956,Sunday
1812,<A>,48,2021-02-07T12:29:36-05:00[America/New_York],2021-02-07T12:30:24-05:00[America/New_York],Yes,2021-02-07,44976,Sunday
1812,C,16,2021-02-07T12:30:24-05:00[America/New_York],2021-02-07T12:30:40-05:00[America/New_York],Yes,2021-02-07,45024,Sunday
1812,<A>,47,2021-02-07T12:30:40-05:00[America/New_York],2021-02-07T12:31:27-05:00[America/New_York],Yes,2021-02-07,45040,Sunday
1812,B,11,2021-02-07T12:31:27-05:00[America/New_York],2021-02-07T12:31:38-05:00[America/New_York],Yes,2021-02-07,45087,Sunday
1812,C,18,2021-02-07T12:31:38-05:00[America/New_York],2021-02-07T12:31:56-05:00[America/New_York],Yes,2021-02-07,45098,Sunday
1812,<A>,58,2021-02-07T12:31:56-05:00[America/New_York],2021-02-07T12:32:54-05:00[America/New_York],Yes,2021-02-07,45116,Sunday
1812,C,40,2021-02-07T12:32:54-05:00[America/New_York],2021-02-07T12:33:34-05:00[America/New_York],Yes,2021-02-07,45174,Sunday
1812,<A>,106,2021-02-07T12:33:34-05:00[America/New_York],2021-02-07T12:35:20-05:00[America/New_York],NA,2021-02-07,45214,Sunday
1812,B,10,2021-02-07T12:35:20-05:00[America/New_York],2021-02-07T12:35:30-05:00[America/New_York],Yes,2021-02-07,45320,Sunday
1812,C,18,2021-02-07T12:35:30-05:00[America/New_York],2021-02-07T12:35:48-05:00[America/New_York],NA,2021-02-07,45330,Sunday
1812,<A>,80,2021-02-07T12:35:48-05:00[America/New_York],2021-02-07T12:37:08-05:00[America/New_York],NA,2021-02-07,45348,Sunday
1812,B,12,2021-02-07T12:37:08-05:00[America/New_York],2021-02-07T12:37:20-05:00[America/New_York],NA,2021-02-07,45428,Sunday
1812,C,16,2021-02-07T12:37:20-05:00[America/New_York],2021-02-07T12:37:36-05:00[America/New_York],NA,2021-02-07,45440,Sunday
1812,<A>,45,2021-02-07T12:37:36-05:00[America/New_York],2021-02-07T12:38:21-05:00[America/New_York],Yes,2021-02-07,45456,Sunday
1812,C,16,2021-02-07T12:38:21-05:00[America/New_York],2021-02-07T12:38:37-05:00[America/New_York],Yes,2021-02-07,45501,Sunday
1812,<A>,36,2021-02-07T12:38:37-05:00[America/New_York],2021-02-07T12:39:13-05:00[America/New_York],Yes,2021-02-07,45517,Sunday
1812,C,19,2021-02-07T12:39:13-05:00[America/New_York],2021-02-07T12:39:32-05:00[America/New_York],Yes,2021-02-07,45553,Sunday
1812,<A>,109,2021-02-07T12:39:32-05:00[America/New_York],2021-02-07T12:41:21-05:00[America/New_York],NA,2021-02-07,45572,Sunday
1812,B,10,2021-02-07T12:41:21-05:00[America/New_York],2021-02-07T12:41:31-05:00[America/New_York],Yes,2021-02-07,45681,Sunday
1812,C,16,2021-02-07T12:41:31-05:00[America/New_York],2021-02-07T12:41:47-05:00[America/New_York],Yes,2021-02-07,45691,Sunday
1812,<A>,161,2021-02-07T12:41:47-05:00[America/New_York],2021-02-07T12:44:28-05:00[America/New_York],Yes,2021-02-07,45707,Sunday
1812,C,19,2021-02-07T12:44:28-05:00[America/New_York],2021-02-07T12:44:47-05:00[America/New_York],Yes,2021-02-07,45868,Sunday
1812,<A>,38,2021-02-07T12:44:47-05:00[America/New_York],2021-02-07T12:45:25-05:00[America/New_York],Yes,2021-02-07,45887,Sunday
1812,C,17,2021-02-07T12:45:25-05:00[America/New_York],2021-02-07T12:45:42-05:00[America/New_York],Yes,2021-02-07,45925,Sunday
1812,<A>,75,2021-02-07T12:45:42-05:00[America/New_York],2021-02-07T12:46:57-05:00[America/New_York],NA,2021-02-07,45942,Sunday
1812,C,18,2021-02-07T12:46:57-05:00[America/New_York],2021-02-07T12:47:15-05:00[America/New_York],Yes,2021-02-07,46017,Sunday
1812,<A>,92,2021-02-07T12:47:15-05:00[America/New_York],2021-02-07T12:48:47-05:00[America/New_York],NA,2021-02-07,46035,Sunday
1812,C,18,2021-02-07T12:48:47-05:00[America/New_York],2021-02-07T12:49:05-05:00[America/New_York],Yes,2021-02-07,46127,Sunday
1812,<A>,43,2021-02-07T12:49:05-05:00[America/New_York],2021-02-07T12:49:48-05:00[America/New_York],Yes,2021-02-07,46145,Sunday
1812,B,12,2021-02-07T12:49:48-05:00[America/New_York],2021-02-07T12:50:00-05:00[America/New_York],NA,2021-02-07,46188,Sunday
1812,C,15,2021-02-07T12:50:00-05:00[America/New_York],2021-02-07T12:50:15-05:00[America/New_York],Yes,2021-02-07,46200,Sunday
1812,<A>,52,2021-02-07T12:50:15-05:00[America/New_York],2021-02-07T12:51:07-05:00[America/New_York],Yes,2021-02-07,46215,Sunday
1812,C,15,2021-02-07T12:51:07-05:00[America/New_York],2021-02-07T12:51:22-05:00[America/New_York],Yes,2021-02-07,46267,Sunday
1812,<A>,38,2021-02-07T12:51:22-05:00[America/New_York],2021-02-07T12:52:00-05:00[America/New_York],Yes,2021-02-07,46282,Sunday
1812,B,13,2021-02-07T12:52:00-05:00[America/New_York],2021-02-07T12:52:13-05:00[America/New_York],NA,2021-02-07,46320,Sunday
1812,C,26,2021-02-07T12:52:13-05:00[America/New_York],2021-02-07T12:52:39-05:00[America/New_York],Yes,2021-02-07,46333,Sunday
1812,<A>,57,2021-02-07T12:52:39-05:00[America/New_York],2021-02-07T12:53:36-05:00[America/New_York],Yes,2021-02-07,46359,Sunday
1812,B,13,2021-02-07T12:53:36-05:00[America/New_York],2021-02-07T12:53:49-05:00[America/New_York],NA,2021-02-07,46416,Sunday
1812,C,18,2021-02-07T12:53:49-05:00[America/New_York],2021-02-07T12:54:07-05:00[America/New_York],Yes,2021-02-07,46429,Sunday
1812,<A>,86,2021-02-07T12:54:07-05:00[America/New_York],2021-02-07T12:55:33-05:00[America/New_York],NA,2021-02-07,46447,Sunday
1812,B,10,2021-02-07T12:55:33-05:00[America/New_York],2021-02-07T12:55:43-05:00[America/New_York],Yes,2021-02-07,46533,Sunday
1812,C,18,2021-02-07T12:55:43-05:00[America/New_York],2021-02-07T12:56:01-05:00[America/New_York],NA,2021-02-07,46543,Sunday
1812,<A>,44,2021-02-07T12:56:01-05:00[America/New_York],2021-02-07T12:56:45-05:00[America/New_York],Yes,2021-02-07,46561,Sunday
1812,C,15,2021-02-07T12:56:45-05:00[America/New_York],2021-02-07T12:57:00-05:00[America/New_York],Yes,2021-02-07,46605,Sunday
1812,<A>,113,2021-02-07T12:57:00-05:00[America/New_York],2021-02-07T12:58:53-05:00[America/New_York],NA,2021-02-07,46620,Sunday
1812,B,10,2021-02-07T12:58:53-05:00[America/New_York],2021-02-07T12:59:03-05:00[America/New_York],Yes,2021-02-07,46733,Sunday
1812,C,18,2021-02-07T12:59:03-05:00[America/New_York],2021-02-07T12:59:21-05:00[America/New_York],NA,2021-02-07,46743,Sunday
1812,<A>,60,2021-02-07T12:59:21-05:00[America/New_York],2021-02-07T13:00:21-05:00[America/New_York],Yes,2021-02-07,46761,Sunday
1812,B,13,2021-02-07T13:00:21-05:00[America/New_York],2021-02-07T13:00:34-05:00[America/New_York],NA,2021-02-07,46821,Sunday
1812,C,15,2021-02-07T13:00:34-05:00[America/New_York],2021-02-07T13:00:49-05:00[America/New_York],Yes,2021-02-07,46834,Sunday
1812,<A>,60,2021-02-07T13:00:49-05:00[America/New_York],2021-02-07T13:01:49-05:00[America/New_York],Yes,2021-02-07,46849,Sunday
1812,B,10,2021-02-07T13:01:49-05:00[America/New_York],2021-02-07T13:01:59-05:00[America/New_York],Yes,2021-02-07,46909,Sunday
1812,C,16,2021-02-07T13:01:59-05:00[America/New_York],2021-02-07T13:02:15-05:00[America/New_York],Yes,2021-02-07,46919,Sunday
1812,<A>,45,2021-02-07T13:02:15-05:00[America/New_York],2021-02-07T13:03:00-05:00[America/New_York],Yes,2021-02-07,46935,Sunday
1812,B,16,2021-02-07T13:03:00-05:00[America/New_York],2021-02-07T13:03:16-05:00[America/New_York],Yes,2021-02-07,46980,Sunday
1812,C,19,2021-02-07T13:03:16-05:00[America/New_York],2021-02-07T13:03:35-05:00[America/New_York],Yes,2021-02-07,46996,Sunday
1812,<A>,54,2021-02-07T13:03:35-05:00[America/New_York],2021-02-07T13:04:29-05:00[America/New_York],Yes,2021-02-07,47015,Sunday
1812,C,26,2021-02-07T13:04:29-05:00[America/New_York],2021-02-07T13:04:55-05:00[America/New_York],Yes,2021-02-07,47069,Sunday
1812,<A>,59,2021-02-07T13:04:55-05:00[America/New_York],2021-02-07T13:05:54-05:00[America/New_York],Yes,2021-02-07,47095,Sunday
1812,C,15,2021-02-07T13:05:54-05:00[America/New_York],2021-02-07T13:06:09-05:00[America/New_York],Yes,2021-02-07,47154,Sunday
1812,<A>,112,2021-02-07T13:06:09-05:00[America/New_York],2021-02-07T13:08:01-05:00[America/New_York],NA,2021-02-07,47169,Sunday
1812,C,15,2021-02-07T13:08:01-05:00[America/New_York],2021-02-07T13:08:16-05:00[America/New_York],Yes,2021-02-07,47281,Sunday
1812,<A>,37,2021-02-07T13:08:16-05:00[America/New_York],2021-02-07T13:08:53-05:00[America/New_York],Yes,2021-02-07,47296,Sunday
1812,C,16,2021-02-07T13:08:53-05:00[America/New_York],2021-02-07T13:09:09-05:00[America/New_York],Yes,2021-02-07,47333,Sunday
1812,<A>,67,2021-02-07T13:09:09-05:00[America/New_York],2021-02-07T13:10:16-05:00[America/New_York],NA,2021-02-07,47349,Sunday
1812,C,15,2021-02-07T13:10:16-05:00[America/New_York],2021-02-07T13:10:31-05:00[America/New_York],Yes,2021-02-07,47416,Sunday
1812,<A>,56,2021-02-07T13:10:31-05:00[America/New_York],2021-02-07T13:11:27-05:00[America/New_York],Yes,2021-02-07,47431,Sunday
1812,C,15,2021-02-07T13:11:27-05:00[America/New_York],2021-02-07T13:11:42-05:00[America/New_York],Yes,2021-02-07,47487,Sunday
1812,<A>,44,2021-02-07T13:11:42-05:00[America/New_York],2021-02-07T13:12:26-05:00[America/New_York],Yes,2021-02-07,47502,Sunday
1812,C,16,2021-02-07T13:12:26-05:00[America/New_York],2021-02-07T13:12:42-05:00[America/New_York],Yes,2021-02-07,47546,Sunday
1812,<A>,46,2021-02-07T13:12:42-05:00[America/New_York],2021-02-07T13:13:28-05:00[America/New_York],Yes,2021-02-07,47562,Sunday
1812,B,14,2021-02-07T13:13:28-05:00[America/New_York],2021-02-07T13:13:42-05:00[America/New_York],NA,2021-02-07,47608,Sunday
1812,C,15,2021-02-07T13:13:42-05:00[America/New_York],2021-02-07T13:13:57-05:00[America/New_York],Yes,2021-02-07,47622,Sunday
1812,<A>,65,2021-02-07T13:13:57-05:00[America/New_York],2021-02-07T13:15:02-05:00[America/New_York],Yes,2021-02-07,47637,Sunday
1812,B,12,2021-02-07T13:15:02-05:00[America/New_York],2021-02-07T13:15:14-05:00[America/New_York],Yes,2021-02-07,47702,Sunday
1812,C,16,2021-02-07T13:15:14-05:00[America/New_York],2021-02-07T13:15:30-05:00[America/New_York],Yes,2021-02-07,47714,Sunday
1812,<A>,75,2021-02-07T13:15:30-05:00[America/New_York],2021-02-07T13:16:45-05:00[America/New_York],NA,2021-02-07,47730,Sunday
1812,C,16,2021-02-07T13:16:45-05:00[America/New_York],2021-02-07T13:17:01-05:00[America/New_York],Yes,2021-02-07,47805,Sunday
1812,<A>,89,2021-02-07T13:17:01-05:00[America/New_York],2021-02-07T13:18:30-05:00[America/New_York],NA,2021-02-07,47821,Sunday
1812,C,20,2021-02-07T13:18:30-05:00[America/New_York],2021-02-07T13:18:50-05:00[America/New_York],Yes,2021-02-07,47910,Sunday
1812,<A>,58,2021-02-07T13:18:50-05:00[America/New_York],2021-02-07T13:19:48-05:00[America/New_York],Yes,2021-02-07,47930,Sunday
1812,B,12,2021-02-07T13:19:48-05:00[America/New_York],2021-02-07T13:20:00-05:00[America/New_York],NA,2021-02-07,47988,Sunday
1812,C,15,2021-02-07T13:20:00-05:00[America/New_York],2021-02-07T13:20:15-05:00[America/New_York],Yes,2021-02-07,48000,Sunday
1812,<A>,41,2021-02-07T13:20:15-05:00[America/New_York],2021-02-07T13:20:56-05:00[America/New_York],Yes,2021-02-07,48015,Sunday
1812,C,17,2021-02-07T13:20:56-05:00[America/New_York],2021-02-07T13:21:13-05:00[America/New_York],Yes,2021-02-07,48056,Sunday
1812,<A>,95,2021-02-07T13:21:13-05:00[America/New_York],2021-02-07T13:22:48-05:00[America/New_York],NA,2021-02-07,48073,Sunday
1812,B,10,2021-02-07T13:22:48-05:00[America/New_York],2021-02-07T13:22:58-05:00[America/New_York],Yes,2021-02-07,48168,Sunday
1812,C,18,2021-02-07T13:22:58-05:00[America/New_York],2021-02-07T13:23:16-05:00[America/New_York],NA,2021-02-07,48178,Sunday
1812,<A>,121,2021-02-07T13:23:16-05:00[America/New_York],2021-02-07T13:25:17-05:00[America/New_York],NA,2021-02-07,48196,Sunday
1812,C,29,2021-02-07T13:25:17-05:00[America/New_York],2021-02-07T13:25:46-05:00[America/New_York],NA,2021-02-07,48317,Sunday
1812,<A>,50,2021-02-07T13:25:46-05:00[America/New_York],2021-02-07T13:26:36-05:00[America/New_York],Yes,2021-02-07,48346,Sunday
1812,C,17,2021-02-07T13:26:36-05:00[America/New_York],2021-02-07T13:26:53-05:00[America/New_York],Yes,2021-02-07,48396,Sunday
1812,<A>,85,2021-02-07T13:26:53-05:00[America/New_York],2021-02-07T13:28:18-05:00[America/New_York],NA,2021-02-07,48413,Sunday
1812,C,17,2021-02-07T13:28:18-05:00[America/New_York],2021-02-07T13:28:35-05:00[America/New_York],Yes,2021-02-07,48498,Sunday
1812,<A>,41,2021-02-07T13:28:35-05:00[America/New_York],2021-02-07T13:29:16-05:00[America/New_York],Yes,2021-02-07,48515,Sunday
1812,B,12,2021-02-07T13:29:16-05:00[America/New_York],2021-02-07T13:29:28-05:00[America/New_York],NA,2021-02-07,48556,Sunday
1812,C,15,2021-02-07T13:29:28-05:00[America/New_York],2021-02-07T13:29:43-05:00[America/New_York],Yes,2021-02-07,48568,Sunday
1812,<A>,42,2021-02-07T13:29:43-05:00[America/New_York],2021-02-07T13:30:25-05:00[America/New_York],Yes,2021-02-07,48583,Sunday
1812,C,19,2021-02-07T13:30:25-05:00[America/New_York],2021-02-07T13:30:44-05:00[America/New_York],Yes,2021-02-07,48625,Sunday
1812,<A>,55,2021-02-07T13:30:44-05:00[America/New_York],2021-02-07T13:31:39-05:00[America/New_York],Yes,2021-02-07,48644,Sunday
1812,C,19,2021-02-07T13:31:39-05:00[America/New_York],2021-02-07T13:31:58-05:00[America/New_York],Yes,2021-02-07,48699,Sunday
1812,<A>,50,2021-02-07T13:31:58-05:00[America/New_York],2021-02-07T13:32:48-05:00[America/New_York],Yes,2021-02-07,48718,Sunday
1812,C,17,2021-02-07T13:32:48-05:00[America/New_York],2021-02-07T13:33:05-05:00[America/New_York],Yes,2021-02-07,48768,Sunday
1812,<A>,37,2021-02-07T13:33:05-05:00[America/New_York],2021-02-07T13:33:42-05:00[America/New_York],Yes,2021-02-07,48785,Sunday
1812,B,12,2021-02-07T13:33:42-05:00[America/New_York],2021-02-07T13:33:54-05:00[America/New_York],NA,2021-02-07,48822,Sunday
1812,C,18,2021-02-07T13:33:54-05:00[America/New_York],2021-02-07T13:34:12-05:00[America/New_York],Yes,2021-02-07,48834,Sunday
1812,<A>,47,2021-02-07T13:34:12-05:00[America/New_York],2021-02-07T13:34:59-05:00[America/New_York],Yes,2021-02-07,48852,Sunday
1812,B,10,2021-02-07T13:34:59-05:00[America/New_York],2021-02-07T13:35:09-05:00[America/New_York],Yes,2021-02-07,48899,Sunday
1812,C,16,2021-02-07T13:35:09-05:00[America/New_York],2021-02-07T13:35:25-05:00[America/New_York],Yes,2021-02-07,48909,Sunday
1812,<A>,52,2021-02-07T13:35:25-05:00[America/New_York],2021-02-07T13:36:17-05:00[America/New_York],Yes,2021-02-07,48925,Sunday
1812,C,15,2021-02-07T13:36:17-05:00[America/New_York],2021-02-07T13:36:32-05:00[America/New_York],Yes,2021-02-07,48977,Sunday
1812,<A>,53,2021-02-07T13:36:32-05:00[America/New_York],2021-02-07T13:37:25-05:00[America/New_York],Yes,2021-02-07,48992,Sunday
1812,B,10,2021-02-07T13:37:25-05:00[America/New_York],2021-02-07T13:37:35-05:00[America/New_York],Yes,2021-02-07,49045,Sunday
1812,C,16,2021-02-07T13:37:35-05:00[America/New_York],2021-02-07T13:37:51-05:00[America/New_York],Yes,2021-02-07,49055,Sunday
1812,<A>,51,2021-02-07T13:37:51-05:00[America/New_York],2021-02-07T13:38:42-05:00[America/New_York],Yes,2021-02-07,49071,Sunday
1812,C,19,2021-02-07T13:38:42-05:00[America/New_York],2021-02-07T13:39:01-05:00[America/New_York],Yes,2021-02-07,49122,Sunday
1812,<A>,48,2021-02-07T13:39:01-05:00[America/New_York],2021-02-07T13:39:49-05:00[America/New_York],Yes,2021-02-07,49141,Sunday
1812,B,12,2021-02-07T13:39:49-05:00[America/New_York],2021-02-07T13:40:01-05:00[America/New_York],NA,2021-02-07,49189,Sunday
1812,C,16,2021-02-07T13:40:01-05:00[America/New_York],2021-02-07T13:40:17-05:00[America/New_York],Yes,2021-02-07,49201,Sunday
1812,<A>,56,2021-02-07T13:40:17-05:00[America/New_York],2021-02-07T13:41:13-05:00[America/New_York],Yes,2021-02-07,49217,Sunday
1812,B,10,2021-02-07T13:41:13-05:00[America/New_York],2021-02-07T13:41:23-05:00[America/New_York],Yes,2021-02-07,49273,Sunday
1812,C,26,2021-02-07T13:41:23-05:00[America/New_York],2021-02-07T13:41:49-05:00[America/New_York],Yes,2021-02-07,49283,Sunday
1812,<A>,56,2021-02-07T13:41:49-05:00[America/New_York],2021-02-07T13:42:45-05:00[America/New_York],Yes,2021-02-07,49309,Sunday
1812,B,12,2021-02-07T13:42:45-05:00[America/New_York],2021-02-07T13:42:57-05:00[America/New_York],NA,2021-02-07,49365,Sunday
1812,C,21,2021-02-07T13:42:57-05:00[America/New_York],2021-02-07T13:43:18-05:00[America/New_York],Yes,2021-02-07,49377,Sunday
1812,<A>,67,2021-02-07T13:43:18-05:00[America/New_York],2021-02-07T13:44:25-05:00[America/New_York],Yes,2021-02-07,49398,Sunday
1812,C,18,2021-02-07T13:44:25-05:00[America/New_York],2021-02-07T13:44:43-05:00[America/New_York],Yes,2021-02-07,49465,Sunday
1812,<A>,52,2021-02-07T13:44:43-05:00[America/New_York],2021-02-07T13:45:35-05:00[America/New_York],Yes,2021-02-07,49483,Sunday
1812,B,10,2021-02-07T13:45:35-05:00[America/New_York],2021-02-07T13:45:45-05:00[America/New_York],Yes,2021-02-07,49535,Sunday
1812,C,16,2021-02-07T13:45:45-05:00[America/New_York],2021-02-07T13:46:01-05:00[America/New_York],Yes,2021-02-07,49545,Sunday
1812,<A>,60,2021-02-07T13:46:01-05:00[America/New_York],2021-02-07T13:47:01-05:00[America/New_York],Yes,2021-02-07,49561,Sunday
1812,C,17,2021-02-07T13:47:01-05:00[America/New_York],2021-02-07T13:47:18-05:00[America/New_York],Yes,2021-02-07,49621,Sunday
1812,<A>,91,2021-02-07T13:47:18-05:00[America/New_York],2021-02-07T13:48:49-05:00[America/New_York],NA,2021-02-07,49638,Sunday
1812,C,19,2021-02-07T13:48:49-05:00[America/New_York],2021-02-07T13:49:08-05:00[America/New_York],Yes,2021-02-07,49729,Sunday
1812,<A>,41,2021-02-07T13:49:08-05:00[America/New_York],2021-02-07T13:49:49-05:00[America/New_York],Yes,2021-02-07,49748,Sunday
1812,B,10,2021-02-07T13:49:49-05:00[America/New_York],2021-02-07T13:49:59-05:00[America/New_York],Yes,2021-02-07,49789,Sunday
1812,C,16,2021-02-07T13:49:59-05:00[America/New_York],2021-02-07T13:50:15-05:00[America/New_York],Yes,2021-02-07,49799,Sunday
1812,<A>,106,2021-02-07T13:50:15-05:00[America/New_York],2021-02-07T13:52:01-05:00[America/New_York],NA,2021-02-07,49815,Sunday
1812,C,26,2021-02-07T13:52:01-05:00[America/New_York],2021-02-07T13:52:27-05:00[America/New_York],NA,2021-02-07,49921,Sunday
1812,<A>,48,2021-02-07T13:52:27-05:00[America/New_York],2021-02-07T13:53:15-05:00[America/New_York],Yes,2021-02-07,49947,Sunday
1812,B,12,2021-02-07T13:53:15-05:00[America/New_York],2021-02-07T13:53:27-05:00[America/New_York],NA,2021-02-07,49995,Sunday
1812,C,25,2021-02-07T13:53:27-05:00[America/New_York],2021-02-07T13:53:52-05:00[America/New_York],Yes,2021-02-07,50007,Sunday
1812,<A>,58,2021-02-07T13:53:52-05:00[America/New_York],2021-02-07T13:54:50-05:00[America/New_York],Yes,2021-02-07,50032,Sunday
1812,C,19,2021-02-07T13:54:50-05:00[America/New_York],2021-02-07T13:55:09-05:00[America/New_York],Yes,2021-02-07,50090,Sunday
1812,<A>,57,2021-02-07T13:55:09-05:00[America/New_York],2021-02-07T13:56:06-05:00[America/New_York],Yes,2021-02-07,50109,Sunday
1812,C,21,2021-02-07T13:56:06-05:00[America/New_York],2021-02-07T13:56:27-05:00[America/New_York],Yes,2021-02-07,50166,Sunday
1812,<A>,52,2021-02-07T13:56:27-05:00[America/New_York],2021-02-07T13:57:19-05:00[America/New_York],Yes,2021-02-07,50187,Sunday
1812,C,24,2021-02-07T13:57:19-05:00[America/New_York],2021-02-07T13:57:43-05:00[America/New_York],Yes,2021-02-07,50239,Sunday
1812,<A>,42,2021-02-07T13:57:43-05:00[America/New_York],2021-02-07T13:58:25-05:00[America/New_York],Yes,2021-02-07,50263,Sunday
1812,B,12,2021-02-07T13:58:25-05:00[America/New_York],2021-02-07T13:58:37-05:00[America/New_York],NA,2021-02-07,50305,Sunday
1812,C,15,2021-02-07T13:58:37-05:00[America/New_York],2021-02-07T13:58:52-05:00[America/New_York],Yes,2021-02-07,50317,Sunday
1812,<A>,46,2021-02-07T13:58:52-05:00[America/New_York],2021-02-07T13:59:38-05:00[America/New_York],Yes,2021-02-07,50332,Sunday
1812,C,16,2021-02-07T13:59:38-05:00[America/New_York],2021-02-07T13:59:54-05:00[America/New_York],Yes,2021-02-07,50378,Sunday
1812,<A>,82,2021-02-07T13:59:54-05:00[America/New_York],2021-02-07T14:01:16-05:00[America/New_York],NA,2021-02-07,50394,Sunday
1812,C,16,2021-02-07T14:01:16-05:00[America/New_York],2021-02-07T14:01:32-05:00[America/New_York],Yes,2021-02-07,50476,Sunday
1812,<A>,64,2021-02-07T14:01:32-05:00[America/New_York],2021-02-07T14:02:36-05:00[America/New_York],Yes,2021-02-07,50492,Sunday
1812,C,15,2021-02-07T14:02:36-05:00[America/New_York],2021-02-07T14:02:51-05:00[America/New_York],Yes,2021-02-07,50556,Sunday
1812,<A>,54,2021-02-07T14:02:51-05:00[America/New_York],2021-02-07T14:03:45-05:00[America/New_York],Yes,2021-02-07,50571,Sunday
1812,C,32,2021-02-07T14:03:45-05:00[America/New_York],2021-02-07T14:04:17-05:00[America/New_York],Yes,2021-02-07,50625,Sunday
1812,<A>,75,2021-02-07T14:04:17-05:00[America/New_York],2021-02-07T14:05:32-05:00[America/New_York],NA,2021-02-07,50657,Sunday
1812,B,12,2021-02-07T14:05:32-05:00[America/New_York],2021-02-07T14:05:44-05:00[America/New_York],NA,2021-02-07,50732,Sunday
1812,C,15,2021-02-07T14:05:44-05:00[America/New_York],2021-02-07T14:05:59-05:00[America/New_York],NA,2021-02-07,50744,Sunday
1812,<A>,67,2021-02-07T14:05:59-05:00[America/New_York],2021-02-07T14:07:06-05:00[America/New_York],Yes,2021-02-07,50759,Sunday
1812,C,25,2021-02-07T14:07:06-05:00[America/New_York],2021-02-07T14:07:31-05:00[America/New_York],Yes,2021-02-07,50826,Sunday
1812,<A>,44,2021-02-07T14:07:31-05:00[America/New_York],2021-02-07T14:08:15-05:00[America/New_York],Yes,2021-02-07,50851,Sunday
1812,C,15,2021-02-07T14:08:15-05:00[America/New_York],2021-02-07T14:08:30-05:00[America/New_York],Yes,2021-02-07,50895,Sunday
1812,<A>,52,2021-02-07T14:08:30-05:00[America/New_York],2021-02-07T14:09:22-05:00[America/New_York],Yes,2021-02-07,50910,Sunday
1812,B,10,2021-02-07T14:09:22-05:00[America/New_York],2021-02-07T14:09:32-05:00[America/New_York],Yes,2021-02-07,50962,Sunday
1812,C,16,2021-02-07T14:09:32-05:00[America/New_York],2021-02-07T14:09:48-05:00[America/New_York],Yes,2021-02-07,50972,Sunday
1812,<A>,46,2021-02-07T14:09:48-05:00[America/New_York],2021-02-07T14:10:34-05:00[America/New_York],Yes,2021-02-07,50988,Sunday
1812,C,15,2021-02-07T14:10:34-05:00[America/New_York],2021-02-07T14:10:49-05:00[America/New_York],Yes,2021-02-07,51034,Sunday
1812,<A>,41,2021-02-07T14:10:49-05:00[America/New_York],2021-02-07T14:11:30-05:00[America/New_York],Yes,2021-02-07,51049,Sunday
1812,B,13,2021-02-07T14:11:30-05:00[America/New_York],2021-02-07T14:11:43-05:00[America/New_York],NA,2021-02-07,51090,Sunday
1812,C,15,2021-02-07T14:11:43-05:00[America/New_York],2021-02-07T14:11:58-05:00[America/New_York],Yes,2021-02-07,51103,Sunday
1812,<A>,90,2021-02-07T14:11:58-05:00[America/New_York],2021-02-07T14:13:28-05:00[America/New_York],NA,2021-02-07,51118,Sunday
1812,C,17,2021-02-07T14:13:28-05:00[America/New_York],2021-02-07T14:13:45-05:00[America/New_York],Yes,2021-02-07,51208,Sunday
1812,<A>,66,2021-02-07T14:13:45-05:00[America/New_York],2021-02-07T14:14:51-05:00[America/New_York],Yes,2021-02-07,51225,Sunday
1812,C,29,2021-02-07T14:14:51-05:00[America/New_York],2021-02-07T14:15:20-05:00[America/New_York],Yes,2021-02-07,51291,Sunday
1812,<A>,61,2021-02-07T14:15:20-05:00[America/New_York],2021-02-07T14:16:21-05:00[America/New_York],Yes,2021-02-07,51320,Sunday
1812,B,12,2021-02-07T14:16:21-05:00[America/New_York],2021-02-07T14:16:33-05:00[America/New_York],Yes,2021-02-07,51381,Sunday
1812,C,15,2021-02-07T14:16:33-05:00[America/New_York],2021-02-07T14:16:48-05:00[America/New_York],Yes,2021-02-07,51393,Sunday
1812,<A>,72,2021-02-07T14:16:48-05:00[America/New_York],2021-02-07T14:18:00-05:00[America/New_York],Yes,2021-02-07,51408,Sunday
1812,C,20,2021-02-07T14:18:00-05:00[America/New_York],2021-02-07T14:18:20-05:00[America/New_York],Yes,2021-02-07,51480,Sunday
1812,<A>,38,2021-02-07T14:18:20-05:00[America/New_York],2021-02-07T14:18:58-05:00[America/New_York],Yes,2021-02-07,51500,Sunday
1812,C,24,2021-02-07T14:18:58-05:00[America/New_York],2021-02-07T14:19:22-05:00[America/New_York],Yes,2021-02-07,51538,Sunday
1812,<A>,143,2021-02-07T14:19:22-05:00[America/New_York],2021-02-07T14:21:45-05:00[America/New_York],Yes,2021-02-07,51562,Sunday
1812,C,15,2021-02-07T14:21:45-05:00[America/New_York],2021-02-07T14:22:00-05:00[America/New_York],Yes,2021-02-07,51705,Sunday
1812,<A>,57,2021-02-07T14:22:00-05:00[America/New_York],2021-02-07T14:22:57-05:00[America/New_York],Yes,2021-02-07,51720,Sunday
1812,C,15,2021-02-07T14:22:57-05:00[America/New_York],2021-02-07T14:23:12-05:00[America/New_York],Yes,2021-02-07,51777,Sunday
1812,<A>,55,2021-02-07T14:23:12-05:00[America/New_York],2021-02-07T14:24:07-05:00[America/New_York],Yes,2021-02-07,51792,Sunday
1812,B,12,2021-02-07T14:24:07-05:00[America/New_York],2021-02-07T14:24:19-05:00[America/New_York],NA,2021-02-07,51847,Sunday
1812,C,15,2021-02-07T14:24:19-05:00[America/New_York],2021-02-07T14:24:34-05:00[America/New_York],Yes,2021-02-07,51859,Sunday
1812,<A>,43,2021-02-07T14:24:34-05:00[America/New_York],2021-02-07T14:25:17-05:00[America/New_York],Yes,2021-02-07,51874,Sunday
1812,C,28,2021-02-07T14:25:17-05:00[America/New_York],2021-02-07T14:25:45-05:00[America/New_York],Yes,2021-02-07,51917,Sunday
1812,<A>,53,2021-02-07T14:25:45-05:00[America/New_York],2021-02-07T14:26:38-05:00[America/New_York],Yes,2021-02-07,51945,Sunday
1812,C,18,2021-02-07T14:26:38-05:00[America/New_York],2021-02-07T14:26:56-05:00[America/New_York],Yes,2021-02-07,51998,Sunday
1812,<A>,75,2021-02-07T14:26:56-05:00[America/New_York],2021-02-07T14:28:11-05:00[America/New_York],Yes,2021-02-07,52016,Sunday
1812,C,20,2021-02-07T14:28:11-05:00[America/New_York],2021-02-07T14:28:31-05:00[America/New_York],Yes,2021-02-07,52091,Sunday
1812,<A>,69,2021-02-07T14:28:31-05:00[America/New_York],2021-02-07T14:29:40-05:00[America/New_York],Yes,2021-02-07,52111,Sunday
1812,C,19,2021-02-07T14:29:40-05:00[America/New_York],2021-02-07T14:29:59-05:00[America/New_York],Yes,2021-02-07,52180,Sunday
1812,<A>,60,2021-02-07T14:29:59-05:00[America/New_York],2021-02-07T14:30:59-05:00[America/New_York],Yes,2021-02-07,52199,Sunday
1812,C,17,2021-02-07T14:30:59-05:00[America/New_York],2021-02-07T14:31:16-05:00[America/New_York],Yes,2021-02-07,52259,Sunday
1812,<A>,160,2021-02-07T14:31:16-05:00[America/New_York],2021-02-07T14:33:56-05:00[America/New_York],Yes,2021-02-07,52276,Sunday
1812,C,19,2021-02-07T14:33:56-05:00[America/New_York],2021-02-07T14:34:15-05:00[America/New_York],Yes,2021-02-07,52436,Sunday
1812,<A>,78,2021-02-07T14:34:15-05:00[America/New_York],2021-02-07T14:35:33-05:00[America/New_York],Yes,2021-02-07,52455,Sunday
1812,C,23,2021-02-07T14:35:33-05:00[America/New_York],2021-02-07T14:35:56-05:00[America/New_York],Yes,2021-02-07,52533,Sunday
1812,<A>,72,2021-02-07T14:35:56-05:00[America/New_York],2021-02-07T14:37:08-05:00[America/New_York],Yes,2021-02-07,52556,Sunday
1812,C,15,2021-02-07T14:37:08-05:00[America/New_York],2021-02-07T14:37:23-05:00[America/New_York],Yes,2021-02-07,52628,Sunday
1812,<A>,250,2021-02-07T14:37:23-05:00[America/New_York],2021-02-07T14:41:33-05:00[America/New_York],Yes,2021-02-07,52643,Sunday
1812,C,15,2021-02-07T14:41:33-05:00[America/New_York],2021-02-07T14:41:48-05:00[America/New_York],Yes,2021-02-07,52893,Sunday
1812,<A>,70,2021-02-07T14:41:48-05:00[America/New_York],2021-02-07T14:42:58-05:00[America/New_York],Yes,2021-02-07,52908,Sunday
1812,C,17,2021-02-07T14:42:58-05:00[America/New_York],2021-02-07T14:43:15-05:00[America/New_York],Yes,2021-02-07,52978,Sunday
1812,<A>,76,2021-02-07T14:43:15-05:00[America/New_York],2021-02-07T14:44:31-05:00[America/New_York],NA,2021-02-07,52995,Sunday
1812,B,10,2021-02-07T14:44:31-05:00[America/New_York],2021-02-07T14:44:41-05:00[America/New_York],Yes,2021-02-07,53071,Sunday
1812,C,17,2021-02-07T14:44:41-05:00[America/New_York],2021-02-07T14:44:58-05:00[America/New_York],NA,2021-02-07,53081,Sunday
1812,<A>,161,2021-02-07T14:44:58-05:00[America/New_York],2021-02-07T14:47:39-05:00[America/New_York],Yes,2021-02-07,53098,Sunday
1812,B,10,2021-02-07T14:47:39-05:00[America/New_York],2021-02-07T14:47:49-05:00[America/New_York],Yes,2021-02-07,53259,Sunday
1812,C,16,2021-02-07T14:47:49-05:00[America/New_York],2021-02-07T14:48:05-05:00[America/New_York],Yes,2021-02-07,53269,Sunday
1812,<A>,75,2021-02-07T14:48:05-05:00[America/New_York],2021-02-07T14:49:20-05:00[America/New_York],Yes,2021-02-07,53285,Sunday
1812,C,15,2021-02-07T14:49:20-05:00[America/New_York],2021-02-07T14:49:35-05:00[America/New_York],Yes,2021-02-07,53360,Sunday
1812,<A>,180,2021-02-07T14:49:35-05:00[America/New_York],2021-02-07T14:52:35-05:00[America/New_York],NA,2021-02-07,53375,Sunday
1812,C,16,2021-02-07T14:52:35-05:00[America/New_York],2021-02-07T14:52:51-05:00[America/New_York],Yes,2021-02-07,53555,Sunday
1812,<A>,52,2021-02-07T14:52:51-05:00[America/New_York],2021-02-07T14:53:43-05:00[America/New_York],Yes,2021-02-07,53571,Sunday
1812,B,13,2021-02-07T14:53:43-05:00[America/New_York],2021-02-07T14:53:56-05:00[America/New_York],NA,2021-02-07,53623,Sunday
1812,C,16,2021-02-07T14:53:56-05:00[America/New_York],2021-02-07T14:54:12-05:00[America/New_York],Yes,2021-02-07,53636,Sunday
1812,<A>,65,2021-02-07T14:54:12-05:00[America/New_York],2021-02-07T14:55:17-05:00[America/New_York],Yes,2021-02-07,53652,Sunday
1812,B,10,2021-02-07T14:55:17-05:00[America/New_York],2021-02-07T14:55:27-05:00[America/New_York],Yes,2021-02-07,53717,Sunday
1812,C,16,2021-02-07T14:55:27-05:00[America/New_York],2021-02-07T14:55:43-05:00[America/New_York],Yes,2021-02-07,53727,Sunday
1812,<A>,63,2021-02-07T14:55:43-05:00[America/New_York],2021-02-07T14:56:46-05:00[America/New_York],Yes,2021-02-07,53743,Sunday
1812,B,10,2021-02-07T14:56:46-05:00[America/New_York],2021-02-07T14:56:56-05:00[America/New_York],Yes,2021-02-07,53806,Sunday
1812,C,16,2021-02-07T14:56:56-05:00[America/New_York],2021-02-07T14:57:12-05:00[America/New_York],Yes,2021-02-07,53816,Sunday
1812,<A>,45,2021-02-07T14:57:12-05:00[America/New_York],2021-02-07T14:57:57-05:00[America/New_York],Yes,2021-02-07,53832,Sunday
1812,B,13,2021-02-07T14:57:57-05:00[America/New_York],2021-02-07T14:58:10-05:00[America/New_York],NA,2021-02-07,53877,Sunday
1812,C,15,2021-02-07T14:58:10-05:00[America/New_York],2021-02-07T14:58:25-05:00[America/New_York],Yes,2021-02-07,53890,Sunday
1812,<A>,64,2021-02-07T14:58:25-05:00[America/New_York],2021-02-07T14:59:29-05:00[America/New_York],Yes,2021-02-07,53905,Sunday
1812,C,22,2021-02-07T14:59:29-05:00[America/New_York],2021-02-07T14:59:51-05:00[America/New_York],Yes,2021-02-07,53969,Sunday
1812,<A>,43,2021-02-07T14:59:51-05:00[America/New_York],2021-02-07T15:00:34-05:00[America/New_York],Yes,2021-02-07,53991,Sunday
1812,B,11,2021-02-07T15:00:34-05:00[America/New_York],2021-02-07T15:00:45-05:00[America/New_York],Yes,2021-02-07,54034,Sunday
1812,C,30,2021-02-07T15:00:45-05:00[America/New_York],2021-02-07T15:01:15-05:00[America/New_York],Yes,2021-02-07,54045,Sunday
1812,<A>,48,2021-02-07T15:01:15-05:00[America/New_York],2021-02-07T15:02:03-05:00[America/New_York],Yes,2021-02-07,54075,Sunday
1812,C,15,2021-02-07T15:02:03-05:00[America/New_York],2021-02-07T15:02:18-05:00[America/New_York],Yes,2021-02-07,54123,Sunday
1812,<A>,68,2021-02-07T15:02:18-05:00[America/New_York],2021-02-07T15:03:26-05:00[America/New_York],NA,2021-02-07,54138,Sunday
1812,C,16,2021-02-07T15:03:26-05:00[America/New_York],2021-02-07T15:03:42-05:00[America/New_York],Yes,2021-02-07,54206,Sunday
1812,<A>,138,2021-02-07T15:03:42-05:00[America/New_York],2021-02-07T15:06:00-05:00[America/New_York],Yes,2021-02-07,54222,Sunday
1812,B,10,2021-02-07T15:06:00-05:00[America/New_York],2021-02-07T15:06:10-05:00[America/New_York],Yes,2021-02-07,54360,Sunday
1812,C,16,2021-02-07T15:06:10-05:00[America/New_York],2021-02-07T15:06:26-05:00[America/New_York],Yes,2021-02-07,54370,Sunday
1812,<A>,300,2021-02-07T15:06:26-05:00[America/New_York],2021-02-07T15:11:26-05:00[America/New_York],NA,2021-02-07,54386,Sunday
1812,C,15,2021-02-07T15:11:26-05:00[America/New_York],2021-02-07T15:11:41-05:00[America/New_York],Yes,2021-02-07,54686,Sunday
1812,<A>,69,2021-02-07T15:11:41-05:00[America/New_York],2021-02-07T15:12:50-05:00[America/New_York],Yes,2021-02-07,54701,Sunday
1812,C,18,2021-02-07T15:12:50-05:00[America/New_York],2021-02-07T15:13:08-05:00[America/New_York],Yes,2021-02-07,54770,Sunday
1812,<A>,47,2021-02-07T15:13:08-05:00[America/New_York],2021-02-07T15:13:55-05:00[America/New_York],Yes,2021-02-07,54788,Sunday
1812,B,10,2021-02-07T15:13:55-05:00[America/New_York],2021-02-07T15:14:05-05:00[America/New_York],Yes,2021-02-07,54835,Sunday
1812,C,26,2021-02-07T15:14:05-05:00[America/New_York],2021-02-07T15:14:31-05:00[America/New_York],Yes,2021-02-07,54845,Sunday
1812,<A>,48,2021-02-07T15:14:31-05:00[America/New_York],2021-02-07T15:15:19-05:00[America/New_York],Yes,2021-02-07,54871,Sunday
1812,C,19,2021-02-07T15:15:19-05:00[America/New_York],2021-02-07T15:15:38-05:00[America/New_York],Yes,2021-02-07,54919,Sunday
1812,<A>,128,2021-02-07T15:15:38-05:00[America/New_York],2021-02-07T15:17:46-05:00[America/New_York],Yes,2021-02-07,54938,Sunday
1812,C,46,2021-02-07T15:17:46-05:00[America/New_York],2021-02-07T15:18:32-05:00[America/New_York],Yes,2021-02-07,55066,Sunday
1812,<A>,56,2021-02-07T15:18:32-05:00[America/New_York],2021-02-07T15:19:28-05:00[America/New_York],Yes,2021-02-07,55112,Sunday
1812,B,10,2021-02-07T15:19:28-05:00[America/New_York],2021-02-07T15:19:38-05:00[America/New_York],Yes,2021-02-07,55168,Sunday
1812,C,19,2021-02-07T15:19:38-05:00[America/New_York],2021-02-07T15:19:57-05:00[America/New_York],Yes,2021-02-07,55178,Sunday
1812,<A>,41,2021-02-07T15:19:57-05:00[America/New_York],2021-02-07T15:20:38-05:00[America/New_York],Yes,2021-02-07,55197,Sunday
1812,C,23,2021-02-07T15:20:38-05:00[America/New_York],2021-02-07T15:21:01-05:00[America/New_York],Yes,2021-02-07,55238,Sunday
1812,<A>,49,2021-02-07T15:21:01-05:00[America/New_York],2021-02-07T15:21:50-05:00[America/New_York],Yes,2021-02-07,55261,Sunday
1812,C,15,2021-02-07T15:21:50-05:00[America/New_York],2021-02-07T15:22:05-05:00[America/New_York],Yes,2021-02-07,55310,Sunday
1812,<A>,82,2021-02-07T15:22:05-05:00[America/New_York],2021-02-07T15:23:27-05:00[America/New_York],NA,2021-02-07,55325,Sunday
1812,C,16,2021-02-07T15:23:27-05:00[America/New_York],2021-02-07T15:23:43-05:00[America/New_York],Yes,2021-02-07,55407,Sunday
1812,<A>,51,2021-02-07T15:23:43-05:00[America/New_York],2021-02-07T15:24:34-05:00[America/New_York],Yes,2021-02-07,55423,Sunday
1812,B,10,2021-02-07T15:24:34-05:00[America/New_York],2021-02-07T15:24:44-05:00[America/New_York],Yes,2021-02-07,55474,Sunday
1812,C,19,2021-02-07T15:24:44-05:00[America/New_York],2021-02-07T15:25:03-05:00[America/New_York],Yes,2021-02-07,55484,Sunday
1812,<A>,52,2021-02-07T15:25:03-05:00[America/New_York],2021-02-07T15:25:55-05:00[America/New_York],Yes,2021-02-07,55503,Sunday
1812,B,13,2021-02-07T15:25:55-05:00[America/New_York],2021-02-07T15:26:08-05:00[America/New_York],NA,2021-02-07,55555,Sunday
1812,C,16,2021-02-07T15:26:08-05:00[America/New_York],2021-02-07T15:26:24-05:00[America/New_York],Yes,2021-02-07,55568,Sunday
1812,<A>,99,2021-02-07T15:26:24-05:00[America/New_York],2021-02-07T15:28:03-05:00[America/New_York],NA,2021-02-07,55584,Sunday
1812,C,28,2021-02-07T15:28:03-05:00[America/New_York],2021-02-07T15:28:31-05:00[America/New_York],Yes,2021-02-07,55683,Sunday
1812,<A>,86,2021-02-07T15:28:31-05:00[America/New_York],2021-02-07T15:29:57-05:00[America/New_York],NA,2021-02-07,55711,Sunday
1812,B,10,2021-02-07T15:29:57-05:00[America/New_York],2021-02-07T15:30:07-05:00[America/New_York],Yes,2021-02-07,55797,Sunday
1812,C,16,2021-02-07T15:30:07-05:00[America/New_York],2021-02-07T15:30:23-05:00[America/New_York],Yes,2021-02-07,55807,Sunday
1812,<A>,83,2021-02-07T15:30:23-05:00[America/New_York],2021-02-07T15:31:46-05:00[America/New_York],Yes,2021-02-07,55823,Sunday
1812,C,20,2021-02-07T15:31:46-05:00[America/New_York],2021-02-07T15:32:06-05:00[America/New_York],Yes,2021-02-07,55906,Sunday
1812,<A>,50,2021-02-07T15:32:06-05:00[America/New_York],2021-02-07T15:32:56-05:00[America/New_York],Yes,2021-02-07,55926,Sunday
1812,B,12,2021-02-07T15:32:56-05:00[America/New_York],2021-02-07T15:33:08-05:00[America/New_York],Yes,2021-02-07,55976,Sunday
1812,C,15,2021-02-07T15:33:08-05:00[America/New_York],2021-02-07T15:33:23-05:00[America/New_York],Yes,2021-02-07,55988,Sunday
1812,<A>,86,2021-02-07T15:33:23-05:00[America/New_York],2021-02-07T15:34:49-05:00[America/New_York],Yes,2021-02-07,56003,Sunday
1812,B,14,2021-02-07T15:34:49-05:00[America/New_York],2021-02-07T15:35:03-05:00[America/New_York],NA,2021-02-07,56089,Sunday
1812,C,15,2021-02-07T15:35:03-05:00[America/New_York],2021-02-07T15:35:18-05:00[America/New_York],NA,2021-02-07,56103,Sunday
1812,<A>,190,2021-02-07T15:35:18-05:00[America/New_York],2021-02-07T15:38:28-05:00[America/New_York],NA,2021-02-07,56118,Sunday
1812,C,19,2021-02-07T15:38:28-05:00[America/New_York],2021-02-07T15:38:47-05:00[America/New_York],Yes,2021-02-07,56308,Sunday
1812,<A>,86,2021-02-07T15:38:47-05:00[America/New_York],2021-02-07T15:40:13-05:00[America/New_York],NA,2021-02-07,56327,Sunday
1812,C,16,2021-02-07T15:40:13-05:00[America/New_York],2021-02-07T15:40:29-05:00[America/New_York],Yes,2021-02-07,56413,Sunday
1812,<A>,108,2021-02-07T15:40:29-05:00[America/New_York],2021-02-07T15:42:17-05:00[America/New_York],NA,2021-02-07,56429,Sunday
1812,C,20,2021-02-07T15:42:17-05:00[America/New_York],2021-02-07T15:42:37-05:00[America/New_York],Yes,2021-02-07,56537,Sunday
1812,<A>,100,2021-02-07T15:42:37-05:00[America/New_York],2021-02-07T15:44:17-05:00[America/New_York],NA,2021-02-07,56557,Sunday
1812,B,10,2021-02-07T15:44:17-05:00[America/New_York],2021-02-07T15:44:27-05:00[America/New_York],Yes,2021-02-07,56657,Sunday
1812,C,15,2021-02-07T15:44:27-05:00[America/New_York],2021-02-07T15:44:42-05:00[America/New_York],Yes,2021-02-07,56667,Sunday
1812,<A>,49,2021-02-07T15:44:42-05:00[America/New_York],2021-02-07T15:45:31-05:00[America/New_York],Yes,2021-02-07,56682,Sunday
1812,B,10,2021-02-07T15:45:31-05:00[America/New_York],2021-02-07T15:45:41-05:00[America/New_York],Yes,2021-02-07,56731,Sunday
1812,C,16,2021-02-07T15:45:41-05:00[America/New_York],2021-02-07T15:45:57-05:00[America/New_York],Yes,2021-02-07,56741,Sunday
1812,<A>,52,2021-02-07T15:45:57-05:00[America/New_York],2021-02-07T15:46:49-05:00[America/New_York],Yes,2021-02-07,56757,Sunday
1812,C,17,2021-02-07T15:46:49-05:00[America/New_York],2021-02-07T15:47:06-05:00[America/New_York],Yes,2021-02-07,56809,Sunday
1812,<A>,103,2021-02-07T15:47:06-05:00[America/New_York],2021-02-07T15:48:49-05:00[America/New_York],NA,2021-02-07,56826,Sunday
1812,C,16,2021-02-07T15:48:49-05:00[America/New_York],2021-02-07T15:49:05-05:00[America/New_York],Yes,2021-02-07,56929,Sunday
1812,<A>,44,2021-02-07T15:49:05-05:00[America/New_York],2021-02-07T15:49:49-05:00[America/New_York],Yes,2021-02-07,56945,Sunday
1812,B,10,2021-02-07T15:49:49-05:00[America/New_York],2021-02-07T15:49:59-05:00[America/New_York],Yes,2021-02-07,56989,Sunday
1812,C,16,2021-02-07T15:49:59-05:00[America/New_York],2021-02-07T15:50:15-05:00[America/New_York],Yes,2021-02-07,56999,Sunday
1812,<A>,101,2021-02-07T15:50:15-05:00[America/New_York],2021-02-07T15:51:56-05:00[America/New_York],NA,2021-02-07,57015,Sunday
1812,C,15,2021-02-07T15:51:56-05:00[America/New_York],2021-02-07T15:52:11-05:00[America/New_York],Yes,2021-02-07,57116,Sunday
1812,<A>,59,2021-02-07T15:52:11-05:00[America/New_York],2021-02-07T15:53:10-05:00[America/New_York],Yes,2021-02-07,57131,Sunday
1812,C,23,2021-02-07T15:53:10-05:00[America/New_York],2021-02-07T15:53:33-05:00[America/New_York],Yes,2021-02-07,57190,Sunday
1812,<A>,53,2021-02-07T15:53:33-05:00[America/New_York],2021-02-07T15:54:26-05:00[America/New_York],Yes,2021-02-07,57213,Sunday
1812,C,16,2021-02-07T15:54:26-05:00[America/New_York],2021-02-07T15:54:42-05:00[America/New_York],Yes,2021-02-07,57266,Sunday
1812,<A>,62,2021-02-07T15:54:42-05:00[America/New_York],2021-02-07T15:55:44-05:00[America/New_York],Yes,2021-02-07,57282,Sunday
1812,C,22,2021-02-07T15:55:44-05:00[America/New_York],2021-02-07T15:56:06-05:00[America/New_York],Yes,2021-02-07,57344,Sunday
1812,<A>,61,2021-02-07T15:56:06-05:00[America/New_York],2021-02-07T15:57:07-05:00[America/New_York],Yes,2021-02-07,57366,Sunday
1812,B,10,2021-02-07T15:57:07-05:00[America/New_York],2021-02-07T15:57:17-05:00[America/New_York],Yes,2021-02-07,57427,Sunday
1812,C,16,2021-02-07T15:57:17-05:00[America/New_York],2021-02-07T15:57:33-05:00[America/New_York],Yes,2021-02-07,57437,Sunday
1812,<A>,114,2021-02-07T15:57:33-05:00[America/New_York],2021-02-07T15:59:27-05:00[America/New_York],NA,2021-02-07,57453,Sunday
1812,C,15,2021-02-07T15:59:27-05:00[America/New_York],2021-02-07T15:59:42-05:00[America/New_York],Yes,2021-02-07,57567,Sunday
1812,<A>,75,2021-02-07T15:59:42-05:00[America/New_York],2021-02-07T16:00:57-05:00[America/New_York],Yes,2021-02-07,57582,Sunday
1812,C,15,2021-02-07T16:00:57-05:00[America/New_York],2021-02-07T16:01:12-05:00[America/New_York],Yes,2021-02-07,57657,Sunday
1812,<A>,59,2021-02-07T16:01:12-05:00[America/New_York],2021-02-07T16:02:11-05:00[America/New_York],Yes,2021-02-07,57672,Sunday
1812,B,13,2021-02-07T16:02:11-05:00[America/New_York],2021-02-07T16:02:24-05:00[America/New_York],NA,2021-02-07,57731,Sunday
1812,C,15,2021-02-07T16:02:24-05:00[America/New_York],2021-02-07T16:02:39-05:00[America/New_York],Yes,2021-02-07,57744,Sunday
1812,<A>,53,2021-02-07T16:02:39-05:00[America/New_York],2021-02-07T16:03:32-05:00[America/New_York],Yes,2021-02-07,57759,Sunday
1812,B,13,2021-02-07T16:03:32-05:00[America/New_York],2021-02-07T16:03:45-05:00[America/New_York],NA,2021-02-07,57812,Sunday
1812,C,15,2021-02-07T16:03:45-05:00[America/New_York],2021-02-07T16:04:00-05:00[America/New_York],Yes,2021-02-07,57825,Sunday
1812,<A>,49,2021-02-07T16:04:00-05:00[America/New_York],2021-02-07T16:04:49-05:00[America/New_York],Yes,2021-02-07,57840,Sunday
1812,B,10,2021-02-07T16:04:49-05:00[America/New_York],2021-02-07T16:04:59-05:00[America/New_York],Yes,2021-02-07,57889,Sunday
1812,C,16,2021-02-07T16:04:59-05:00[America/New_York],2021-02-07T16:05:15-05:00[America/New_York],Yes,2021-02-07,57899,Sunday
1812,<A>,81,2021-02-07T16:05:15-05:00[America/New_York],2021-02-07T16:06:36-05:00[America/New_York],Yes,2021-02-07,57915,Sunday
1812,C,18,2021-02-07T16:06:36-05:00[America/New_York],2021-02-07T16:06:54-05:00[America/New_York],Yes,2021-02-07,57996,Sunday
1812,<A>,55,2021-02-07T16:06:54-05:00[America/New_York],2021-02-07T16:07:49-05:00[America/New_York],Yes,2021-02-07,58014,Sunday
1812,B,10,2021-02-07T16:07:49-05:00[America/New_York],2021-02-07T16:07:59-05:00[America/New_York],Yes,2021-02-07,58069,Sunday
1812,C,17,2021-02-07T16:07:59-05:00[America/New_York],2021-02-07T16:08:16-05:00[America/New_York],Yes,2021-02-07,58079,Sunday
1812,<A>,62,2021-02-07T16:08:16-05:00[America/New_York],2021-02-07T16:09:18-05:00[America/New_York],Yes,2021-02-07,58096,Sunday
1812,C,18,2021-02-07T16:09:18-05:00[America/New_York],2021-02-07T16:09:36-05:00[America/New_York],Yes,2021-02-07,58158,Sunday
1812,<A>,50,2021-02-07T16:09:36-05:00[America/New_York],2021-02-07T16:10:26-05:00[America/New_York],Yes,2021-02-07,58176,Sunday
1812,B,10,2021-02-07T16:10:26-05:00[America/New_York],2021-02-07T16:10:36-05:00[America/New_York],Yes,2021-02-07,58226,Sunday
1812,C,16,2021-02-07T16:10:36-05:00[America/New_York],2021-02-07T16:10:52-05:00[America/New_York],Yes,2021-02-07,58236,Sunday
1812,<A>,49,2021-02-07T16:10:52-05:00[America/New_York],2021-02-07T16:11:41-05:00[America/New_York],Yes,2021-02-07,58252,Sunday
1812,C,15,2021-02-07T16:11:41-05:00[America/New_York],2021-02-07T16:11:56-05:00[America/New_York],Yes,2021-02-07,58301,Sunday
1812,<A>,110,2021-02-07T16:11:56-05:00[America/New_York],2021-02-07T16:13:46-05:00[America/New_York],NA,2021-02-07,58316,Sunday
1812,C,17,2021-02-07T16:13:46-05:00[America/New_York],2021-02-07T16:14:03-05:00[America/New_York],Yes,2021-02-07,58426,Sunday
1812,<A>,48,2021-02-07T16:14:03-05:00[America/New_York],2021-02-07T16:14:51-05:00[America/New_York],Yes,2021-02-07,58443,Sunday
1812,B,13,2021-02-07T16:14:51-05:00[America/New_York],2021-02-07T16:15:04-05:00[America/New_York],NA,2021-02-07,58491,Sunday
1812,C,15,2021-02-07T16:15:04-05:00[America/New_York],2021-02-07T16:15:19-05:00[America/New_York],Yes,2021-02-07,58504,Sunday
1812,<A>,53,2021-02-07T16:15:19-05:00[America/New_York],2021-02-07T16:16:12-05:00[America/New_York],Yes,2021-02-07,58519,Sunday
1812,C,17,2021-02-07T16:16:12-05:00[America/New_York],2021-02-07T16:16:29-05:00[America/New_York],Yes,2021-02-07,58572,Sunday
1812,<A>,67,2021-02-07T16:16:29-05:00[America/New_York],2021-02-07T16:17:36-05:00[America/New_York],Yes,2021-02-07,58589,Sunday
1812,C,17,2021-02-07T16:17:36-05:00[America/New_York],2021-02-07T16:17:53-05:00[America/New_York],Yes,2021-02-07,58656,Sunday
1812,<A>,50,2021-02-07T16:17:53-05:00[America/New_York],2021-02-07T16:18:43-05:00[America/New_York],Yes,2021-02-07,58673,Sunday
1812,B,10,2021-02-07T16:18:43-05:00[America/New_York],2021-02-07T16:18:53-05:00[America/New_York],Yes,2021-02-07,58723,Sunday
1812,C,16,2021-02-07T16:18:53-05:00[America/New_York],2021-02-07T16:19:09-05:00[America/New_York],Yes,2021-02-07,58733,Sunday
1812,<A>,48,2021-02-07T16:19:09-05:00[America/New_York],2021-02-07T16:19:57-05:00[America/New_York],Yes,2021-02-07,58749,Sunday
1812,C,17,2021-02-07T16:19:57-05:00[America/New_York],2021-02-07T16:20:14-05:00[America/New_York],Yes,2021-02-07,58797,Sunday
1812,<A>,46,2021-02-07T16:20:14-05:00[America/New_York],2021-02-07T16:21:00-05:00[America/New_York],Yes,2021-02-07,58814,Sunday
1812,B,12,2021-02-07T16:21:00-05:00[America/New_York],2021-02-07T16:21:12-05:00[America/New_York],NA,2021-02-07,58860,Sunday
1812,C,15,2021-02-07T16:21:12-05:00[America/New_York],2021-02-07T16:21:27-05:00[America/New_York],Yes,2021-02-07,58872,Sunday
1812,<A>,169,2021-02-07T16:21:27-05:00[America/New_York],2021-02-07T16:24:16-05:00[America/New_York],Yes,2021-02-07,58887,Sunday
1812,B,10,2021-02-07T16:24:16-05:00[America/New_York],2021-02-07T16:24:26-05:00[America/New_York],Yes,2021-02-07,59056,Sunday
1812,C,16,2021-02-07T16:24:26-05:00[America/New_York],2021-02-07T16:24:42-05:00[America/New_York],Yes,2021-02-07,59066,Sunday
1812,<A>,40,2021-02-07T16:24:42-05:00[America/New_York],2021-02-07T16:25:22-05:00[America/New_York],Yes,2021-02-07,59082,Sunday
1812,C,17,2021-02-07T16:25:22-05:00[America/New_York],2021-02-07T16:25:39-05:00[America/New_York],Yes,2021-02-07,59122,Sunday
1812,<A>,53,2021-02-07T16:25:39-05:00[America/New_York],2021-02-07T16:26:32-05:00[America/New_York],Yes,2021-02-07,59139,Sunday
1812,C,18,2021-02-07T16:26:32-05:00[America/New_York],2021-02-07T16:26:50-05:00[America/New_York],Yes,2021-02-07,59192,Sunday
1812,<A>,82,2021-02-07T16:26:50-05:00[America/New_York],2021-02-07T16:28:12-05:00[America/New_York],NA,2021-02-07,59210,Sunday
1812,B,13,2021-02-07T16:28:12-05:00[America/New_York],2021-02-07T16:28:25-05:00[America/New_York],NA,2021-02-07,59292,Sunday
1812,C,15,2021-02-07T16:28:25-05:00[America/New_York],2021-02-07T16:28:40-05:00[America/New_York],NA,2021-02-07,59305,Sunday
1812,<A>,65,2021-02-07T16:28:40-05:00[America/New_York],2021-02-07T16:29:45-05:00[America/New_York],Yes,2021-02-07,59320,Sunday
1812,B,10,2021-02-07T16:29:45-05:00[America/New_York],2021-02-07T16:29:55-05:00[America/New_York],Yes,2021-02-07,59385,Sunday
1812,C,16,2021-02-07T16:29:55-05:00[America/New_York],2021-02-07T16:30:11-05:00[America/New_York],Yes,2021-02-07,59395,Sunday
1812,<A>,68,2021-02-07T16:30:11-05:00[America/New_York],2021-02-07T16:31:19-05:00[America/New_York],Yes,2021-02-07,59411,Sunday
1812,C,15,2021-02-07T16:31:19-05:00[America/New_York],2021-02-07T16:31:34-05:00[America/New_York],Yes,2021-02-07,59479,Sunday
1812,<A>,50,2021-02-07T16:31:34-05:00[America/New_York],2021-02-07T16:32:24-05:00[America/New_York],Yes,2021-02-07,59494,Sunday
1812,B,13,2021-02-07T16:32:24-05:00[America/New_York],2021-02-07T16:32:37-05:00[America/New_York],NA,2021-02-07,59544,Sunday
1812,C,21,2021-02-07T16:32:37-05:00[America/New_York],2021-02-07T16:32:58-05:00[America/New_York],Yes,2021-02-07,59557,Sunday
1812,<A>,47,2021-02-07T16:32:58-05:00[America/New_York],2021-02-07T16:33:45-05:00[America/New_York],Yes,2021-02-07,59578,Sunday
1812,B,12,2021-02-07T16:33:45-05:00[America/New_York],2021-02-07T16:33:57-05:00[America/New_York],Yes,2021-02-07,59625,Sunday
1812,C,15,2021-02-07T16:33:57-05:00[America/New_York],2021-02-07T16:34:12-05:00[America/New_York],Yes,2021-02-07,59637,Sunday
1812,<A>,42,2021-02-07T16:34:12-05:00[America/New_York],2021-02-07T16:34:54-05:00[America/New_York],Yes,2021-02-07,59652,Sunday
1812,C,18,2021-02-07T16:34:54-05:00[America/New_York],2021-02-07T16:35:12-05:00[America/New_York],Yes,2021-02-07,59694,Sunday
1812,<A>,49,2021-02-07T16:35:12-05:00[America/New_York],2021-02-07T16:36:01-05:00[America/New_York],Yes,2021-02-07,59712,Sunday
1812,B,10,2021-02-07T16:36:01-05:00[America/New_York],2021-02-07T16:36:11-05:00[America/New_York],Yes,2021-02-07,59761,Sunday
1812,C,16,2021-02-07T16:36:11-05:00[America/New_York],2021-02-07T16:36:27-05:00[America/New_York],Yes,2021-02-07,59771,Sunday
1812,<A>,84,2021-02-07T16:36:27-05:00[America/New_York],2021-02-07T16:37:51-05:00[America/New_York],NA,2021-02-07,59787,Sunday
1812,B,10,2021-02-07T16:37:51-05:00[America/New_York],2021-02-07T16:38:01-05:00[America/New_York],Yes,2021-02-07,59871,Sunday
1812,C,16,2021-02-07T16:38:01-05:00[America/New_York],2021-02-07T16:38:17-05:00[America/New_York],Yes,2021-02-07,59881,Sunday
1812,<A>,50,2021-02-07T16:38:17-05:00[America/New_York],2021-02-07T16:39:07-05:00[America/New_York],Yes,2021-02-07,59897,Sunday
1812,B,10,2021-02-07T16:39:07-05:00[America/New_York],2021-02-07T16:39:17-05:00[America/New_York],Yes,2021-02-07,59947,Sunday
1812,C,16,2021-02-07T16:39:17-05:00[America/New_York],2021-02-07T16:39:33-05:00[America/New_York],Yes,2021-02-07,59957,Sunday
1812,<A>,52,2021-02-07T16:39:33-05:00[America/New_York],2021-02-07T16:40:25-05:00[America/New_York],Yes,2021-02-07,59973,Sunday
1812,B,11,2021-02-07T16:40:25-05:00[America/New_York],2021-02-07T16:40:36-05:00[America/New_York],Yes,2021-02-07,60025,Sunday
1812,C,16,2021-02-07T16:40:36-05:00[America/New_York],2021-02-07T16:40:52-05:00[America/New_York],Yes,2021-02-07,60036,Sunday
1812,<A>,52,2021-02-07T16:40:52-05:00[America/New_York],2021-02-07T16:41:44-05:00[America/New_York],Yes,2021-02-07,60052,Sunday
1812,C,15,2021-02-07T16:41:44-05:00[America/New_York],2021-02-07T16:41:59-05:00[America/New_York],Yes,2021-02-07,60104,Sunday
1812,<A>,46,2021-02-07T16:41:59-05:00[America/New_York],2021-02-07T16:42:45-05:00[America/New_York],Yes,2021-02-07,60119,Sunday
1812,C,17,2021-02-07T16:42:45-05:00[America/New_York],2021-02-07T16:43:02-05:00[America/New_York],Yes,2021-02-07,60165,Sunday
1812,<A>,62,2021-02-07T16:43:02-05:00[America/New_York],2021-02-07T16:44:04-05:00[America/New_York],Yes,2021-02-07,60182,Sunday
1812,C,16,2021-02-07T16:44:04-05:00[America/New_York],2021-02-07T16:44:20-05:00[America/New_York],Yes,2021-02-07,60244,Sunday
1812,<A>,67,2021-02-07T16:44:20-05:00[America/New_York],2021-02-07T16:45:27-05:00[America/New_York],Yes,2021-02-07,60260,Sunday
1812,C,21,2021-02-07T16:45:27-05:00[America/New_York],2021-02-07T16:45:48-05:00[America/New_York],Yes,2021-02-07,60327,Sunday
1812,<A>,122,2021-02-07T16:45:48-05:00[America/New_York],2021-02-07T16:47:50-05:00[America/New_York],NA,2021-02-07,60348,Sunday
1812,C,15,2021-02-07T16:47:50-05:00[America/New_York],2021-02-07T16:48:05-05:00[America/New_York],Yes,2021-02-07,60470,Sunday
1812,<A>,55,2021-02-07T16:48:05-05:00[America/New_York],2021-02-07T16:49:00-05:00[America/New_York],Yes,2021-02-07,60485,Sunday
1812,B,13,2021-02-07T16:49:00-05:00[America/New_York],2021-02-07T16:49:13-05:00[America/New_York],NA,2021-02-07,60540,Sunday
1812,C,21,2021-02-07T16:49:13-05:00[America/New_York],2021-02-07T16:49:34-05:00[America/New_York],Yes,2021-02-07,60553,Sunday
1812,<A>,54,2021-02-07T16:49:34-05:00[America/New_York],2021-02-07T16:50:28-05:00[America/New_York],Yes,2021-02-07,60574,Sunday
1812,B,13,2021-02-07T16:50:28-05:00[America/New_York],2021-02-07T16:50:41-05:00[America/New_York],NA,2021-02-07,60628,Sunday
1812,C,15,2021-02-07T16:50:41-05:00[America/New_York],2021-02-07T16:50:56-05:00[America/New_York],Yes,2021-02-07,60641,Sunday
1812,<A>,51,2021-02-07T16:50:56-05:00[America/New_York],2021-02-07T16:51:47-05:00[America/New_York],Yes,2021-02-07,60656,Sunday
1812,C,15,2021-02-07T16:51:47-05:00[America/New_York],2021-02-07T16:52:02-05:00[America/New_York],Yes,2021-02-07,60707,Sunday
1812,<A>,66,2021-02-07T16:52:02-05:00[America/New_York],2021-02-07T16:53:08-05:00[America/New_York],NA,2021-02-07,60722,Sunday
1812,C,16,2021-02-07T16:53:08-05:00[America/New_York],2021-02-07T16:53:24-05:00[America/New_York],Yes,2021-02-07,60788,Sunday
1812,<A>,41,2021-02-07T16:53:24-05:00[America/New_York],2021-02-07T16:54:05-05:00[America/New_York],Yes,2021-02-07,60804,Sunday
1812,B,10,2021-02-07T16:54:05-05:00[America/New_York],2021-02-07T16:54:15-05:00[America/New_York],Yes,2021-02-07,60845,Sunday
1812,C,23,2021-02-07T16:54:15-05:00[America/New_York],2021-02-07T16:54:38-05:00[America/New_York],Yes,2021-02-07,60855,Sunday
1812,<A>,82,2021-02-07T16:54:38-05:00[America/New_York],2021-02-07T16:56:00-05:00[America/New_York],NA,2021-02-07,60878,Sunday
1812,B,16,2021-02-07T16:56:00-05:00[America/New_York],2021-02-07T16:56:16-05:00[America/New_York],Yes,2021-02-07,60960,Sunday
1812,C,15,2021-02-07T16:56:16-05:00[America/New_York],2021-02-07T16:56:31-05:00[America/New_York],Yes,2021-02-07,60976,Sunday
1812,<A>,103,2021-02-07T16:56:31-05:00[America/New_York],2021-02-07T16:58:14-05:00[America/New_York],NA,2021-02-07,60991,Sunday
1812,C,15,2021-02-07T16:58:14-05:00[America/New_York],2021-02-07T16:58:29-05:00[America/New_York],Yes,2021-02-07,61094,Sunday
1812,<A>,51,2021-02-07T16:58:29-05:00[America/New_York],2021-02-07T16:59:20-05:00[America/New_York],Yes,2021-02-07,61109,Sunday
1812,B,10,2021-02-07T16:59:20-05:00[America/New_York],2021-02-07T16:59:30-05:00[America/New_York],Yes,2021-02-07,61160,Sunday
1812,C,18,2021-02-07T16:59:30-05:00[America/New_York],2021-02-07T16:59:48-05:00[America/New_York],Yes,2021-02-07,61170,Sunday
1812,<A>,47,2021-02-07T16:59:48-05:00[America/New_York],2021-02-07T17:00:35-05:00[America/New_York],Yes,2021-02-07,61188,Sunday
1812,C,15,2021-02-07T17:00:35-05:00[America/New_York],2021-02-07T17:00:50-05:00[America/New_York],Yes,2021-02-07,61235,Sunday
1812,<A>,58,2021-02-07T17:00:50-05:00[America/New_York],2021-02-07T17:01:48-05:00[America/New_York],Yes,2021-02-07,61250,Sunday
1812,C,40,2021-02-07T17:01:48-05:00[America/New_York],2021-02-07T17:02:28-05:00[America/New_York],NA,2021-02-07,61308,Sunday
1812,<A>,49,2021-02-07T17:02:28-05:00[America/New_York],2021-02-07T17:03:17-05:00[America/New_York],Yes,2021-02-07,61348,Sunday
1812,B,11,2021-02-07T17:03:17-05:00[America/New_York],2021-02-07T17:03:28-05:00[America/New_York],Yes,2021-02-07,61397,Sunday
1812,C,15,2021-02-07T17:03:28-05:00[America/New_York],2021-02-07T17:03:43-05:00[America/New_York],Yes,2021-02-07,61408,Sunday
1812,<A>,63,2021-02-07T17:03:43-05:00[America/New_York],2021-02-07T17:04:46-05:00[America/New_York],Yes,2021-02-07,61423,Sunday
1812,B,10,2021-02-07T17:04:46-05:00[America/New_York],2021-02-07T17:04:56-05:00[America/New_York],Yes,2021-02-07,61486,Sunday
1812,C,16,2021-02-07T17:04:56-05:00[America/New_York],2021-02-07T17:05:12-05:00[America/New_York],Yes,2021-02-07,61496,Sunday
1812,<A>,55,2021-02-07T17:05:12-05:00[America/New_York],2021-02-07T17:06:07-05:00[America/New_York],Yes,2021-02-07,61512,Sunday
1812,B,13,2021-02-07T17:06:07-05:00[America/New_York],2021-02-07T17:06:20-05:00[America/New_York],NA,2021-02-07,61567,Sunday
1812,C,15,2021-02-07T17:06:20-05:00[America/New_York],2021-02-07T17:06:35-05:00[America/New_York],Yes,2021-02-07,61580,Sunday
1812,<A>,50,2021-02-07T17:06:35-05:00[America/New_York],2021-02-07T17:07:25-05:00[America/New_York],Yes,2021-02-07,61595,Sunday
1812,C,17,2021-02-07T17:07:25-05:00[America/New_York],2021-02-07T17:07:42-05:00[America/New_York],Yes,2021-02-07,61645,Sunday
1812,<A>,80,2021-02-07T17:07:42-05:00[America/New_York],2021-02-07T17:09:02-05:00[America/New_York],NA,2021-02-07,61662,Sunday
1812,C,18,2021-02-07T17:09:02-05:00[America/New_York],2021-02-07T17:09:20-05:00[America/New_York],Yes,2021-02-07,61742,Sunday
1812,<A>,98,2021-02-07T17:09:20-05:00[America/New_York],2021-02-07T17:10:58-05:00[America/New_York],NA,2021-02-07,61760,Sunday
1812,B,10,2021-02-07T17:10:58-05:00[America/New_York],2021-02-07T17:11:08-05:00[America/New_York],Yes,2021-02-07,61858,Sunday
1812,C,18,2021-02-07T17:11:08-05:00[America/New_York],2021-02-07T17:11:26-05:00[America/New_York],NA,2021-02-07,61868,Sunday
1812,<A>,54,2021-02-07T17:11:26-05:00[America/New_York],2021-02-07T17:12:20-05:00[America/New_York],Yes,2021-02-07,61886,Sunday
1812,B,11,2021-02-07T17:12:20-05:00[America/New_York],2021-02-07T17:12:31-05:00[America/New_York],Yes,2021-02-07,61940,Sunday
1812,C,19,2021-02-07T17:12:31-05:00[America/New_York],2021-02-07T17:12:50-05:00[America/New_York],Yes,2021-02-07,61951,Sunday
1812,<A>,61,2021-02-07T17:12:50-05:00[America/New_York],2021-02-07T17:13:51-05:00[America/New_York],Yes,2021-02-07,61970,Sunday
1812,C,15,2021-02-07T17:13:51-05:00[America/New_York],2021-02-07T17:14:06-05:00[America/New_York],Yes,2021-02-07,62031,Sunday
1812,<A>,48,2021-02-07T17:14:06-05:00[America/New_York],2021-02-07T17:14:54-05:00[America/New_York],Yes,2021-02-07,62046,Sunday
1812,C,16,2021-02-07T17:14:54-05:00[America/New_York],2021-02-07T17:15:10-05:00[America/New_York],Yes,2021-02-07,62094,Sunday
1812,<A>,57,2021-02-07T17:15:10-05:00[America/New_York],2021-02-07T17:16:07-05:00[America/New_York],Yes,2021-02-07,62110,Sunday
1812,B,11,2021-02-07T17:16:07-05:00[America/New_York],2021-02-07T17:16:18-05:00[America/New_York],Yes,2021-02-07,62167,Sunday
1812,C,15,2021-02-07T17:16:18-05:00[America/New_York],2021-02-07T17:16:33-05:00[America/New_York],Yes,2021-02-07,62178,Sunday
1812,<A>,103,2021-02-07T17:16:33-05:00[America/New_York],2021-02-07T17:18:16-05:00[America/New_York],NA,2021-02-07,62193,Sunday
1812,C,19,2021-02-07T17:18:16-05:00[America/New_York],2021-02-07T17:18:35-05:00[America/New_York],Yes,2021-02-07,62296,Sunday
1812,<A>,56,2021-02-07T17:18:35-05:00[America/New_York],2021-02-07T17:19:31-05:00[America/New_York],Yes,2021-02-07,62315,Sunday
1812,B,10,2021-02-07T17:19:31-05:00[America/New_York],2021-02-07T17:19:41-05:00[America/New_York],Yes,2021-02-07,62371,Sunday
1812,C,16,2021-02-07T17:19:41-05:00[America/New_York],2021-02-07T17:19:57-05:00[America/New_York],Yes,2021-02-07,62381,Sunday
1812,<A>,58,2021-02-07T17:19:57-05:00[America/New_York],2021-02-07T17:20:55-05:00[America/New_York],Yes,2021-02-07,62397,Sunday
1812,B,11,2021-02-07T17:20:55-05:00[America/New_York],2021-02-07T17:21:06-05:00[America/New_York],Yes,2021-02-07,62455,Sunday
1812,C,20,2021-02-07T17:21:06-05:00[America/New_York],2021-02-07T17:21:26-05:00[America/New_York],Yes,2021-02-07,62466,Sunday
1812,<A>,90,2021-02-07T17:21:26-05:00[America/New_York],2021-02-07T17:22:56-05:00[America/New_York],NA,2021-02-07,62486,Sunday
1812,C,15,2021-02-07T17:22:56-05:00[America/New_York],2021-02-07T17:23:11-05:00[America/New_York],Yes,2021-02-07,62576,Sunday
1812,<A>,65,2021-02-07T17:23:11-05:00[America/New_York],2021-02-07T17:24:16-05:00[America/New_York],Yes,2021-02-07,62591,Sunday
1812,B,10,2021-02-07T17:24:16-05:00[America/New_York],2021-02-07T17:24:26-05:00[America/New_York],Yes,2021-02-07,62656,Sunday
1812,C,16,2021-02-07T17:24:26-05:00[America/New_York],2021-02-07T17:24:42-05:00[America/New_York],Yes,2021-02-07,62666,Sunday
1812,<A>,61,2021-02-07T17:24:42-05:00[America/New_York],2021-02-07T17:25:43-05:00[America/New_York],Yes,2021-02-07,62682,Sunday
1812,C,15,2021-02-07T17:25:43-05:00[America/New_York],2021-02-07T17:25:58-05:00[America/New_York],Yes,2021-02-07,62743,Sunday
1812,<A>,50,2021-02-07T17:25:58-05:00[America/New_York],2021-02-07T17:26:48-05:00[America/New_York],Yes,2021-02-07,62758,Sunday
1812,C,22,2021-02-07T17:26:48-05:00[America/New_York],2021-02-07T17:27:10-05:00[America/New_York],Yes,2021-02-07,62808,Sunday
1812,<A>,54,2021-02-07T17:27:10-05:00[America/New_York],2021-02-07T17:28:04-05:00[America/New_York],Yes,2021-02-07,62830,Sunday
1812,B,12,2021-02-07T17:28:04-05:00[America/New_York],2021-02-07T17:28:16-05:00[America/New_York],Yes,2021-02-07,62884,Sunday
1812,C,15,2021-02-07T17:28:16-05:00[America/New_York],2021-02-07T17:28:31-05:00[America/New_York],Yes,2021-02-07,62896,Sunday
1812,<A>,87,2021-02-07T17:28:31-05:00[America/New_York],2021-02-07T17:29:58-05:00[America/New_York],Yes,2021-02-07,62911,Sunday
1812,C,20,2021-02-07T17:29:58-05:00[America/New_York],2021-02-07T17:30:18-05:00[America/New_York],Yes,2021-02-07,62998,Sunday
1812,<A>,70,2021-02-07T17:30:18-05:00[America/New_York],2021-02-07T17:31:28-05:00[America/New_York],Yes,2021-02-07,63018,Sunday
1812,B,10,2021-02-07T17:31:28-05:00[America/New_York],2021-02-07T17:31:38-05:00[America/New_York],Yes,2021-02-07,63088,Sunday
1812,C,18,2021-02-07T17:31:38-05:00[America/New_York],2021-02-07T17:31:56-05:00[America/New_York],Yes,2021-02-07,63098,Sunday
1812,<A>,76,2021-02-07T17:31:56-05:00[America/New_York],2021-02-07T17:33:12-05:00[America/New_York],NA,2021-02-07,63116,Sunday
1812,B,11,2021-02-07T17:33:12-05:00[America/New_York],2021-02-07T17:33:23-05:00[America/New_York],Yes,2021-02-07,63192,Sunday
1812,C,17,2021-02-07T17:33:23-05:00[America/New_York],2021-02-07T17:33:40-05:00[America/New_York],NA,2021-02-07,63203,Sunday
1812,<A>,50,2021-02-07T17:33:40-05:00[America/New_York],2021-02-07T17:34:30-05:00[America/New_York],Yes,2021-02-07,63220,Sunday
1812,B,10,2021-02-07T17:34:30-05:00[America/New_York],2021-02-07T17:34:40-05:00[America/New_York],Yes,2021-02-07,63270,Sunday
1812,C,21,2021-02-07T17:34:40-05:00[America/New_York],2021-02-07T17:35:01-05:00[America/New_York],Yes,2021-02-07,63280,Sunday
1812,<A>,91,2021-02-07T17:35:01-05:00[America/New_York],2021-02-07T17:36:32-05:00[America/New_York],NA,2021-02-07,63301,Sunday
1812,C,15,2021-02-07T17:36:32-05:00[America/New_York],2021-02-07T17:36:47-05:00[America/New_York],Yes,2021-02-07,63392,Sunday
1812,<A>,53,2021-02-07T17:36:47-05:00[America/New_York],2021-02-07T17:37:40-05:00[America/New_York],Yes,2021-02-07,63407,Sunday
1812,C,17,2021-02-07T17:37:40-05:00[America/New_York],2021-02-07T17:37:57-05:00[America/New_York],Yes,2021-02-07,63460,Sunday
1812,<A>,103,2021-02-07T17:37:57-05:00[America/New_York],2021-02-07T17:39:40-05:00[America/New_York],NA,2021-02-07,63477,Sunday
1812,C,16,2021-02-07T17:39:40-05:00[America/New_York],2021-02-07T17:39:56-05:00[America/New_York],Yes,2021-02-07,63580,Sunday
1812,<A>,50,2021-02-07T17:39:56-05:00[America/New_York],2021-02-07T17:40:46-05:00[America/New_York],Yes,2021-02-07,63596,Sunday
1812,B,10,2021-02-07T17:40:46-05:00[America/New_York],2021-02-07T17:40:56-05:00[America/New_York],Yes,2021-02-07,63646,Sunday
1812,C,19,2021-02-07T17:40:56-05:00[America/New_York],2021-02-07T17:41:15-05:00[America/New_York],Yes,2021-02-07,63656,Sunday
1812,<A>,123,2021-02-07T17:41:15-05:00[America/New_York],2021-02-07T17:43:18-05:00[America/New_York],NA,2021-02-07,63675,Sunday
1812,C,28,2021-02-07T17:43:18-05:00[America/New_York],2021-02-07T17:43:46-05:00[America/New_York],NA,2021-02-07,63798,Sunday
1812,<A>,79,2021-02-07T17:43:46-05:00[America/New_York],2021-02-07T17:45:05-05:00[America/New_York],NA,2021-02-07,63826,Sunday
1812,B,12,2021-02-07T17:45:05-05:00[America/New_York],2021-02-07T17:45:17-05:00[America/New_York],NA,2021-02-07,63905,Sunday
1812,C,16,2021-02-07T17:45:17-05:00[America/New_York],2021-02-07T17:45:33-05:00[America/New_York],NA,2021-02-07,63917,Sunday
1812,<A>,72,2021-02-07T17:45:33-05:00[America/New_York],2021-02-07T17:46:45-05:00[America/New_York],NA,2021-02-07,63933,Sunday
1812,B,12,2021-02-07T17:46:45-05:00[America/New_York],2021-02-07T17:46:57-05:00[America/New_York],NA,2021-02-07,64005,Sunday
1812,C,16,2021-02-07T17:46:57-05:00[America/New_York],2021-02-07T17:47:13-05:00[America/New_York],NA,2021-02-07,64017,Sunday
1812,<A>,65,2021-02-07T17:47:13-05:00[America/New_York],2021-02-07T17:48:18-05:00[America/New_York],Yes,2021-02-07,64033,Sunday
1812,B,11,2021-02-07T17:48:18-05:00[America/New_York],2021-02-07T17:48:29-05:00[America/New_York],Yes,2021-02-07,64098,Sunday
1812,C,15,2021-02-07T17:48:29-05:00[America/New_York],2021-02-07T17:48:44-05:00[America/New_York],Yes,2021-02-07,64109,Sunday
1812,<A>,169,2021-02-07T17:48:44-05:00[America/New_York],2021-02-07T17:51:33-05:00[America/New_York],Yes,2021-02-07,64124,Sunday
1812,C,15,2021-02-07T17:51:33-05:00[America/New_York],2021-02-07T17:51:48-05:00[America/New_York],Yes,2021-02-07,64293,Sunday
1812,<A>,83,2021-02-07T17:51:48-05:00[America/New_York],2021-02-07T17:53:11-05:00[America/New_York],Yes,2021-02-07,64308,Sunday
1812,B,11,2021-02-07T17:53:11-05:00[America/New_York],2021-02-07T17:53:22-05:00[America/New_York],Yes,2021-02-07,64391,Sunday
1812,C,17,2021-02-07T17:53:22-05:00[America/New_York],2021-02-07T17:53:39-05:00[America/New_York],NA,2021-02-07,64402,Sunday
1812,<A>,73,2021-02-07T17:53:39-05:00[America/New_York],2021-02-07T17:54:52-05:00[America/New_York],NA,2021-02-07,64419,Sunday
1812,C,15,2021-02-07T17:54:52-05:00[America/New_York],2021-02-07T17:55:07-05:00[America/New_York],Yes,2021-02-07,64492,Sunday
1812,<A>,57,2021-02-07T17:55:07-05:00[America/New_York],2021-02-07T17:56:04-05:00[America/New_York],Yes,2021-02-07,64507,Sunday
1812,B,11,2021-02-07T17:56:04-05:00[America/New_York],2021-02-07T17:56:15-05:00[America/New_York],Yes,2021-02-07,64564,Sunday
1812,C,16,2021-02-07T17:56:15-05:00[America/New_York],2021-02-07T17:56:31-05:00[America/New_York],Yes,2021-02-07,64575,Sunday
1812,<A>,151,2021-02-07T17:56:31-05:00[America/New_York],2021-02-07T17:59:02-05:00[America/New_York],Yes,2021-02-07,64591,Sunday
1812,C,16,2021-02-07T17:59:02-05:00[America/New_York],2021-02-07T17:59:18-05:00[America/New_York],Yes,2021-02-07,64742,Sunday
1812,<A>,48,2021-02-07T17:59:18-05:00[America/New_York],2021-02-07T18:00:06-05:00[America/New_York],Yes,2021-02-07,64758,Sunday
1812,B,12,2021-02-07T18:00:06-05:00[America/New_York],2021-02-07T18:00:18-05:00[America/New_York],NA,2021-02-07,64806,Sunday
1812,C,17,2021-02-07T18:00:18-05:00[America/New_York],2021-02-07T18:00:35-05:00[America/New_York],Yes,2021-02-07,64818,Sunday
1812,<A>,74,2021-02-07T18:00:35-05:00[America/New_York],2021-02-07T18:01:49-05:00[America/New_York],Yes,2021-02-07,64835,Sunday
1812,C,16,2021-02-07T18:01:49-05:00[America/New_York],2021-02-07T18:02:05-05:00[America/New_York],Yes,2021-02-07,64909,Sunday
1812,<A>,53,2021-02-07T18:02:05-05:00[America/New_York],2021-02-07T18:02:58-05:00[America/New_York],Yes,2021-02-07,64925,Sunday
1812,C,18,2021-02-07T18:02:58-05:00[America/New_York],2021-02-07T18:03:16-05:00[America/New_York],Yes,2021-02-07,64978,Sunday
1812,<A>,59,2021-02-07T18:03:16-05:00[America/New_York],2021-02-07T18:04:15-05:00[America/New_York],Yes,2021-02-07,64996,Sunday
1812,B,13,2021-02-07T18:04:15-05:00[America/New_York],2021-02-07T18:04:28-05:00[America/New_York],NA,2021-02-07,65055,Sunday
1812,C,15,2021-02-07T18:04:28-05:00[America/New_York],2021-02-07T18:04:43-05:00[America/New_York],Yes,2021-02-07,65068,Sunday
1812,<A>,99,2021-02-07T18:04:43-05:00[America/New_York],2021-02-07T18:06:22-05:00[America/New_York],NA,2021-02-07,65083,Sunday
1812,B,12,2021-02-07T18:06:22-05:00[America/New_York],2021-02-07T18:06:34-05:00[America/New_York],Yes,2021-02-07,65182,Sunday
1812,C,15,2021-02-07T18:06:34-05:00[America/New_York],2021-02-07T18:06:49-05:00[America/New_York],Yes,2021-02-07,65194,Sunday
1812,<A>,93,2021-02-07T18:06:49-05:00[America/New_York],2021-02-07T18:08:22-05:00[America/New_York],NA,2021-02-07,65209,Sunday
1812,C,21,2021-02-07T18:08:22-05:00[America/New_York],2021-02-07T18:08:43-05:00[America/New_York],Yes,2021-02-07,65302,Sunday
1812,<A>,54,2021-02-07T18:08:43-05:00[America/New_York],2021-02-07T18:09:37-05:00[America/New_York],Yes,2021-02-07,65323,Sunday
1812,C,15,2021-02-07T18:09:37-05:00[America/New_York],2021-02-07T18:09:52-05:00[America/New_York],Yes,2021-02-07,65377,Sunday
1812,<A>,59,2021-02-07T18:09:52-05:00[America/New_York],2021-02-07T18:10:51-05:00[America/New_York],NA,2021-02-07,65392,Sunday
1812,B,14,2021-02-07T18:10:51-05:00[America/New_York],2021-02-07T18:11:05-05:00[America/New_York],Yes,2021-02-07,65451,Sunday
1812,C,22,2021-02-07T18:11:05-05:00[America/New_York],2021-02-07T18:11:27-05:00[America/New_York],Yes,2021-02-07,65465,Sunday
1812,<A>,56,2021-02-07T18:11:27-05:00[America/New_York],2021-02-07T18:12:23-05:00[America/New_York],Yes,2021-02-07,65487,Sunday
1812,B,10,2021-02-07T18:12:23-05:00[America/New_York],2021-02-07T18:12:33-05:00[America/New_York],Yes,2021-02-07,65543,Sunday
1812,C,16,2021-02-07T18:12:33-05:00[America/New_York],2021-02-07T18:12:49-05:00[America/New_York],Yes,2021-02-07,65553,Sunday
1812,<A>,61,2021-02-07T18:12:49-05:00[America/New_York],2021-02-07T18:13:50-05:00[America/New_York],Yes,2021-02-07,65569,Sunday
1812,B,10,2021-02-07T18:13:50-05:00[America/New_York],2021-02-07T18:14:00-05:00[America/New_York],Yes,2021-02-07,65630,Sunday
1812,C,16,2021-02-07T18:14:00-05:00[America/New_York],2021-02-07T18:14:16-05:00[America/New_York],Yes,2021-02-07,65640,Sunday
1812,<A>,51,2021-02-07T18:14:16-05:00[America/New_York],2021-02-07T18:15:07-05:00[America/New_York],Yes,2021-02-07,65656,Sunday
1812,C,15,2021-02-07T18:15:07-05:00[America/New_York],2021-02-07T18:15:22-05:00[America/New_York],Yes,2021-02-07,65707,Sunday
1812,<A>,47,2021-02-07T18:15:22-05:00[America/New_York],2021-02-07T18:16:09-05:00[America/New_York],Yes,2021-02-07,65722,Sunday
1812,B,13,2021-02-07T18:16:09-05:00[America/New_York],2021-02-07T18:16:22-05:00[America/New_York],NA,2021-02-07,65769,Sunday
1812,C,15,2021-02-07T18:16:22-05:00[America/New_York],2021-02-07T18:16:37-05:00[America/New_York],Yes,2021-02-07,65782,Sunday
1812,<A>,56,2021-02-07T18:16:37-05:00[America/New_York],2021-02-07T18:17:33-05:00[America/New_York],Yes,2021-02-07,65797,Sunday
1812,B,12,2021-02-07T18:17:33-05:00[America/New_York],2021-02-07T18:17:45-05:00[America/New_York],Yes,2021-02-07,65853,Sunday
1812,C,20,2021-02-07T18:17:45-05:00[America/New_York],2021-02-07T18:18:05-05:00[America/New_York],Yes,2021-02-07,65865,Sunday
1812,<A>,56,2021-02-07T18:18:05-05:00[America/New_York],2021-02-07T18:19:01-05:00[America/New_York],Yes,2021-02-07,65885,Sunday
1812,B,11,2021-02-07T18:19:01-05:00[America/New_York],2021-02-07T18:19:12-05:00[America/New_York],Yes,2021-02-07,65941,Sunday
1812,C,15,2021-02-07T18:19:12-05:00[America/New_York],2021-02-07T18:19:27-05:00[America/New_York],Yes,2021-02-07,65952,Sunday
1812,<A>,62,2021-02-07T18:19:27-05:00[America/New_York],2021-02-07T18:20:29-05:00[America/New_York],Yes,2021-02-07,65967,Sunday
1812,B,13,2021-02-07T18:20:29-05:00[America/New_York],2021-02-07T18:20:42-05:00[America/New_York],NA,2021-02-07,66029,Sunday
1812,C,15,2021-02-07T18:20:42-05:00[America/New_York],2021-02-07T18:20:57-05:00[America/New_York],Yes,2021-02-07,66042,Sunday
1812,<A>,57,2021-02-07T18:20:57-05:00[America/New_York],2021-02-07T18:21:54-05:00[America/New_York],Yes,2021-02-07,66057,Sunday
1812,C,19,2021-02-07T18:21:54-05:00[America/New_York],2021-02-07T18:22:13-05:00[America/New_York],Yes,2021-02-07,66114,Sunday
1812,<A>,60,2021-02-07T18:22:13-05:00[America/New_York],2021-02-07T18:23:13-05:00[America/New_York],Yes,2021-02-07,66133,Sunday
1812,B,10,2021-02-07T18:23:13-05:00[America/New_York],2021-02-07T18:23:23-05:00[America/New_York],Yes,2021-02-07,66193,Sunday
1812,C,16,2021-02-07T18:23:23-05:00[America/New_York],2021-02-07T18:23:39-05:00[America/New_York],Yes,2021-02-07,66203,Sunday
1812,<A>,49,2021-02-07T18:23:39-05:00[America/New_York],2021-02-07T18:24:28-05:00[America/New_York],Yes,2021-02-07,66219,Sunday
1812,C,17,2021-02-07T18:24:28-05:00[America/New_York],2021-02-07T18:24:45-05:00[America/New_York],Yes,2021-02-07,66268,Sunday
1812,<A>,86,2021-02-07T18:24:45-05:00[America/New_York],2021-02-07T18:26:11-05:00[America/New_York],NA,2021-02-07,66285,Sunday
1812,C,15,2021-02-07T18:26:11-05:00[America/New_York],2021-02-07T18:26:26-05:00[America/New_York],Yes,2021-02-07,66371,Sunday
1812,<A>,46,2021-02-07T18:26:26-05:00[America/New_York],2021-02-07T18:27:12-05:00[America/New_York],Yes,2021-02-07,66386,Sunday
1812,B,10,2021-02-07T18:27:12-05:00[America/New_York],2021-02-07T18:27:22-05:00[America/New_York],Yes,2021-02-07,66432,Sunday
1812,C,16,2021-02-07T18:27:22-05:00[America/New_York],2021-02-07T18:27:38-05:00[America/New_York],Yes,2021-02-07,66442,Sunday
1812,<A>,55,2021-02-07T18:27:38-05:00[America/New_York],2021-02-07T18:28:33-05:00[America/New_York],Yes,2021-02-07,66458,Sunday
1812,C,19,2021-02-07T18:28:33-05:00[America/New_York],2021-02-07T18:28:52-05:00[America/New_York],Yes,2021-02-07,66513,Sunday
1812,<A>,89,2021-02-07T18:28:52-05:00[America/New_York],2021-02-07T18:30:21-05:00[America/New_York],NA,2021-02-07,66532,Sunday
1812,C,17,2021-02-07T18:30:21-05:00[America/New_York],2021-02-07T18:30:38-05:00[America/New_York],Yes,2021-02-07,66621,Sunday
1812,<A>,48,2021-02-07T18:30:38-05:00[America/New_York],2021-02-07T18:31:26-05:00[America/New_York],Yes,2021-02-07,66638,Sunday
1812,C,17,2021-02-07T18:31:26-05:00[America/New_York],2021-02-07T18:31:43-05:00[America/New_York],Yes,2021-02-07,66686,Sunday
1812,<A>,175,2021-02-07T18:31:43-05:00[America/New_York],2021-02-07T18:34:38-05:00[America/New_York],NA,2021-02-07,66703,Sunday
1812,C,19,2021-02-07T18:34:38-05:00[America/New_York],2021-02-07T18:34:57-05:00[America/New_York],Yes,2021-02-07,66878,Sunday
1812,<A>,42,2021-02-07T18:34:57-05:00[America/New_York],2021-02-07T18:35:39-05:00[America/New_York],Yes,2021-02-07,66897,Sunday
1812,C,15,2021-02-07T18:35:39-05:00[America/New_York],2021-02-07T18:35:54-05:00[America/New_York],Yes,2021-02-07,66939,Sunday
1812,<A>,59,2021-02-07T18:35:54-05:00[America/New_York],2021-02-07T18:36:53-05:00[America/New_York],Yes,2021-02-07,66954,Sunday
1812,C,17,2021-02-07T18:36:53-05:00[America/New_York],2021-02-07T18:37:10-05:00[America/New_York],Yes,2021-02-07,67013,Sunday
1812,<A>,55,2021-02-07T18:37:10-05:00[America/New_York],2021-02-07T18:38:05-05:00[America/New_York],Yes,2021-02-07,67030,Sunday
1812,C,19,2021-02-07T18:38:05-05:00[America/New_York],2021-02-07T18:38:24-05:00[America/New_York],Yes,2021-02-07,67085,Sunday
1812,<A>,55,2021-02-07T18:38:24-05:00[America/New_York],2021-02-07T18:39:19-05:00[America/New_York],Yes,2021-02-07,67104,Sunday
1812,B,10,2021-02-07T18:39:19-05:00[America/New_York],2021-02-07T18:39:29-05:00[America/New_York],Yes,2021-02-07,67159,Sunday
1812,C,16,2021-02-07T18:39:29-05:00[America/New_York],2021-02-07T18:39:45-05:00[America/New_York],Yes,2021-02-07,67169,Sunday
1812,<A>,53,2021-02-07T18:39:45-05:00[America/New_York],2021-02-07T18:40:38-05:00[America/New_York],Yes,2021-02-07,67185,Sunday
1812,C,18,2021-02-07T18:40:38-05:00[America/New_York],2021-02-07T18:40:56-05:00[America/New_York],Yes,2021-02-07,67238,Sunday
1812,<A>,49,2021-02-07T18:40:56-05:00[America/New_York],2021-02-07T18:41:45-05:00[America/New_York],Yes,2021-02-07,67256,Sunday
1812,B,10,2021-02-07T18:41:45-05:00[America/New_York],2021-02-07T18:41:55-05:00[America/New_York],Yes,2021-02-07,67305,Sunday
1812,C,16,2021-02-07T18:41:55-05:00[America/New_York],2021-02-07T18:42:11-05:00[America/New_York],Yes,2021-02-07,67315,Sunday
1812,<A>,74,2021-02-07T18:42:11-05:00[America/New_York],2021-02-07T18:43:25-05:00[America/New_York],Yes,2021-02-07,67331,Sunday
1812,B,10,2021-02-07T18:43:25-05:00[America/New_York],2021-02-07T18:43:35-05:00[America/New_York],Yes,2021-02-07,67405,Sunday
1812,C,16,2021-02-07T18:43:35-05:00[America/New_York],2021-02-07T18:43:51-05:00[America/New_York],Yes,2021-02-07,67415,Sunday
1812,<A>,45,2021-02-07T18:43:51-05:00[America/New_York],2021-02-07T18:44:36-05:00[America/New_York],Yes,2021-02-07,67431,Sunday
1812,C,15,2021-02-07T18:44:36-05:00[America/New_York],2021-02-07T18:44:51-05:00[America/New_York],Yes,2021-02-07,67476,Sunday
1812,<A>,96,2021-02-07T18:44:51-05:00[America/New_York],2021-02-07T18:46:27-05:00[America/New_York],NA,2021-02-07,67491,Sunday
1812,C,15,2021-02-07T18:46:27-05:00[America/New_York],2021-02-07T18:46:42-05:00[America/New_York],Yes,2021-02-07,67587,Sunday
1812,<A>,66,2021-02-07T18:46:42-05:00[America/New_York],2021-02-07T18:47:48-05:00[America/New_York],Yes,2021-02-07,67602,Sunday
1812,C,15,2021-02-07T18:47:48-05:00[America/New_York],2021-02-07T18:48:03-05:00[America/New_York],Yes,2021-02-07,67668,Sunday
1812,<A>,114,2021-02-07T18:48:03-05:00[America/New_York],2021-02-07T18:49:57-05:00[America/New_York],NA,2021-02-07,67683,Sunday
1812,B,10,2021-02-07T18:49:57-05:00[America/New_York],2021-02-07T18:50:07-05:00[America/New_York],Yes,2021-02-07,67797,Sunday
1812,C,16,2021-02-07T18:50:07-05:00[America/New_York],2021-02-07T18:50:23-05:00[America/New_York],Yes,2021-02-07,67807,Sunday
1812,<A>,56,2021-02-07T18:50:23-05:00[America/New_York],2021-02-07T18:51:19-05:00[America/New_York],Yes,2021-02-07,67823,Sunday
1812,B,10,2021-02-07T18:51:19-05:00[America/New_York],2021-02-07T18:51:29-05:00[America/New_York],Yes,2021-02-07,67879,Sunday
1812,C,17,2021-02-07T18:51:29-05:00[America/New_York],2021-02-07T18:51:46-05:00[America/New_York],Yes,2021-02-07,67889,Sunday
1812,<A>,54,2021-02-07T18:51:46-05:00[America/New_York],2021-02-07T18:52:40-05:00[America/New_York],Yes,2021-02-07,67906,Sunday
1812,C,26,2021-02-07T18:52:40-05:00[America/New_York],2021-02-07T18:53:06-05:00[America/New_York],Yes,2021-02-07,67960,Sunday
1812,<A>,59,2021-02-07T18:53:06-05:00[America/New_York],2021-02-07T18:54:05-05:00[America/New_York],Yes,2021-02-07,67986,Sunday
1812,C,18,2021-02-07T18:54:05-05:00[America/New_York],2021-02-07T18:54:23-05:00[America/New_York],Yes,2021-02-07,68045,Sunday
1812,<A>,144,2021-02-07T18:54:23-05:00[America/New_York],2021-02-07T18:56:47-05:00[America/New_York],Yes,2021-02-07,68063,Sunday
1812,C,15,2021-02-07T18:56:47-05:00[America/New_York],2021-02-07T18:57:02-05:00[America/New_York],Yes,2021-02-07,68207,Sunday
1812,<A>,65,2021-02-07T18:57:02-05:00[America/New_York],2021-02-07T18:58:07-05:00[America/New_York],Yes,2021-02-07,68222,Sunday
1812,B,10,2021-02-07T18:58:07-05:00[America/New_York],2021-02-07T18:58:17-05:00[America/New_York],Yes,2021-02-07,68287,Sunday
1812,C,16,2021-02-07T18:58:17-05:00[America/New_York],2021-02-07T18:58:33-05:00[America/New_York],Yes,2021-02-07,68297,Sunday
1812,<A>,60,2021-02-07T18:58:33-05:00[America/New_York],2021-02-07T18:59:33-05:00[America/New_York],Yes,2021-02-07,68313,Sunday
1812,C,21,2021-02-07T18:59:33-05:00[America/New_York],2021-02-07T18:59:54-05:00[America/New_York],Yes,2021-02-07,68373,Sunday
1812,<A>,104,2021-02-07T18:59:54-05:00[America/New_York],2021-02-07T19:01:38-05:00[America/New_York],NA,2021-02-07,68394,Sunday
1812,C,19,2021-02-07T19:01:38-05:00[America/New_York],2021-02-07T19:01:57-05:00[America/New_York],Yes,2021-02-07,68498,Sunday
1812,<A>,48,2021-02-07T19:01:57-05:00[America/New_York],2021-02-07T19:02:45-05:00[America/New_York],Yes,2021-02-07,68517,Sunday
1812,B,10,2021-02-07T19:02:45-05:00[America/New_York],2021-02-07T19:02:55-05:00[America/New_York],Yes,2021-02-07,68565,Sunday
1812,C,16,2021-02-07T19:02:55-05:00[America/New_York],2021-02-07T19:03:11-05:00[America/New_York],Yes,2021-02-07,68575,Sunday
1812,<A>,60,2021-02-07T19:03:11-05:00[America/New_York],2021-02-07T19:04:11-05:00[America/New_York],Yes,2021-02-07,68591,Sunday
1812,B,10,2021-02-07T19:04:11-05:00[America/New_York],2021-02-07T19:04:21-05:00[America/New_York],Yes,2021-02-07,68651,Sunday
1812,C,16,2021-02-07T19:04:21-05:00[America/New_York],2021-02-07T19:04:37-05:00[America/New_York],Yes,2021-02-07,68661,Sunday
1812,<A>,92,2021-02-07T19:04:37-05:00[America/New_York],2021-02-07T19:06:09-05:00[America/New_York],NA,2021-02-07,68677,Sunday
1812,C,16,2021-02-07T19:06:09-05:00[America/New_York],2021-02-07T19:06:25-05:00[America/New_York],Yes,2021-02-07,68769,Sunday
1812,<A>,43,2021-02-07T19:06:25-05:00[America/New_York],2021-02-07T19:07:08-05:00[America/New_York],Yes,2021-02-07,68785,Sunday
1812,B,11,2021-02-07T19:07:08-05:00[America/New_York],2021-02-07T19:07:19-05:00[America/New_York],Yes,2021-02-07,68828,Sunday
1812,C,15,2021-02-07T19:07:19-05:00[America/New_York],2021-02-07T19:07:34-05:00[America/New_York],Yes,2021-02-07,68839,Sunday
1812,<A>,68,2021-02-07T19:07:34-05:00[America/New_York],2021-02-07T19:08:42-05:00[America/New_York],Yes,2021-02-07,68854,Sunday
1812,B,10,2021-02-07T19:08:42-05:00[America/New_York],2021-02-07T19:08:52-05:00[America/New_York],Yes,2021-02-07,68922,Sunday
1812,C,16,2021-02-07T19:08:52-05:00[America/New_York],2021-02-07T19:09:08-05:00[America/New_York],Yes,2021-02-07,68932,Sunday
1812,<A>,50,2021-02-07T19:09:08-05:00[America/New_York],2021-02-07T19:09:58-05:00[America/New_York],Yes,2021-02-07,68948,Sunday
1812,C,15,2021-02-07T19:09:58-05:00[America/New_York],2021-02-07T19:10:13-05:00[America/New_York],Yes,2021-02-07,68998,Sunday
1812,<A>,58,2021-02-07T19:10:13-05:00[America/New_York],2021-02-07T19:11:11-05:00[America/New_York],Yes,2021-02-07,69013,Sunday
1812,B,13,2021-02-07T19:11:11-05:00[America/New_York],2021-02-07T19:11:24-05:00[America/New_York],NA,2021-02-07,69071,Sunday
1812,C,16,2021-02-07T19:11:24-05:00[America/New_York],2021-02-07T19:11:40-05:00[America/New_York],Yes,2021-02-07,69084,Sunday
1812,<A>,45,2021-02-07T19:11:40-05:00[America/New_York],2021-02-07T19:12:25-05:00[America/New_York],Yes,2021-02-07,69100,Sunday
1812,B,13,2021-02-07T19:12:25-05:00[America/New_York],2021-02-07T19:12:38-05:00[America/New_York],NA,2021-02-07,69145,Sunday
1812,C,19,2021-02-07T19:12:38-05:00[America/New_York],2021-02-07T19:12:57-05:00[America/New_York],Yes,2021-02-07,69158,Sunday
1812,<A>,45,2021-02-07T19:12:57-05:00[America/New_York],2021-02-07T19:13:42-05:00[America/New_York],Yes,2021-02-07,69177,Sunday
1812,B,10,2021-02-07T19:13:42-05:00[America/New_York],2021-02-07T19:13:52-05:00[America/New_York],Yes,2021-02-07,69222,Sunday
1812,C,16,2021-02-07T19:13:52-05:00[America/New_York],2021-02-07T19:14:08-05:00[America/New_York],Yes,2021-02-07,69232,Sunday
1812,<A>,47,2021-02-07T19:14:08-05:00[America/New_York],2021-02-07T19:14:55-05:00[America/New_York],Yes,2021-02-07,69248,Sunday
1812,B,10,2021-02-07T19:14:55-05:00[America/New_York],2021-02-07T19:15:05-05:00[America/New_York],Yes,2021-02-07,69295,Sunday
1812,C,17,2021-02-07T19:15:05-05:00[America/New_York],2021-02-07T19:15:22-05:00[America/New_York],Yes,2021-02-07,69305,Sunday
1812,<A>,132,2021-02-07T19:15:22-05:00[America/New_York],2021-02-07T19:17:34-05:00[America/New_York],Yes,2021-02-07,69322,Sunday
1812,C,15,2021-02-07T19:17:34-05:00[America/New_York],2021-02-07T19:17:49-05:00[America/New_York],Yes,2021-02-07,69454,Sunday
1812,<A>,38,2021-02-07T19:17:49-05:00[America/New_York],2021-02-07T19:18:27-05:00[America/New_York],Yes,2021-02-07,69469,Sunday
1812,C,15,2021-02-07T19:18:27-05:00[America/New_York],2021-02-07T19:18:42-05:00[America/New_York],Yes,2021-02-07,69507,Sunday
1812,<A>,84,2021-02-07T19:18:42-05:00[America/New_York],2021-02-07T19:20:06-05:00[America/New_York],NA,2021-02-07,69522,Sunday
1812,B,10,2021-02-07T19:20:06-05:00[America/New_York],2021-02-07T19:20:16-05:00[America/New_York],Yes,2021-02-07,69606,Sunday
1812,C,16,2021-02-07T19:20:16-05:00[America/New_York],2021-02-07T19:20:32-05:00[America/New_York],NA,2021-02-07,69616,Sunday
1812,<A>,135,2021-02-07T19:20:32-05:00[America/New_York],2021-02-07T19:22:47-05:00[America/New_York],Yes,2021-02-07,69632,Sunday
1812,B,10,2021-02-07T19:22:47-05:00[America/New_York],2021-02-07T19:22:57-05:00[America/New_York],Yes,2021-02-07,69767,Sunday
1812,C,16,2021-02-07T19:22:57-05:00[America/New_York],2021-02-07T19:23:13-05:00[America/New_York],Yes,2021-02-07,69777,Sunday
1812,<A>,68,2021-02-07T19:23:13-05:00[America/New_York],2021-02-07T19:24:21-05:00[America/New_York],NA,2021-02-07,69793,Sunday
1812,C,15,2021-02-07T19:24:21-05:00[America/New_York],2021-02-07T19:24:36-05:00[America/New_York],Yes,2021-02-07,69861,Sunday
1812,<A>,77,2021-02-07T19:24:36-05:00[America/New_York],2021-02-07T19:25:53-05:00[America/New_York],Yes,2021-02-07,69876,Sunday
1812,C,17,2021-02-07T19:25:53-05:00[America/New_York],2021-02-07T19:26:10-05:00[America/New_York],Yes,2021-02-07,69953,Sunday
1812,<A>,102,2021-02-07T19:26:10-05:00[America/New_York],2021-02-07T19:27:52-05:00[America/New_York],NA,2021-02-07,69970,Sunday
1812,C,22,2021-02-07T19:27:52-05:00[America/New_York],2021-02-07T19:28:14-05:00[America/New_York],Yes,2021-02-07,70072,Sunday
1812,<A>,72,2021-02-07T19:28:14-05:00[America/New_York],2021-02-07T19:29:26-05:00[America/New_York],Yes,2021-02-07,70094,Sunday
1812,B,13,2021-02-07T19:29:26-05:00[America/New_York],2021-02-07T19:29:39-05:00[America/New_York],NA,2021-02-07,70166,Sunday
1812,C,15,2021-02-07T19:29:39-05:00[America/New_York],2021-02-07T19:29:54-05:00[America/New_York],NA,2021-02-07,70179,Sunday
1812,<A>,73,2021-02-07T19:29:54-05:00[America/New_York],2021-02-07T19:31:07-05:00[America/New_York],NA,2021-02-07,70194,Sunday
1812,B,13,2021-02-07T19:31:07-05:00[America/New_York],2021-02-07T19:31:20-05:00[America/New_York],NA,2021-02-07,70267,Sunday
1812,C,15,2021-02-07T19:31:20-05:00[America/New_York],2021-02-07T19:31:35-05:00[America/New_York],NA,2021-02-07,70280,Sunday
1812,<A>,45,2021-02-07T19:31:35-05:00[America/New_York],2021-02-07T19:32:20-05:00[America/New_York],Yes,2021-02-07,70295,Sunday
1812,C,15,2021-02-07T19:32:20-05:00[America/New_York],2021-02-07T19:32:35-05:00[America/New_York],Yes,2021-02-07,70340,Sunday
1812,<A>,50,2021-02-07T19:32:35-05:00[America/New_York],2021-02-07T19:33:25-05:00[America/New_York],Yes,2021-02-07,70355,Sunday
1812,C,24,2021-02-07T19:33:25-05:00[America/New_York],2021-02-07T19:33:49-05:00[America/New_York],Yes,2021-02-07,70405,Sunday
1812,<A>,45,2021-02-07T19:33:49-05:00[America/New_York],2021-02-07T19:34:34-05:00[America/New_York],Yes,2021-02-07,70429,Sunday
1812,B,13,2021-02-07T19:34:34-05:00[America/New_York],2021-02-07T19:34:47-05:00[America/New_York],NA,2021-02-07,70474,Sunday
1812,C,15,2021-02-07T19:34:47-05:00[America/New_York],2021-02-07T19:35:02-05:00[America/New_York],Yes,2021-02-07,70487,Sunday
1812,<A>,139,2021-02-07T19:35:02-05:00[America/New_York],2021-02-07T19:37:21-05:00[America/New_York],Yes,2021-02-07,70502,Sunday
1812,B,10,2021-02-07T19:37:21-05:00[America/New_York],2021-02-07T19:37:31-05:00[America/New_York],Yes,2021-02-07,70641,Sunday
1812,C,16,2021-02-07T19:37:31-05:00[America/New_York],2021-02-07T19:37:47-05:00[America/New_York],Yes,2021-02-07,70651,Sunday
1812,<A>,56,2021-02-07T19:37:47-05:00[America/New_York],2021-02-07T19:38:43-05:00[America/New_York],Yes,2021-02-07,70667,Sunday
1812,B,10,2021-02-07T19:38:43-05:00[America/New_York],2021-02-07T19:38:53-05:00[America/New_York],Yes,2021-02-07,70723,Sunday
1812,C,19,2021-02-07T19:38:53-05:00[America/New_York],2021-02-07T19:39:12-05:00[America/New_York],Yes,2021-02-07,70733,Sunday
1812,<A>,51,2021-02-07T19:39:12-05:00[America/New_York],2021-02-07T19:40:03-05:00[America/New_York],Yes,2021-02-07,70752,Sunday
1812,C,16,2021-02-07T19:40:03-05:00[America/New_York],2021-02-07T19:40:19-05:00[America/New_York],Yes,2021-02-07,70803,Sunday
1812,<A>,104,2021-02-07T19:40:19-05:00[America/New_York],2021-02-07T19:42:03-05:00[America/New_York],NA,2021-02-07,70819,Sunday
1812,B,10,2021-02-07T19:42:03-05:00[America/New_York],2021-02-07T19:42:13-05:00[America/New_York],Yes,2021-02-07,70923,Sunday
1812,C,16,2021-02-07T19:42:13-05:00[America/New_York],2021-02-07T19:42:29-05:00[America/New_York],NA,2021-02-07,70933,Sunday
1812,<A>,95,2021-02-07T19:42:29-05:00[America/New_York],2021-02-07T19:44:04-05:00[America/New_York],NA,2021-02-07,70949,Sunday
1812,C,15,2021-02-07T19:44:04-05:00[America/New_York],2021-02-07T19:44:19-05:00[America/New_York],Yes,2021-02-07,71044,Sunday
1812,<A>,118,2021-02-07T19:44:19-05:00[America/New_York],2021-02-07T19:46:17-05:00[America/New_York],NA,2021-02-07,71059,Sunday
1812,B,10,2021-02-07T19:46:17-05:00[America/New_York],2021-02-07T19:46:27-05:00[America/New_York],Yes,2021-02-07,71177,Sunday
1812,C,16,2021-02-07T19:46:27-05:00[America/New_York],2021-02-07T19:46:43-05:00[America/New_York],Yes,2021-02-07,71187,Sunday
1812,<A>,35,2021-02-07T19:46:43-05:00[America/New_York],2021-02-07T19:47:18-05:00[America/New_York],Yes,2021-02-07,71203,Sunday
1812,C,15,2021-02-07T19:47:18-05:00[America/New_York],2021-02-07T19:47:33-05:00[America/New_York],Yes,2021-02-07,71238,Sunday
1812,<A>,49,2021-02-07T19:47:33-05:00[America/New_York],2021-02-07T19:48:22-05:00[America/New_York],Yes,2021-02-07,71253,Sunday
1812,B,10,2021-02-07T19:48:22-05:00[America/New_York],2021-02-07T19:48:32-05:00[America/New_York],Yes,2021-02-07,71302,Sunday
1812,C,16,2021-02-07T19:48:32-05:00[America/New_York],2021-02-07T19:48:48-05:00[America/New_York],Yes,2021-02-07,71312,Sunday
1812,<A>,62,2021-02-07T19:48:48-05:00[America/New_York],2021-02-07T19:49:50-05:00[America/New_York],Yes,2021-02-07,71328,Sunday
1812,C,27,2021-02-07T19:49:50-05:00[America/New_York],2021-02-07T19:50:17-05:00[America/New_York],Yes,2021-02-07,71390,Sunday
1812,<A>,42,2021-02-07T19:50:17-05:00[America/New_York],2021-02-07T19:50:59-05:00[America/New_York],Yes,2021-02-07,71417,Sunday
1812,B,13,2021-02-07T19:50:59-05:00[America/New_York],2021-02-07T19:51:12-05:00[America/New_York],NA,2021-02-07,71459,Sunday
1812,C,15,2021-02-07T19:51:12-05:00[America/New_York],2021-02-07T19:51:27-05:00[America/New_York],Yes,2021-02-07,71472,Sunday
1812,<A>,59,2021-02-07T19:51:27-05:00[America/New_York],2021-02-07T19:52:26-05:00[America/New_York],Yes,2021-02-07,71487,Sunday
1812,B,11,2021-02-07T19:52:26-05:00[America/New_York],2021-02-07T19:52:37-05:00[America/New_York],Yes,2021-02-07,71546,Sunday
1812,C,15,2021-02-07T19:52:37-05:00[America/New_York],2021-02-07T19:52:52-05:00[America/New_York],Yes,2021-02-07,71557,Sunday
1812,<A>,68,2021-02-07T19:52:52-05:00[America/New_York],2021-02-07T19:54:00-05:00[America/New_York],Yes,2021-02-07,71572,Sunday
1812,C,15,2021-02-07T19:54:00-05:00[America/New_York],2021-02-07T19:54:15-05:00[America/New_York],Yes,2021-02-07,71640,Sunday
1812,<A>,54,2021-02-07T19:54:15-05:00[America/New_York],2021-02-07T19:55:09-05:00[America/New_York],Yes,2021-02-07,71655,Sunday
1812,C,19,2021-02-07T19:55:09-05:00[America/New_York],2021-02-07T19:55:28-05:00[America/New_York],Yes,2021-02-07,71709,Sunday
1812,<A>,235,2021-02-07T19:55:28-05:00[America/New_York],2021-02-07T19:59:23-05:00[America/New_York],Yes,2021-02-07,71728,Sunday
1812,B,10,2021-02-07T19:59:23-05:00[America/New_York],2021-02-07T19:59:33-05:00[America/New_York],Yes,2021-02-07,71963,Sunday
1812,C,16,2021-02-07T19:59:33-05:00[America/New_York],2021-02-07T19:59:49-05:00[America/New_York],Yes,2021-02-07,71973,Sunday
1812,<A>,57,2021-02-07T19:59:49-05:00[America/New_York],2021-02-07T20:00:46-05:00[America/New_York],Yes,2021-02-07,71989,Sunday
1812,C,17,2021-02-07T20:00:46-05:00[America/New_York],2021-02-07T20:01:03-05:00[America/New_York],Yes,2021-02-07,72046,Sunday
1812,<A>,117,2021-02-07T20:01:03-05:00[America/New_York],2021-02-07T20:03:00-05:00[America/New_York],NA,2021-02-07,72063,Sunday
1812,B,10,2021-02-07T20:03:00-05:00[America/New_York],2021-02-07T20:03:10-05:00[America/New_York],Yes,2021-02-07,72180,Sunday
1812,C,16,2021-02-07T20:03:10-05:00[America/New_York],2021-02-07T20:03:26-05:00[America/New_York],Yes,2021-02-07,72190,Sunday
1812,<A>,58,2021-02-07T20:03:26-05:00[America/New_York],2021-02-07T20:04:24-05:00[America/New_York],Yes,2021-02-07,72206,Sunday
1812,C,15,2021-02-07T20:04:24-05:00[America/New_York],2021-02-07T20:04:39-05:00[America/New_York],Yes,2021-02-07,72264,Sunday
1812,<A>,44,2021-02-07T20:04:39-05:00[America/New_York],2021-02-07T20:05:23-05:00[America/New_York],Yes,2021-02-07,72279,Sunday
1812,B,10,2021-02-07T20:05:23-05:00[America/New_York],2021-02-07T20:05:33-05:00[America/New_York],Yes,2021-02-07,72323,Sunday
1812,C,16,2021-02-07T20:05:33-05:00[America/New_York],2021-02-07T20:05:49-05:00[America/New_York],Yes,2021-02-07,72333,Sunday
1812,<A>,41,2021-02-07T20:05:49-05:00[America/New_York],2021-02-07T20:06:30-05:00[America/New_York],Yes,2021-02-07,72349,Sunday
1812,B,10,2021-02-07T20:06:30-05:00[America/New_York],2021-02-07T20:06:40-05:00[America/New_York],Yes,2021-02-07,72390,Sunday
1812,C,16,2021-02-07T20:06:40-05:00[America/New_York],2021-02-07T20:06:56-05:00[America/New_York],Yes,2021-02-07,72400,Sunday
1812,<A>,48,2021-02-07T20:06:56-05:00[America/New_York],2021-02-07T20:07:44-05:00[America/New_York],Yes,2021-02-07,72416,Sunday
1812,B,11,2021-02-07T20:07:44-05:00[America/New_York],2021-02-07T20:07:55-05:00[America/New_York],Yes,2021-02-07,72464,Sunday
1812,C,15,2021-02-07T20:07:55-05:00[America/New_York],2021-02-07T20:08:10-05:00[America/New_York],Yes,2021-02-07,72475,Sunday
1812,<A>,53,2021-02-07T20:08:10-05:00[America/New_York],2021-02-07T20:09:03-05:00[America/New_York],Yes,2021-02-07,72490,Sunday
1812,C,18,2021-02-07T20:09:03-05:00[America/New_York],2021-02-07T20:09:21-05:00[America/New_York],Yes,2021-02-07,72543,Sunday
1812,<A>,47,2021-02-07T20:09:21-05:00[America/New_York],2021-02-07T20:10:08-05:00[America/New_York],Yes,2021-02-07,72561,Sunday
1812,B,13,2021-02-07T20:10:08-05:00[America/New_York],2021-02-07T20:10:21-05:00[America/New_York],NA,2021-02-07,72608,Sunday
1812,C,15,2021-02-07T20:10:21-05:00[America/New_York],2021-02-07T20:10:36-05:00[America/New_York],Yes,2021-02-07,72621,Sunday
1812,<A>,87,2021-02-07T20:10:36-05:00[America/New_York],2021-02-07T20:12:03-05:00[America/New_York],Yes,2021-02-07,72636,Sunday
1812,B,13,2021-02-07T20:12:03-05:00[America/New_York],2021-02-07T20:12:16-05:00[America/New_York],NA,2021-02-07,72723,Sunday
1812,C,15,2021-02-07T20:12:16-05:00[America/New_York],2021-02-07T20:12:31-05:00[America/New_York],NA,2021-02-07,72736,Sunday
1812,<A>,45,2021-02-07T20:12:31-05:00[America/New_York],2021-02-07T20:13:16-05:00[America/New_York],Yes,2021-02-07,72751,Sunday
1812,C,15,2021-02-07T20:13:16-05:00[America/New_York],2021-02-07T20:13:31-05:00[America/New_York],Yes,2021-02-07,72796,Sunday
1812,<A>,51,2021-02-07T20:13:31-05:00[America/New_York],2021-02-07T20:14:22-05:00[America/New_York],Yes,2021-02-07,72811,Sunday
1812,C,15,2021-02-07T20:14:22-05:00[America/New_York],2021-02-07T20:14:37-05:00[America/New_York],Yes,2021-02-07,72862,Sunday
1812,<A>,61,2021-02-07T20:14:37-05:00[America/New_York],2021-02-07T20:15:38-05:00[America/New_York],Yes,2021-02-07,72877,Sunday
1812,B,13,2021-02-07T20:15:38-05:00[America/New_York],2021-02-07T20:15:51-05:00[America/New_York],NA,2021-02-07,72938,Sunday
1812,C,15,2021-02-07T20:15:51-05:00[America/New_York],2021-02-07T20:16:06-05:00[America/New_York],Yes,2021-02-07,72951,Sunday
1812,<A>,118,2021-02-07T20:16:06-05:00[America/New_York],2021-02-07T20:18:04-05:00[America/New_York],NA,2021-02-07,72966,Sunday
1812,C,16,2021-02-07T20:18:04-05:00[America/New_York],2021-02-07T20:18:20-05:00[America/New_York],Yes,2021-02-07,73084,Sunday
1812,<A>,43,2021-02-07T20:18:20-05:00[America/New_York],2021-02-07T20:19:03-05:00[America/New_York],Yes,2021-02-07,73100,Sunday
1812,C,15,2021-02-07T20:19:03-05:00[America/New_York],2021-02-07T20:19:18-05:00[America/New_York],Yes,2021-02-07,73143,Sunday
1812,<A>,42,2021-02-07T20:19:18-05:00[America/New_York],2021-02-07T20:20:00-05:00[America/New_York],Yes,2021-02-07,73158,Sunday
1812,C,17,2021-02-07T20:20:00-05:00[America/New_York],2021-02-07T20:20:17-05:00[America/New_York],Yes,2021-02-07,73200,Sunday
1812,<A>,45,2021-02-07T20:20:17-05:00[America/New_York],2021-02-07T20:21:02-05:00[America/New_York],Yes,2021-02-07,73217,Sunday
1812,B,10,2021-02-07T20:21:02-05:00[America/New_York],2021-02-07T20:21:12-05:00[America/New_York],Yes,2021-02-07,73262,Sunday
1812,C,17,2021-02-07T20:21:12-05:00[America/New_York],2021-02-07T20:21:29-05:00[America/New_York],Yes,2021-02-07,73272,Sunday
1812,<A>,49,2021-02-07T20:21:29-05:00[America/New_York],2021-02-07T20:22:18-05:00[America/New_York],Yes,2021-02-07,73289,Sunday
1812,C,16,2021-02-07T20:22:18-05:00[America/New_York],2021-02-07T20:22:34-05:00[America/New_York],Yes,2021-02-07,73338,Sunday
1812,<A>,73,2021-02-07T20:22:34-05:00[America/New_York],2021-02-07T20:23:47-05:00[America/New_York],NA,2021-02-07,73354,Sunday
1812,C,15,2021-02-07T20:23:47-05:00[America/New_York],2021-02-07T20:24:02-05:00[America/New_York],Yes,2021-02-07,73427,Sunday
1812,<A>,82,2021-02-07T20:24:02-05:00[America/New_York],2021-02-07T20:25:24-05:00[America/New_York],NA,2021-02-07,73442,Sunday
1812,B,11,2021-02-07T20:25:24-05:00[America/New_York],2021-02-07T20:25:35-05:00[America/New_York],Yes,2021-02-07,73524,Sunday
1812,C,15,2021-02-07T20:25:35-05:00[America/New_York],2021-02-07T20:25:50-05:00[America/New_York],NA,2021-02-07,73535,Sunday
1812,<A>,44,2021-02-07T20:25:50-05:00[America/New_York],2021-02-07T20:26:34-05:00[America/New_York],Yes,2021-02-07,73550,Sunday
1812,C,17,2021-02-07T20:26:34-05:00[America/New_York],2021-02-07T20:26:51-05:00[America/New_York],Yes,2021-02-07,73594,Sunday
1812,<A>,134,2021-02-07T20:26:51-05:00[America/New_York],2021-02-07T20:29:05-05:00[America/New_York],Yes,2021-02-07,73611,Sunday
1812,C,21,2021-02-07T20:29:05-05:00[America/New_York],2021-02-07T20:29:26-05:00[America/New_York],Yes,2021-02-07,73745,Sunday
1812,<A>,48,2021-02-07T20:29:26-05:00[America/New_York],2021-02-07T20:30:14-05:00[America/New_York],Yes,2021-02-07,73766,Sunday
1812,C,15,2021-02-07T20:30:14-05:00[America/New_York],2021-02-07T20:30:29-05:00[America/New_York],Yes,2021-02-07,73814,Sunday
1812,<A>,54,2021-02-07T20:30:29-05:00[America/New_York],2021-02-07T20:31:23-05:00[America/New_York],Yes,2021-02-07,73829,Sunday
1812,C,15,2021-02-07T20:31:23-05:00[America/New_York],2021-02-07T20:31:38-05:00[America/New_York],Yes,2021-02-07,73883,Sunday
1812,<A>,111,2021-02-07T20:31:38-05:00[America/New_York],2021-02-07T20:33:29-05:00[America/New_York],NA,2021-02-07,73898,Sunday
1812,C,15,2021-02-07T20:33:29-05:00[America/New_York],2021-02-07T20:33:44-05:00[America/New_York],Yes,2021-02-07,74009,Sunday
1812,<A>,56,2021-02-07T20:33:44-05:00[America/New_York],2021-02-07T20:34:40-05:00[America/New_York],Yes,2021-02-07,74024,Sunday
1812,C,15,2021-02-07T20:34:40-05:00[America/New_York],2021-02-07T20:34:55-05:00[America/New_York],Yes,2021-02-07,74080,Sunday
1812,<A>,60,2021-02-07T20:34:55-05:00[America/New_York],2021-02-07T20:35:55-05:00[America/New_York],Yes,2021-02-07,74095,Sunday
1812,B,10,2021-02-07T20:35:55-05:00[America/New_York],2021-02-07T20:36:05-05:00[America/New_York],Yes,2021-02-07,74155,Sunday
1812,C,16,2021-02-07T20:36:05-05:00[America/New_York],2021-02-07T20:36:21-05:00[America/New_York],Yes,2021-02-07,74165,Sunday
1812,<A>,170,2021-02-07T20:36:21-05:00[America/New_York],2021-02-07T20:39:11-05:00[America/New_York],NA,2021-02-07,74181,Sunday
1812,C,15,2021-02-07T20:39:11-05:00[America/New_York],2021-02-07T20:39:26-05:00[America/New_York],Yes,2021-02-07,74351,Sunday
1812,<A>,114,2021-02-07T20:39:26-05:00[America/New_York],2021-02-07T20:41:20-05:00[America/New_York],NA,2021-02-07,74366,Sunday
1812,C,17,2021-02-07T20:41:20-05:00[America/New_York],2021-02-07T20:41:37-05:00[America/New_York],Yes,2021-02-07,74480,Sunday
1812,<A>,65,2021-02-07T20:41:37-05:00[America/New_York],2021-02-07T20:42:42-05:00[America/New_York],Yes,2021-02-07,74497,Sunday
1812,C,16,2021-02-07T20:42:42-05:00[America/New_York],2021-02-07T20:42:58-05:00[America/New_York],Yes,2021-02-07,74562,Sunday
1812,<A>,72,2021-02-07T20:42:58-05:00[America/New_York],2021-02-07T20:44:10-05:00[America/New_York],Yes,2021-02-07,74578,Sunday
1812,C,17,2021-02-07T20:44:10-05:00[America/New_York],2021-02-07T20:44:27-05:00[America/New_York],Yes,2021-02-07,74650,Sunday
1812,<A>,76,2021-02-07T20:44:27-05:00[America/New_York],2021-02-07T20:45:43-05:00[America/New_York],NA,2021-02-07,74667,Sunday
1812,C,15,2021-02-07T20:45:43-05:00[America/New_York],2021-02-07T20:45:58-05:00[America/New_York],Yes,2021-02-07,74743,Sunday
1812,<A>,117,2021-02-07T20:45:58-05:00[America/New_York],2021-02-07T20:47:55-05:00[America/New_York],NA,2021-02-07,74758,Sunday
1812,C,19,2021-02-07T20:47:55-05:00[America/New_York],2021-02-07T20:48:14-05:00[America/New_York],Yes,2021-02-07,74875,Sunday
1812,<A>,143,2021-02-07T20:48:14-05:00[America/New_York],2021-02-07T20:50:37-05:00[America/New_York],Yes,2021-02-07,74894,Sunday
1812,B,10,2021-02-07T20:50:37-05:00[America/New_York],2021-02-07T20:50:47-05:00[America/New_York],Yes,2021-02-07,75037,Sunday
1812,C,16,2021-02-07T20:50:47-05:00[America/New_York],2021-02-07T20:51:03-05:00[America/New_York],Yes,2021-02-07,75047,Sunday
1812,<A>,90,2021-02-07T20:51:03-05:00[America/New_York],2021-02-07T20:52:33-05:00[America/New_York],NA,2021-02-07,75063,Sunday
1812,B,11,2021-02-07T20:52:33-05:00[America/New_York],2021-02-07T20:52:44-05:00[America/New_York],NA,2021-02-07,75153,Sunday
1812,C,16,2021-02-07T20:52:44-05:00[America/New_York],2021-02-07T20:53:00-05:00[America/New_York],NA,2021-02-07,75164,Sunday
1812,<A>,90,2021-02-07T20:53:00-05:00[America/New_York],2021-02-07T20:54:30-05:00[America/New_York],NA,2021-02-07,75180,Sunday
1812,C,22,2021-02-07T20:54:30-05:00[America/New_York],2021-02-07T20:54:52-05:00[America/New_York],Yes,2021-02-07,75270,Sunday
1812,<A>,71,2021-02-07T20:54:52-05:00[America/New_York],2021-02-07T20:56:03-05:00[America/New_York],Yes,2021-02-07,75292,Sunday
1812,C,15,2021-02-07T20:56:03-05:00[America/New_York],2021-02-07T20:56:18-05:00[America/New_York],Yes,2021-02-07,75363,Sunday
1812,<A>,54,2021-02-07T20:56:18-05:00[America/New_York],2021-02-07T20:57:12-05:00[America/New_York],Yes,2021-02-07,75378,Sunday
1812,B,11,2021-02-07T20:57:12-05:00[America/New_York],2021-02-07T20:57:23-05:00[America/New_York],NA,2021-02-07,75432,Sunday
1812,C,21,2021-02-07T20:57:23-05:00[America/New_York],2021-02-07T20:57:44-05:00[America/New_York],Yes,2021-02-07,75443,Sunday
1812,<A>,68,2021-02-07T20:57:44-05:00[America/New_York],2021-02-07T20:58:52-05:00[America/New_York],Yes,2021-02-07,75464,Sunday
1812,C,15,2021-02-07T20:58:52-05:00[America/New_York],2021-02-07T20:59:07-05:00[America/New_York],Yes,2021-02-07,75532,Sunday
1812,<A>,77,2021-02-07T20:59:07-05:00[America/New_York],2021-02-07T21:00:24-05:00[America/New_York],Yes,2021-02-07,75547,Sunday
1812,B,10,2021-02-07T21:00:24-05:00[America/New_York],2021-02-07T21:00:34-05:00[America/New_York],Yes,2021-02-07,75624,Sunday
1812,C,16,2021-02-07T21:00:34-05:00[America/New_York],2021-02-07T21:00:50-05:00[America/New_York],NA,2021-02-07,75634,Sunday
1812,<A>,42,2021-02-07T21:00:50-05:00[America/New_York],2021-02-07T21:01:32-05:00[America/New_York],Yes,2021-02-07,75650,Sunday
1812,C,15,2021-02-07T21:01:32-05:00[America/New_York],2021-02-07T21:01:47-05:00[America/New_York],Yes,2021-02-07,75692,Sunday
1812,<A>,101,2021-02-07T21:01:47-05:00[America/New_York],2021-02-07T21:03:28-05:00[America/New_York],NA,2021-02-07,75707,Sunday
1812,C,17,2021-02-07T21:03:28-05:00[America/New_York],2021-02-07T21:03:45-05:00[America/New_York],Yes,2021-02-07,75808,Sunday
1812,<A>,35,2021-02-07T21:03:45-05:00[America/New_York],2021-02-07T21:04:20-05:00[America/New_York],Yes,2021-02-07,75825,Sunday
1812,B,12,2021-02-07T21:04:20-05:00[America/New_York],2021-02-07T21:04:32-05:00[America/New_York],NA,2021-02-07,75860,Sunday
1812,C,15,2021-02-07T21:04:32-05:00[America/New_York],2021-02-07T21:04:47-05:00[America/New_York],Yes,2021-02-07,75872,Sunday
1812,<A>,37,2021-02-07T21:04:47-05:00[America/New_York],2021-02-07T21:05:24-05:00[America/New_York],Yes,2021-02-07,75887,Sunday
1812,C,15,2021-02-07T21:05:24-05:00[America/New_York],2021-02-07T21:05:39-05:00[America/New_York],Yes,2021-02-07,75924,Sunday
1812,<A>,37,2021-02-07T21:05:39-05:00[America/New_York],2021-02-07T21:06:16-05:00[America/New_York],Yes,2021-02-07,75939,Sunday
1812,B,10,2021-02-07T21:06:16-05:00[America/New_York],2021-02-07T21:06:26-05:00[America/New_York],Yes,2021-02-07,75976,Sunday
1812,C,19,2021-02-07T21:06:26-05:00[America/New_York],2021-02-07T21:06:45-05:00[America/New_York],Yes,2021-02-07,75986,Sunday
1812,<A>,38,2021-02-07T21:06:45-05:00[America/New_York],2021-02-07T21:07:23-05:00[America/New_York],Yes,2021-02-07,76005,Sunday
1812,C,20,2021-02-07T21:07:23-05:00[America/New_York],2021-02-07T21:07:43-05:00[America/New_York],Yes,2021-02-07,76043,Sunday
1812,<A>,34,2021-02-07T21:07:43-05:00[America/New_York],2021-02-07T21:08:17-05:00[America/New_York],Yes,2021-02-07,76063,Sunday
1812,B,12,2021-02-07T21:08:17-05:00[America/New_York],2021-02-07T21:08:29-05:00[America/New_York],NA,2021-02-07,76097,Sunday
1812,C,15,2021-02-07T21:08:29-05:00[America/New_York],2021-02-07T21:08:44-05:00[America/New_York],Yes,2021-02-07,76109,Sunday
1812,<A>,55,2021-02-07T21:08:44-05:00[America/New_York],2021-02-07T21:09:39-05:00[America/New_York],Yes,2021-02-07,76124,Sunday
1812,B,12,2021-02-07T21:09:39-05:00[America/New_York],2021-02-07T21:09:51-05:00[America/New_York],NA,2021-02-07,76179,Sunday
1812,C,28,2021-02-07T21:09:51-05:00[America/New_York],2021-02-07T21:10:19-05:00[America/New_York],NA,2021-02-07,76191,Sunday
1812,<A>,53,2021-02-07T21:10:19-05:00[America/New_York],2021-02-07T21:11:12-05:00[America/New_York],Yes,2021-02-07,76219,Sunday
1812,B,12,2021-02-07T21:11:12-05:00[America/New_York],2021-02-07T21:11:24-05:00[America/New_York],NA,2021-02-07,76272,Sunday
1812,C,15,2021-02-07T21:11:24-05:00[America/New_York],2021-02-07T21:11:39-05:00[America/New_York],Yes,2021-02-07,76284,Sunday
1812,<A>,60,2021-02-07T21:11:39-05:00[America/New_York],2021-02-07T21:12:39-05:00[America/New_York],Yes,2021-02-07,76299,Sunday
1812,B,10,2021-02-07T21:12:39-05:00[America/New_York],2021-02-07T21:12:49-05:00[America/New_York],Yes,2021-02-07,76359,Sunday
1812,C,19,2021-02-07T21:12:49-05:00[America/New_York],2021-02-07T21:13:08-05:00[America/New_York],Yes,2021-02-07,76369,Sunday
1812,<A>,75,2021-02-07T21:13:08-05:00[America/New_York],2021-02-07T21:14:23-05:00[America/New_York],NA,2021-02-07,76388,Sunday
1812,B,12,2021-02-07T21:14:23-05:00[America/New_York],2021-02-07T21:14:35-05:00[America/New_York],NA,2021-02-07,76463,Sunday
1812,C,15,2021-02-07T21:14:35-05:00[America/New_York],2021-02-07T21:14:50-05:00[America/New_York],NA,2021-02-07,76475,Sunday
1812,<A>,91,2021-02-07T21:14:50-05:00[America/New_York],2021-02-07T21:16:21-05:00[America/New_York],NA,2021-02-07,76490,Sunday
1812,C,15,2021-02-07T21:16:21-05:00[America/New_York],2021-02-07T21:16:36-05:00[America/New_York],Yes,2021-02-07,76581,Sunday
1812,<A>,44,2021-02-07T21:16:36-05:00[America/New_York],2021-02-07T21:17:20-05:00[America/New_York],Yes,2021-02-07,76596,Sunday
1812,C,16,2021-02-07T21:17:20-05:00[America/New_York],2021-02-07T21:17:36-05:00[America/New_York],Yes,2021-02-07,76640,Sunday
1812,<A>,62,2021-02-07T21:17:36-05:00[America/New_York],2021-02-07T21:18:38-05:00[America/New_York],Yes,2021-02-07,76656,Sunday
1812,C,15,2021-02-07T21:18:38-05:00[America/New_York],2021-02-07T21:18:53-05:00[America/New_York],Yes,2021-02-07,76718,Sunday
1812,<A>,102,2021-02-07T21:18:53-05:00[America/New_York],2021-02-07T21:20:35-05:00[America/New_York],NA,2021-02-07,76733,Sunday
1812,B,10,2021-02-07T21:20:35-05:00[America/New_York],2021-02-07T21:20:45-05:00[America/New_York],Yes,2021-02-07,76835,Sunday
1812,C,16,2021-02-07T21:20:45-05:00[America/New_York],2021-02-07T21:21:01-05:00[America/New_York],NA,2021-02-07,76845,Sunday
1812,<A>,99,2021-02-07T21:21:01-05:00[America/New_York],2021-02-07T21:22:40-05:00[America/New_York],NA,2021-02-07,76861,Sunday
1812,B,10,2021-02-07T21:22:40-05:00[America/New_York],2021-02-07T21:22:50-05:00[America/New_York],Yes,2021-02-07,76960,Sunday
1812,C,16,2021-02-07T21:22:50-05:00[America/New_York],2021-02-07T21:23:06-05:00[America/New_York],NA,2021-02-07,76970,Sunday
1812,<A>,121,2021-02-07T21:23:06-05:00[America/New_York],2021-02-07T21:25:07-05:00[America/New_York],NA,2021-02-07,76986,Sunday
1812,C,15,2021-02-07T21:25:07-05:00[America/New_York],2021-02-07T21:25:22-05:00[America/New_York],Yes,2021-02-07,77107,Sunday
1812,<A>,49,2021-02-07T21:25:22-05:00[America/New_York],2021-02-07T21:26:11-05:00[America/New_York],Yes,2021-02-07,77122,Sunday
1812,B,10,2021-02-07T21:26:11-05:00[America/New_York],2021-02-07T21:26:21-05:00[America/New_York],Yes,2021-02-07,77171,Sunday
1812,C,16,2021-02-07T21:26:21-05:00[America/New_York],2021-02-07T21:26:37-05:00[America/New_York],Yes,2021-02-07,77181,Sunday
1812,<A>,75,2021-02-07T21:26:37-05:00[America/New_York],2021-02-07T21:27:52-05:00[America/New_York],Yes,2021-02-07,77197,Sunday
1812,C,15,2021-02-07T21:27:52-05:00[America/New_York],2021-02-07T21:28:07-05:00[America/New_York],Yes,2021-02-07,77272,Sunday
1812,<A>,75,2021-02-07T21:28:07-05:00[America/New_York],2021-02-07T21:29:22-05:00[America/New_York],Yes,2021-02-07,77287,Sunday
1812,C,15,2021-02-07T21:29:22-05:00[America/New_York],2021-02-07T21:29:37-05:00[America/New_York],Yes,2021-02-07,77362,Sunday
1812,<A>,36,2021-02-07T21:29:37-05:00[America/New_York],2021-02-07T21:30:13-05:00[America/New_York],Yes,2021-02-07,77377,Sunday
1812,C,19,2021-02-07T21:30:13-05:00[America/New_York],2021-02-07T21:30:32-05:00[America/New_York],Yes,2021-02-07,77413,Sunday
1812,<A>,39,2021-02-07T21:30:32-05:00[America/New_York],2021-02-07T21:31:11-05:00[America/New_York],Yes,2021-02-07,77432,Sunday
1812,C,15,2021-02-07T21:31:11-05:00[America/New_York],2021-02-07T21:31:26-05:00[America/New_York],Yes,2021-02-07,77471,Sunday
1812,<A>,51,2021-02-07T21:31:26-05:00[America/New_York],2021-02-07T21:32:17-05:00[America/New_York],Yes,2021-02-07,77486,Sunday
1812,B,10,2021-02-07T21:32:17-05:00[America/New_York],2021-02-07T21:32:27-05:00[America/New_York],Yes,2021-02-07,77537,Sunday
1812,C,16,2021-02-07T21:32:27-05:00[America/New_York],2021-02-07T21:32:43-05:00[America/New_York],Yes,2021-02-07,77547,Sunday
1812,<A>,60,2021-02-07T21:32:43-05:00[America/New_York],2021-02-07T21:33:43-05:00[America/New_York],Yes,2021-02-07,77563,Sunday
1812,C,15,2021-02-07T21:33:43-05:00[America/New_York],2021-02-07T21:33:58-05:00[America/New_York],Yes,2021-02-07,77623,Sunday
1812,<A>,66,2021-02-07T21:33:58-05:00[America/New_York],2021-02-07T21:35:04-05:00[America/New_York],Yes,2021-02-07,77638,Sunday
1812,C,19,2021-02-07T21:35:04-05:00[America/New_York],2021-02-07T21:35:23-05:00[America/New_York],Yes,2021-02-07,77704,Sunday
1812,<A>,35,2021-02-07T21:35:23-05:00[America/New_York],2021-02-07T21:35:58-05:00[America/New_York],Yes,2021-02-07,77723,Sunday
1812,C,16,2021-02-07T21:35:58-05:00[America/New_York],2021-02-07T21:36:14-05:00[America/New_York],Yes,2021-02-07,77758,Sunday
1812,<A>,147,2021-02-07T21:36:14-05:00[America/New_York],2021-02-07T21:38:41-05:00[America/New_York],Yes,2021-02-07,77774,Sunday
1812,C,16,2021-02-07T21:38:41-05:00[America/New_York],2021-02-07T21:38:57-05:00[America/New_York],Yes,2021-02-07,77921,Sunday
1812,<A>,37,2021-02-07T21:38:57-05:00[America/New_York],2021-02-07T21:39:34-05:00[America/New_York],Yes,2021-02-07,77937,Sunday
1812,B,10,2021-02-07T21:39:34-05:00[America/New_York],2021-02-07T21:39:44-05:00[America/New_York],Yes,2021-02-07,77974,Sunday
1812,C,16,2021-02-07T21:39:44-05:00[America/New_York],2021-02-07T21:40:00-05:00[America/New_York],Yes,2021-02-07,77984,Sunday
1812,<A>,65,2021-02-07T21:40:00-05:00[America/New_York],2021-02-07T21:41:05-05:00[America/New_York],Yes,2021-02-07,78000,Sunday
1812,B,12,2021-02-07T21:41:05-05:00[America/New_York],2021-02-07T21:41:17-05:00[America/New_York],NA,2021-02-07,78065,Sunday
1812,C,15,2021-02-07T21:41:17-05:00[America/New_York],2021-02-07T21:41:32-05:00[America/New_York],Yes,2021-02-07,78077,Sunday
1812,<A>,48,2021-02-07T21:41:32-05:00[America/New_York],2021-02-07T21:42:20-05:00[America/New_York],Yes,2021-02-07,78092,Sunday
1812,C,15,2021-02-07T21:42:20-05:00[America/New_York],2021-02-07T21:42:35-05:00[America/New_York],Yes,2021-02-07,78140,Sunday
1812,<A>,42,2021-02-07T21:42:35-05:00[America/New_York],2021-02-07T21:43:17-05:00[America/New_York],Yes,2021-02-07,78155,Sunday
1812,C,15,2021-02-07T21:43:17-05:00[America/New_York],2021-02-07T21:43:32-05:00[America/New_York],Yes,2021-02-07,78197,Sunday
1812,<A>,50,2021-02-07T21:43:32-05:00[America/New_York],2021-02-07T21:44:22-05:00[America/New_York],Yes,2021-02-07,78212,Sunday
1812,B,10,2021-02-07T21:44:22-05:00[America/New_York],2021-02-07T21:44:32-05:00[America/New_York],Yes,2021-02-07,78262,Sunday
1812,C,16,2021-02-07T21:44:32-05:00[America/New_York],2021-02-07T21:44:48-05:00[America/New_York],Yes,2021-02-07,78272,Sunday
1812,<A>,101,2021-02-07T21:44:48-05:00[America/New_York],2021-02-07T21:46:29-05:00[America/New_York],NA,2021-02-07,78288,Sunday
1812,C,15,2021-02-07T21:46:29-05:00[America/New_York],2021-02-07T21:46:44-05:00[America/New_York],Yes,2021-02-07,78389,Sunday
1812,<A>,54,2021-02-07T21:46:44-05:00[America/New_York],2021-02-07T21:47:38-05:00[America/New_York],Yes,2021-02-07,78404,Sunday
1812,C,15,2021-02-07T21:47:38-05:00[America/New_York],2021-02-07T21:47:53-05:00[America/New_York],Yes,2021-02-07,78458,Sunday
1812,<A>,50,2021-02-07T21:47:53-05:00[America/New_York],2021-02-07T21:48:43-05:00[America/New_York],Yes,2021-02-07,78473,Sunday
1812,B,10,2021-02-07T21:48:43-05:00[America/New_York],2021-02-07T21:48:53-05:00[America/New_York],Yes,2021-02-07,78523,Sunday
1812,C,16,2021-02-07T21:48:53-05:00[America/New_York],2021-02-07T21:49:09-05:00[America/New_York],Yes,2021-02-07,78533,Sunday
1812,<A>,34,2021-02-07T21:49:09-05:00[America/New_York],2021-02-07T21:49:43-05:00[America/New_York],Yes,2021-02-07,78549,Sunday
1812,B,10,2021-02-07T21:49:43-05:00[America/New_York],2021-02-07T21:49:53-05:00[America/New_York],Yes,2021-02-07,78583,Sunday
1812,C,16,2021-02-07T21:49:53-05:00[America/New_York],2021-02-07T21:50:09-05:00[America/New_York],Yes,2021-02-07,78593,Sunday
1812,<A>,88,2021-02-07T21:50:09-05:00[America/New_York],2021-02-07T21:51:37-05:00[America/New_York],NA,2021-02-07,78609,Sunday
1812,C,17,2021-02-07T21:51:37-05:00[America/New_York],2021-02-07T21:51:54-05:00[America/New_York],Yes,2021-02-07,78697,Sunday
1812,<A>,366,2021-02-07T21:51:54-05:00[America/New_York],2021-02-07T21:58:00-05:00[America/New_York],NA,2021-02-07,78714,Sunday
1812,C,15,2021-02-07T21:58:00-05:00[America/New_York],2021-02-07T21:58:15-05:00[America/New_York],Yes,2021-02-07,79080,Sunday
1812,<A>,64,2021-02-07T21:58:15-05:00[America/New_York],2021-02-07T21:59:19-05:00[America/New_York],Yes,2021-02-07,79095,Sunday
1812,C,15,2021-02-07T21:59:19-05:00[America/New_York],2021-02-07T21:59:34-05:00[America/New_York],Yes,2021-02-07,79159,Sunday
1812,<A>,59,2021-02-07T21:59:34-05:00[America/New_York],2021-02-07T22:00:33-05:00[America/New_York],Yes,2021-02-07,79174,Sunday
1812,C,15,2021-02-07T22:00:33-05:00[America/New_York],2021-02-07T22:00:48-05:00[America/New_York],Yes,2021-02-07,79233,Sunday
1812,<A>,37,2021-02-07T22:00:48-05:00[America/New_York],2021-02-07T22:01:25-05:00[America/New_York],Yes,2021-02-07,79248,Sunday
1812,C,15,2021-02-07T22:01:25-05:00[America/New_York],2021-02-07T22:01:40-05:00[America/New_York],Yes,2021-02-07,79285,Sunday
1812,<A>,37,2021-02-07T22:01:40-05:00[America/New_York],2021-02-07T22:02:17-05:00[America/New_York],Yes,2021-02-07,79300,Sunday
1812,B,12,2021-02-07T22:02:17-05:00[America/New_York],2021-02-07T22:02:29-05:00[America/New_York],NA,2021-02-07,79337,Sunday
1812,C,20,2021-02-07T22:02:29-05:00[America/New_York],2021-02-07T22:02:49-05:00[America/New_York],Yes,2021-02-07,79349,Sunday
1812,<A>,70,2021-02-07T22:02:49-05:00[America/New_York],2021-02-07T22:03:59-05:00[America/New_York],Yes,2021-02-07,79369,Sunday
1812,B,10,2021-02-07T22:03:59-05:00[America/New_York],2021-02-07T22:04:09-05:00[America/New_York],Yes,2021-02-07,79439,Sunday
1812,C,16,2021-02-07T22:04:09-05:00[America/New_York],2021-02-07T22:04:25-05:00[America/New_York],NA,2021-02-07,79449,Sunday
1812,<A>,160,2021-02-07T22:04:25-05:00[America/New_York],2021-02-07T22:07:05-05:00[America/New_York],Yes,2021-02-07,79465,Sunday
1812,C,15,2021-02-07T22:07:05-05:00[America/New_York],2021-02-07T22:07:20-05:00[America/New_York],Yes,2021-02-07,79625,Sunday
1812,<A>,237,2021-02-07T22:07:20-05:00[America/New_York],2021-02-07T22:11:17-05:00[America/New_York],Yes,2021-02-07,79640,Sunday
1812,C,17,2021-02-07T22:11:17-05:00[America/New_York],2021-02-07T22:11:34-05:00[America/New_York],Yes,2021-02-07,79877,Sunday
1812,<A>,63,2021-02-07T22:11:34-05:00[America/New_York],2021-02-07T22:12:37-05:00[America/New_York],Yes,2021-02-07,79894,Sunday
1812,B,10,2021-02-07T22:12:37-05:00[America/New_York],2021-02-07T22:12:47-05:00[America/New_York],Yes,2021-02-07,79957,Sunday
1812,C,16,2021-02-07T22:12:47-05:00[America/New_York],2021-02-07T22:13:03-05:00[America/New_York],Yes,2021-02-07,79967,Sunday
1812,<A>,61,2021-02-07T22:13:03-05:00[America/New_York],2021-02-07T22:14:04-05:00[America/New_York],Yes,2021-02-07,79983,Sunday
1812,B,12,2021-02-07T22:14:04-05:00[America/New_York],2021-02-07T22:14:16-05:00[America/New_York],NA,2021-02-07,80044,Sunday
1812,C,15,2021-02-07T22:14:16-05:00[America/New_York],2021-02-07T22:14:31-05:00[America/New_York],Yes,2021-02-07,80056,Sunday
1812,<A>,71,2021-02-07T22:14:31-05:00[America/New_York],2021-02-07T22:15:42-05:00[America/New_York],Yes,2021-02-07,80071,Sunday
1812,C,15,2021-02-07T22:15:42-05:00[America/New_York],2021-02-07T22:15:57-05:00[America/New_York],Yes,2021-02-07,80142,Sunday
1812,<A>,47,2021-02-07T22:15:57-05:00[America/New_York],2021-02-07T22:16:44-05:00[America/New_York],Yes,2021-02-07,80157,Sunday
1812,B,10,2021-02-07T22:16:44-05:00[America/New_York],2021-02-07T22:16:54-05:00[America/New_York],Yes,2021-02-07,80204,Sunday
1812,C,16,2021-02-07T22:16:54-05:00[America/New_York],2021-02-07T22:17:10-05:00[America/New_York],Yes,2021-02-07,80214,Sunday
1812,<A>,48,2021-02-07T22:17:10-05:00[America/New_York],2021-02-07T22:17:58-05:00[America/New_York],Yes,2021-02-07,80230,Sunday
1812,C,18,2021-02-07T22:17:58-05:00[America/New_York],2021-02-07T22:18:16-05:00[America/New_York],Yes,2021-02-07,80278,Sunday
1812,<A>,81,2021-02-07T22:18:16-05:00[America/New_York],2021-02-07T22:19:37-05:00[America/New_York],NA,2021-02-07,80296,Sunday
1812,B,10,2021-02-07T22:19:37-05:00[America/New_York],2021-02-07T22:19:47-05:00[America/New_York],Yes,2021-02-07,80377,Sunday
1812,C,16,2021-02-07T22:19:47-05:00[America/New_York],2021-02-07T22:20:03-05:00[America/New_York],NA,2021-02-07,80387,Sunday
1812,<A>,44,2021-02-07T22:20:03-05:00[America/New_York],2021-02-07T22:20:47-05:00[America/New_York],Yes,2021-02-07,80403,Sunday
1812,B,12,2021-02-07T22:20:47-05:00[America/New_York],2021-02-07T22:20:59-05:00[America/New_York],NA,2021-02-07,80447,Sunday
1812,C,15,2021-02-07T22:20:59-05:00[America/New_York],2021-02-07T22:21:14-05:00[America/New_York],Yes,2021-02-07,80459,Sunday
1812,<A>,51,2021-02-07T22:21:14-05:00[America/New_York],2021-02-07T22:22:05-05:00[America/New_York],Yes,2021-02-07,80474,Sunday
1812,B,12,2021-02-07T22:22:05-05:00[America/New_York],2021-02-07T22:22:17-05:00[America/New_York],NA,2021-02-07,80525,Sunday
1812,C,15,2021-02-07T22:22:17-05:00[America/New_York],2021-02-07T22:22:32-05:00[America/New_York],Yes,2021-02-07,80537,Sunday
1812,<A>,93,2021-02-07T22:22:32-05:00[America/New_York],2021-02-07T22:24:05-05:00[America/New_York],NA,2021-02-07,80552,Sunday
1812,C,15,2021-02-07T22:24:05-05:00[America/New_York],2021-02-07T22:24:20-05:00[America/New_York],Yes,2021-02-07,80645,Sunday
1812,<A>,46,2021-02-07T22:24:20-05:00[America/New_York],2021-02-07T22:25:06-05:00[America/New_York],Yes,2021-02-07,80660,Sunday
1812,B,10,2021-02-07T22:25:06-05:00[America/New_York],2021-02-07T22:25:16-05:00[America/New_York],Yes,2021-02-07,80706,Sunday
1812,C,17,2021-02-07T22:25:16-05:00[America/New_York],2021-02-07T22:25:33-05:00[America/New_York],Yes,2021-02-07,80716,Sunday
1812,<A>,51,2021-02-07T22:25:33-05:00[America/New_York],2021-02-07T22:26:24-05:00[America/New_York],Yes,2021-02-07,80733,Sunday
1812,C,18,2021-02-07T22:26:24-05:00[America/New_York],2021-02-07T22:26:42-05:00[America/New_York],Yes,2021-02-07,80784,Sunday
1812,<A>,57,2021-02-07T22:26:42-05:00[America/New_York],2021-02-07T22:27:39-05:00[America/New_York],Yes,2021-02-07,80802,Sunday
1812,B,12,2021-02-07T22:27:39-05:00[America/New_York],2021-02-07T22:27:51-05:00[America/New_York],NA,2021-02-07,80859,Sunday
1812,C,15,2021-02-07T22:27:51-05:00[America/New_York],2021-02-07T22:28:06-05:00[America/New_York],Yes,2021-02-07,80871,Sunday
1812,<A>,71,2021-02-07T22:28:06-05:00[America/New_York],2021-02-07T22:29:17-05:00[America/New_York],Yes,2021-02-07,80886,Sunday
1812,B,10,2021-02-07T22:29:17-05:00[America/New_York],2021-02-07T22:29:27-05:00[America/New_York],Yes,2021-02-07,80957,Sunday
1812,C,16,2021-02-07T22:29:27-05:00[America/New_York],2021-02-07T22:29:43-05:00[America/New_York],NA,2021-02-07,80967,Sunday
1812,<A>,469,2021-02-07T22:29:43-05:00[America/New_York],2021-02-07T22:37:32-05:00[America/New_York],NA,2021-02-07,80983,Sunday
1812,C,16,2021-02-07T22:37:32-05:00[America/New_York],2021-02-07T22:37:48-05:00[America/New_York],Yes,2021-02-07,81452,Sunday
1812,<A>,142,2021-02-07T22:37:48-05:00[America/New_York],2021-02-07T22:40:10-05:00[America/New_York],Yes,2021-02-07,81468,Sunday
1812,C,15,2021-02-07T22:40:10-05:00[America/New_York],2021-02-07T22:40:25-05:00[America/New_York],Yes,2021-02-07,81610,Sunday
1812,<A>,150,2021-02-07T22:40:25-05:00[America/New_York],2021-02-07T22:42:55-05:00[America/New_York],Yes,2021-02-07,81625,Sunday
1812,C,15,2021-02-07T22:42:55-05:00[America/New_York],2021-02-07T22:43:10-05:00[America/New_York],Yes,2021-02-07,81775,Sunday
1812,<A>,210,2021-02-07T22:43:10-05:00[America/New_York],2021-02-07T22:46:40-05:00[America/New_York],NA,2021-02-07,81790,Sunday
1812,C,15,2021-02-07T22:46:40-05:00[America/New_York],2021-02-07T22:46:55-05:00[America/New_York],Yes,2021-02-07,82000,Sunday
1812,<A>,258,2021-02-07T22:46:55-05:00[America/New_York],2021-02-07T22:51:13-05:00[America/New_York],Yes,2021-02-07,82015,Sunday
1812,C,15,2021-02-07T22:51:13-05:00[America/New_York],2021-02-07T22:51:28-05:00[America/New_York],Yes,2021-02-07,82273,Sunday
1812,<A>,106,2021-02-07T22:51:28-05:00[America/New_York],2021-02-07T22:53:14-05:00[America/New_York],NA,2021-02-07,82288,Sunday
1812,C,17,2021-02-07T22:53:14-05:00[America/New_York],2021-02-07T22:53:31-05:00[America/New_York],Yes,2021-02-07,82394,Sunday
1812,<A>,34,2021-02-07T22:53:31-05:00[America/New_York],2021-02-07T22:54:05-05:00[America/New_York],Yes,2021-02-07,82411,Sunday
1812,C,15,2021-02-07T22:54:05-05:00[America/New_York],2021-02-07T22:54:20-05:00[America/New_York],Yes,2021-02-07,82445,Sunday
1812,<A>,43,2021-02-07T22:54:20-05:00[America/New_York],2021-02-07T22:55:03-05:00[America/New_York],Yes,2021-02-07,82460,Sunday
1812,C,15,2021-02-07T22:55:03-05:00[America/New_York],2021-02-07T22:55:18-05:00[America/New_York],Yes,2021-02-07,82503,Sunday
1812,<A>,141,2021-02-07T22:55:18-05:00[America/New_York],2021-02-07T22:57:39-05:00[America/New_York],Yes,2021-02-07,82518,Sunday
1812,C,15,2021-02-07T22:57:39-05:00[America/New_York],2021-02-07T22:57:54-05:00[America/New_York],Yes,2021-02-07,82659,Sunday
1812,<A>,49,2021-02-07T22:57:54-05:00[America/New_York],2021-02-07T22:58:43-05:00[America/New_York],Yes,2021-02-07,82674,Sunday
1812,C,16,2021-02-07T22:58:43-05:00[America/New_York],2021-02-07T22:58:59-05:00[America/New_York],Yes,2021-02-07,82723,Sunday
1812,<A>,117,2021-02-07T22:58:59-05:00[America/New_York],2021-02-07T23:00:56-05:00[America/New_York],NA,2021-02-07,82739,Sunday
1812,C,18,2021-02-07T23:00:56-05:00[America/New_York],2021-02-07T23:01:14-05:00[America/New_York],Yes,2021-02-07,82856,Sunday
1812,<A>,48,2021-02-07T23:01:14-05:00[America/New_York],2021-02-07T23:02:02-05:00[America/New_York],Yes,2021-02-07,82874,Sunday
1812,C,15,2021-02-07T23:02:02-05:00[America/New_York],2021-02-07T23:02:17-05:00[America/New_York],Yes,2021-02-07,82922,Sunday
1812,<A>,45,2021-02-07T23:02:17-05:00[America/New_York],2021-02-07T23:03:02-05:00[America/New_York],Yes,2021-02-07,82937,Sunday
1812,C,15,2021-02-07T23:03:02-05:00[America/New_York],2021-02-07T23:03:17-05:00[America/New_York],Yes,2021-02-07,82982,Sunday
1812,<A>,175,2021-02-07T23:03:17-05:00[America/New_York],2021-02-07T23:06:12-05:00[America/New_York],NA,2021-02-07,82997,Sunday
1812,B,10,2021-02-07T23:06:12-05:00[America/New_York],2021-02-07T23:06:22-05:00[America/New_York],Yes,2021-02-07,83172,Sunday
1812,C,16,2021-02-07T23:06:22-05:00[America/New_York],2021-02-07T23:06:38-05:00[America/New_York],NA,2021-02-07,83182,Sunday
1812,<A>,41,2021-02-07T23:06:38-05:00[America/New_York],2021-02-07T23:07:19-05:00[America/New_York],Yes,2021-02-07,83198,Sunday
1812,B,10,2021-02-07T23:07:19-05:00[America/New_York],2021-02-07T23:07:29-05:00[America/New_York],Yes,2021-02-07,83239,Sunday
1812,C,16,2021-02-07T23:07:29-05:00[America/New_York],2021-02-07T23:07:45-05:00[America/New_York],Yes,2021-02-07,83249,Sunday
1812,<A>,51,2021-02-07T23:07:45-05:00[America/New_York],2021-02-07T23:08:36-05:00[America/New_York],Yes,2021-02-07,83265,Sunday
1812,C,20,2021-02-07T23:08:36-05:00[America/New_York],2021-02-07T23:08:56-05:00[America/New_York],Yes,2021-02-07,83316,Sunday
1812,<A>,51,2021-02-07T23:08:56-05:00[America/New_York],2021-02-07T23:09:47-05:00[America/New_York],Yes,2021-02-07,83336,Sunday
1812,C,20,2021-02-07T23:09:47-05:00[America/New_York],2021-02-07T23:10:07-05:00[America/New_York],Yes,2021-02-07,83387,Sunday
1812,<A>,138,2021-02-07T23:10:07-05:00[America/New_York],2021-02-07T23:12:25-05:00[America/New_York],Yes,2021-02-07,83407,Sunday
1812,B,12,2021-02-07T23:12:25-05:00[America/New_York],2021-02-07T23:12:37-05:00[America/New_York],NA,2021-02-07,83545,Sunday
1812,C,15,2021-02-07T23:12:37-05:00[America/New_York],2021-02-07T23:12:52-05:00[America/New_York],Yes,2021-02-07,83557,Sunday
1812,<A>,54,2021-02-07T23:12:52-05:00[America/New_York],2021-02-07T23:13:46-05:00[America/New_York],Yes,2021-02-07,83572,Sunday
1812,B,10,2021-02-07T23:13:46-05:00[America/New_York],2021-02-07T23:13:56-05:00[America/New_York],Yes,2021-02-07,83626,Sunday
1812,C,16,2021-02-07T23:13:56-05:00[America/New_York],2021-02-07T23:14:12-05:00[America/New_York],Yes,2021-02-07,83636,Sunday
1812,<A>,68,2021-02-07T23:14:12-05:00[America/New_York],2021-02-07T23:15:20-05:00[America/New_York],Yes,2021-02-07,83652,Sunday
1812,B,10,2021-02-07T23:15:20-05:00[America/New_York],2021-02-07T23:15:30-05:00[America/New_York],Yes,2021-02-07,83720,Sunday
1812,C,16,2021-02-07T23:15:30-05:00[America/New_York],2021-02-07T23:15:46-05:00[America/New_York],NA,2021-02-07,83730,Sunday
1812,<A>,162,2021-02-07T23:15:46-05:00[America/New_York],2021-02-07T23:18:28-05:00[America/New_York],NA,2021-02-07,83746,Sunday
1812,B,12,2021-02-07T23:18:28-05:00[America/New_York],2021-02-07T23:18:40-05:00[America/New_York],NA,2021-02-07,83908,Sunday
1812,C,15,2021-02-07T23:18:40-05:00[America/New_York],2021-02-07T23:18:55-05:00[America/New_York],NA,2021-02-07,83920,Sunday
1812,<A>,123,2021-02-07T23:18:55-05:00[America/New_York],2021-02-07T23:20:58-05:00[America/New_York],Yes,2021-02-07,83935,Sunday
1812,C,15,2021-02-07T23:20:58-05:00[America/New_York],2021-02-07T23:21:13-05:00[America/New_York],Yes,2021-02-07,84058,Sunday
1812,<A>,145,2021-02-07T23:21:13-05:00[America/New_York],2021-02-07T23:23:38-05:00[America/New_York],Yes,2021-02-07,84073,Sunday
1812,B,12,2021-02-07T23:23:38-05:00[America/New_York],2021-02-07T23:23:50-05:00[America/New_York],NA,2021-02-07,84218,Sunday
1812,C,15,2021-02-07T23:23:50-05:00[America/New_York],2021-02-07T23:24:05-05:00[America/New_York],Yes,2021-02-07,84230,Sunday
1812,<A>,130,2021-02-07T23:24:05-05:00[America/New_York],2021-02-07T23:26:15-05:00[America/New_York],Yes,2021-02-07,84245,Sunday
1812,B,12,2021-02-07T23:26:15-05:00[America/New_York],2021-02-07T23:26:27-05:00[America/New_York],NA,2021-02-07,84375,Sunday
1812,C,15,2021-02-07T23:26:27-05:00[America/New_York],2021-02-07T23:26:42-05:00[America/New_York],Yes,2021-02-07,84387,Sunday
1812,<A>,150,2021-02-07T23:26:42-05:00[America/New_York],2021-02-07T23:29:12-05:00[America/New_York],Yes,2021-02-07,84402,Sunday
1812,B,10,2021-02-07T23:29:12-05:00[America/New_York],2021-02-07T23:29:22-05:00[America/New_York],Yes,2021-02-07,84552,Sunday
1812,C,16,2021-02-07T23:29:22-05:00[America/New_York],2021-02-07T23:29:38-05:00[America/New_York],Yes,2021-02-07,84562,Sunday
1812,<A>,42,2021-02-07T23:29:38-05:00[America/New_York],2021-02-07T23:30:20-05:00[America/New_York],Yes,2021-02-07,84578,Sunday
1812,B,10,2021-02-07T23:30:20-05:00[America/New_York],2021-02-07T23:30:30-05:00[America/New_York],Yes,2021-02-07,84620,Sunday
1812,C,16,2021-02-07T23:30:30-05:00[America/New_York],2021-02-07T23:30:46-05:00[America/New_York],Yes,2021-02-07,84630,Sunday
1812,<A>,63,2021-02-07T23:30:46-05:00[America/New_York],2021-02-07T23:31:49-05:00[America/New_York],Yes,2021-02-07,84646,Sunday
1812,B,10,2021-02-07T23:31:49-05:00[America/New_York],2021-02-07T23:31:59-05:00[America/New_York],Yes,2021-02-07,84709,Sunday
1812,C,16,2021-02-07T23:31:59-05:00[America/New_York],2021-02-07T23:32:15-05:00[America/New_York],Yes,2021-02-07,84719,Sunday
1812,<A>,102,2021-02-07T23:32:15-05:00[America/New_York],2021-02-07T23:33:57-05:00[America/New_York],NA,2021-02-07,84735,Sunday
1812,B,10,2021-02-07T23:33:57-05:00[America/New_York],2021-02-07T23:34:07-05:00[America/New_York],Yes,2021-02-07,84837,Sunday
1812,C,16,2021-02-07T23:34:07-05:00[America/New_York],2021-02-07T23:34:23-05:00[America/New_York],NA,2021-02-07,84847,Sunday
1812,<A>,84,2021-02-07T23:34:23-05:00[America/New_York],2021-02-07T23:35:47-05:00[America/New_York],NA,2021-02-07,84863,Sunday
1812,B,10,2021-02-07T23:35:47-05:00[America/New_York],2021-02-07T23:35:57-05:00[America/New_York],Yes,2021-02-07,84947,Sunday
1812,C,16,2021-02-07T23:35:57-05:00[America/New_York],2021-02-07T23:36:13-05:00[America/New_York],NA,2021-02-07,84957,Sunday
1812,<A>,80,2021-02-07T23:36:13-05:00[America/New_York],2021-02-07T23:37:33-05:00[America/New_York],NA,2021-02-07,84973,Sunday
1812,B,10,2021-02-07T23:37:33-05:00[America/New_York],2021-02-07T23:37:43-05:00[America/New_York],Yes,2021-02-07,85053,Sunday
1812,C,16,2021-02-07T23:37:43-05:00[America/New_York],2021-02-07T23:37:59-05:00[America/New_York],NA,2021-02-07,85063,Sunday
1812,<A>,44,2021-02-07T23:37:59-05:00[America/New_York],2021-02-07T23:38:43-05:00[America/New_York],Yes,2021-02-07,85079,Sunday
1812,B,10,2021-02-07T23:38:43-05:00[America/New_York],2021-02-07T23:38:53-05:00[America/New_York],Yes,2021-02-07,85123,Sunday
1812,C,16,2021-02-07T23:38:53-05:00[America/New_York],2021-02-07T23:39:09-05:00[America/New_York],Yes,2021-02-07,85133,Sunday
1812,<A>,103,2021-02-07T23:39:09-05:00[America/New_York],2021-02-07T23:40:52-05:00[America/New_York],NA,2021-02-07,85149,Sunday
1812,C,16,2021-02-07T23:40:52-05:00[America/New_York],2021-02-07T23:41:08-05:00[America/New_York],Yes,2021-02-07,85252,Sunday
1812,<A>,42,2021-02-07T23:41:08-05:00[America/New_York],2021-02-07T23:41:50-05:00[America/New_York],Yes,2021-02-07,85268,Sunday
1812,B,10,2021-02-07T23:41:50-05:00[America/New_York],2021-02-07T23:42:00-05:00[America/New_York],Yes,2021-02-07,85310,Sunday
1812,C,16,2021-02-07T23:42:00-05:00[America/New_York],2021-02-07T23:42:16-05:00[America/New_York],Yes,2021-02-07,85320,Sunday
1812,<A>,133,2021-02-07T23:42:16-05:00[America/New_York],2021-02-07T23:44:29-05:00[America/New_York],Yes,2021-02-07,85336,Sunday
1812,B,10,2021-02-07T23:44:29-05:00[America/New_York],2021-02-07T23:44:39-05:00[America/New_York],Yes,2021-02-07,85469,Sunday
1812,C,16,2021-02-07T23:44:39-05:00[America/New_York],2021-02-07T23:44:55-05:00[America/New_York],Yes,2021-02-07,85479,Sunday
1812,<A>,218,2021-02-07T23:44:55-05:00[America/New_York],2021-02-07T23:48:33-05:00[America/New_York],Yes,2021-02-07,85495,Sunday
1812,C,18,2021-02-07T23:48:33-05:00[America/New_York],2021-02-07T23:48:51-05:00[America/New_York],Yes,2021-02-07,85713,Sunday
1812,<A>,613,2021-02-07T23:48:51-05:00[America/New_York],2021-02-07T23:59:04-05:00[America/New_York],Yes,2021-02-07,85731,Sunday
1812,B,10,2021-02-07T23:59:04-05:00[America/New_York],2021-02-07T23:59:14-05:00[America/New_York],Yes,2021-02-07,86344,Sunday
1812,C,16,2021-02-07T23:59:14-05:00[America/New_York],2021-02-07T23:59:30-05:00[America/New_York],Yes,2021-02-07,86354,Sunday
1812,<A>,29,2021-02-07T23:59:30-05:00[America/New_York],2021-02-07T23:59:59-05:00[America/New_York],NA,2021-02-07,86370,Sunday
